2.207805851485815329e-06
2.374635559911508272e-06
2.534754226804070629e-06
2.688358278730853081e-06
2.835654724274681238e-06
2.976829346605069481e-06
3.112089553315891550e-06
3.241615162131646031e-06
3.365598808223894451e-06
3.484202352534596890e-06
3.597600503947147053e-06
3.705955531782653693e-06
3.809415742181891895e-06
3.908134806511332779e-06
4.002264886349923381e-06
4.091945357380679314e-06
4.177290484596535243e-06
4.258456478082726174e-06
4.335541357189355303e-06
4.408688567098505230e-06
4.478014864205006401e-06
4.543617937935985970e-06
4.605603945318818772e-06
4.664092609832921092e-06
4.719178004567708482e-06
4.770943299758998246e-06
4.819507934753578490e-06
4.864952517677941059e-06
4.907363394304674152e-06
4.946831976230645127e-06
4.983423471326341171e-06
5.017260197173527136e-06
5.048366391773049250e-06
5.076878674796492163e-06
5.102823162376276213e-06
5.126321079044228107e-06
5.147397848426073531e-06
5.166172311285576962e-06
5.182673196357387042e-06
5.196992237865599982e-06
5.209194625080618389e-06
5.219345258874815421e-06
5.227478512074058960e-06
5.233713203275176550e-06
5.238068431342927455e-06
5.240618577073396469e-06
5.241417517789600969e-06
5.240510234328407076e-06
5.237990961043634273e-06
5.233878294523733406e-06
5.228248807014191079e-06
5.221153631508447746e-06
5.212622383293267643e-06
5.202738872239030736e-06
5.191527593956405029e-06
5.179040882896790788e-06
5.165351477685292619e-06
5.150477685695281396e-06
5.134478383247562922e-06
5.117413649940411743e-06
5.099299420693718761e-06
5.080194298373017578e-06
5.060161304421283359e-06
5.039221703054997451e-06
5.017413542454590530e-06
4.994811504639867567e-06
4.971432018847458426e-06
4.947291530730084408e-06
4.922471591603382073e-06
4.897002202349858512e-06
4.870905696683252076e-06
4.844219340912613194e-06
4.817011652469439341e-06
4.789290491917314190e-06
4.761075435874854563e-06
4.732423357427232959e-06
4.703382933530470019e-06
4.673960319943569509e-06
4.644180050653216340e-06
4.614093383404962888e-06
4.583737321621106402e-06
4.553114099062885504e-06
4.522257276633243011e-06
4.491209193493007140e-06
4.459998434951616639e-06
4.428632122733343014e-06
4.397143249246921412e-06
4.365564416969807681e-06
4.333916945882475428e-06
4.302216420854645157e-06
4.270479684468753559e-06
4.238747038749283992e-06
4.207036940141221861e-06
4.175362721892513168e-06
4.143737174359733396e-06
4.112178525943136581e-06
4.080726231438593368e-06
4.049393260204457917e-06
4.018176624543003846e-06
3.987093372839251685e-06
3.956162758237133785e-06
3.925421185758289112e-06
3.894877770265311270e-06
3.864517863114928939e-06
3.834368909369203724e-06
3.804429551236607742e-06
3.774745477225134316e-06
3.745315037186447383e-06
3.716132963420783223e-06
3.687222670084159820e-06
3.658564793196010711e-06
3.630218967817997792e-06
3.602154762364746801e-06
3.574406441749872759e-06
3.546942287040052860e-06
3.519802907141244242e-06
3.492966341759179575e-06
3.466472904766806370e-06
3.440301245393496440e-06
3.414470533016028222e-06
3.388966305790441546e-06
3.363809153221078082e-06
3.338988313905368091e-06
3.314526539908148929e-06
3.290405072737566279e-06
3.266644120765067842e-06
3.243222133824489015e-06
3.220171535441481908e-06
3.197456827104483284e-06
3.175120903009514733e-06
3.153114185091245813e-06
3.131487228564496050e-06
3.110183897974518416e-06
3.089267112120749980e-06
3.068676734135322021e-06
3.048462785607465467e-06
3.028580107816023967e-06
3.009051564632826968e-06
2.989865517173134079e-06
2.971008494030642386e-06
2.952518023077159566e-06
2.934340137007327070e-06
2.916525715329812340e-06
2.899013697289283914e-06
2.881845018828070547e-06
2.864987919272335071e-06
2.848440561870689073e-06
2.832235162957071032e-06
2.816318563117084237e-06
2.800737297519991633e-06
2.785437193200918513e-06
2.770437124696926606e-06
2.755730567751308231e-06
2.741284814196885701e-06
2.727153678952030529e-06
2.713285869419509388e-06
2.699701793311333107e-06
2.686391013984481121e-06
2.673317304640329353e-06
2.660520734291710754e-06
2.647953520886889078e-06
2.635631403258982763e-06
2.623565428247959702e-06
2.611713153972289725e-06
2.600107065085199234e-06
2.588717545558177240e-06
2.577528017817778315e-06
2.566564022542142862e-06
2.555786951762775134e-06
2.545208888752120207e-06
2.534835138157940779e-06
2.524630081130534234e-06
2.514616476621875578e-06
2.504776772308252816e-06
2.495087111055491656e-06
2.485572235270862657e-06
2.476206839178197135e-06
2.466979093638397427e-06
2.457909293861999537e-06
2.448970895604363258e-06
2.440157966496940824e-06
2.431479178416711829e-06
2.422911589785722720e-06
2.414453775781475621e-06
2.406110963587946099e-06
2.397863890200127662e-06
2.389711698745175589e-06
2.381656087722101570e-06
2.373680729944127177e-06
2.365783175637808532e-06
2.357962362963237150e-06
2.350205502606194178e-06
2.342510201710208398e-06
2.334877429500267874e-06
2.327296484913721643e-06
2.319763193151582902e-06
2.312276599983380477e-06
2.304828217249258626e-06
2.297413000601032934e-06
2.290026476063444463e-06
2.282662835739860562e-06
2.275318765935916603e-06
2.267991556576982328e-06
2.260676994582079340e-06
2.253373474490805210e-06
2.246073977238348634e-06
2.238773940286736721e-06
2.231473655158622146e-06
2.224166969980340005e-06
2.216845162053948615e-06
2.209509983726799672e-06
2.202161410403512361e-06
2.194790261635988622e-06
2.187397849816483584e-06
2.179987549764562356e-06
2.172547465407481794e-06
2.165074128023434427e-06
2.157572305338535471e-06
2.150039671760384202e-06
2.142461749740690370e-06
2.134844228789597134e-06
2.127192696474459488e-06
2.119495779383536765e-06
2.111753543016869913e-06
2.103972569854602472e-06
2.096151791797504891e-06
2.088276026151760398e-06
2.080351967829700488e-06
2.072386452415076887e-06
2.064368169552923763e-06
2.056292595945170226e-06
2.048167787466713323e-06
2.039998448150769996e-06
2.031772687354501812e-06
2.023494819511376376e-06
2.015172237110842493e-06
2.006804185201159563e-06
1.998377371897458060e-06
1.989899414028743206e-06
1.981377302047306186e-06
1.972805845571483717e-06
1.964178879302985710e-06
1.955504032728200970e-06
1.946787281990933748e-06
1.938023579531049422e-06
1.929212418318860932e-06
1.920360455224671341e-06
1.911472872720804384e-06
1.902541143214294312e-06
1.893566806100024257e-06
1.884555416487301843e-06
1.875511657477719931e-06
1.866429814501073541e-06
1.857312569118746132e-06
1.848164701603781503e-06
1.838990003025777055e-06
1.829787131883258056e-06
1.820559021121825030e-06
1.811309138370273499e-06
1.802040163038269760e-06
1.792751469121285845e-06
1.783445410368874932e-06
1.774124381068147735e-06
1.764789864672712401e-06
1.755445135473977291e-06
1.746093402374439483e-06
1.736736123424850436e-06
1.727373565090256129e-06
1.718009703665437181e-06
1.708651157825016872e-06
1.699297740307120207e-06
1.689948608399769529e-06
1.680605752775318011e-06
1.671277869115167966e-06
1.661965338809456211e-06
1.652666043324427417e-06
1.643378589328576527e-06
1.634116393374267453e-06
1.624881637938789364e-06
1.615671599928615393e-06
1.606482921949596756e-06
1.597322542538866871e-06
1.588203114669678820e-06
1.579119682509128932e-06
1.570068517914036903e-06
1.561047609798469770e-06
1.552075474154593788e-06
1.543152138729513820e-06
1.534271268419059844e-06
1.525428312148494444e-06
1.516632353033360348e-06
1.507900108729918960e-06
1.499223184760498377e-06
1.490596992762022670e-06
1.482015397817579716e-06
1.473502059601531363e-06
1.465056600574860369e-06
1.456673614788898072e-06
1.448344155330661276e-06
1.440071126346290639e-06
1.431877157289469954e-06
1.423757887689898221e-06
1.415703086614466528e-06
1.407707213890955734e-06
1.399779979687046034e-06
1.391942725097624617e-06
1.384184423396792321e-06
1.376497286022578907e-06
1.368872808186855862e-06
1.361329331700136453e-06
1.353879455462360325e-06
1.346510392112568506e-06
1.339215690323336173e-06
1.331985938963917499e-06
1.324845068297668564e-06
1.317798650665934849e-06
1.310835574380839237e-06
1.303948486029103245e-06
1.297128655195213897e-06
1.290403373708144340e-06
1.283776400292607362e-06
1.277236513240717047e-06
1.270776669718987124e-06
1.264387232097181545e-06
1.258091287794541807e-06
1.251894464395054753e-06
1.245784979752332160e-06
1.239755675225187957e-06
1.233796192178438185e-06
1.227924511291369386e-06
1.222153185838915441e-06
1.216468281895567457e-06
1.210862166831852105e-06
1.205327253949335464e-06
1.199873166049416756e-06
1.194518613462249838e-06
1.189255857543717704e-06
1.184072617909100032e-06
1.178962277974505389e-06
1.173925042782893381e-06
1.168983278755756739e-06
1.164128637671130688e-06
1.159354482000455195e-06
1.154650554326781424e-06
1.150012026774745676e-06
1.145458739435611912e-06
1.140992169121572556e-06
1.136601937580245718e-06
1.132281308468461423e-06
1.128024607888673770e-06
1.123835578530499524e-06
1.119732002686842174e-06
1.115704747093150257e-06
1.111747443293415523e-06
1.107851788444107459e-06
1.104013535600040902e-06
1.100250022368174778e-06
1.096560110251948834e-06
1.092935106775556734e-06
1.089369882915300748e-06
1.085859755898575188e-06
1.082403629756564680e-06
1.079016844437886463e-06
1.075691630754162193e-06
1.072422454932335754e-06
1.069205174217949618e-06
1.066033284392300635e-06
1.062914890325550585e-06
1.059855780430796835e-06
1.056849462034395306e-06
1.053891247693793986e-06
1.050976015368065146e-06
1.048101011044353752e-06
1.045273635631531824e-06
1.042495147273375698e-06
1.039759703464840480e-06
1.037062876500182485e-06
1.034402011269247409e-06
1.031774386530546560e-06
1.029186855404293583e-06
1.026637421473895825e-06
1.024121749408651766e-06
1.021636977287774442e-06
1.019180543525659709e-06
1.016750813058271771e-06
1.014352059763733641e-06
1.011982034332670767e-06
1.009637457022340355e-06
1.007316152068952096e-06
1.005016402156742713e-06
1.002736680909301957e-06
1.000478317038499771e-06
9.982395115370734132e-07
9.960179901567960778e-07
9.938120618589843060e-07
9.916207417664971831e-07
9.894428804672294247e-07
9.872777645510699729e-07
9.851242059297111218e-07
9.829799732025961324e-07
9.808446664974982622e-07
9.787174934966650511e-07
9.765979479126641974e-07
9.744843620625599169e-07
9.723746657885117579e-07
9.702675065670289727e-07
9.681625705975614822e-07
9.660598207409332745e-07
9.639592901929584755e-07
9.618597491007609758e-07
9.597568603039633890e-07
9.576498095601264745e-07
9.555386193193509146e-07
9.534236215356272959e-07
9.513053437870690573e-07
9.491840741717738232e-07
9.470555052537825701e-07
9.449172529074157599e-07
9.427697505572301110e-07
9.406135873827420995e-07
9.384496448803826145e-07
9.362788181917747880e-07
9.340998834823814310e-07
9.319071524089329256e-07
9.297006347052776860e-07
9.274814558806745298e-07
9.252507180457747332e-07
9.230092843518849102e-07
9.207581310613973857e-07
9.184931308261126492e-07
9.162107213014180951e-07
9.139120259634392520e-07
9.115980708455467986e-07
9.092703307614438360e-07
9.069300046589080382e-07
9.045776975136035905e-07
9.022080319061177648e-07
8.998201210259042616e-07
8.974154165588550733e-07
8.949952152336382763e-07
8.925605718739359312e-07
8.901127624183309195e-07
8.876523818701148520e-07
8.851738281901200859e-07
8.826774010104073966e-07
8.801646352521707013e-07
8.776366942082671782e-07
8.750947542023942045e-07
8.725399860134015489e-07
8.699728220423763374e-07
8.673884470111136725e-07
8.647877681692341718e-07
8.621721659082901738e-07
8.595426519857590643e-07
8.569002674088598581e-07
8.542460399100268347e-07
8.515806333866534669e-07
8.489013469273121329e-07
8.462088854628063983e-07
8.435045487506248581e-07
8.407890984211096399e-07
8.380633950080661444e-07
8.353280952418034760e-07
8.325839114133332921e-07
8.298299031558257186e-07
8.270663161576244511e-07
8.242942099183719146e-07
8.215142276289789624e-07
8.187268993156538694e-07
8.159327016818476841e-07
8.131321716723334771e-07
8.103258383480407765e-07
8.075142147982456454e-07
8.046982091920226478e-07
8.018781535272392063e-07
7.990542275933297240e-07
7.962267244161756144e-07
7.933958241129284339e-07
7.905625693078779025e-07
7.877296401145741676e-07
7.848975531058012028e-07
7.820665025885452042e-07
7.792363771728070245e-07
7.764070487325709903e-07
7.735783594710204625e-07
7.707503679749675835e-07
7.679264888694441027e-07
7.651082606612188942e-07
7.622957471853208770e-07
7.594886257450669310e-07
7.566863421350158872e-07
7.538885177072151807e-07
7.510947464775872405e-07
7.483058077132250271e-07
7.455274561536002822e-07
7.427598012056391463e-07
7.400021079070694007e-07
7.372536563484109505e-07
7.345137370636760004e-07
7.317816697928274160e-07
7.290568219371861585e-07
7.263428456106787014e-07
7.236448313135211339e-07
7.209621256895599909e-07
7.182938208879505631e-07
7.156393064504387193e-07
7.129973305444901902e-07
7.103668027186931296e-07
7.077469274937440724e-07
7.051428301399682459e-07
7.025585595007729456e-07
6.999928533997425711e-07
6.974446183780743736e-07
6.949125818809124775e-07
6.923960981932724440e-07
6.898936033904507816e-07
6.874041229095423888e-07
6.849333533061401200e-07
6.824854357399932112e-07
6.800586394795225592e-07
6.776517318326824248e-07
6.752633920082081684e-07
6.728929258270240255e-07
6.705383046938409074e-07
6.681984011116680966e-07
6.658789318579087090e-07
6.635846178014069712e-07
6.613138754870824431e-07
6.590651764096768642e-07
6.568378135760306371e-07
6.546294484147433718e-07
6.524388380625129948e-07
6.502650464500157815e-07
6.481109653954216129e-07
6.459824832990697831e-07
6.438795130890225269e-07
6.417995428884820505e-07
6.397411969451801708e-07
6.377030519584844862e-07
6.356839213730483657e-07
6.336820896075783226e-07
6.316975273548187675e-07
6.297390603399545602e-07
6.278057032521641286e-07
6.258955292460758764e-07
6.240071220817549613e-07
6.221389540657394994e-07
6.202901158592023205e-07
6.184598282428232283e-07
6.166459323501870511e-07
6.148531206946936666e-07
6.130854555093928790e-07
6.113405839450426176e-07
6.096182464070508600e-07
6.079157632917813993e-07
6.062324371383293167e-07
6.045672004729993185e-07
6.029182670120646758e-07
6.012855049462719650e-07
5.996759574980653045e-07
5.980883994439423488e-07
5.965214745541350924e-07
5.949736040012425815e-07
5.934442287185323680e-07
5.919322396241025075e-07
5.904358717699696671e-07
5.889548123073103047e-07
5.874893466875825800e-07
5.860444197001596191e-07
5.846190597013502462e-07
5.832112467416156861e-07
5.818200377128730199e-07
5.804441271565089943e-07
5.790833610517794258e-07
5.777366106545219677e-07
5.764025087774114896e-07
5.750830720759605499e-07
5.737803254726384631e-07
5.724939332356876980e-07
5.712222692696266023e-07
5.699642549879417244e-07
5.687188751557466167e-07
5.674858530122255438e-07
5.662647354188920578e-07
5.650540790408370141e-07
5.638554185895285486e-07
5.626699944043648734e-07
5.614974282378704951e-07
5.603364387403616376e-07
5.591861350222352256e-07
5.580457616137894811e-07
5.569154042701645374e-07
5.557940903566407766e-07
5.546813263059338814e-07
5.535773326390062291e-07
5.524834310148227985e-07
5.513991979535868065e-07
5.503232343023049462e-07
5.492550728349773923e-07
5.481946205628028537e-07
5.471413441253126675e-07
5.460948287522413103e-07
5.450547630837641402e-07
5.440206828883972282e-07
5.429934246094819219e-07
5.419724468425318744e-07
5.409570063104606435e-07
5.399467741223182924e-07
5.389413421155428956e-07
5.379406531046536184e-07
5.369442691382951388e-07
5.359520612476544245e-07
5.349639195037794587e-07
5.339792466288409515e-07
5.329978534033021006e-07
5.320189344559545728e-07
5.310423780899188666e-07
5.300679118724634971e-07
5.290955243893958778e-07
5.281250878220893330e-07
5.271565649341280448e-07
5.261898957161080358e-07
5.252248396494659713e-07
5.242601263984029968e-07
5.232957653418607214e-07
5.223314586699158575e-07
5.213668502748401927e-07
5.204021317419338690e-07
5.194373135017300054e-07
5.184725520245920691e-07
5.175076854845366739e-07
5.165429503591019465e-07
5.155776664981106077e-07
5.146106010534938728e-07
5.136417256519345742e-07
5.126709644399385371e-07
5.116984894088161449e-07
5.107241101738517553e-07
5.097482067506173300e-07
5.087708881550483892e-07
5.077922303734541917e-07
5.068122989323882403e-07
5.058303022151021185e-07
5.048453423701445720e-07
5.038572013773335088e-07
5.028661394462070826e-07
5.018723758896885399e-07
5.008756833440604747e-07
4.998765759838174559e-07
4.988751238858586826e-07
4.978715455000659547e-07
4.968658301172323137e-07
4.958574876612892471e-07
4.948458667957487549e-07
4.938308108424701882e-07
4.928126658296589875e-07
4.917915491153396750e-07
4.907674076251049787e-07
4.897405353586701972e-07
4.887112907808867226e-07
4.876795416027417757e-07
4.866456352907875506e-07
4.856092591025028227e-07
4.845698306372607076e-07
4.835274744793775932e-07
4.824824027104874720e-07
4.814345670878287275e-07
4.803841982894746205e-07
4.793314373129526438e-07
4.782764505806708955e-07
4.772192737241710210e-07
4.761600346883729967e-07
4.750989857877896993e-07
4.740357585760488361e-07
4.729705544854626175e-07
4.719034673039234820e-07
4.708345739778526398e-07
4.697639842544291016e-07
4.686917600426133560e-07
4.676179852395788725e-07
4.665426857955352429e-07
4.654660854652468598e-07
4.643881177878830384e-07
4.633092682532522393e-07
4.622299651017308367e-07
4.611502298216130719e-07
4.600701993738912983e-07
4.589897389174424139e-07
4.579090194278998067e-07
4.568279753759147124e-07
4.557465837864807661e-07
4.546649313721395477e-07
4.535829332882265327e-07
4.525007802005875457e-07
4.514195970196292165e-07
4.503393731085658505e-07
4.492604783245032200e-07
4.481826882969687358e-07
4.471058481514936538e-07
4.460301557156721239e-07
4.449553647361893686e-07
4.438813587575347887e-07
4.428083018827703893e-07
4.417359299473075527e-07
4.406645230406319313e-07
4.395960590467628792e-07
4.385300747225346157e-07
4.374667309131510245e-07
4.364060461949763751e-07
4.353476840352138664e-07
4.342916837672783600e-07
4.332378092793805034e-07
4.321858883432100941e-07
4.311359996607486703e-07
4.300878159579471175e-07
4.290417387721294934e-07
4.280004183265777899e-07
4.269631064453060757e-07
4.259299655309577145e-07
4.249009957534475154e-07
4.238756263530070918e-07
4.228540915935386658e-07
4.218359465668361776e-07
4.208207875171965458e-07
4.198090472172152291e-07
4.188000539474034912e-07
4.177939451712983328e-07
4.167935896204243811e-07
4.157982321551681210e-07
4.148082615351921941e-07
4.138233594954052099e-07
4.128427459742822184e-07
4.118671573016300258e-07
4.108957172932695752e-07
4.099281021959289008e-07
4.089644872422595772e-07
4.080045130067899881e-07
4.070480875938145431e-07
4.060970185445376286e-07
4.051519845111585975e-07
4.042132422081880448e-07
4.032798982734493364e-07
4.023521312065998598e-07
4.014296374316244008e-07
4.005115033883374255e-07
3.995986454341659671e-07
3.986900955331864937e-07
3.977854376291680083e-07
3.968849312217500338e-07
3.959888981565168792e-07
3.951001468300739558e-07
3.942174872460030198e-07
3.933410337463829226e-07
3.924707845633709884e-07
3.916056250340501512e-07
3.907464877783718115e-07
3.898923425761661355e-07
3.890428544113335175e-07
3.881981810971234062e-07
3.873578698081129957e-07
3.865219300159938971e-07
3.856915474922688755e-07
3.848676614966957430e-07
3.840504120716035201e-07
3.832387051358744047e-07
3.824331804908476108e-07
3.816328033990418406e-07
3.808377702815531410e-07
3.800477632617394309e-07
3.792619942984325273e-07
3.784813042088823519e-07
3.777048141922558259e-07
3.769323554177763900e-07
3.761655834981604888e-07
3.754047871440797622e-07
3.746501468235271311e-07
3.739005751050167869e-07
3.731565910269608564e-07
3.724174707794617705e-07
3.716830965992747625e-07
3.709534098123428729e-07
3.702276859304646011e-07
3.695065750065341658e-07
3.687893496874306349e-07
3.680758415838510744e-07
3.673674330336601288e-07
3.666643136047795696e-07
3.659666551866218226e-07
3.652734265091197157e-07
3.645851898449408579e-07
3.639010971913701323e-07
3.632213567596936742e-07
3.625456934503816794e-07
3.618735454879746144e-07
3.612054169925168226e-07
3.605407333623525255e-07
3.598794117267427789e-07
3.592220780288053974e-07
3.585692435019673625e-07
3.579206084359022130e-07
3.572759958185963679e-07
3.566352339790024953e-07
3.559977457176995236e-07
3.553640976518718043e-07
3.547335542489399412e-07
3.541062727006853626e-07
3.534820823248022429e-07
3.528605502140169373e-07
3.522419937636024383e-07
3.516262648908544942e-07
3.510140320407172238e-07
3.504050371598598617e-07
3.497992678979491137e-07
3.491961581224728806e-07
3.485959451319983248e-07
3.479983981240233631e-07
3.474032642009373202e-07
3.468107061817851157e-07
3.462202703447287637e-07
3.456323002370143081e-07
3.450464901445458107e-07
3.444626359355170049e-07
3.438811393803552566e-07
3.433020438856027610e-07
3.427252258376428879e-07
3.421505197471594578e-07
3.415777912590569265e-07
3.410068358194524572e-07
3.404377596448377853e-07
3.398703175040974944e-07
3.393046585520254372e-07
3.387406065950114252e-07
3.381780509745535939e-07
3.376170325228916051e-07
3.370574201339788939e-07
3.364993501167618508e-07
3.359428060145762628e-07
3.353877251678210433e-07
3.348338977263703934e-07
3.342812360126580966e-07
3.337296546120513171e-07
3.331792629616301450e-07
3.326298660642459386e-07
3.320815437782494567e-07
3.315342437499743443e-07
3.309878356636557232e-07
3.304424164733104855e-07
3.298978827140336893e-07
3.293542528220054397e-07
3.288115644179401909e-07
3.282697124547598413e-07
3.277285879265239123e-07
3.271880982281366672e-07
3.266482228935034370e-07
3.261090054463957239e-07
3.255703501013632371e-07
3.250323132532666817e-07
3.244948443788777429e-07
3.239579186646203408e-07
3.234215483669765189e-07
3.228856839296907220e-07
3.223503861786225679e-07
3.218156401173923267e-07
3.212814167916188114e-07
3.207476075541645940e-07
3.202141698480615253e-07
3.196810845196076790e-07
3.191483255637904314e-07
3.186159196412259074e-07
3.180838545103398433e-07
3.175520767019232808e-07
3.170206573772471568e-07
3.164895382269867398e-07
3.159587096486683200e-07
3.154282350410140394e-07
3.148981872309849667e-07
3.143685307399283739e-07
3.138392484733641326e-07
3.133102172422086320e-07
3.127814700619426304e-07
3.122529757487093616e-07
3.117247437396416513e-07
3.111967407448201717e-07
3.106689947007465643e-07
3.101414845176558541e-07
3.096141887228392586e-07
3.090871309686753905e-07
3.085603178311892390e-07
3.080339471860017221e-07
3.075081137768820122e-07
3.069827773953455095e-07
3.064578711080016363e-07
3.059333935377443327e-07
3.054092799427114182e-07
3.048855569422683541e-07
3.043621725924586222e-07
3.038391624791691626e-07
3.033164560132153030e-07
3.027941062289390747e-07
3.022720281717312357e-07
3.017502914693093600e-07
3.012289009501847633e-07
3.007082974856890763e-07
3.001883996843418526e-07
2.996693114923321547e-07
2.991508319418605874e-07
2.986330742405747230e-07
2.981158618784126521e-07
2.975993167331664389e-07
2.970832751644232621e-07
2.965678520912608169e-07
2.960528861307785990e-07
2.955384959823621884e-07
2.950245198174870470e-07
2.945110762589671354e-07
2.939981493221893842e-07
2.934863672828312026e-07
2.929755750526325719e-07
2.924659405744255184e-07
2.919572137984933835e-07
2.914495358339184816e-07
2.909426909257389845e-07
2.904368101560304248e-07
2.899316980109538514e-07
2.894274720847709579e-07
2.889239517927678422e-07
2.884212455779470451e-07
2.879191833685441422e-07
2.874178675770256911e-07
2.869172633839848127e-07
2.864179848637444696e-07
2.859201852817493548e-07
2.854237676404451887e-07
2.849287459082522515e-07
2.844349915629979840e-07
2.839425397770478944e-07
2.834512560125167287e-07
2.829611659450059972e-07
2.824721644429885195e-07
2.819842561377017438e-07
2.814973533649625213e-07
2.810114465536373614e-07
2.805264550131654227e-07
2.800423775045916135e-07
2.795594589823903897e-07
2.790785997009607738e-07
2.785991312577949449e-07
2.781215498436075583e-07
2.776452943492154086e-07
2.771707661779417292e-07
2.766974789493228624e-07
2.762257750185753323e-07
2.757552324272579682e-07
2.752861396996105641e-07
2.748181297827145701e-07
2.743514365854808060e-07
2.738857513982812627e-07
2.734212618240059769e-07
2.729578345914227640e-07
2.724960855146601016e-07
2.720362707906065917e-07
2.715781349512455892e-07
2.711218756994030792e-07
2.706671062235925163e-07
2.702141460804610762e-07
2.697625095458259639e-07
2.693126124325657696e-07
2.688639043390946722e-07
2.684168329484987726e-07
2.679708456955314479e-07
2.675263437056044744e-07
2.670828751797294130e-07
2.666407205891498244e-07
2.661997200676624525e-07
2.657605881804778205e-07
2.653233373855024070e-07
2.648878834358228384e-07
2.644542713367559449e-07
2.640222253994063448e-07
2.635919809709465377e-07
2.631631219940444365e-07
2.627360194703168906e-07
2.623101457050139713e-07
2.618859532340427818e-07
2.614628789724310640e-07
2.610413188699651766e-07
2.606208346058143436e-07
2.602017068828856369e-07
2.597837221195344172e-07
2.593674407619712024e-07
2.589529881179632202e-07
2.585401655659075831e-07
2.581291420338202856e-07
2.577195093906492394e-07
2.573116617965697510e-07
2.569050872102548670e-07
2.565001385334977973e-07
2.560963926288721587e-07
2.556941360198413268e-07
2.552930179737787659e-07
2.548932489877739345e-07
2.544945632270584905e-07
2.540970999540133580e-07
2.537006882032543532e-07
2.533055883633820772e-07
2.529123316274771813e-07
2.525204666040587773e-07
2.521302452512084891e-07
2.517413225173498645e-07
2.513538557612145258e-07
2.509676561243553395e-07
2.505827697962414078e-07
2.501991270906250742e-07
2.498166619847609353e-07
2.494354065082681553e-07
2.490551820751765307e-07
2.486761417836419591e-07
2.482980375123032012e-07
2.479210494774994775e-07
2.475450454662815676e-07
2.471704353124069785e-07
2.467972289718162689e-07
2.464253278069298081e-07
2.460548076842016926e-07
2.456853662872392455e-07
2.453173029361407960e-07
2.449502371121967591e-07
2.445843887020263259e-07
2.442195231629686784e-07
2.438557643113354309e-07
2.434929541646398988e-07
2.431311547902377317e-07
2.427702666587930118e-07
2.424102929133061933e-07
2.420512051494591262e-07
2.416930413289815175e-07
2.413361300299296508e-07
2.409803207407321394e-07
2.406256341906568422e-07
2.402720061292902531e-07
2.399192900098526465e-07
2.395676359908720765e-07
2.392168257641754608e-07
2.388670140993687589e-07
2.385179923796909521e-07
2.381698807242395696e-07
2.378225260252871885e-07
2.374760098981852219e-07
2.371302226414097348e-07
2.367851967033529540e-07
2.364408891803561451e-07
2.360973530838069054e-07
2.357548069266909896e-07
2.354131844030998537e-07
2.350724626658444576e-07
2.347326319765869804e-07
2.343935172686097077e-07
2.340553019077744678e-07
2.337177528282224391e-07
2.333809855189996281e-07
2.330448877622165674e-07
2.327094868131064841e-07
2.323747583901994486e-07
2.320406609568631738e-07
2.317072319928656195e-07
2.313743599677692582e-07
2.310421398031354778e-07
2.307104828790739081e-07
2.303795896932806321e-07
2.300495614022419385e-07
2.297202731003617635e-07
2.293918485305139913e-07
2.290640385094121503e-07
2.287369377671882618e-07
2.284104699593227542e-07
2.280846270623807381e-07
2.277594461481991589e-07
2.274347743236887692e-07
2.271108163459355568e-07
2.267873175043395530e-07
2.264644328216002677e-07
2.261420142128956818e-07
2.258201427797670223e-07
2.254987393214996990e-07
2.251779201680740287e-07
2.248578858017701210e-07
2.245385404719507394e-07
2.242198852655285617e-07
2.239018863808067949e-07
2.235844132975468337e-07
2.232676449715335194e-07
2.229513571685817584e-07
2.226356596198616123e-07
2.223204624619537203e-07
2.220057853049413344e-07
2.216916429429325047e-07
2.213779220052258959e-07
2.210647813976588880e-07
2.207520134940754145e-07
2.204397453816895189e-07
2.201278692613285624e-07
2.198165358088883235e-07
2.195060063383528452e-07
2.191960616632604763e-07
2.188868268249019324e-07
2.185781812453419368e-07
2.182700481197832937e-07
2.179625642194830294e-07
2.176555473774697226e-07
2.173491085060163090e-07
2.170431277591933848e-07
2.167376388848264476e-07
2.164326577862131921e-07
2.161280674971668549e-07
2.158240462631503683e-07
2.155203670289354873e-07
2.152171593041657017e-07
2.149143185845418078e-07
2.146120106793890329e-07
2.143105307032023934e-07
2.140096660117486659e-07
2.137095033252774034e-07
2.134099766444213118e-07
2.131109520693650562e-07
2.128126678194852894e-07
2.125148318815287510e-07
2.122175779842948240e-07
2.119208356338899101e-07
2.116245700671501972e-07
2.113288904363834837e-07
2.110336188404457040e-07
2.107388810267988887e-07
2.104445275623139998e-07
2.101506212632085154e-07
2.098571296874429295e-07
2.095641404809044262e-07
2.092719270927640269e-07
2.089803834722097199e-07
2.086894364378819044e-07
2.083993084746732049e-07
2.081096877869605284e-07
2.078207213090410153e-07
2.075323255329528354e-07
2.072444459389120924e-07
2.069572223496967610e-07
2.066704423727270536e-07
2.063842390743378320e-07
2.060984722714233586e-07
2.058131889710088568e-07
2.055284110926975597e-07
2.052440510171144143e-07
2.049601880513614018e-07
2.046767111279044740e-07
2.043937727664607287e-07
2.041117392640565138e-07
2.038302986411778569e-07
2.035496048599543413e-07
2.032695661275100969e-07
2.029900679109299080e-07
2.027113294125996981e-07
2.024330693456678550e-07
2.021554111765367090e-07
2.018783351666280042e-07
2.016017233250145973e-07
2.013257761370258901e-07
2.010502241901110482e-07
2.007751894856442693e-07
2.005006052299953852e-07
2.002264565664606111e-07
1.999528561724448678e-07
1.996796523993196344e-07
1.994070271337732092e-07
1.991353073972693227e-07
1.988641740240665841e-07
1.985938225914466591e-07
1.983241171131827366e-07
1.980549450043658672e-07
1.977865744475703955e-07
1.975186748457523049e-07
1.972513864439353885e-07
1.969846907759543632e-07
1.967184696114258714e-07
1.964529241893691521e-07
1.961877800846619015e-07
1.959231564824630948e-07
1.956590133226035221e-07
1.953953155581633338e-07
1.951321604147182113e-07
1.948693964283776255e-07
1.946071810195371970e-07
1.943458501896499329e-07
1.940851182480553308e-07
1.938250959982671635e-07
1.935657340650408961e-07
1.933069374614241972e-07
1.930488319150585002e-07
1.927912508649615933e-07
1.925342368601394896e-07
1.922778671517757478e-07
1.920219569613269903e-07
1.917666242947976264e-07
1.915117374895557151e-07
1.912573349296616702e-07
1.910035174563359588e-07
1.907500776910103507e-07
1.904971231456286653e-07
1.902445520424059998e-07
1.899924991774880068e-07
1.897412167937288140e-07
1.894905572864894063e-07
1.892404748618652267e-07
1.889911591715496051e-07
1.887423524562168853e-07
1.884941574297081330e-07
1.882465716480790796e-07
1.879994828205108001e-07
1.877529746816311151e-07
1.875069506729027628e-07
1.872613928456128876e-07
1.870164708990008235e-07
1.867719156494687683e-07
1.865278513597146995e-07
1.862842124276297752e-07
1.860410028788227807e-07
1.857982935537083869e-07
1.855559399741309436e-07
1.853140922548268749e-07
1.850729921510271951e-07
1.848324864905453536e-07
1.845925356768780022e-07
1.843532497810249003e-07
1.841144426075260091e-07
1.838762071821982508e-07
1.836385259134378603e-07
1.834012927385743912e-07
1.831646546543313122e-07
1.829284130486772609e-07
1.826926400186003120e-07
1.824574094086868907e-07
1.822225542711148647e-07
1.819881686274730361e-07
1.817541464986084336e-07
1.815205373664917433e-07
1.812874045534426825e-07
1.810546030258213145e-07
1.808222727419308328e-07
1.805906335413799678e-07
1.803595433407446175e-07
1.801289586988389391e-07
1.798989950288994110e-07
1.796694646988981689e-07
1.794404627204360969e-07
1.792119763892896416e-07
1.789839107966028035e-07
1.787563606192292313e-07
1.785292038242851812e-07
1.783024553465707965e-07
1.780762559802414624e-07
1.778503658210872378e-07
1.776248888645099581e-07
1.773998075297478800e-07
1.771750888881410691e-07
1.769507948591532224e-07
1.767267896619629125e-07
1.765032222064023022e-07
1.762802830604001809e-07
1.760578384506032326e-07
1.758358637130214755e-07
1.756144849039450733e-07
1.753935549909057671e-07
1.751730374834701322e-07
1.749530768480200875e-07
1.747334669609513910e-07
1.745142970137322459e-07
1.742955900650558720e-07
1.740772478286919049e-07
1.738593345458213501e-07
1.736417753509289447e-07
1.734245606674601607e-07
1.732078248901517369e-07
1.729913489282567452e-07
1.727752144526071773e-07
1.725594570885618411e-07
1.723440389637529791e-07
1.721290145346063966e-07
1.719146402056185240e-07
1.717006976929260189e-07
1.714872230151650071e-07
1.712742633554587561e-07
1.710616786134567266e-07
1.708495490087693352e-07
1.706378623874903076e-07
1.704265441086528154e-07
1.702156473705845479e-07
1.700051219114516374e-07
1.697949341189538576e-07
1.695852094852574297e-07
1.693757538540631865e-07
1.691666347169563387e-07
1.689579385004354396e-07
1.687495069723931951e-07
1.685414042244245921e-07
1.683335961548984708e-07
1.681261605469350810e-07
1.679191203496215789e-07
1.677126500905392081e-07
1.675065847714814916e-07
1.673009959555516375e-07
1.670958598591656032e-07
1.668910857138493241e-07
1.666867365837467159e-07
1.664828040526537911e-07
1.662792154010132321e-07
1.660760253208954102e-07
1.658731832032675731e-07
1.656706606194170220e-07
1.654685655042111266e-07
1.652667253604913214e-07
1.650651936390858969e-07
1.648640904889079155e-07
1.646632104114634505e-07
1.644626253090077021e-07
1.642623618248772964e-07
1.640624029953740451e-07
1.638627880864889608e-07
1.636637649791953324e-07
1.634651453447806169e-07
1.632669034982411587e-07
1.630691882037194537e-07
1.628717865223841400e-07
1.626747928562265956e-07
1.624782324816417028e-07
1.622819694478085483e-07
1.620860709646739143e-07
1.618905712957369304e-07
1.616953700996112716e-07
1.615005076462760502e-07
1.613059778393810348e-07
1.611117465816996900e-07
1.609178606097148101e-07
1.607242143379743110e-07
1.605308689722319550e-07
1.603378648085554689e-07
1.601450707250588511e-07
1.599526154648208270e-07
1.597606696694048847e-07
1.595691096505707649e-07
1.593779535350777283e-07
1.591872579984084160e-07
1.589969354049247424e-07
1.588069456389769719e-07
1.586173562915919833e-07
1.584281256784149697e-07
1.582392063432392151e-07
1.580506722448312122e-07
1.578624313809286524e-07
1.576744870552140868e-07
1.574869341626520689e-07
1.572996048324086374e-07
1.571125623901068585e-07
1.569259167084560788e-07
1.567394570122859233e-07
1.565532547301060647e-07
1.563673956948143405e-07
1.561817527532975968e-07
1.559964243006299318e-07
1.558116035905122303e-07
1.556271434342833580e-07
1.554430341928778346e-07
1.552593757925511904e-07
1.550760752058771407e-07
1.548930701069855008e-07
1.547104646223141825e-07
1.545281752710063835e-07
1.543461801521782195e-07
1.541645678864823640e-07
1.539832144033279911e-07
1.538021428035904823e-07
1.536214483664485620e-07
1.534409590247822923e-07
1.532607414916689284e-07
1.530808983857429268e-07
1.529012273381277473e-07
1.527217955487751568e-07
1.525427055667782597e-07
1.523637985262796577e-07
1.521851931304765792e-07
1.520070661583639206e-07
1.518292774512304138e-07
1.516518502166776707e-07
1.514748425448181900e-07
1.512981701058987761e-07
1.511218059638481103e-07
1.509457926298946421e-07
1.507701241514296048e-07
1.505947399812673794e-07
1.504196674471472397e-07
1.502449123487037756e-07
1.500704256582300441e-07
1.498962384859756483e-07
1.497223241141497396e-07
1.495486738651538834e-07
1.493753085335622048e-07
1.492021655026335641e-07
1.490292776934891967e-07
1.488566727663289141e-07
1.486842485247640517e-07
1.485121334499708538e-07
1.483403202789805843e-07
1.481689567865164474e-07
1.479979139971586332e-07
1.478271756947153968e-07
1.476568679278537115e-07
1.474868269123346941e-07
1.473170638480515690e-07
1.471477077615002065e-07
1.469785741863536792e-07
1.468097100048690987e-07
1.466412341905319331e-07
1.464729490289963112e-07
1.463049242397982842e-07
1.461372568849514715e-07
1.459697564169405245e-07
1.458025064365620318e-07
1.456355943913280611e-07
1.454688300308624487e-07
1.453022993430700612e-07
1.451360626248382818e-07
1.449699826598789741e-07
1.448041846985305320e-07
1.446387518080435433e-07
1.444736674910960810e-07
1.443088877491546761e-07
1.441444479101847629e-07
1.439803527917709321e-07
1.438165031492650397e-07
1.436529599531997983e-07
1.434897611807208615e-07
1.433267693618537251e-07
1.431640408292869554e-07
1.430016749919083054e-07
1.428394819257880562e-07
1.426775302021396925e-07
1.425159266795057916e-07
1.423544714608213068e-07
1.421932472927348554e-07
1.420323452788915189e-07
1.418715776934120763e-07
1.417110345482008436e-07
1.415507629936009129e-07
1.413906366616986990e-07
1.412307862080885663e-07
1.410712490645964363e-07
1.409120901441004416e-07
1.407532238138566037e-07
1.405946397885979541e-07
1.404364446405699339e-07
1.402784930270503898e-07
1.401207861805568840e-07
1.399634470626600837e-07
1.398063251631439081e-07
1.396494479937231608e-07
1.394928921576858992e-07
1.393365484027744106e-07
1.391804397323706635e-07
1.390246113677002392e-07
1.388689912828411273e-07
1.387136018420042077e-07
1.385584544446436672e-07
1.384035008141165976e-07
1.382487718597563871e-07
1.380942609260864354e-07
1.379399351439084415e-07
1.377858437230414587e-07
1.376319840801196746e-07
1.374785324650811805e-07
1.373253489009880317e-07
1.371724313605515722e-07
1.370198671241642695e-07
1.368675629026666315e-07
1.367155057533952243e-07
1.365637301034112659e-07
1.364122460534132457e-07
1.362609624668912039e-07
1.361099264278655796e-07
1.359591980758450079e-07
1.358086401142427082e-07
1.356582970399863094e-07
1.355082775361273835e-07
1.353583868038075696e-07
1.352087118000220765e-07
1.350593289637345698e-07
1.349100626266645890e-07
1.347610187405212646e-07
1.346122089541251506e-07
1.344635302407412902e-07
1.343151113479377629e-07
1.341669060606652039e-07
1.340191048448697150e-07
1.338715665042247737e-07
1.337242529549431459e-07
1.335772879667497131e-07
1.334305752256455991e-07
1.332840797429020383e-07
1.331378546170663184e-07
1.329919039758146946e-07
1.328461536521799757e-07
1.327006282656829934e-07
1.325553945334667613e-07
1.324103261547873274e-07
1.322654546814525704e-07
1.321208960156064652e-07
1.319764568888943774e-07
1.318322230454451710e-07
1.316882642397773050e-07
1.315444195994970060e-07
1.314007820641933480e-07
1.312573659244979708e-07
1.311140796424072976e-07
1.309710328250858461e-07
1.308281898333682504e-07
1.306857453211009105e-07
1.305435442719371164e-07
1.304015862169594284e-07
1.302599597974881504e-07
1.301185793619751726e-07
1.299774202144972912e-07
1.298365251430085403e-07
1.296959163371463357e-07
1.295554803691193479e-07
1.294152580654921183e-07
1.292753681782509727e-07
1.291356203008267923e-07
1.289960821369019173e-07
1.288568003303784408e-07
1.287176925368637187e-07
1.285787926076059186e-07
1.284400861189045247e-07
1.283015849048262231e-07
1.281632608924122058e-07
1.280250979462777242e-07
1.278871642619770980e-07
1.277493700946754998e-07
1.276117869178600517e-07
1.274745310539724772e-07
1.273375421347205155e-07
1.272008019386467021e-07
1.270642876147502957e-07
1.269281092046390127e-07
1.267921418612468450e-07
1.266563708528920709e-07
1.265208647944103188e-07
1.263855895967912200e-07
1.262505152679533648e-07
1.261156443247704263e-07
1.259810391492708734e-07
1.258465842147156540e-07
1.257123126068046108e-07
1.255783337154383634e-07
1.254444622857868814e-07
1.253107919292209900e-07
1.251773471822522920e-07
1.250440310656222608e-07
1.249109100917460465e-07
1.247779614425724897e-07
1.246451783586939679e-07
1.245125678587101854e-07
1.243801429865897168e-07
1.242480500257695857e-07
1.241161823492859964e-07
1.239845554998547177e-07
1.238531618384244115e-07
1.237220596119780254e-07
1.235911570154424944e-07
1.234604419164260752e-07
1.233299796986725952e-07
1.231997313574158968e-07
1.230696723224324923e-07
1.229398007676040243e-07
1.228101847447433741e-07
1.226807061858432943e-07
1.225514003013857759e-07
1.224223694167624954e-07
1.222934457460968698e-07
1.221647086760271417e-07
1.220361675734672377e-07
1.219077724995568470e-07
1.217795507067340145e-07
1.216514715649321147e-07
1.215235875065070223e-07
1.213958257074622838e-07
1.212682616095496761e-07
1.211409655074405689e-07
1.210139346646256194e-07
1.208871287758043621e-07
1.207605117147674868e-07
1.206341965272944637e-07
1.205080842707890976e-07
1.203821489344789411e-07
1.202564382768767689e-07
1.201309663728749558e-07
1.200056383165821968e-07
1.198804961510718315e-07
1.197556295894148458e-07
1.196308873311981489e-07
1.195063266654103986e-07
1.193819540749876632e-07
1.192577764778174295e-07
1.191337428504137374e-07
1.190098496675101240e-07
1.188862035241372960e-07
1.187626433820524554e-07
1.186392468825825761e-07
1.185160469785280182e-07
1.183929448695094186e-07
1.182700403101734588e-07
1.181472961163666643e-07
1.180248583226678185e-07
1.179026004936546780e-07
1.177805550755172503e-07
1.176587426882561965e-07
1.175371628136567332e-07
1.174157610310378587e-07
1.172945280836846988e-07
1.171735155327797684e-07
1.170526988730669804e-07
1.169320405092430278e-07
1.168115492073366645e-07
1.166912962524548323e-07
1.165711549062763588e-07
1.164511855060074219e-07
1.163314151501801802e-07
1.162117795356107899e-07
1.160923099562703006e-07
1.159729707209008601e-07
1.158538340259321582e-07
1.157347953437715985e-07
1.156158963152364811e-07
1.154971884742348334e-07
1.153785636100206548e-07
1.152601285080375923e-07
1.151418415452560509e-07
1.150238436545753333e-07
1.149060123801034019e-07
1.147883825813965506e-07
1.146709619133455808e-07
1.145537661148391316e-07
1.144367390391971383e-07
1.143198649866639234e-07
1.142031916700971861e-07
1.140867164862258663e-07
1.139703734809142292e-07
1.138541861320520871e-07
1.137382375117181553e-07
1.136223912373587874e-07
1.135067031847728985e-07
1.133911789680101995e-07
1.132758258301340859e-07
1.131605903403909614e-07
1.130454718732469944e-07
1.129305850820654726e-07
1.128157571997384566e-07
1.127010838099529760e-07
1.125865627548925976e-07
1.124721524558275232e-07
1.123578801793412478e-07
1.122437516172410539e-07
1.121298773661106844e-07
1.120162043376518975e-07
1.119027216101372077e-07
1.117893936713714750e-07
1.116763196636812766e-07
1.115634055044913324e-07
1.114506425094269441e-07
1.113380618814878491e-07
1.112256935843798401e-07
1.111134492581669582e-07
1.110013648436429884e-07
1.108894471783967339e-07
1.107777082783528413e-07
1.106660908499486484e-07
1.105545974973022881e-07
1.104433370633003967e-07
1.103321557713984287e-07
1.102211278265953415e-07
1.101102282254949849e-07
1.099994948314018110e-07
1.098888619369207959e-07
1.097783418739199153e-07
1.096680050245690291e-07
1.095577379448138016e-07
1.094476410236438756e-07
1.093376752523121180e-07
1.092279744684616453e-07
1.091184307903340403e-07
1.090090743379127141e-07
1.088998700821501197e-07
1.087909131847414856e-07
1.086821098284022905e-07
1.085734385433036773e-07
1.084649457179673718e-07
1.083566483417567002e-07
1.082484637963485500e-07
1.081404356982645444e-07
1.080325751544783539e-07
1.079248729716331688e-07
1.078172919149229576e-07
1.077098264201882897e-07
1.076025837459407265e-07
1.074954134324472846e-07
1.073883909955751502e-07
1.072814882980756484e-07
1.071747477635092391e-07
1.070680962058575874e-07
1.069615602281385774e-07
1.068551901352154302e-07
1.067488910517747567e-07
1.066427490987056230e-07
1.065367279817473820e-07
1.064309546606356185e-07
1.063253475732125888e-07
1.062199170341372915e-07
1.061146271998553505e-07
1.060095712842249891e-07
1.059046608245651653e-07
1.057998799313001182e-07
1.056952672893562720e-07
1.055908563496741028e-07
1.054865586887901676e-07
1.053824064917541897e-07
1.052783873668976274e-07
1.051745618121088221e-07
1.050708266265875330e-07
1.049672314679791061e-07
1.048637914935146160e-07
1.047604855321137659e-07
1.046572876254354476e-07
1.045541862759391383e-07
1.044512968727209437e-07
1.043484553100083265e-07
1.042457539613181496e-07
1.041431571023582492e-07
1.040407021857067883e-07
1.039383255735243692e-07
1.038361058167666084e-07
1.037340144136218240e-07
1.036321930066335615e-07
1.035304969474771852e-07
1.034289563816317715e-07
1.033276037862039905e-07
1.032264386249372835e-07
1.031254150607283996e-07
1.030245147431167963e-07
1.029237811554705040e-07
1.028232259565204550e-07
1.027227718717896714e-07
1.026224625816661134e-07
1.025223067003054215e-07
1.024223007729143138e-07
1.023223980295521945e-07
1.022226118870515284e-07
1.021230150996979572e-07
1.020234978349314961e-07
1.019241167998291947e-07
1.018248233392091867e-07
1.017257188765425063e-07
1.016266626064082698e-07
1.015277414080441540e-07
1.014289357060105149e-07
1.013302451537862135e-07
1.012316403018143899e-07
1.011331826162267475e-07
1.010348568760953209e-07
1.009367778904680797e-07
1.008388221182343745e-07
1.007410078614892462e-07
1.006433759536581896e-07
1.005459186403239792e-07
1.004485982152220450e-07
1.003513927467211934e-07
1.002543443779293021e-07
1.001574676218241728e-07
1.000606883736955358e-07
9.996404682949191641e-08
9.986753894115812987e-08
9.977119009435632193e-08
9.967492565320184853e-08
9.957879135171406382e-08
9.948280374726950425e-08
9.938693016192994811e-08
9.929115557568369792e-08
9.919547176883831700e-08
9.909997578460331954e-08
9.900452611629928455e-08
9.890920846112939774e-08
9.881396824831840592e-08
9.871888190878316173e-08
9.862384545135698129e-08
9.852896167856524007e-08
9.843418138982151752e-08
9.833962694064446005e-08
9.824520075258438115e-08
9.815093124071678887e-08
9.805678250795478518e-08
9.796283792631137260e-08
9.786901875094513287e-08
9.777531442138807955e-08
9.768174573611071602e-08
9.758834393360343370e-08
9.749506618372994475e-08
9.740189433406599621e-08
9.730882997593238609e-08
9.721596032771874362e-08
9.712316534800050047e-08
9.703049245613842622e-08
9.693790727801088848e-08
9.684550941266460327e-08
9.675316613249314460e-08
9.666094842919126789e-08
9.656881751534154916e-08
9.647684461201533212e-08
9.638491829440005799e-08
9.629311399628539393e-08
9.620141417782131444e-08
9.610981920026735829e-08
9.601829707144321757e-08
9.592691051566329576e-08
9.583563233283618405e-08
9.574458108690688088e-08
9.565363378166109794e-08
9.556283554023798813e-08
9.547215504994707383e-08
9.538167145830927612e-08
9.529130000697274124e-08
9.520103139314397639e-08
9.511089536910941669e-08
9.502092676139096522e-08
9.493105742966089015e-08
9.484129812971294908e-08
9.475163586094665437e-08
9.466215808696769996e-08
9.457274884430692553e-08
9.448345527949580160e-08
9.439424355077286342e-08
9.430521045875741556e-08
9.421622793342307265e-08
9.412736492215061161e-08
9.403857712909791941e-08
9.394994983718436728e-08
9.386136108095006043e-08
9.377289104299016826e-08
9.368450394742820747e-08
9.359623772956647032e-08
9.350802513295603929e-08
9.341994563071730038e-08
9.333196046753541804e-08
9.324417775835691369e-08
9.315650671090605698e-08
9.306897596387500110e-08
9.298154975976786447e-08
9.289430314731317615e-08
9.280717057327585568e-08
9.272014733704656229e-08
9.263323453477065950e-08
9.254645611723645391e-08
9.245981606744697340e-08
9.237325115363038903e-08
9.228680414908702494e-08
9.220047824882519789e-08
9.211427625974267525e-08
9.202814609710591723e-08
9.194212621460134010e-08
9.185622281903227147e-08
9.177043039121675679e-08
9.168470344362204278e-08
9.159907468518771731e-08
9.151356957213374418e-08
9.142814199478172328e-08
9.134279852686961525e-08
9.125753078615937407e-08
9.117238749508729511e-08
9.108730216859739236e-08
9.100230904460838709e-08
9.091742314948480329e-08
9.083265096472274011e-08
9.074807945553371858e-08
9.066359686354360530e-08
9.057924758217272206e-08
9.049500320888167487e-08
9.041093903609033199e-08
9.032697211005050731e-08
9.024309767162290985e-08
9.015934080323187702e-08
9.007572562159945655e-08
8.999221662062915886e-08
8.990878722618694961e-08
8.982546506518412652e-08
8.974227819728113327e-08
8.965918795262873222e-08
8.957617702143099340e-08
8.949325876520915650e-08
8.941046992605017451e-08
8.932776927826760799e-08
8.924514180447552187e-08
8.916259760071368467e-08
8.908018367604015927e-08
8.899783492572383729e-08
8.891557000710535126e-08
8.883337480870045026e-08
8.875130021974046498e-08
8.866928208713576356e-08
8.858734741709192644e-08
8.850551996210686051e-08
8.842378993640892615e-08
8.834226277815116457e-08
8.826081612868100009e-08
8.817949812767599419e-08
8.809827725687077294e-08
8.801722579146918290e-08
8.793627023526937082e-08
8.785540983093921825e-08
8.777465330588268400e-08
8.769402027509583753e-08
8.761351118327097614e-08
8.753306900315259628e-08
8.745273525375467352e-08
8.737250449839623590e-08
8.729239707103490527e-08
8.721235150757193678e-08
8.713240560778429818e-08
8.705255116400744711e-08
8.697282281802545379e-08
8.689313836562960037e-08
8.681355911472579593e-08
8.673405325253531080e-08
8.665467099244180762e-08
8.657532337125244940e-08
8.649607951829070335e-08
8.641690335257881858e-08
8.633783574193180109e-08
8.625880538455614673e-08
8.617989337072754442e-08
8.610105272264344701e-08
8.602237892912324692e-08
8.594381828268765753e-08
8.586537689815222836e-08
8.578702044027411282e-08
8.570880166954974924e-08
8.563070807199907819e-08
8.555271462567590147e-08
8.547479784210250831e-08
8.539698845222714816e-08
8.531931830406508160e-08
8.524172820500583166e-08
8.516421797988294515e-08
8.508679930970428117e-08
8.500950662602035891e-08
8.493230038255692371e-08
8.485516031896350362e-08
8.477811302792418098e-08
8.470116744656828556e-08
8.462432002243963658e-08
8.454751975280458106e-08
8.447081791763062916e-08
8.439419792981042766e-08
8.431767763319414008e-08
8.424119731102724875e-08
8.416481066816322489e-08
8.408849794298459590e-08
8.401227734365039590e-08
8.393609595067612880e-08
8.386002761085053180e-08
8.378402804078286295e-08
8.370819010281275182e-08
8.363245992149429160e-08
8.355684373742739801e-08
8.348130895170206302e-08
8.340590355508753539e-08
8.333062397649285655e-08
8.325543813530751862e-08
8.318032605459826054e-08
8.310532021113293935e-08
8.303044095208290411e-08
8.295565144921793784e-08
8.288092857116939387e-08
8.280630141597540593e-08
8.273177808660725734e-08
8.265735737070669069e-08
8.258299373855872518e-08
8.250872110366848972e-08
