1.738938029000329593e-09
1.738938029000329593e-09
1.738938028999787583e-09
1.738938029000329593e-09
1.738938028999245573e-09
1.738938028999787583e-09
1.738938028999245573e-09
1.738938029000871810e-09
1.738938029000329593e-09
1.738938029000329593e-09
1.738938028999787583e-09
1.738938029000329593e-09
1.738938029000871810e-09
1.738938028999787583e-09
1.738938029000871810e-09
1.738938028999787583e-09
1.738938028999787583e-09
1.738938029000329593e-09
1.738938029000329593e-09
1.738938028999787583e-09
1.738938029000871810e-09
1.738938028999787583e-09
1.738938029000058691e-09
1.738938029000058691e-09
1.738938029000329593e-09
1.738938028999787583e-09
1.738938029000329593e-09
1.738938029000058691e-09
1.738938028999787583e-09
1.738938028999787583e-09
1.738938029000058691e-09
1.738938029000058691e-09
1.738938028999516474e-09
1.738938029000058691e-09
1.738938028999787583e-09
1.738938029000329593e-09
1.738938028999787583e-09
1.738938029000058691e-09
1.738938029000329593e-09
1.738938029000058691e-09
1.738938028999516474e-09
1.738938028999787583e-09
1.738938029000058691e-09
1.738938029000058691e-09
1.738938029000058691e-09
1.738938028999787583e-09
1.738938028999787583e-09
1.738938028999787583e-09
1.738938029000058691e-09
1.738938028999787583e-09
1.738938028999787583e-09
1.738938028999787583e-09
1.738938028999787583e-09
1.738938028999516474e-09
1.738938028999787583e-09
1.738938028999787583e-09
1.738938029000058691e-09
1.738938028999787583e-09
1.738938028999923034e-09
1.738938028999923034e-09
1.738938028999923034e-09
1.738938028999923034e-09
1.738938028999787583e-09
1.738938029000058691e-09
1.738938028999923034e-09
1.738938029000194142e-09
1.738938028999787583e-09
1.738938029000058691e-09
1.738938028999923034e-09
1.738938028999787583e-09
1.738938028999923034e-09
1.738938029000058691e-09
1.738938028999787583e-09
1.738938029000058691e-09
1.738938028999923034e-09
1.738938028999923034e-09
1.738938028999923034e-09
1.738938028999923034e-09
1.738938028999787583e-09
1.738938028999923034e-09
1.738938028999787583e-09
1.738938028999923034e-09
1.738938029000058691e-09
1.738938028999923034e-09
1.738938028999923034e-09
1.738938028999787583e-09
1.738938028999787583e-09
1.738938028999923034e-09
1.738938029000058691e-09
1.738938028999923034e-09
1.738938028999923034e-09
1.738938028999923034e-09
1.738938028999923034e-09
1.738938028999923034e-09
1.738938028999923034e-09
1.738938028999787583e-09
1.738938028999923034e-09
1.738938028999923034e-09
1.738938028999923034e-09
1.738938029000058691e-09
1.738938029000058691e-09
1.738938028999923034e-09
1.738938028999923034e-09
1.738938028999923034e-09
1.738938028999787583e-09
1.738938028999787583e-09
1.738938028999923034e-09
1.738938029000058691e-09
1.738938029000058691e-09
1.738938028999923034e-09
1.738938028999923034e-09
1.738938028999923034e-09
1.738938028999923034e-09
1.738938028999990862e-09
1.738938028999990862e-09
1.738938028999990862e-09
1.738938028999923034e-09
1.738938028999923034e-09
1.738938028999923034e-09
1.738938028999855412e-09
1.738938028999855412e-09
1.738938028999923034e-09
1.738938028999923034e-09
1.738938028999855412e-09
1.738938028999990862e-09
1.738938028999855412e-09
1.738938028999990862e-09
1.738938028999990862e-09
1.738938028999923034e-09
1.738938028999855412e-09
1.738938028999923034e-09
1.738938028999855412e-09
1.738938028999990862e-09
1.738938028999923034e-09
1.738938028999923034e-09
1.738938028999990862e-09
1.738938028999990862e-09
1.738938029000058691e-09
1.738938028999923034e-09
1.738938028999855412e-09
1.738938028999990862e-09
1.738938028999923034e-09
1.738938028999990862e-09
1.738938028999990862e-09
1.738938028999990862e-09
1.738938028999990862e-09
1.738938028999990862e-09
1.738938028999923034e-09
1.738938028999855412e-09
1.738938028999990862e-09
1.738938028999923034e-09
1.738938028999855412e-09
1.738938028999855412e-09
1.738938028999990862e-09
1.738938028999923034e-09
1.738938028999923034e-09
1.738938028999923034e-09
1.738938028999990862e-09
1.738938028999923034e-09
1.738938028999923034e-09
1.738938028999923034e-09
1.738938029000058691e-09
1.738938028999990862e-09
1.738938028999990862e-09
1.738938028999923034e-09
1.738938029000058691e-09
1.738938028999855412e-09
1.738938028999923034e-09
1.738938028999923034e-09
1.738938028999855412e-09
1.738938028999923034e-09
1.738938028999990862e-09
1.738938028999990862e-09
1.738938028999923034e-09
1.738938028999923034e-09
1.738938028999923034e-09
1.738938028999923034e-09
1.738938028999990862e-09
1.738938028999923034e-09
1.738938028999923034e-09
1.738938028999923034e-09
1.738938028999855412e-09
1.738938028999923034e-09
1.738938028999923034e-09
1.738938028999990862e-09
1.738938028999923034e-09
1.738938028999990862e-09
1.738938028999990862e-09
1.738938028999923034e-09
1.738938028999990862e-09
1.738938028999990862e-09
1.738938028999990862e-09
1.738938028999855412e-09
1.738938028999923034e-09
1.738938028999923034e-09
1.738938029000058691e-09
1.738938028999990862e-09
1.738938028999923034e-09
1.738938029000058691e-09
1.738938028999990862e-09
1.738938028999923034e-09
1.738938028999990862e-09
1.738938028999990862e-09
1.738938028999990862e-09
1.738938028999990862e-09
1.738938028999923034e-09
1.738938029000058691e-09
1.738938028999990862e-09
1.738938029000058691e-09
1.738938028999923034e-09
1.738938028999923034e-09
1.738938028999923034e-09
1.738938028999889326e-09
1.738938028999956948e-09
1.738938028999923034e-09
1.738938028999990862e-09
1.738938028999990862e-09
1.738938028999956948e-09
1.738938028999956948e-09
1.738938028999956948e-09
1.738938028999956948e-09
1.738938028999923034e-09
1.738938028999889326e-09
1.738938028999956948e-09
1.738938028999956948e-09
1.738938028999923034e-09
1.738938028999956948e-09
1.738938028999923034e-09
1.738938028999956948e-09
1.738938028999923034e-09
1.738938028999923034e-09
1.738938028999956948e-09
1.738938028999923034e-09
1.738938028999889326e-09
1.738938028999956948e-09
1.738938028999889326e-09
1.738938028999923034e-09
1.738938028999956948e-09
1.738938028999956948e-09
1.738938028999956948e-09
1.738938028999923034e-09
1.738938028999956948e-09
1.738938028999923034e-09
1.738938028999956948e-09
1.738938028999956948e-09
1.738938028999923034e-09
1.738938028999889326e-09
1.738938028999923034e-09
1.738938028999956948e-09
1.738938028999956948e-09
1.738938028999990862e-09
1.738938028999923034e-09
1.738938028999956948e-09
1.738938028999923034e-09
1.738938028999956948e-09
1.738938028999956948e-09
1.738938028999956948e-09
1.738938028999956948e-09
1.738938028999990862e-09
1.738938028999889326e-09
1.738938028999956948e-09
1.738938028999956948e-09
1.738938028999956948e-09
1.738938028999923034e-09
1.738938028999990862e-09
1.738938028999923034e-09
1.738938028999956948e-09
1.738938028999956948e-09
1.738938028999923034e-09
1.738938028999956948e-09
1.738938028999956948e-09
1.738938028999956948e-09
1.738938028999923034e-09
1.738938028999956948e-09
1.738938028999990862e-09
1.738938028999923034e-09
1.738938028999956948e-09
1.738938028999956948e-09
1.738938028999956948e-09
1.738938028999956948e-09
1.738938028999956948e-09
1.738938028999956948e-09
1.738938028999923034e-09
1.738938028999956948e-09
1.738938028999923034e-09
1.738938028999956948e-09
1.738938028999956948e-09
1.738938028999956948e-09
1.738938028999923034e-09
1.738938028999956948e-09
1.738938028999923034e-09
1.738938028999923034e-09
1.738938028999956948e-09
1.738938028999923034e-09
1.738938028999923034e-09
1.738938028999990862e-09
1.738938028999956948e-09
1.738938028999889326e-09
1.738938028999956948e-09
1.738938028999956948e-09
1.738938028999923034e-09
1.738938028999923034e-09
1.738938028999956948e-09
1.738938028999956948e-09
1.738938028999956948e-09
1.738938028999923034e-09
1.738938028999956948e-09
1.738938028999956948e-09
1.738938028999956948e-09
1.738938028999923034e-09
1.738938028999956948e-09
1.738938028999923034e-09
1.738938028999956948e-09
1.738938028999889326e-09
1.738938028999956948e-09
1.738938028999923034e-09
1.738938028999889326e-09
1.738938028999923034e-09
1.738938028999923034e-09
1.738938028999956948e-09
1.738938028999956948e-09
1.738938028999956948e-09
1.738938028999956948e-09
1.738938028999956948e-09
1.738938028999923034e-09
1.738938028999956948e-09
1.738938028999956948e-09
1.738938028999855412e-09
1.738938028999923034e-09
1.738938028999923034e-09
1.738938028999956948e-09
1.738938028999990862e-09
1.738938028999956948e-09
1.738938028999923034e-09
1.738938028999923034e-09
1.738938028999923034e-09
1.738938028999923034e-09
1.738938028999889326e-09
1.738938028999889326e-09
1.738938028999889326e-09
1.738938028999923034e-09
1.738938028999923034e-09
1.738938028999923034e-09
1.738938028999889326e-09
1.738938028999956948e-09
1.738938028999923034e-09
1.738938028999956948e-09
1.738938028999855412e-09
1.738938028999956948e-09
1.738938028999923034e-09
1.738938028999889326e-09
1.738938028999956948e-09
1.738938028999923034e-09
1.738938028999923034e-09
1.738938028999956948e-09
1.738938028999889326e-09
1.738938028999923034e-09
1.738938028999956948e-09
1.738938028999956948e-09
1.738938028999956948e-09
1.738938028999923034e-09
1.738938028999956948e-09
1.738938028999956948e-09
1.738938028999889326e-09
1.738938028999889326e-09
1.738938028999956948e-09
1.738938028999923034e-09
1.738938028999956948e-09
1.738938028999923034e-09
1.738938028999956948e-09
1.738938028999889326e-09
1.738938028999956948e-09
1.738938028999956948e-09
1.738938028999923034e-09
1.738938028999956948e-09
1.738938028999923034e-09
1.738938028999889326e-09
1.738938028999956948e-09
1.738938028999923034e-09
1.738938028999923034e-09
1.738938028999990862e-09
1.738938028999923034e-09
1.738938028999889326e-09
1.738938028999956948e-09
1.738938028999923034e-09
1.738938028999956948e-09
1.738938028999923034e-09
1.738938028999956948e-09
1.738938028999923034e-09
1.738938028999956948e-09
1.738938028999923034e-09
1.738938028999956948e-09
1.738938028999956948e-09
1.738938028999990862e-09
1.738938028999956948e-09
1.738938028999956948e-09
1.738938028999956948e-09
1.738938028999889326e-09
1.738938028999923034e-09
1.738938028999889326e-09
1.738938028999923034e-09
1.738938028999956948e-09
1.738938028999956948e-09
1.738938028999889326e-09
1.738938028999956948e-09
1.738938028999956948e-09
1.738938028999956948e-09
1.738938028999923034e-09
1.738938028999923034e-09
1.738938028999923034e-09
1.738938028999923034e-09
1.738938028999923034e-09
1.738938028999956948e-09
1.738938028999889326e-09
1.738938028999956948e-09
1.738938028999923034e-09
1.738938028999956948e-09
1.738938028999956948e-09
1.738938028999923034e-09
1.738938028999889326e-09
1.738938028999939991e-09
1.738938028999923034e-09
1.738938028999923034e-09
1.737171189476538639e-09
1.737171189476521682e-09
1.737171189476504725e-09
1.737171189476538639e-09
1.737171189476487767e-09
1.737171189476521682e-09
1.737171189476521682e-09
1.737171189476521682e-09
1.737171189476504725e-09
1.729819639726044996e-09
1.729819639726028039e-09
1.729819639726044996e-09
1.729819639726044996e-09
1.729819639726028039e-09
1.729819639726028039e-09
1.729819639726044996e-09
1.729819639726078910e-09
1.729819639726044996e-09
1.725999524452857340e-09
1.725999524452857340e-09
1.725999524452857340e-09
1.725999524452874297e-09
1.725999524452874297e-09
1.725999524452840383e-09
1.725999524452874297e-09
1.725999524452874297e-09
1.725999524452840383e-09
1.718066126236403455e-09
1.718066126236386498e-09
1.718066126236403455e-09
1.718066126236369541e-09
1.718066126236403455e-09
1.718066126236369541e-09
1.718066126236403455e-09
1.718066126236386498e-09
1.718066126236369541e-09
1.713950661633183855e-09
1.713950661633183855e-09
1.713950661633149940e-09
1.713950661633166898e-09
1.713950661633183855e-09
1.713950661633166898e-09
1.713950661633183855e-09
1.713950661633183855e-09
1.713950661633166898e-09
1.705417833160660575e-09
1.705417833160643618e-09
1.705417833160694490e-09
1.705417833160677533e-09
1.705417833160660575e-09
1.705417833160677533e-09
1.705417833160677533e-09
1.705417833160677533e-09
1.705417833160660575e-09
1.700998350073029202e-09
1.700998350073012245e-09
1.700998350073012245e-09
1.700998350073045952e-09
1.700998350073029202e-09
1.700998350073012245e-09
1.700998350073045952e-09
1.700998350073029202e-09
1.700998350073029202e-09
1.691848994984504710e-09
1.691848994984471002e-09
1.691848994984504710e-09
1.691848994984487959e-09
1.691848994984521667e-09
1.691848994984487959e-09
1.691848994984504710e-09
1.691848994984504710e-09
1.691848994984471002e-09
1.687117065673719704e-09
1.687117065673702747e-09
1.687117065673702747e-09
1.687117065673685790e-09
1.687117065673702747e-09
1.687117065673668833e-09
1.687117065673685790e-09
1.687117065673685790e-09
1.687117065673702747e-09
1.677334567866152703e-09
1.677334567866135746e-09
1.677334567866152703e-09
1.677334567866135746e-09
1.677334567866135746e-09
1.677334567866135746e-09
1.677334567866152703e-09
1.677334567866118789e-09
1.677334567866169660e-09
1.672282003419511046e-09
1.672282003419544754e-09
1.672282003419544754e-09
1.672282003419544754e-09
1.672282003419528004e-09
1.672282003419561711e-09
1.672282003419544754e-09
1.672282003419544754e-09
1.672282003419544754e-09
1.661850221810713822e-09
1.661850221810730779e-09
1.661850221810713822e-09
1.661850221810713822e-09
1.661850221810730779e-09
1.661850221810730779e-09
1.661850221810713822e-09
1.661850221810730779e-09
1.656469069498401360e-09
1.656469069498401360e-09
1.656469069498401360e-09
1.656469069498401360e-09
1.656469069498418317e-09
1.656469069498384609e-09
1.656469069498418317e-09
1.656469069498418317e-09
1.656469069498418317e-09
1.645372332664440895e-09
1.645372332664457852e-09
1.645372332664457852e-09
1.645372332664440895e-09
1.645372332664440895e-09
1.645372332664457852e-09
1.645372332664457852e-09
1.645372332664457852e-09
1.645372332664423938e-09
1.639654873225623059e-09
1.639654873225606309e-09
1.639654873225640016e-09
1.639654873225623059e-09
1.639654873225623059e-09
1.639654873225623059e-09
1.639654873225606309e-09
1.639654873225623059e-09
1.639654873225606309e-09
1.627877973981893842e-09
1.627877973981893842e-09
1.627877973981876885e-09
1.627877973981876885e-09
1.627877973981910799e-09
1.627877973981876885e-09
1.627877973981910799e-09
1.627877973981876885e-09
1.627877973981927757e-09
1.621816718925745252e-09
1.621816718925728501e-09
1.621816718925745252e-09
1.621816718925745252e-09
1.621816718925745252e-09
1.621816718925762209e-09
1.621816718925728501e-09
1.621816718925745252e-09
1.609344908841702401e-09
1.609344908841685444e-09
1.609344908841685444e-09
1.609344908841702401e-09
1.609344908841719359e-09
1.609344908841719359e-09
1.609344908841702401e-09
1.609344908841702401e-09
1.609344908841702401e-09
1.602932597645965125e-09
1.602932597645931210e-09
1.602932597645931210e-09
1.602932597645948167e-09
1.602932597645948167e-09
1.602932597645965125e-09
1.602932597645948167e-09
1.602932597645965125e-09
1.602932597645965125e-09
1.589751581451589709e-09
1.589751581451623623e-09
1.589751581451623623e-09
1.589751581451640580e-09
1.589751581451640580e-09
1.589751581451657538e-09
1.589751581451657538e-09
1.589751581451640580e-09
1.589751581451623623e-09
1.582981178768481645e-09
1.582981178768498603e-09
1.582981178768464688e-09
1.582981178768481645e-09
1.582981178768498603e-09
1.582981178768481645e-09
1.582981178768498603e-09
1.582981178768481645e-09
1.569077108739198357e-09
1.569077108739164443e-09
1.569077108739181400e-09
1.569077108739164443e-09
1.569077108739164443e-09
1.569077108739164443e-09
1.569077108739164443e-09
1.569077108739181400e-09
1.569077108739181400e-09
1.561941801588414913e-09
1.561941801588397956e-09
1.561941801588414913e-09
1.561941801588414913e-09
1.561941801588414913e-09
1.561941801588414913e-09
1.561941801588448827e-09
1.561941801588414913e-09
1.561941801588431870e-09
1.547301271826043072e-09
1.547301271826043072e-09
1.547301271826060029e-09
1.547301271826060029e-09
1.547301271826060029e-09
1.547301271826060029e-09
1.547301271826060029e-09
1.547301271826043072e-09
1.539794466692092915e-09
1.539794466692092915e-09
1.539794466692109872e-09
1.539794466692126829e-09
1.539794466692109872e-09
1.539794466692109872e-09
1.539794466692109872e-09
1.539794466692109872e-09
1.539794466692092915e-09
1.524404507372646754e-09
1.524404507372629797e-09
1.524404507372646754e-09
1.524404507372629797e-09
1.524404507372629797e-09
1.524404507372646754e-09
1.524404507372612840e-09
1.524404507372646754e-09
1.524404507372612840e-09
1.516519827345590979e-09
1.516519827345590979e-09
1.516519827345590979e-09
1.516519827345590979e-09
1.516519827345607936e-09
1.516519827345557064e-09
1.516519827345590979e-09
1.516519827345607936e-09
1.500367898951984097e-09
1.500367898952034762e-09
1.500367898952017805e-09
1.500367898952034762e-09
1.500367898952017805e-09
1.500367898952017805e-09
1.500367898952034762e-09
1.500367898952017805e-09
1.500367898952034762e-09
1.492099180795939566e-09
1.492099180795973481e-09
1.492099180795939566e-09
1.492099180795956523e-09
1.492099180795956523e-09
1.492099180795973481e-09
1.492099180795956523e-09
1.492099180795973481e-09
1.475173168227412995e-09
1.475173168227429952e-09
1.475173168227412995e-09
1.475173168227429952e-09
1.475173168227429952e-09
1.475173168227396038e-09
1.475173168227429952e-09
1.475173168227412995e-09
1.475173168227429952e-09
1.466514459443957353e-09
1.466514459443957353e-09
1.466514459443940396e-09
1.466514459443957353e-09
1.466514459443957353e-09
1.466514459443957353e-09
1.466514459443974311e-09
1.466514459443974311e-09
1.448802666143736205e-09
1.448802666143736205e-09
1.448802666143753162e-09
1.448802666143753162e-09
1.448802666143736205e-09
1.448802666143753162e-09
1.448802666143753162e-09
1.448802666143753162e-09
1.448802666143736205e-09
1.439748222051405280e-09
1.439748222051405280e-09
1.439748222051388323e-09
1.439748222051405280e-09
1.439748222051405280e-09
1.439748222051388323e-09
1.439748222051422237e-09
1.439748222051371366e-09
1.421239364090680880e-09
1.421239364090663922e-09
1.421239364090680880e-09
1.421239364090663922e-09
1.421239364090663922e-09
1.421239364090646965e-09
1.421239364090680880e-09
1.421239364090663922e-09
1.421239364090646965e-09
1.411783644812801854e-09
1.411783644812801854e-09
1.411783644812801854e-09
1.411783644812768147e-09
1.411783644812785104e-09
1.411783644812801854e-09
1.411783644812818812e-09
1.411783644812785104e-09
1.392466844916693976e-09
1.392466844916693976e-09
1.392466844916710934e-09
1.392466844916710934e-09
1.392466844916710934e-09
1.392466844916693976e-09
1.392466844916710934e-09
1.392466844916693976e-09
1.392466844916710934e-09
1.382604512411873577e-09
1.382604512411873577e-09
1.382604512411890534e-09
1.382604512411873577e-09
1.382604512411873577e-09
1.382604512411873577e-09
1.382604512411856620e-09
1.382604512411873577e-09
1.362469294005804605e-09
1.362469294005821562e-09
1.362469294005804605e-09
1.362469294005821562e-09
1.362469294005838519e-09
1.362469294005804605e-09
1.362469294005821562e-09
1.362469294005838519e-09
1.362469294005804605e-09
1.352195209092386937e-09
1.352195209092403894e-09
1.352195209092386937e-09
1.352195209092403894e-09
1.352195209092386937e-09
1.352195209092369980e-09
1.352195209092403894e-09
1.352195209092386937e-09
1.331231490274426456e-09
1.331231490274409705e-09
1.331231490274409705e-09
1.331231490274392748e-09
1.331231490274392748e-09
1.331231490274409705e-09
1.331231490274392748e-09
1.331231490274426456e-09
1.331231490274409705e-09
1.320540709591610727e-09
1.320540709591627684e-09
1.320540709591627684e-09
1.320540709591627684e-09
1.320540709591644641e-09
1.320540709591627684e-09
1.320540709591644641e-09
1.320540709591627684e-09
1.298738797111223120e-09
1.298738797111223120e-09
1.298738797111239871e-09
1.298738797111239871e-09
1.298738797111239871e-09
1.298738797111223120e-09
1.298738797111256828e-09
1.298738797111239871e-09
1.287626570126528701e-09
1.287626570126537180e-09
1.287626570126545659e-09
1.287626570126528701e-09
1.287626570126571094e-09
1.287626570126554137e-09
1.287626570126537180e-09
1.287626570126528701e-09
1.287626570126545659e-09
1.264977153381591097e-09
1.264977153381582618e-09
1.264977153381591097e-09
1.264977153381591097e-09
1.264977153381599575e-09
1.264977153381582618e-09
1.264977153381582618e-09
1.264977153381582618e-09
1.253438919364740916e-09
1.253438919364749394e-09
1.253438919364740916e-09
1.253438919364757873e-09
1.253438919364757873e-09
1.253438919364749394e-09
1.253438919364732437e-09
1.253438919364732437e-09
1.229933064323751535e-09
1.229933064323751535e-09
1.229933064323734578e-09
1.229933064323743057e-09
1.229933064323751535e-09
1.229933064323751535e-09
1.229933064323734578e-09
1.229933064323760014e-09
1.229933064323760014e-09
1.217964449316308518e-09
1.217964449316308518e-09
1.217964449316291561e-09
1.217964449316291561e-09
1.217964449316300040e-09
1.217964449316300040e-09
1.217964449316308518e-09
1.217964449316308518e-09
1.193593592475594903e-09
1.193593592475586424e-09
1.193593592475577946e-09
1.193593592475594903e-09
1.193593592475594903e-09
1.193593592475594903e-09
1.193593592475586424e-09
1.193593592475586424e-09
1.181190406283114684e-09
1.181190406283097934e-09
1.181190406283097934e-09
1.181190406283097934e-09
1.181190406283089455e-09
1.181190406283097934e-09
1.181190406283080977e-09
1.181190406283106206e-09
1.155946348637550812e-09
1.155946348637534062e-09
1.155946348637542540e-09
1.155946348637525583e-09
1.155946348637550812e-09
1.155946348637534062e-09
1.155946348637542540e-09
1.155946348637542540e-09
1.155946348637550812e-09
1.141699173467648373e-09
1.141699173467648373e-09
1.141699173467648373e-09
1.141699173467639894e-09
1.141699173467656852e-09
1.141699173467639894e-09
1.141699173467648373e-09
1.141699173467648373e-09
1.112714932703304841e-09
1.112714932703296363e-09
1.112714932703296363e-09
1.112714932703296363e-09
1.112714932703296363e-09
1.112714932703304841e-09
1.112714932703296363e-09
1.112714932703304841e-09
1.097976927305954368e-09
1.097976927305954368e-09
1.097976927305937410e-09
1.097976927305954368e-09
1.097976927305945889e-09
1.097976927305954368e-09
1.097976927305954368e-09
1.097976927305945889e-09
1.068006915922289762e-09
1.068006915922272805e-09
1.068006915922264326e-09
1.068006915922281283e-09
1.068006915922289762e-09
1.068006915922264326e-09
1.068006915922272805e-09
1.068006915922264326e-09
1.068006915922272805e-09
1.052774022989506001e-09
1.052774022989497523e-09
1.052774022989514273e-09
1.052774022989497523e-09
1.052774022989497523e-09
1.052774022989514273e-09
1.052774022989506001e-09
1.052774022989506001e-09
1.021810317560581910e-09
1.021810317560590182e-09
1.021810317560581910e-09
1.021810317560581910e-09
1.021810317560590182e-09
1.021810317560590182e-09
1.021810317560573432e-09
1.021810317560590182e-09
1.006078670240635705e-09
1.006078670240644184e-09
1.006078670240644184e-09
1.006078670240635705e-09
1.006078670240644184e-09
1.006078670240635705e-09
1.006078670240635705e-09
1.006078670240635705e-09
9.741137249196888359e-10
9.741137249196803573e-10
9.741137249196803573e-10
9.741137249196803573e-10
9.741137249196888359e-10
9.741137249196888359e-10
9.741137249196888359e-10
9.741137249196888359e-10
9.578796434833548089e-10
9.578796434833548089e-10
9.578796434833548089e-10
9.578796434833632875e-10
9.578796434833463303e-10
9.578796434833548089e-10
9.578796434833463303e-10
9.578796434833548089e-10
9.249062833422719003e-10
9.249062833422803789e-10
9.249062833422719003e-10
9.249062833422803789e-10
9.249062833422803789e-10
9.249062833422803789e-10
9.249062833422719003e-10
9.249062833422803789e-10
9.081662718588001625e-10
9.081662718587832053e-10
9.081662718588086411e-10
9.081662718588001625e-10
9.081662718587916839e-10
9.081662718587832053e-10
9.081662718588001625e-10
9.081662718588001625e-10
8.741776862591105477e-10
8.741776862591020691e-10
8.741776862591275050e-10
8.741776862591105477e-10
8.741776862591190263e-10
8.741776862591020691e-10
8.741776862591275050e-10
8.741776862591190263e-10
8.570402556148413520e-10
8.570402556148413520e-10
8.570402556148243948e-10
8.570402556148413520e-10
8.570402556148328734e-10
8.570402556148498306e-10
8.570402556148498306e-10
8.570402556148583092e-10
8.228211584456349389e-10
8.228211584456264603e-10
8.228211584456179817e-10
8.228211584456264603e-10
8.228211584456095031e-10
8.228211584456095031e-10
8.228211584456095031e-10
8.228211584456179817e-10
8.057447893161392727e-10
8.057447893161392727e-10
8.057447893161477513e-10
8.057447893161562299e-10
8.057447893161562299e-10
8.057447893161562299e-10
8.057447893161477513e-10
8.057447893161477513e-10
7.716684105976766980e-10
7.716684105976851766e-10
7.716684105976851766e-10
7.716684105976851766e-10
7.716684105976851766e-10
7.716684105976851766e-10
7.716684105976683228e-10
7.716684105976766980e-10
7.546736084545803160e-10
7.546736084545803160e-10
7.546736084545633588e-10
7.546736084545803160e-10
7.546736084545803160e-10
7.546736084545718374e-10
7.546736084545718374e-10
7.546736084545718374e-10
7.207805870253457195e-10
7.207805870253287623e-10
7.207805870253372409e-10
7.207805870253372409e-10
7.207805870253372409e-10
7.207805870253457195e-10
7.207805870253287623e-10
7.207805870253457195e-10
7.038874766021913138e-10
7.038874766021913138e-10
7.038874766021913138e-10
7.038874766021913138e-10
7.038874766021743565e-10
7.038874766021913138e-10
7.038874766021828351e-10
7.038874766021828351e-10
6.702176564240887058e-10
6.702176564240844665e-10
6.702176564240887058e-10
6.702176564240887058e-10
6.702176564240844665e-10
6.702176564240887058e-10
6.702176564240844665e-10
6.702176564240929451e-10
6.534459486753730304e-10
6.534459486753772697e-10
6.534459486753687911e-10
6.534459486753730304e-10
6.534459486753772697e-10
6.534459486753772697e-10
6.534459486753730304e-10
6.534459486753772697e-10
6.200383141636415101e-10
6.200383141636415101e-10
6.200383141636415101e-10
6.200383141636415101e-10
6.200383141636457494e-10
6.200383141636372708e-10
6.200383141636330315e-10
6.200383141636457494e-10
6.034072746319670254e-10
6.034072746319627861e-10
6.034072746319670254e-10
6.034072746319627861e-10
6.034072746319585468e-10
6.034072746319627861e-10
6.034072746319627861e-10
6.034072746319712647e-10
5.702998888339479041e-10
5.702998888339562793e-10
5.702998888339562793e-10
5.702998888339479041e-10
5.702998888339479041e-10
5.702998888339521434e-10
5.702998888339521434e-10
5.702998888339521434e-10
5.538283074267860347e-10
5.538283074267817953e-10
5.538283074267817953e-10
5.538283074267775560e-10
5.538283074267775560e-10
5.538283074267817953e-10
5.538283074267860347e-10
5.538283074267817953e-10
5.210582528571665373e-10
5.210582528571665373e-10
5.210582528571665373e-10
5.210582528571665373e-10
5.210582528571665373e-10
5.210582528571665373e-10
5.210582528571665373e-10
5.210582528571665373e-10
5.047644149236434161e-10
5.047644149236391768e-10
5.047644149236391768e-10
5.047644149236434161e-10
5.047644149236391768e-10
5.047644149236434161e-10
5.047644149236391768e-10
4.723677370447480141e-10
4.723677370447395355e-10
4.723677370447395355e-10
4.723677370447395355e-10
4.723677370447395355e-10
4.723677370447522534e-10
4.723677370447395355e-10
4.723677370447395355e-10
4.562693957833125990e-10
4.562693957833125990e-10
4.562693957833168383e-10
4.562693957833125990e-10
4.562693957833125990e-10
4.562693957833125990e-10
4.562693957833168383e-10
4.562693957833168383e-10
4.242810492014427118e-10
4.242810492014384725e-10
4.242810492014384725e-10
4.242810492014427118e-10
4.242810492014342849e-10
4.242810492014384725e-10
4.242810492014427118e-10
4.242810492014384725e-10
4.083953994003934601e-10
4.083953994003849815e-10
4.083953994003849815e-10
4.083953994003892208e-10
4.083953994003892208e-10
4.083953994003934601e-10
4.083953994003892208e-10
4.083953994003892208e-10
3.768491965246069634e-10
3.768491965246027241e-10
3.768491965246069634e-10
3.768491965246069634e-10
3.768491965246069634e-10
3.768491965246069634e-10
3.768491965246027241e-10
3.611928495051880532e-10
3.611928495051838139e-10
3.611928495051795746e-10
3.611928495051795746e-10
3.611928495051838139e-10
3.611928495051795746e-10
3.611928495051795746e-10
3.611928495051838139e-10
3.301214116716051162e-10
3.301214116716051162e-10
3.301214116716051162e-10
3.301214116716051162e-10
3.301214116716051162e-10
3.301214116716051162e-10
3.301214116716051162e-10
3.301214116716029966e-10
3.147103714772795225e-10
3.147103714772774028e-10
3.147103714772795225e-10
3.147103714772795225e-10
3.147103714772795225e-10
3.147103714772795225e-10
3.147103714772816421e-10
2.841450826508523182e-10
2.841450826508501986e-10
2.841450826508544379e-10
2.841450826508523182e-10
2.841450826508523182e-10
2.841450826508523182e-10
2.841450826508501986e-10
2.841450826508523182e-10
2.689947235021519712e-10
2.689947235021498516e-10
2.689947235021562105e-10
2.689947235021540909e-10
2.689947235021519712e-10
2.689947235021519712e-10
2.689947235021540909e-10
2.689947235021498516e-10
2.389656862560343270e-10
2.389656862560343270e-10
2.389656862560364467e-10
2.389656862560364467e-10
2.389656862560343270e-10
2.389656862560364467e-10
2.389656862560343270e-10
2.240907311097822869e-10
2.240907311097822869e-10
2.240907311097801673e-10
2.240907311097822869e-10
2.240907311097822869e-10
2.240907311097801673e-10
2.240907311097822869e-10
2.240907311097822869e-10
1.946267248887088398e-10
1.946267248887088398e-10
1.946267248887067201e-10
1.946267248887109594e-10
1.946267248887109594e-10
1.946267248887088398e-10
1.946267248887067201e-10
1.946267248887088398e-10
1.800412251434678168e-10
1.800412251434678168e-10
1.800412251434678168e-10
1.800412251434699364e-10
1.800412251434678168e-10
1.800412251434688766e-10
1.800412251434667569e-10
1.511696669568287474e-10
1.511696669568255679e-10
1.511696669568276876e-10
1.511696669568276876e-10
1.511696669568266278e-10
1.511696669568287474e-10
1.511696669568255679e-10
1.511696669568266278e-10
1.368869833811675939e-10
1.368869833811675939e-10
1.368869833811675939e-10
1.368869833811675939e-10
1.368869833811675939e-10
1.368869833811686537e-10
1.368869833811675939e-10
1.368869833811675939e-10
1.086338906060959277e-10
1.086338906060959277e-10
1.086338906060948679e-10
1.086338906060948679e-10
1.086338906060959277e-10
1.086338906060969876e-10
1.086338906060959277e-10
9.466667526284093812e-11
9.466667526283987830e-11
9.466667526284093812e-11
9.466667526284199795e-11
9.466667526283987830e-11
9.466667526284199795e-11
9.466667526283987830e-11
9.466667526284093812e-11
6.705663054819472427e-11
6.705663054819524126e-11
6.705663054819524126e-11
6.705663054819524126e-11
6.705663054819577117e-11
6.705663054819524126e-11
6.705663054819524126e-11
5.341680975476520325e-11
5.341680975476573316e-11
5.341680975476573316e-11
5.341680975476626308e-11
5.341680975476573316e-11
5.341680975476573316e-11
5.341680975476626308e-11
5.341680975476626308e-11
2.814700802415340499e-11
2.814700802415340499e-11
2.814700802415340499e-11
2.814700802415340499e-11
2.814700802415314003e-11
2.814700802415340499e-11
2.814700802415366994e-11
8.214715222234124953e-12
8.214715222234058714e-12
8.214715222234124953e-12
8.214715222234058714e-12
8.214715222234124953e-12
8.214715222234058714e-12
8.214715222234124953e-12
8.214715222234058714e-12
0.000000000000000000e+00
0.000000000000000000e+00
0.000000000000000000e+00
0.000000000000000000e+00
0.000000000000000000e+00
0.000000000000000000e+00
0.000000000000000000e+00
0.000000000000000000e+00
0.000000000000000000e+00
0.000000000000000000e+00
0.000000000000000000e+00
0.000000000000000000e+00
0.000000000000000000e+00
0.000000000000000000e+00
0.000000000000000000e+00
0.000000000000000000e+00
0.000000000000000000e+00
0.000000000000000000e+00
0.000000000000000000e+00
0.000000000000000000e+00
0.000000000000000000e+00
0.000000000000000000e+00
0.000000000000000000e+00
0.000000000000000000e+00
0.000000000000000000e+00
0.000000000000000000e+00
0.000000000000000000e+00
0.000000000000000000e+00
0.000000000000000000e+00
0.000000000000000000e+00
0.000000000000000000e+00
0.000000000000000000e+00
0.000000000000000000e+00
0.000000000000000000e+00
0.000000000000000000e+00
0.000000000000000000e+00
0.000000000000000000e+00
0.000000000000000000e+00
0.000000000000000000e+00
0.000000000000000000e+00
0.000000000000000000e+00
0.000000000000000000e+00
0.000000000000000000e+00
0.000000000000000000e+00
0.000000000000000000e+00
0.000000000000000000e+00
0.000000000000000000e+00
0.000000000000000000e+00
0.000000000000000000e+00
0.000000000000000000e+00
0.000000000000000000e+00
0.000000000000000000e+00
0.000000000000000000e+00
0.000000000000000000e+00
0.000000000000000000e+00
0.000000000000000000e+00
0.000000000000000000e+00
0.000000000000000000e+00
0.000000000000000000e+00
0.000000000000000000e+00
0.000000000000000000e+00
0.000000000000000000e+00
0.000000000000000000e+00
0.000000000000000000e+00
0.000000000000000000e+00
0.000000000000000000e+00
0.000000000000000000e+00
0.000000000000000000e+00
0.000000000000000000e+00
0.000000000000000000e+00
0.000000000000000000e+00
0.000000000000000000e+00
0.000000000000000000e+00
0.000000000000000000e+00
0.000000000000000000e+00
0.000000000000000000e+00
0.000000000000000000e+00
0.000000000000000000e+00
0.000000000000000000e+00
0.000000000000000000e+00
0.000000000000000000e+00
0.000000000000000000e+00
0.000000000000000000e+00
0.000000000000000000e+00
0.000000000000000000e+00
0.000000000000000000e+00
0.000000000000000000e+00
0.000000000000000000e+00
0.000000000000000000e+00
0.000000000000000000e+00
0.000000000000000000e+00
0.000000000000000000e+00
0.000000000000000000e+00
0.000000000000000000e+00
0.000000000000000000e+00
0.000000000000000000e+00
0.000000000000000000e+00
0.000000000000000000e+00
0.000000000000000000e+00
0.000000000000000000e+00
0.000000000000000000e+00
0.000000000000000000e+00
0.000000000000000000e+00
0.000000000000000000e+00
0.000000000000000000e+00
0.000000000000000000e+00
0.000000000000000000e+00
0.000000000000000000e+00
0.000000000000000000e+00
0.000000000000000000e+00
0.000000000000000000e+00
0.000000000000000000e+00
0.000000000000000000e+00
0.000000000000000000e+00
0.000000000000000000e+00
0.000000000000000000e+00
0.000000000000000000e+00
0.000000000000000000e+00
0.000000000000000000e+00
0.000000000000000000e+00
0.000000000000000000e+00
0.000000000000000000e+00
0.000000000000000000e+00
0.000000000000000000e+00
0.000000000000000000e+00
0.000000000000000000e+00
0.000000000000000000e+00
0.000000000000000000e+00
0.000000000000000000e+00
0.000000000000000000e+00
0.000000000000000000e+00
0.000000000000000000e+00
0.000000000000000000e+00
0.000000000000000000e+00
0.000000000000000000e+00
0.000000000000000000e+00
0.000000000000000000e+00
0.000000000000000000e+00
0.000000000000000000e+00
0.000000000000000000e+00
0.000000000000000000e+00
0.000000000000000000e+00
0.000000000000000000e+00
0.000000000000000000e+00
0.000000000000000000e+00
0.000000000000000000e+00
0.000000000000000000e+00
0.000000000000000000e+00
0.000000000000000000e+00
0.000000000000000000e+00
0.000000000000000000e+00
0.000000000000000000e+00
0.000000000000000000e+00
0.000000000000000000e+00
0.000000000000000000e+00
0.000000000000000000e+00
0.000000000000000000e+00
0.000000000000000000e+00
0.000000000000000000e+00
0.000000000000000000e+00
0.000000000000000000e+00
0.000000000000000000e+00
0.000000000000000000e+00
0.000000000000000000e+00
0.000000000000000000e+00
0.000000000000000000e+00
0.000000000000000000e+00
0.000000000000000000e+00
0.000000000000000000e+00
0.000000000000000000e+00
0.000000000000000000e+00
0.000000000000000000e+00
0.000000000000000000e+00
0.000000000000000000e+00
0.000000000000000000e+00
0.000000000000000000e+00
0.000000000000000000e+00
0.000000000000000000e+00
0.000000000000000000e+00
0.000000000000000000e+00
0.000000000000000000e+00
0.000000000000000000e+00
0.000000000000000000e+00
0.000000000000000000e+00
0.000000000000000000e+00
0.000000000000000000e+00
0.000000000000000000e+00
0.000000000000000000e+00
0.000000000000000000e+00
0.000000000000000000e+00
0.000000000000000000e+00
0.000000000000000000e+00
0.000000000000000000e+00
0.000000000000000000e+00
0.000000000000000000e+00
0.000000000000000000e+00
0.000000000000000000e+00
0.000000000000000000e+00
0.000000000000000000e+00
0.000000000000000000e+00
0.000000000000000000e+00
0.000000000000000000e+00
0.000000000000000000e+00
0.000000000000000000e+00
0.000000000000000000e+00
0.000000000000000000e+00
0.000000000000000000e+00
0.000000000000000000e+00
0.000000000000000000e+00
0.000000000000000000e+00
0.000000000000000000e+00
0.000000000000000000e+00
0.000000000000000000e+00
0.000000000000000000e+00
0.000000000000000000e+00
0.000000000000000000e+00
0.000000000000000000e+00
0.000000000000000000e+00
0.000000000000000000e+00
0.000000000000000000e+00
0.000000000000000000e+00
0.000000000000000000e+00
0.000000000000000000e+00
0.000000000000000000e+00
0.000000000000000000e+00
0.000000000000000000e+00
0.000000000000000000e+00
0.000000000000000000e+00
0.000000000000000000e+00
0.000000000000000000e+00
0.000000000000000000e+00
0.000000000000000000e+00
0.000000000000000000e+00
0.000000000000000000e+00
0.000000000000000000e+00
0.000000000000000000e+00
0.000000000000000000e+00
0.000000000000000000e+00
0.000000000000000000e+00
0.000000000000000000e+00
0.000000000000000000e+00
0.000000000000000000e+00
0.000000000000000000e+00
0.000000000000000000e+00
0.000000000000000000e+00
0.000000000000000000e+00
0.000000000000000000e+00
0.000000000000000000e+00
0.000000000000000000e+00
0.000000000000000000e+00
0.000000000000000000e+00
0.000000000000000000e+00
0.000000000000000000e+00
0.000000000000000000e+00
0.000000000000000000e+00
0.000000000000000000e+00
0.000000000000000000e+00
0.000000000000000000e+00
0.000000000000000000e+00
0.000000000000000000e+00
0.000000000000000000e+00
0.000000000000000000e+00
0.000000000000000000e+00
0.000000000000000000e+00
0.000000000000000000e+00
0.000000000000000000e+00
0.000000000000000000e+00
0.000000000000000000e+00
0.000000000000000000e+00
0.000000000000000000e+00
0.000000000000000000e+00
0.000000000000000000e+00
0.000000000000000000e+00
0.000000000000000000e+00
0.000000000000000000e+00
0.000000000000000000e+00
0.000000000000000000e+00
0.000000000000000000e+00
0.000000000000000000e+00
0.000000000000000000e+00
0.000000000000000000e+00
0.000000000000000000e+00
0.000000000000000000e+00
0.000000000000000000e+00
0.000000000000000000e+00
0.000000000000000000e+00
0.000000000000000000e+00
0.000000000000000000e+00
0.000000000000000000e+00
0.000000000000000000e+00
0.000000000000000000e+00
0.000000000000000000e+00
0.000000000000000000e+00
0.000000000000000000e+00
0.000000000000000000e+00
0.000000000000000000e+00
0.000000000000000000e+00
0.000000000000000000e+00
0.000000000000000000e+00
0.000000000000000000e+00
0.000000000000000000e+00
0.000000000000000000e+00
0.000000000000000000e+00
0.000000000000000000e+00
0.000000000000000000e+00
0.000000000000000000e+00
0.000000000000000000e+00
0.000000000000000000e+00
0.000000000000000000e+00
0.000000000000000000e+00
0.000000000000000000e+00
0.000000000000000000e+00
0.000000000000000000e+00
0.000000000000000000e+00
0.000000000000000000e+00
0.000000000000000000e+00
0.000000000000000000e+00
0.000000000000000000e+00
0.000000000000000000e+00
0.000000000000000000e+00
0.000000000000000000e+00
0.000000000000000000e+00
0.000000000000000000e+00
0.000000000000000000e+00
0.000000000000000000e+00
0.000000000000000000e+00
0.000000000000000000e+00
0.000000000000000000e+00
0.000000000000000000e+00
0.000000000000000000e+00
0.000000000000000000e+00
0.000000000000000000e+00
0.000000000000000000e+00
0.000000000000000000e+00
0.000000000000000000e+00
0.000000000000000000e+00
0.000000000000000000e+00
0.000000000000000000e+00
0.000000000000000000e+00
0.000000000000000000e+00
0.000000000000000000e+00
0.000000000000000000e+00
0.000000000000000000e+00
0.000000000000000000e+00
0.000000000000000000e+00
0.000000000000000000e+00
0.000000000000000000e+00
0.000000000000000000e+00
0.000000000000000000e+00
0.000000000000000000e+00
0.000000000000000000e+00
0.000000000000000000e+00
0.000000000000000000e+00
0.000000000000000000e+00
0.000000000000000000e+00
0.000000000000000000e+00
0.000000000000000000e+00
0.000000000000000000e+00
0.000000000000000000e+00
0.000000000000000000e+00
0.000000000000000000e+00
0.000000000000000000e+00
0.000000000000000000e+00
0.000000000000000000e+00
0.000000000000000000e+00
0.000000000000000000e+00
0.000000000000000000e+00
0.000000000000000000e+00
0.000000000000000000e+00
0.000000000000000000e+00
0.000000000000000000e+00
0.000000000000000000e+00
0.000000000000000000e+00
0.000000000000000000e+00
0.000000000000000000e+00
0.000000000000000000e+00
0.000000000000000000e+00
0.000000000000000000e+00
0.000000000000000000e+00
0.000000000000000000e+00
0.000000000000000000e+00
0.000000000000000000e+00
0.000000000000000000e+00
0.000000000000000000e+00
0.000000000000000000e+00
0.000000000000000000e+00
0.000000000000000000e+00
0.000000000000000000e+00
0.000000000000000000e+00
0.000000000000000000e+00
0.000000000000000000e+00
0.000000000000000000e+00
0.000000000000000000e+00
0.000000000000000000e+00
0.000000000000000000e+00
0.000000000000000000e+00
0.000000000000000000e+00
0.000000000000000000e+00
0.000000000000000000e+00
0.000000000000000000e+00
0.000000000000000000e+00
0.000000000000000000e+00
0.000000000000000000e+00
0.000000000000000000e+00
0.000000000000000000e+00
0.000000000000000000e+00
0.000000000000000000e+00
0.000000000000000000e+00
0.000000000000000000e+00
0.000000000000000000e+00
0.000000000000000000e+00
0.000000000000000000e+00
0.000000000000000000e+00
0.000000000000000000e+00
0.000000000000000000e+00
0.000000000000000000e+00
0.000000000000000000e+00
0.000000000000000000e+00
0.000000000000000000e+00
0.000000000000000000e+00
0.000000000000000000e+00
0.000000000000000000e+00
0.000000000000000000e+00
0.000000000000000000e+00
0.000000000000000000e+00
0.000000000000000000e+00
0.000000000000000000e+00
0.000000000000000000e+00
0.000000000000000000e+00
0.000000000000000000e+00
0.000000000000000000e+00
0.000000000000000000e+00
0.000000000000000000e+00
0.000000000000000000e+00
0.000000000000000000e+00
0.000000000000000000e+00
0.000000000000000000e+00
0.000000000000000000e+00
0.000000000000000000e+00
0.000000000000000000e+00
0.000000000000000000e+00
0.000000000000000000e+00
0.000000000000000000e+00
0.000000000000000000e+00
0.000000000000000000e+00
0.000000000000000000e+00
0.000000000000000000e+00
0.000000000000000000e+00
0.000000000000000000e+00
0.000000000000000000e+00
0.000000000000000000e+00
0.000000000000000000e+00
0.000000000000000000e+00
0.000000000000000000e+00
0.000000000000000000e+00
0.000000000000000000e+00
0.000000000000000000e+00
0.000000000000000000e+00
0.000000000000000000e+00
0.000000000000000000e+00
0.000000000000000000e+00
0.000000000000000000e+00
0.000000000000000000e+00
0.000000000000000000e+00
0.000000000000000000e+00
0.000000000000000000e+00
0.000000000000000000e+00
0.000000000000000000e+00
0.000000000000000000e+00
0.000000000000000000e+00
0.000000000000000000e+00
0.000000000000000000e+00
0.000000000000000000e+00
0.000000000000000000e+00
0.000000000000000000e+00
0.000000000000000000e+00
0.000000000000000000e+00
0.000000000000000000e+00
0.000000000000000000e+00
0.000000000000000000e+00
0.000000000000000000e+00
0.000000000000000000e+00
0.000000000000000000e+00
0.000000000000000000e+00
0.000000000000000000e+00
0.000000000000000000e+00
0.000000000000000000e+00
0.000000000000000000e+00
0.000000000000000000e+00
0.000000000000000000e+00
0.000000000000000000e+00
0.000000000000000000e+00
0.000000000000000000e+00
0.000000000000000000e+00
0.000000000000000000e+00
0.000000000000000000e+00
0.000000000000000000e+00
0.000000000000000000e+00
0.000000000000000000e+00
0.000000000000000000e+00
0.000000000000000000e+00
0.000000000000000000e+00
0.000000000000000000e+00
0.000000000000000000e+00
0.000000000000000000e+00
0.000000000000000000e+00
0.000000000000000000e+00
0.000000000000000000e+00
0.000000000000000000e+00
0.000000000000000000e+00
0.000000000000000000e+00
0.000000000000000000e+00
0.000000000000000000e+00
0.000000000000000000e+00
0.000000000000000000e+00
0.000000000000000000e+00
0.000000000000000000e+00
0.000000000000000000e+00
0.000000000000000000e+00
0.000000000000000000e+00
0.000000000000000000e+00
0.000000000000000000e+00
0.000000000000000000e+00
0.000000000000000000e+00
0.000000000000000000e+00
0.000000000000000000e+00
0.000000000000000000e+00
0.000000000000000000e+00
0.000000000000000000e+00
0.000000000000000000e+00
0.000000000000000000e+00
0.000000000000000000e+00
0.000000000000000000e+00
0.000000000000000000e+00
0.000000000000000000e+00
0.000000000000000000e+00
0.000000000000000000e+00
0.000000000000000000e+00
0.000000000000000000e+00
0.000000000000000000e+00
0.000000000000000000e+00
0.000000000000000000e+00
0.000000000000000000e+00
0.000000000000000000e+00
0.000000000000000000e+00
0.000000000000000000e+00
0.000000000000000000e+00
0.000000000000000000e+00
0.000000000000000000e+00
0.000000000000000000e+00
0.000000000000000000e+00
0.000000000000000000e+00
0.000000000000000000e+00
0.000000000000000000e+00
0.000000000000000000e+00
0.000000000000000000e+00
0.000000000000000000e+00
0.000000000000000000e+00
0.000000000000000000e+00
0.000000000000000000e+00
0.000000000000000000e+00
0.000000000000000000e+00
0.000000000000000000e+00
0.000000000000000000e+00
0.000000000000000000e+00
0.000000000000000000e+00
0.000000000000000000e+00
0.000000000000000000e+00
0.000000000000000000e+00
0.000000000000000000e+00
0.000000000000000000e+00
0.000000000000000000e+00
0.000000000000000000e+00
0.000000000000000000e+00
0.000000000000000000e+00
0.000000000000000000e+00
0.000000000000000000e+00
0.000000000000000000e+00
0.000000000000000000e+00
0.000000000000000000e+00
0.000000000000000000e+00
0.000000000000000000e+00
0.000000000000000000e+00
0.000000000000000000e+00
0.000000000000000000e+00
0.000000000000000000e+00
0.000000000000000000e+00
0.000000000000000000e+00
0.000000000000000000e+00
0.000000000000000000e+00
0.000000000000000000e+00
0.000000000000000000e+00
0.000000000000000000e+00
0.000000000000000000e+00
0.000000000000000000e+00
0.000000000000000000e+00
0.000000000000000000e+00
0.000000000000000000e+00
0.000000000000000000e+00
0.000000000000000000e+00
0.000000000000000000e+00
0.000000000000000000e+00
0.000000000000000000e+00
0.000000000000000000e+00
0.000000000000000000e+00
0.000000000000000000e+00
0.000000000000000000e+00
0.000000000000000000e+00
0.000000000000000000e+00
0.000000000000000000e+00
0.000000000000000000e+00
0.000000000000000000e+00
0.000000000000000000e+00
0.000000000000000000e+00
0.000000000000000000e+00
0.000000000000000000e+00
0.000000000000000000e+00
0.000000000000000000e+00
0.000000000000000000e+00
0.000000000000000000e+00
0.000000000000000000e+00
0.000000000000000000e+00
0.000000000000000000e+00
0.000000000000000000e+00
0.000000000000000000e+00
0.000000000000000000e+00
0.000000000000000000e+00
0.000000000000000000e+00
0.000000000000000000e+00
0.000000000000000000e+00
0.000000000000000000e+00
0.000000000000000000e+00
0.000000000000000000e+00
0.000000000000000000e+00
0.000000000000000000e+00
0.000000000000000000e+00
0.000000000000000000e+00
0.000000000000000000e+00
0.000000000000000000e+00
0.000000000000000000e+00
0.000000000000000000e+00
0.000000000000000000e+00
0.000000000000000000e+00
0.000000000000000000e+00
0.000000000000000000e+00
0.000000000000000000e+00
0.000000000000000000e+00
0.000000000000000000e+00
0.000000000000000000e+00
0.000000000000000000e+00
0.000000000000000000e+00
0.000000000000000000e+00
0.000000000000000000e+00
0.000000000000000000e+00
0.000000000000000000e+00
0.000000000000000000e+00
0.000000000000000000e+00
0.000000000000000000e+00
0.000000000000000000e+00
0.000000000000000000e+00
0.000000000000000000e+00
0.000000000000000000e+00
0.000000000000000000e+00
0.000000000000000000e+00
0.000000000000000000e+00
0.000000000000000000e+00
0.000000000000000000e+00
0.000000000000000000e+00
0.000000000000000000e+00
0.000000000000000000e+00
0.000000000000000000e+00
0.000000000000000000e+00
0.000000000000000000e+00
0.000000000000000000e+00
0.000000000000000000e+00
0.000000000000000000e+00
0.000000000000000000e+00
0.000000000000000000e+00
0.000000000000000000e+00
0.000000000000000000e+00
0.000000000000000000e+00
0.000000000000000000e+00
0.000000000000000000e+00
0.000000000000000000e+00
0.000000000000000000e+00
0.000000000000000000e+00
0.000000000000000000e+00
0.000000000000000000e+00
0.000000000000000000e+00
0.000000000000000000e+00
0.000000000000000000e+00
0.000000000000000000e+00
0.000000000000000000e+00
0.000000000000000000e+00
0.000000000000000000e+00
0.000000000000000000e+00
0.000000000000000000e+00
0.000000000000000000e+00
0.000000000000000000e+00
0.000000000000000000e+00
0.000000000000000000e+00
0.000000000000000000e+00
0.000000000000000000e+00
0.000000000000000000e+00
0.000000000000000000e+00
0.000000000000000000e+00
0.000000000000000000e+00
0.000000000000000000e+00
0.000000000000000000e+00
0.000000000000000000e+00
0.000000000000000000e+00
0.000000000000000000e+00
0.000000000000000000e+00
0.000000000000000000e+00
0.000000000000000000e+00
0.000000000000000000e+00
0.000000000000000000e+00
0.000000000000000000e+00
0.000000000000000000e+00
0.000000000000000000e+00
0.000000000000000000e+00
0.000000000000000000e+00
0.000000000000000000e+00
0.000000000000000000e+00
0.000000000000000000e+00
0.000000000000000000e+00
0.000000000000000000e+00
0.000000000000000000e+00
0.000000000000000000e+00
0.000000000000000000e+00
0.000000000000000000e+00
0.000000000000000000e+00
0.000000000000000000e+00
0.000000000000000000e+00
0.000000000000000000e+00
0.000000000000000000e+00
0.000000000000000000e+00
0.000000000000000000e+00
0.000000000000000000e+00
0.000000000000000000e+00
0.000000000000000000e+00
0.000000000000000000e+00
0.000000000000000000e+00
0.000000000000000000e+00
0.000000000000000000e+00
0.000000000000000000e+00
0.000000000000000000e+00
0.000000000000000000e+00
0.000000000000000000e+00
0.000000000000000000e+00
