7.433832102276317379e-05
7.585840327125474602e-05
7.685261869357760023e-05
7.738960740800839911e-05
7.753151365012029455e-05
7.733401295117148212e-05
7.684802217610012872e-05
7.611872067664277118e-05
7.518703817985152981e-05
7.408873964730453086e-05
7.285658900263024696e-05
7.151891794920335946e-05
7.010070257952203624e-05
6.862385491403199254e-05
6.710761116274444266e-05
6.556849626068149428e-05
6.402002963993389949e-05
6.247481748949269668e-05
6.094222425300291346e-05
5.943085817400826085e-05
5.794752732538013178e-05
5.649752042075568200e-05
5.508517355637562279e-05
5.371384536485634904e-05
5.238601687492329596e-05
5.110343652073758833e-05
4.986721408359651489e-05
4.867796906709128324e-05
4.753554003492077156e-05
4.644016612666265401e-05
4.539080854513823576e-05
4.438641954899251690e-05
4.342640818941969103e-05
4.250866000531822750e-05
4.163236072482786709e-05
4.079504881675748542e-05
3.999565958068030140e-05
3.923163154556357098e-05
3.850141862720951304e-05
3.780279637483708937e-05
3.713387248644246021e-05
3.649265554636796458e-05
3.587718318912112831e-05
3.528540709304528022e-05
3.471556937797832761e-05
3.416578127160841810e-05
3.363452815279830744e-05
3.311989441835251836e-05
3.262044204594648076e-05
3.213484144258557207e-05
3.166171333386887582e-05
3.119983093468850526e-05
3.074803325827888003e-05
3.030534875349947025e-05
2.987089875953430161e-05
2.944385627638603490e-05
2.902351690443144506e-05
2.860928558934585283e-05
2.820060879849381320e-05
2.779703667761878886e-05
2.739820852668622492e-05
2.700382637104084622e-05
2.661367036167267735e-05
2.622750850241760054e-05
2.584524391701882983e-05
2.546686098496519403e-05
2.509226831065342229e-05
2.472147526303362564e-05
2.435449994944048684e-05
2.399145924854125930e-05
2.363242936053338753e-05
2.327758530912293379e-05
2.292699847522732386e-05
2.258085028883627241e-05
2.223925714241317548e-05
2.190242788469393224e-05
2.157059251304328004e-05
2.124376296800489599e-05
2.092223752963414250e-05
2.060612356623787829e-05
2.029558401329473660e-05
1.999071277894319518e-05
1.969168773753786990e-05
1.939866957055122853e-05
1.911145084484136279e-05
1.883060821349935452e-05
1.855586263719067428e-05
1.828710534934545776e-05
1.802490568380276739e-05
1.776884039590846922e-05
1.751874039604248726e-05
1.727522294765207955e-05
1.703772610669295002e-05
1.680604074353986386e-05
1.658074687262879333e-05
1.636120335156949511e-05
1.614737120594762936e-05
1.593938182766067347e-05
1.573663929385448382e-05
1.553970125103768454e-05
1.534785089943772283e-05
1.516098730955357479e-05
1.497923306954396888e-05
1.480197671437177454e-05
1.462963019968098023e-05
1.446152784708948591e-05
1.429769180519291191e-05
1.413792667403809083e-05
1.398194487079430795e-05
1.382975731093595411e-05
1.368097132641773328e-05
1.353565253003025202e-05
1.339341364715680064e-05
1.325427767960327499e-05
1.311791614910657817e-05
1.298432116376274061e-05
1.285322187231321305e-05
1.272453433876720998e-05
1.259813089197117162e-05
1.247383937190682299e-05
1.235160538927664985e-05
1.223122436363677508e-05
1.211268749813906783e-05
1.199579728597294925e-05
1.188056189899931409e-05
1.176680483540632383e-05
1.165452031886058736e-05
1.154356887010618897e-05
1.143395236168106405e-05
1.132553242871582895e-05
1.121836047393843045e-05
1.111226751522694332e-05
1.100732802122492997e-05
1.090342100417168684e-05
1.080057813395656422e-05
1.069872469845231323e-05
1.059785355209864362e-05
1.049797933285943785e-05
1.039901812544699822e-05
1.030101236262124687e-05
1.020394262003196518e-05
1.010778707623197029e-05
1.001262112976639494e-05
9.918320769092100255e-06
9.824994858567047623e-06
9.732546341812730505e-06
9.641013039749960506e-06
9.550478741972587098e-06
9.460821536842604126e-06
9.372230096790416139e-06
9.284500860781386993e-06
9.197749261762868276e-06
9.111975148604783449e-06
9.027101464549315852e-06
8.943376105945606230e-06
8.860515872079000323e-06
8.778667099543428060e-06
8.697818417904642379e-06
8.617898301280771709e-06
8.539131153863959147e-06
8.461252140831636661e-06
8.384337464058375691e-06
8.308511666834606039e-06
8.233600192655450285e-06
8.159756614509413824e-06
8.086837050845149732e-06
8.014835336947885954e-06
7.943948948183204308e-06
7.873926491139874543e-06
7.804835572504830027e-06
7.736753519957263099e-06
7.669547143876017167e-06
7.603291358615346462e-06
7.537898849893585693e-06
7.473395944448918987e-06
7.409819515786322220e-06
7.347042729886670294e-06
7.285095878885763114e-06
7.224040955609161754e-06
7.163734498401345502e-06
7.104224909244843486e-06
7.045535431676558269e-06
6.987555146838940763e-06
6.930317667495882081e-06
6.873837827690495588e-06
6.818024070900693387e-06
6.762897400106814210e-06
6.708473682734031393e-06
6.654670361725364662e-06
6.601501105507151141e-06
6.548988912309872510e-06
6.497044288700792225e-06
6.445683418061498571e-06
6.394937046581075070e-06
6.344708467705116718e-06
6.295015490735188118e-06
6.245902504821764653e-06
6.197265333202922277e-06
6.149117018183577269e-06
6.101511223098442695e-06
6.054341532140394110e-06
6.007645290117179861e-06
5.961425162693403841e-06
5.915633073245615589e-06
5.870281677640110278e-06
5.825336945679148924e-06
5.780859389478308452e-06
5.736761713392513579e-06
5.693037653304713815e-06
5.649786607059381995e-06
5.606869850072820433e-06
5.564326375404179442e-06
5.522202106203852090e-06
5.480416862884003865e-06
5.439006843291164485e-06
5.397931242163543488e-06
5.357272832215798647e-06
5.316926264345568537e-06
5.276908435281703288e-06
5.237296386005949605e-06
5.197972469553206549e-06
5.159010079843800564e-06
5.120358464938622010e-06
5.082083210246410236e-06
5.044105402644103783e-06
5.006441827365905785e-06
4.969147855863257915e-06
4.932137706243824312e-06
4.895459421936557601e-06
4.859077144300156164e-06
4.823062239025025125e-06
4.787313502819058787e-06
4.751886941593353505e-06
4.716772222564296443e-06
4.681969130065357760e-06
4.647456194498874551e-06
4.613236261241681659e-06
4.579352204474032237e-06
4.545731774454733672e-06
4.512410431690124779e-06
4.479361559086072782e-06
4.446651248948742438e-06
4.414178819162306285e-06
4.382005196822289777e-06
4.350090500067704957e-06
4.318503513183756773e-06
4.287137423797912569e-06
4.256062564848332235e-06
4.225231910012681496e-06
4.194720250522491662e-06
4.164417763414493510e-06
4.134390270450365968e-06
4.104591606986218135e-06
4.075104940661883279e-06
4.045813116603292457e-06
4.016784178888975704e-06
3.987967993177927761e-06
3.959455449960108903e-06
3.931123290270567664e-06
3.903044698847220866e-06
3.875163452017010706e-06
3.847576205432404593e-06
3.820160023573828195e-06
3.792983343992320457e-06
3.765992827548084474e-06
3.739279180161712354e-06
3.712738190016780871e-06
3.686415583507710135e-06
3.660279164812818893e-06
3.634390000906736939e-06
3.608685753120817553e-06
3.583180748129631082e-06
3.557866266185324968e-06
3.532750680045655186e-06
3.507860164062115287e-06
3.483128991098887260e-06
3.458603220911728524e-06
3.434242340891359390e-06
3.410120789904070977e-06
3.386142862382276045e-06
3.362361860324012037e-06
3.338746849509680808e-06
3.315342644674684979e-06
3.292102877908953126e-06
3.269035722958495437e-06
3.246146692591560298e-06
3.223420680757682803e-06
3.200906411387087060e-06
3.178524747527281210e-06
3.156328035203568182e-06
3.134288100675116844e-06
3.112439808241636511e-06
3.090744529376040666e-06
3.069205244445407774e-06
3.047835630646124921e-06
3.026617796477034270e-06
3.005592340114895599e-06
2.984695242421615186e-06
2.963961488678575853e-06
2.943383199294743954e-06
2.922957070519878888e-06
2.902710891353517227e-06
2.882582508243691604e-06
2.862619594004703206e-06
2.842795024450518051e-06
2.823134366949200854e-06
2.803621499137593189e-06
2.784231811817188849e-06
2.765001642441893301e-06
2.745894954474048293e-06
2.726959335879308586e-06
2.708149293190791567e-06
2.689465877208263836e-06
2.670928084444750253e-06
2.652506078765102667e-06
2.634254632942451303e-06
2.616115933762596382e-06
2.598100056323389075e-06
2.580220547988895698e-06
2.562448506805340086e-06
2.544842090840546978e-06
2.527342511810800770e-06
2.509957193928333015e-06
2.492702430172114554e-06
2.475548229530156853e-06
2.458549947429945316e-06
2.441658734163979942e-06
2.424869302057384461e-06
2.408210284904951486e-06
2.391644210352630582e-06
2.375217898179530388e-06
2.358907821532366429e-06
2.342684377148642007e-06
2.326588618245912610e-06
2.310586333884136622e-06
2.294696735797627569e-06
2.278943991314315632e-06
2.263265424390427066e-06
2.247701122487637010e-06
2.232237602098718109e-06
2.216865804025246608e-06
2.201637733365787997e-06
2.186481435998179034e-06
2.171428980175520224e-06
2.156478613511834742e-06
2.141614429050118619e-06
2.126878686887745052e-06
2.112232631219788291e-06
2.097666426114715599e-06
2.083211651568348769e-06
2.068843860213161626e-06
2.054569281735118765e-06
2.040420141573003056e-06
2.026336099994979701e-06
2.012350634594363721e-06
1.998457722848401076e-06
1.984647982798922547e-06
1.970956765542375981e-06
1.957348486375455190e-06
1.943815247037417960e-06
1.930382539549317016e-06
1.917036124194297276e-06
1.903771494494627033e-06
1.890626398045001371e-06
1.877544113116818821e-06
1.864546746447279406e-06
1.851645837568521659e-06
1.838820433240267228e-06
1.826085129009271756e-06
1.813457928162046232e-06
1.800889597616947719e-06
1.788409972951733488e-06
1.776013607530592596e-06
1.763691497091031812e-06
1.751467804915213356e-06
1.739335254360521150e-06
1.727262419344684715e-06
1.715276503777961339e-06
1.703368171790049145e-06
1.691529356385314229e-06
1.679791788918987823e-06
1.668134241020641320e-06
1.656536084077489715e-06
1.645022237810657763e-06
1.633581776810271801e-06
1.622206187665789288e-06
1.610929141905494996e-06
1.599728802870084089e-06
1.588584463448163641e-06
1.577519920197414351e-06
1.566525437722506826e-06
1.555592984708731466e-06
1.544750946916635288e-06
1.533989746472420681e-06
1.523277986408796807e-06
1.512640301903151531e-06
1.502070924084454445e-06
1.491562346115460368e-06
1.481129737712763482e-06
1.470787113106821985e-06
1.460487100929994146e-06
1.450254053203076776e-06
1.440092523683021395e-06
1.429987468882064465e-06
1.419944798775490674e-06
1.409997821680130700e-06
1.400092949404360707e-06
1.390243831359092538e-06
1.380467367149490360e-06
1.370749113519900803e-06
1.361081957329714842e-06
1.351502266175310687e-06
1.341979605404926271e-06
1.332502416870756464e-06
1.323089882549195430e-06
1.313734476708403018e-06
1.304433134284019969e-06
1.295194732952810904e-06
1.286039058045994595e-06
1.276918534862154713e-06
1.267850499660029114e-06
1.258849142846364305e-06
1.249899761159532907e-06
1.241186117519513055e-06
1.232362799077806429e-06
1.223592369490661600e-06
1.214862062001322671e-06
1.206190119916786572e-06
1.197573138619822021e-06
1.189005043675777439e-06
1.180489587056204648e-06
1.172054351636675568e-06
1.164439509813757981e-06
1.156081432465064730e-06
1.147782572356099570e-06
1.139531260829675712e-06
1.131326612678214250e-06
1.123179349655158859e-06
1.115105050249973638e-06
1.107061421910434509e-06
1.099063221575112800e-06
1.091530767808503493e-06
1.083634411972956130e-06
1.075779568019536534e-06
1.067986917524325951e-06
1.060257828565283480e-06
1.052558727762012847e-06
1.044903998769307765e-06
1.037305641546681661e-06
1.029751216843641146e-06
1.023081332694865848e-06
1.015622047535935426e-06
1.008223739471634267e-06
1.000853874058848239e-06
9.935258294335460722e-07
9.862520042086711696e-07
9.790198956639642763e-07
9.718246352116342074e-07
9.646853916640404798e-07
9.580476376656144616e-07
9.509952065072300694e-07
9.439823236153932812e-07
9.370205416763044166e-07
9.300969377747850637e-07
9.232123845715902590e-07
9.163741148815435449e-07
9.096029681189632483e-07
9.028574460693396780e-07
8.970579665340373795e-07
8.903907248470330533e-07
8.837621567317142351e-07
8.771719808674536889e-07
8.706207935702321237e-07
8.641328063143845474e-07
8.576798593687712049e-07
8.512551676232115900e-07
8.448704224146867009e-07
8.390006506043769180e-07
8.326944752513356999e-07
8.264194112154981441e-07
8.201975846379586633e-07
8.140273863084562440e-07
8.078793747733671909e-07
8.017653475699437685e-07
7.956955637132316622e-07
7.896575999327133645e-07
7.846300113245177963e-07
7.786604425129778975e-07
7.727493102097862046e-07
7.668676200708367099e-07
7.610116396056154013e-07
7.551915243525318807e-07
7.494118762956502470e-07
7.436653319832084145e-07
7.379468829478658461e-07
7.327772274369142855e-07
7.271549745155852893e-07
7.215520842638269817e-07
7.159786808833873489e-07
7.104421171483525309e-07
7.049387536691785682e-07
6.994673751650054688e-07
6.940243725053769612e-07
6.886299780423024855e-07
6.843198876428949262e-07
6.789827101801487070e-07
6.736749350214811043e-07
6.684046219898088841e-07
6.631626750933964794e-07
6.579513845209320685e-07
6.527694355061598933e-07
6.476361624850093138e-07
6.425381429412845979e-07
6.379972633100896496e-07
6.329446419849227664e-07
6.279288949966867781e-07
6.229390644237784560e-07
6.179785125593740279e-07
6.130462085509087558e-07
6.081605145565323829e-07
6.033088403957464931e-07
5.984755069581792868e-07
5.947784403131757566e-07
5.900017331461384908e-07
5.852504433647140123e-07
5.805269780564590015e-07
5.758292322788761832e-07
5.711739918155520383e-07
5.665570807358444754e-07
5.619559777561798249e-07
5.579541164509733561e-07
5.534060645606743413e-07
5.488845806502122619e-07
5.443900747473152756e-07
5.399178311626187852e-07
5.354825915464056581e-07
5.310916156120898917e-07
5.267151800831510867e-07
5.223602962131040021e-07
5.192149650840015408e-07
5.149117923161498977e-07
5.106325771457676383e-07
5.063760845290223627e-07
5.021482260001628986e-07
4.979643301626476146e-07
4.938023945889272283e-07
4.896567491309526349e-07
4.855351783010933958e-07
4.820534790866332850e-07
4.779806320513238030e-07
4.739319792927641152e-07
4.699048445767724092e-07
4.659139871771899534e-07
4.619604516901782051e-07
4.580197549723132251e-07
4.540989509910751608e-07
4.502012657042027883e-07
4.475853646130420189e-07
4.437319319667594996e-07
4.398989932660975328e-07
4.360914350564742279e-07
4.323227045022997602e-07
4.285775562856258282e-07
4.248468299928213805e-07
4.211368061238662125e-07
4.174518358478563246e-07
4.144328053951548427e-07
4.107887017429447086e-07
4.071627739817652916e-07
4.035643083864449703e-07
4.000050399088772546e-07
3.964623579977237264e-07
3.929335539790500562e-07
3.894252862793495204e-07
3.872739832908472867e-07
3.838044186289908057e-07
3.803558279608213971e-07
3.769245365064670516e-07
3.735212713841816172e-07
3.701554396422449967e-07
3.668034132195559377e-07
3.634647738460570094e-07
3.601457305101032265e-07
3.575353622418807612e-07
3.542552029240704446e-07
3.509949983517127694e-07
3.477510580081223050e-07
3.445337492598255262e-07
3.413520618135200701e-07
3.381842985115050403e-07
3.350289890891525884e-07
3.318919731959688011e-07
3.301819141872294503e-07
3.270790084212212685e-07
3.239953102964728308e-07
3.209272348692569486e-07
3.178824389377979154e-07
3.148713179445031720e-07
3.118765181240948590e-07
3.088934688133519416e-07
3.059272499775599969e-07
3.037001682787018715e-07
3.007691482236490895e-07
2.978551501154722206e-07
2.949567725597169683e-07
2.920779044339761385e-07
2.892275163975905343e-07
2.864019601163695021e-07
2.835855148840168340e-07
2.822663888116128608e-07
2.794745114613847284e-07
2.767056634839921757e-07
2.739497086832559911e-07
2.712103769456990428e-07
2.684854344242366611e-07
2.657839119055846168e-07
2.631136989576395674e-07
2.604545297990508575e-07
2.585662484967955309e-07
2.559301574962860567e-07
2.533121350291718135e-07
2.507098633621002114e-07
2.481234091283157563e-07
2.455506876370736255e-07
2.429956171729177275e-07
2.404655739486274192e-07
2.379600035511748793e-07
2.370203349360437037e-07
2.345284567835354472e-07
2.320514940773305709e-07
2.295945463246966930e-07
2.271492847168379374e-07
2.247192125995789059e-07
2.223019776916343210e-07
2.199034638054529659e-07
2.183326977398356997e-07
2.159747584609608842e-07
2.136254250747984772e-07
2.112879565561771906e-07
2.089636275183490792e-07
2.066594931953627886e-07
2.043659784711056083e-07
2.020864842597078547e-07
1.998189255891887231e-07
1.992100941487806939e-07
1.969821117691906613e-07
1.947675165149178719e-07
1.925615781709988577e-07
1.903668409577612253e-07
1.881844582627956842e-07
1.860214063219194366e-07
1.838683380550276254e-07
1.817283128780195479e-07
1.804386736241005694e-07
1.783249262463802320e-07
1.762356472437255057e-07
1.741602268663039709e-07
1.720924794336086534e-07
1.700351457414136795e-07
1.679895358408601597e-07
1.659621247058433684e-07
1.656662703571035809e-07
1.636551601913739556e-07
1.616547820414850307e-07
1.596700201656544117e-07
1.577063797611161400e-07
1.557611291072283152e-07
1.538219622368427540e-07
1.518915936695009300e-07
1.499731436573801577e-07
1.489502951987478687e-07
1.470544537387348516e-07
1.451706751435390328e-07
1.432973966426242795e-07
1.414363300975814804e-07
1.395926845904014624e-07
1.377720870458043612e-07
1.359580371073941766e-07
1.359572636795983089e-07
1.341555255205493631e-07
1.323641496914418799e-07
1.305885679169191971e-07
1.288217619238506501e-07
1.270654686433342126e-07
1.253187072213389550e-07
1.235868568299796203e-07
1.218752747610486864e-07
1.211001318101196397e-07
1.194053924024028493e-07
1.177184073144392795e-07
1.160419304687902509e-07
1.143786973295174099e-07
1.127250704001532281e-07
1.110819455562116632e-07
1.094483531287742586e-07
1.097151518285512362e-07
1.081008097072325465e-07
1.065076463291907286e-07
1.049219231314118050e-07
1.033430346213931559e-07
1.017721700495710557e-07
1.002104400575949879e-07
9.866308947358021704e-08
9.712303999762751537e-08
9.655803628142319777e-08
9.503381399193962400e-08
9.352029112254199333e-08
9.202104762185592088e-08
9.054191807203422100e-08
8.906832218286651602e-08
8.760135594123117234e-08
8.614218926808199908e-08
8.666683659636271012e-08
8.522412384771980380e-08
8.378784646569025016e-08
8.236108647208514404e-08
8.094229208835731369e-08
7.953379281632322765e-08
7.813870403992299946e-08
7.676276548696011992e-08
7.539202634668345773e-08
7.503530053507801802e-08
7.367492140357608150e-08
7.232249736576208166e-08
7.098282861577220614e-08
6.964964439005868279e-08
6.832545106857804350e-08
6.700885766830853094e-08
6.570114452230396096e-08
6.646747671389212810e-08
6.518395484156662191e-08
6.390737569662555980e-08
6.263610341274471155e-08
6.137099162570492679e-08
6.011393395336333568e-08
5.886712631387615913e-08
5.762824879377633757e-08
5.639775737501864118e-08
5.622526170536764903e-08
5.500587344232440899e-08
5.379787055324462652e-08
5.260416072992855495e-08
5.142292368478709020e-08
5.024543271332798556e-08
4.907335452874021264e-08
4.790856283627979953e-08
4.889883655513744673e-08
4.774667739704648584e-08
4.659967340488522166e-08
4.546014930303491347e-08
4.432699577219155675e-08
4.320284178209840765e-08
4.208967276045025486e-08
4.099271445382764362e-08
3.990063827515584530e-08
3.990789867519561444e-08
3.882301760768752738e-08
3.774510175669096803e-08
3.667590517876425524e-08
3.561430739642660543e-08
3.455992526609809932e-08
3.351146108116865220e-08
3.246919021541638562e-08
3.367211880435726008e-08
3.264443724154238489e-08
3.163043497990718970e-08
3.061968064150194724e-08
2.961377154805661077e-08
2.861345583934661855e-08
2.761912498274468568e-08
2.663452044451863484e-08
2.565531589392431560e-08
2.582146270447918665e-08
2.485198186077347307e-08
2.388834928259314445e-08
2.293402228534547396e-08
2.199084846690996096e-08
2.105956332706465753e-08
2.013114686502086016e-08
1.920724986642350126e-08
2.061256337641337213e-08
1.969309741477087254e-08
1.878296659862373635e-08
1.787771556105447893e-08
1.697915968082098931e-08
1.608596460587270562e-08
1.519820435136732257e-08
1.431903497921873679e-08
1.463566815019859326e-08
1.377523621842465417e-08
1.291748873883077731e-08
1.206417876953518333e-08
1.121546264791716840e-08
1.037185233669897239e-08
9.536379794995152434e-09
8.706441684575901123e-09
7.882753636547418000e-09
9.475869843462047805e-09
8.655082046070543940e-09
7.842062884337259209e-09
7.037382578978814376e-09
6.245533554064147145e-09
5.456848607425531081e-09
4.672028891909111206e-09
3.891291212162241771e-09
4.345634171721411019e-09
3.572059552015032682e-09
2.806869928177492545e-09
2.045305513366422328e-09
1.288875795859756622e-09
5.370850748243450277e-10
-2.088254164151093018e-10
-9.468818461613392363e-10
8.335531178656073811e-10
1.066718269171464554e-10
-6.177450807624139888e-10
-1.338466374365153679e-09
-2.054694285830574561e-09
-2.766714484823428243e-09
-3.470982644752225531e-09
-4.171203379736487958e-09
-4.865701254763134522e-09
-4.281737004063080167e-09
-4.971511275207877025e-09
-5.654489301765046435e-09
-6.330343428743045352e-09
-6.994848097563907092e-09
-7.656205394277177562e-09
-8.314269184354228432e-09
-8.968838144220647515e-09
-7.021621549128633956e-09
-7.674911097206087321e-09
-8.319958555244323671e-09
-8.962229203605129109e-09
-9.599518835311399417e-09
-1.023280778452753667e-08
-1.086197732660520657e-08
-1.148469481791330284e-08
-1.077717674226837631e-08
-1.138594077432272180e-08
-1.199255422890985199e-08
-1.259590644997013205e-08
-1.319592733051351935e-08
-1.379207485849810973e-08
-1.438452676042036471e-08
-1.496922587247914262e-08
-1.285713673280078127e-08
-1.344179968600771835e-08
-1.402265208272454054e-08
-1.459964568363080830e-08
-1.517061567315426904e-08
-1.573490349786386790e-08
-1.628965240952776804e-08
-1.684233827125996018e-08
-1.739204265656479554e-08
-1.705436751463447086e-08
-1.759740408457295927e-08
-1.813718040899559593e-08
-1.866973417726471825e-08
-1.919994002510237124e-08
-1.972571417108547384e-08
-2.024829319624203366e-08
-2.076743825173341803e-08
-1.948212147060937885e-08
-1.999013938419201975e-08
-2.048895500427252476e-08
-2.098460781987689173e-08
-2.147791604844207417e-08
-2.196863398235427432e-08
-2.245617194944169322e-08
-2.294069060813749587e-08
-2.250473000473702379e-08
-2.297999007891623139e-08
-2.345140132023463431e-08
-2.391995881844587476e-08
-2.438539175797377092e-08
-2.484652168310756450e-08
-2.530274996915130296e-08
-2.575221055351074116e-08
-2.433493610983330508e-08
-2.477674387575285491e-08
-2.521554411783843532e-08
-2.565207449049755354e-08
-2.608533659256480409e-08
-2.651547896641878326e-08
-2.693971171185844218e-08
-2.736220029705982267e-08
-2.778094154893495812e-08
-2.725137106288272953e-08
-2.766435600684559099e-08
-2.807284995674288879e-08
-2.847675017505905922e-08
-2.887280561593485441e-08
-2.926594463756407919e-08
-2.965764001798614013e-08
-3.004696561818454001e-08
-2.851200786759604820e-08
-2.889617231718522959e-08
-2.927627012971444053e-08
-2.965203226005458974e-08
-3.002579920676505612e-08
-3.039634260897611703e-08
-3.076441408353345919e-08
-3.112948083366895888e-08
-3.051410105577757642e-08
-3.087068982784948643e-08
-3.121971265148650926e-08
-3.156704899486434637e-08
-3.191266079900332713e-08
-3.225616551401948643e-08
-3.259781652144397036e-08
-3.293711921479959524e-08
-3.128847376701574705e-08
-3.162006619468529095e-08
-3.194969148164609717e-08
-3.227639282728425152e-08
-3.260080377691242516e-08
-3.292245323997505900e-08
-3.324054845265055021e-08
-3.355473340091369320e-08
-3.285435216044923319e-08
-3.315965961674896264e-08
-3.346358386089781500e-08
-3.376547408638571109e-08
-3.406572424801407936e-08
-3.436367976855745180e-08
-3.465871585406756713e-08
-3.495000111160525529e-08
-3.319332270164012062e-08
-3.348028679123710481e-08
-3.376517895413473995e-08
-3.404789323611454731e-08
-3.432714002847673010e-08
-3.460299273528706655e-08
-3.487320422784674373e-08
-3.514006087652519347e-08
-3.436740627766339189e-08
-3.463155119757270588e-08
-3.489421692888550364e-08
-3.515479006356569211e-08
-3.541338139182871288e-08
-3.566804303887843770e-08
-3.592149177535234290e-08
-3.617231308483703834e-08
-3.431204122351132152e-08
-3.455943005193831668e-08
-3.480397259325506973e-08
-3.504542844098231079e-08
-3.528323127719243515e-08
-3.551543867069478085e-08
-3.574700439006807265e-08
-3.597717079220836230e-08
-3.514214617235848422e-08
-3.536940128833539130e-08
-3.559476657111481709e-08
-3.581745693203126966e-08
-3.603706026854949930e-08
-3.625565244445210270e-08
-3.647203043604946453e-08
-3.668707235975101214e-08
-3.477678496047270652e-08
-3.498742631072757578e-08
-3.519532759712951490e-08
-3.539909918703908902e-08
-3.559880181350210854e-08
-3.579825699534086867e-08
-3.599617049459814328e-08
-3.619273296039091577e-08
-3.532827605747825197e-08
-3.552206490638900530e-08
-3.571302207514563697e-08
-3.590163570844390352e-08
-3.608914569497546827e-08
-3.627467879789712400e-08
-3.645890921431142891e-08
-3.664184758546152240e-08
-3.470757506102174478e-08
-3.488579695832747154e-08
-3.506013854515401989e-08
-3.523091154757249660e-08
-3.540152410494656369e-08
-3.557067385317081237e-08
-3.573857144577107864e-08
-3.590543996598410069e-08
-3.501629209927755649e-08
-3.517942644609170528e-08
-3.534029392764056792e-08
-3.550022899319292936e-08
-3.565826264336751953e-08
-3.581516378503828401e-08
-3.597087543328019742e-08
-3.612457117902184255e-08
-3.417296559351047027e-08
-3.432189895086452411e-08
-3.446702809168536334e-08
-3.461185717912085620e-08
-3.475545741964855653e-08
-3.489788757119225374e-08
-3.503950013329981246e-08
-3.517980509709359547e-08
-3.427007644936283654e-08
-3.440629756391070487e-08
-3.454189130368562495e-08
-3.467556178175839264e-08
-3.480818311969814182e-08
-3.493983062111617019e-08
-3.506979794048377011e-08
-3.519812909766912585e-08
-3.323509456345253328e-08
-3.335796140046206070e-08
-3.347968819724079933e-08
-3.360091537844362733e-08
-3.372084540279253695e-08
-3.383991260438831809e-08
-3.395780323947975126e-08
-3.407476077310796347e-08
-3.314874754854927344e-08
-3.326250337602447632e-08
-3.337520542366428277e-08
-3.348637404718267296e-08
-3.359653324359661021e-08
-3.370575100752301004e-08
-3.381319955998936363e-08
-3.391931542235790992e-08
-3.195025556939948587e-08
-3.205173457502375738e-08
-3.215291033518197634e-08
-3.225313038479942423e-08
-3.235232467075208474e-08
-3.245093832277682421e-08
-3.254822989883125353e-08
-3.264458738757140912e-08
-3.170685781577966625e-08
-3.180094406763278500e-08
-3.189351566941036503e-08
-3.198502034255835291e-08
-3.207567136972405135e-08
-3.216525374307639023e-08
-3.225333197257400389e-08
-3.234015699943020904e-08
-3.037065147433735101e-08
-3.045382152643934955e-08
-3.053683775765458824e-08
-3.061889011976596129e-08
-3.070003001453904914e-08
-3.078062963163901375e-08
-3.086005995765471762e-08
-3.093859410513572085e-08
-2.999321944700728762e-08
-3.006998394771154985e-08
-3.014540601548562177e-08
-3.021981566128496065e-08
-3.029342209109317317e-08
-3.036613706174308635e-08
-3.043739615191444292e-08
-3.050755185758696794e-08
-2.854282213114438975e-08
-2.861023232046467569e-08
-2.867737024691533997e-08
-2.874378527559592056e-08
-2.880930810671723005e-08
-2.887430991841238749e-08
-2.893821712262764031e-08
-2.900147153095947030e-08
-2.805209676195579947e-08
-2.811373291224842601e-08
-2.817461915818952418e-08
-2.823422411479254389e-08
-2.829314241966348245e-08
-2.835131989391745769e-08
-2.840830885983131821e-08
-2.645344337961867115e-08
-2.650868455680627091e-08
-2.656284562672276264e-08
-2.661615418707342797e-08
-2.666928108356379621e-08
-2.672136490827693832e-08
-2.677276689783673846e-08
-2.682360113378513605e-08
-2.587459026264522351e-08
-2.592378626703576478e-08
-2.597230430548770010e-08
-2.602070722858868332e-08
-2.606777524881356580e-08
-2.611415728964405305e-08
-2.615992959250514945e-08
-2.620484463509437378e-08
-2.426325425669824334e-08
-2.430645955848710418e-08
-2.434953219401059969e-08
-2.439117083861564776e-08
-2.443257730055783446e-08
-2.447344964558869087e-08
-2.451356640514392961e-08
-2.455316934405250699e-08
-2.360605214580572015e-08
-2.364454394566589157e-08
-2.368220431707504322e-08
-2.371947906658115320e-08
-2.375641317834644689e-08
-2.379219692824450930e-08
-2.382738502957628536e-08
-2.386206743771193556e-08
-2.193788575682969294e-08
-2.197110217271334132e-08
-2.200402094842969580e-08
-2.203673667246560703e-08
-2.206811949212553788e-08
-2.209939692823956960e-08
-2.213009499881517377e-08
-2.118840149278243041e-08
-2.121804498344178595e-08
-2.124714093067468791e-08
-2.127598808013760272e-08
-2.130408143244438558e-08
-2.133183169737519345e-08
-2.135929060062748883e-08
-2.138568627267606177e-08
-1.948306467066144448e-08
-1.950851294017809937e-08
-1.953362283699416756e-08
-1.955820330785736130e-08
-1.958248318676519764e-08
-1.960666489561588538e-08
-1.962963691018866764e-08
-1.965239455121247349e-08
-1.871829324647966251e-08
-1.874006924129032164e-08
-1.876159237244578856e-08
-1.878275190720711433e-08
-1.880366512384240743e-08
-1.882393609528167393e-08
-1.884372399857157941e-08
-1.696640233809493826e-08
-1.698520893910148100e-08
-1.700356490466227435e-08
-1.702186096021268915e-08
-1.703992043590604443e-08
-1.705738015599799222e-08
-1.707459860853020424e-08
-1.709171899799611680e-08
-1.616778603765148225e-08
-1.618354679800754258e-08
-1.619930755836624990e-08
-1.621459279398102938e-08
-1.622950661989976718e-08
-1.624429362358283723e-08
-1.625859425940175873e-08
-1.627265615681926864e-08
-1.442232693021818331e-08
-1.443565540959464034e-08
-1.444885681257525286e-08
-1.446146109183140881e-08
-1.447390852543820933e-08
-1.448619032580205221e-08
-1.449818560254634461e-08
-1.358651316166743117e-08
-1.359785912757654907e-08
-1.360915684365407962e-08
-1.361962761167459649e-08
-1.362994411077557332e-08
-1.364020287076396651e-08
-1.364995544242842178e-08
-1.365944000465214455e-08
-1.184002228104527303e-08
-1.184906147576996130e-08
-1.185777763840776397e-08
-1.186634911743937503e-08
-1.187492059646569212e-08
-1.188332806096606981e-08
-1.189114334769707187e-08
-1.189890653386823968e-08
-1.100123188645046212e-08
-1.100855116636824950e-08
-1.101555150991314767e-08
-1.102255185346334145e-08
-1.102947357218340935e-08
-1.103564468568777487e-08
-1.104169993428055744e-08
-9.255735273389553663e-09
-9.261333265782963957e-09
-9.266690701984025987e-09
-9.272048138187731687e-09
-9.277405574386146739e-09
-9.282486705267408022e-09
-9.287414700249516275e-09
-9.292342695230297731e-09
-8.410678677637739744e-09
-8.415002136034937460e-09
-8.419226728307130005e-09
-8.423451320576678879e-09
-8.427548705480557442e-09
-8.431273382579964072e-09
-8.434998059680694191e-09
-8.438722736780102476e-09
-6.688278677514836662e-09
-6.691201635969579917e-09
-6.694124594426970151e-09
-6.697047552883037722e-09
-6.699767351290063334e-09
-6.702444860843984379e-09
-6.705122370400551575e-09
-5.840785485787152203e-09
-5.843100590253770489e-09
-5.845415694720388775e-09
-5.847730799188330550e-09
-5.849858096006608282e-09
-5.851721241420706561e-09
-5.853584386833482178e-09
-5.855447532244932653e-09
-4.143315950152804319e-09
-4.144777340157166355e-09
-4.146238730162190134e-09
-4.147693764668575917e-09
-4.148800814292866864e-09
-4.149907863917819555e-09
-4.151014913542110502e-09
-3.305487751702312093e-09
-3.306397547014278057e-09
-3.307307342325582276e-09
-3.308217137635563006e-09
-3.309034775869408565e-09
-3.309799412489622921e-09
-3.310564049111822510e-09
-3.311328685732698610e-09
-1.743405638553303808e-09
-1.743807059563366027e-09
-1.744208480573428245e-09
-1.744609901583490464e-09
-1.745011322593221810e-09
-1.745412743603284029e-09
-1.745814164612353631e-09
-5.090142999829094236e-10
-5.091309563519866892e-10
-5.092476127210639548e-10
-5.093642690902239384e-10
-5.094809254593012040e-10
-5.095975818285439058e-10
-5.097142381974557352e-10
-5.098308945666984370e-10
0.000000000000000000e+00
0.000000000000000000e+00
0.000000000000000000e+00
0.000000000000000000e+00
0.000000000000000000e+00
0.000000000000000000e+00
0.000000000000000000e+00
0.000000000000000000e+00
0.000000000000000000e+00
0.000000000000000000e+00
0.000000000000000000e+00
0.000000000000000000e+00
0.000000000000000000e+00
0.000000000000000000e+00
0.000000000000000000e+00
0.000000000000000000e+00
0.000000000000000000e+00
0.000000000000000000e+00
0.000000000000000000e+00
0.000000000000000000e+00
0.000000000000000000e+00
0.000000000000000000e+00
0.000000000000000000e+00
0.000000000000000000e+00
0.000000000000000000e+00
0.000000000000000000e+00
0.000000000000000000e+00
0.000000000000000000e+00
0.000000000000000000e+00
0.000000000000000000e+00
0.000000000000000000e+00
0.000000000000000000e+00
0.000000000000000000e+00
0.000000000000000000e+00
0.000000000000000000e+00
0.000000000000000000e+00
0.000000000000000000e+00
0.000000000000000000e+00
0.000000000000000000e+00
0.000000000000000000e+00
0.000000000000000000e+00
0.000000000000000000e+00
0.000000000000000000e+00
0.000000000000000000e+00
0.000000000000000000e+00
0.000000000000000000e+00
0.000000000000000000e+00
0.000000000000000000e+00
0.000000000000000000e+00
0.000000000000000000e+00
0.000000000000000000e+00
0.000000000000000000e+00
0.000000000000000000e+00
0.000000000000000000e+00
0.000000000000000000e+00
0.000000000000000000e+00
0.000000000000000000e+00
0.000000000000000000e+00
0.000000000000000000e+00
0.000000000000000000e+00
0.000000000000000000e+00
0.000000000000000000e+00
0.000000000000000000e+00
0.000000000000000000e+00
0.000000000000000000e+00
0.000000000000000000e+00
0.000000000000000000e+00
0.000000000000000000e+00
0.000000000000000000e+00
0.000000000000000000e+00
0.000000000000000000e+00
0.000000000000000000e+00
0.000000000000000000e+00
0.000000000000000000e+00
0.000000000000000000e+00
0.000000000000000000e+00
0.000000000000000000e+00
0.000000000000000000e+00
0.000000000000000000e+00
0.000000000000000000e+00
0.000000000000000000e+00
0.000000000000000000e+00
0.000000000000000000e+00
0.000000000000000000e+00
0.000000000000000000e+00
0.000000000000000000e+00
0.000000000000000000e+00
0.000000000000000000e+00
0.000000000000000000e+00
0.000000000000000000e+00
0.000000000000000000e+00
0.000000000000000000e+00
0.000000000000000000e+00
0.000000000000000000e+00
0.000000000000000000e+00
0.000000000000000000e+00
0.000000000000000000e+00
0.000000000000000000e+00
0.000000000000000000e+00
0.000000000000000000e+00
0.000000000000000000e+00
0.000000000000000000e+00
0.000000000000000000e+00
0.000000000000000000e+00
0.000000000000000000e+00
0.000000000000000000e+00
0.000000000000000000e+00
0.000000000000000000e+00
0.000000000000000000e+00
0.000000000000000000e+00
0.000000000000000000e+00
0.000000000000000000e+00
0.000000000000000000e+00
0.000000000000000000e+00
0.000000000000000000e+00
0.000000000000000000e+00
0.000000000000000000e+00
0.000000000000000000e+00
0.000000000000000000e+00
0.000000000000000000e+00
0.000000000000000000e+00
0.000000000000000000e+00
0.000000000000000000e+00
0.000000000000000000e+00
0.000000000000000000e+00
0.000000000000000000e+00
0.000000000000000000e+00
0.000000000000000000e+00
0.000000000000000000e+00
0.000000000000000000e+00
0.000000000000000000e+00
0.000000000000000000e+00
0.000000000000000000e+00
0.000000000000000000e+00
0.000000000000000000e+00
0.000000000000000000e+00
0.000000000000000000e+00
0.000000000000000000e+00
0.000000000000000000e+00
0.000000000000000000e+00
0.000000000000000000e+00
0.000000000000000000e+00
0.000000000000000000e+00
0.000000000000000000e+00
0.000000000000000000e+00
0.000000000000000000e+00
0.000000000000000000e+00
0.000000000000000000e+00
0.000000000000000000e+00
0.000000000000000000e+00
0.000000000000000000e+00
0.000000000000000000e+00
0.000000000000000000e+00
0.000000000000000000e+00
0.000000000000000000e+00
0.000000000000000000e+00
0.000000000000000000e+00
0.000000000000000000e+00
0.000000000000000000e+00
0.000000000000000000e+00
0.000000000000000000e+00
0.000000000000000000e+00
0.000000000000000000e+00
0.000000000000000000e+00
0.000000000000000000e+00
0.000000000000000000e+00
0.000000000000000000e+00
0.000000000000000000e+00
0.000000000000000000e+00
0.000000000000000000e+00
0.000000000000000000e+00
0.000000000000000000e+00
0.000000000000000000e+00
0.000000000000000000e+00
0.000000000000000000e+00
0.000000000000000000e+00
0.000000000000000000e+00
0.000000000000000000e+00
0.000000000000000000e+00
0.000000000000000000e+00
0.000000000000000000e+00
0.000000000000000000e+00
0.000000000000000000e+00
0.000000000000000000e+00
0.000000000000000000e+00
0.000000000000000000e+00
0.000000000000000000e+00
0.000000000000000000e+00
0.000000000000000000e+00
0.000000000000000000e+00
0.000000000000000000e+00
0.000000000000000000e+00
0.000000000000000000e+00
0.000000000000000000e+00
0.000000000000000000e+00
0.000000000000000000e+00
0.000000000000000000e+00
0.000000000000000000e+00
0.000000000000000000e+00
0.000000000000000000e+00
0.000000000000000000e+00
0.000000000000000000e+00
0.000000000000000000e+00
0.000000000000000000e+00
0.000000000000000000e+00
0.000000000000000000e+00
0.000000000000000000e+00
0.000000000000000000e+00
0.000000000000000000e+00
0.000000000000000000e+00
0.000000000000000000e+00
0.000000000000000000e+00
0.000000000000000000e+00
0.000000000000000000e+00
0.000000000000000000e+00
0.000000000000000000e+00
0.000000000000000000e+00
0.000000000000000000e+00
0.000000000000000000e+00
0.000000000000000000e+00
0.000000000000000000e+00
0.000000000000000000e+00
0.000000000000000000e+00
0.000000000000000000e+00
0.000000000000000000e+00
0.000000000000000000e+00
0.000000000000000000e+00
0.000000000000000000e+00
0.000000000000000000e+00
0.000000000000000000e+00
0.000000000000000000e+00
0.000000000000000000e+00
0.000000000000000000e+00
0.000000000000000000e+00
0.000000000000000000e+00
0.000000000000000000e+00
0.000000000000000000e+00
0.000000000000000000e+00
0.000000000000000000e+00
0.000000000000000000e+00
0.000000000000000000e+00
0.000000000000000000e+00
0.000000000000000000e+00
0.000000000000000000e+00
0.000000000000000000e+00
0.000000000000000000e+00
0.000000000000000000e+00
0.000000000000000000e+00
0.000000000000000000e+00
0.000000000000000000e+00
0.000000000000000000e+00
0.000000000000000000e+00
0.000000000000000000e+00
0.000000000000000000e+00
0.000000000000000000e+00
0.000000000000000000e+00
0.000000000000000000e+00
0.000000000000000000e+00
0.000000000000000000e+00
0.000000000000000000e+00
0.000000000000000000e+00
0.000000000000000000e+00
0.000000000000000000e+00
0.000000000000000000e+00
0.000000000000000000e+00
0.000000000000000000e+00
0.000000000000000000e+00
0.000000000000000000e+00
0.000000000000000000e+00
0.000000000000000000e+00
0.000000000000000000e+00
0.000000000000000000e+00
0.000000000000000000e+00
0.000000000000000000e+00
0.000000000000000000e+00
0.000000000000000000e+00
0.000000000000000000e+00
0.000000000000000000e+00
0.000000000000000000e+00
0.000000000000000000e+00
0.000000000000000000e+00
0.000000000000000000e+00
0.000000000000000000e+00
0.000000000000000000e+00
0.000000000000000000e+00
0.000000000000000000e+00
0.000000000000000000e+00
0.000000000000000000e+00
0.000000000000000000e+00
0.000000000000000000e+00
0.000000000000000000e+00
0.000000000000000000e+00
0.000000000000000000e+00
0.000000000000000000e+00
0.000000000000000000e+00
0.000000000000000000e+00
0.000000000000000000e+00
0.000000000000000000e+00
0.000000000000000000e+00
0.000000000000000000e+00
0.000000000000000000e+00
0.000000000000000000e+00
0.000000000000000000e+00
0.000000000000000000e+00
0.000000000000000000e+00
0.000000000000000000e+00
0.000000000000000000e+00
0.000000000000000000e+00
0.000000000000000000e+00
0.000000000000000000e+00
0.000000000000000000e+00
0.000000000000000000e+00
0.000000000000000000e+00
0.000000000000000000e+00
0.000000000000000000e+00
0.000000000000000000e+00
0.000000000000000000e+00
0.000000000000000000e+00
0.000000000000000000e+00
0.000000000000000000e+00
0.000000000000000000e+00
0.000000000000000000e+00
0.000000000000000000e+00
0.000000000000000000e+00
0.000000000000000000e+00
0.000000000000000000e+00
0.000000000000000000e+00
0.000000000000000000e+00
0.000000000000000000e+00
0.000000000000000000e+00
0.000000000000000000e+00
0.000000000000000000e+00
0.000000000000000000e+00
0.000000000000000000e+00
0.000000000000000000e+00
0.000000000000000000e+00
0.000000000000000000e+00
0.000000000000000000e+00
0.000000000000000000e+00
0.000000000000000000e+00
0.000000000000000000e+00
0.000000000000000000e+00
0.000000000000000000e+00
0.000000000000000000e+00
0.000000000000000000e+00
0.000000000000000000e+00
0.000000000000000000e+00
0.000000000000000000e+00
0.000000000000000000e+00
0.000000000000000000e+00
0.000000000000000000e+00
0.000000000000000000e+00
0.000000000000000000e+00
0.000000000000000000e+00
0.000000000000000000e+00
0.000000000000000000e+00
0.000000000000000000e+00
0.000000000000000000e+00
0.000000000000000000e+00
0.000000000000000000e+00
0.000000000000000000e+00
0.000000000000000000e+00
0.000000000000000000e+00
0.000000000000000000e+00
0.000000000000000000e+00
0.000000000000000000e+00
0.000000000000000000e+00
0.000000000000000000e+00
0.000000000000000000e+00
0.000000000000000000e+00
0.000000000000000000e+00
0.000000000000000000e+00
0.000000000000000000e+00
0.000000000000000000e+00
0.000000000000000000e+00
0.000000000000000000e+00
0.000000000000000000e+00
0.000000000000000000e+00
0.000000000000000000e+00
0.000000000000000000e+00
0.000000000000000000e+00
0.000000000000000000e+00
0.000000000000000000e+00
0.000000000000000000e+00
0.000000000000000000e+00
0.000000000000000000e+00
0.000000000000000000e+00
0.000000000000000000e+00
0.000000000000000000e+00
0.000000000000000000e+00
0.000000000000000000e+00
0.000000000000000000e+00
0.000000000000000000e+00
0.000000000000000000e+00
0.000000000000000000e+00
0.000000000000000000e+00
0.000000000000000000e+00
0.000000000000000000e+00
0.000000000000000000e+00
0.000000000000000000e+00
0.000000000000000000e+00
0.000000000000000000e+00
0.000000000000000000e+00
0.000000000000000000e+00
0.000000000000000000e+00
0.000000000000000000e+00
0.000000000000000000e+00
0.000000000000000000e+00
0.000000000000000000e+00
0.000000000000000000e+00
0.000000000000000000e+00
0.000000000000000000e+00
0.000000000000000000e+00
0.000000000000000000e+00
0.000000000000000000e+00
0.000000000000000000e+00
0.000000000000000000e+00
0.000000000000000000e+00
0.000000000000000000e+00
0.000000000000000000e+00
0.000000000000000000e+00
0.000000000000000000e+00
0.000000000000000000e+00
0.000000000000000000e+00
0.000000000000000000e+00
0.000000000000000000e+00
0.000000000000000000e+00
0.000000000000000000e+00
0.000000000000000000e+00
0.000000000000000000e+00
0.000000000000000000e+00
0.000000000000000000e+00
0.000000000000000000e+00
0.000000000000000000e+00
0.000000000000000000e+00
0.000000000000000000e+00
0.000000000000000000e+00
0.000000000000000000e+00
0.000000000000000000e+00
0.000000000000000000e+00
0.000000000000000000e+00
0.000000000000000000e+00
0.000000000000000000e+00
0.000000000000000000e+00
0.000000000000000000e+00
0.000000000000000000e+00
0.000000000000000000e+00
0.000000000000000000e+00
0.000000000000000000e+00
0.000000000000000000e+00
0.000000000000000000e+00
0.000000000000000000e+00
0.000000000000000000e+00
0.000000000000000000e+00
0.000000000000000000e+00
0.000000000000000000e+00
0.000000000000000000e+00
0.000000000000000000e+00
0.000000000000000000e+00
0.000000000000000000e+00
0.000000000000000000e+00
0.000000000000000000e+00
0.000000000000000000e+00
0.000000000000000000e+00
0.000000000000000000e+00
0.000000000000000000e+00
0.000000000000000000e+00
0.000000000000000000e+00
0.000000000000000000e+00
0.000000000000000000e+00
0.000000000000000000e+00
0.000000000000000000e+00
0.000000000000000000e+00
0.000000000000000000e+00
0.000000000000000000e+00
0.000000000000000000e+00
0.000000000000000000e+00
0.000000000000000000e+00
0.000000000000000000e+00
0.000000000000000000e+00
0.000000000000000000e+00
0.000000000000000000e+00
0.000000000000000000e+00
0.000000000000000000e+00
0.000000000000000000e+00
0.000000000000000000e+00
0.000000000000000000e+00
0.000000000000000000e+00
0.000000000000000000e+00
0.000000000000000000e+00
0.000000000000000000e+00
0.000000000000000000e+00
0.000000000000000000e+00
0.000000000000000000e+00
0.000000000000000000e+00
0.000000000000000000e+00
0.000000000000000000e+00
0.000000000000000000e+00
0.000000000000000000e+00
0.000000000000000000e+00
0.000000000000000000e+00
0.000000000000000000e+00
0.000000000000000000e+00
0.000000000000000000e+00
0.000000000000000000e+00
0.000000000000000000e+00
0.000000000000000000e+00
0.000000000000000000e+00
0.000000000000000000e+00
0.000000000000000000e+00
0.000000000000000000e+00
0.000000000000000000e+00
0.000000000000000000e+00
0.000000000000000000e+00
0.000000000000000000e+00
0.000000000000000000e+00
0.000000000000000000e+00
0.000000000000000000e+00
0.000000000000000000e+00
0.000000000000000000e+00
0.000000000000000000e+00
0.000000000000000000e+00
0.000000000000000000e+00
0.000000000000000000e+00
0.000000000000000000e+00
0.000000000000000000e+00
0.000000000000000000e+00
0.000000000000000000e+00
0.000000000000000000e+00
0.000000000000000000e+00
0.000000000000000000e+00
0.000000000000000000e+00
0.000000000000000000e+00
0.000000000000000000e+00
0.000000000000000000e+00
0.000000000000000000e+00
0.000000000000000000e+00
0.000000000000000000e+00
0.000000000000000000e+00
0.000000000000000000e+00
0.000000000000000000e+00
0.000000000000000000e+00
0.000000000000000000e+00
0.000000000000000000e+00
0.000000000000000000e+00
0.000000000000000000e+00
0.000000000000000000e+00
0.000000000000000000e+00
0.000000000000000000e+00
0.000000000000000000e+00
0.000000000000000000e+00
0.000000000000000000e+00
0.000000000000000000e+00
0.000000000000000000e+00
0.000000000000000000e+00
0.000000000000000000e+00
0.000000000000000000e+00
0.000000000000000000e+00
0.000000000000000000e+00
0.000000000000000000e+00
0.000000000000000000e+00
0.000000000000000000e+00
0.000000000000000000e+00
0.000000000000000000e+00
0.000000000000000000e+00
0.000000000000000000e+00
0.000000000000000000e+00
0.000000000000000000e+00
0.000000000000000000e+00
0.000000000000000000e+00
0.000000000000000000e+00
0.000000000000000000e+00
0.000000000000000000e+00
0.000000000000000000e+00
0.000000000000000000e+00
0.000000000000000000e+00
0.000000000000000000e+00
0.000000000000000000e+00
0.000000000000000000e+00
0.000000000000000000e+00
0.000000000000000000e+00
0.000000000000000000e+00
0.000000000000000000e+00
0.000000000000000000e+00
0.000000000000000000e+00
0.000000000000000000e+00
0.000000000000000000e+00
0.000000000000000000e+00
0.000000000000000000e+00
0.000000000000000000e+00
0.000000000000000000e+00
0.000000000000000000e+00
0.000000000000000000e+00
0.000000000000000000e+00
0.000000000000000000e+00
0.000000000000000000e+00
0.000000000000000000e+00
0.000000000000000000e+00
0.000000000000000000e+00
0.000000000000000000e+00
0.000000000000000000e+00
0.000000000000000000e+00
0.000000000000000000e+00
0.000000000000000000e+00
0.000000000000000000e+00
0.000000000000000000e+00
0.000000000000000000e+00
0.000000000000000000e+00
0.000000000000000000e+00
0.000000000000000000e+00
0.000000000000000000e+00
0.000000000000000000e+00
0.000000000000000000e+00
0.000000000000000000e+00
0.000000000000000000e+00
0.000000000000000000e+00
0.000000000000000000e+00
0.000000000000000000e+00
0.000000000000000000e+00
0.000000000000000000e+00
0.000000000000000000e+00
0.000000000000000000e+00
0.000000000000000000e+00
0.000000000000000000e+00
0.000000000000000000e+00
0.000000000000000000e+00
0.000000000000000000e+00
0.000000000000000000e+00
0.000000000000000000e+00
0.000000000000000000e+00
0.000000000000000000e+00
0.000000000000000000e+00
0.000000000000000000e+00
0.000000000000000000e+00
0.000000000000000000e+00
0.000000000000000000e+00
0.000000000000000000e+00
0.000000000000000000e+00
0.000000000000000000e+00
0.000000000000000000e+00
0.000000000000000000e+00
0.000000000000000000e+00
0.000000000000000000e+00
0.000000000000000000e+00
0.000000000000000000e+00
0.000000000000000000e+00
0.000000000000000000e+00
0.000000000000000000e+00
0.000000000000000000e+00
0.000000000000000000e+00
0.000000000000000000e+00
0.000000000000000000e+00
0.000000000000000000e+00
0.000000000000000000e+00
0.000000000000000000e+00
0.000000000000000000e+00
0.000000000000000000e+00
0.000000000000000000e+00
0.000000000000000000e+00
0.000000000000000000e+00
0.000000000000000000e+00
0.000000000000000000e+00
0.000000000000000000e+00
0.000000000000000000e+00
0.000000000000000000e+00
0.000000000000000000e+00
0.000000000000000000e+00
0.000000000000000000e+00
0.000000000000000000e+00
0.000000000000000000e+00
0.000000000000000000e+00
0.000000000000000000e+00
0.000000000000000000e+00
0.000000000000000000e+00
0.000000000000000000e+00
0.000000000000000000e+00
0.000000000000000000e+00
0.000000000000000000e+00
0.000000000000000000e+00
0.000000000000000000e+00
0.000000000000000000e+00
0.000000000000000000e+00
0.000000000000000000e+00
0.000000000000000000e+00
0.000000000000000000e+00
0.000000000000000000e+00
0.000000000000000000e+00
0.000000000000000000e+00
0.000000000000000000e+00
0.000000000000000000e+00
0.000000000000000000e+00
0.000000000000000000e+00
0.000000000000000000e+00
0.000000000000000000e+00
0.000000000000000000e+00
0.000000000000000000e+00
0.000000000000000000e+00
0.000000000000000000e+00
0.000000000000000000e+00
0.000000000000000000e+00
0.000000000000000000e+00
0.000000000000000000e+00
0.000000000000000000e+00
0.000000000000000000e+00
0.000000000000000000e+00
0.000000000000000000e+00
0.000000000000000000e+00
0.000000000000000000e+00
0.000000000000000000e+00
0.000000000000000000e+00
0.000000000000000000e+00
0.000000000000000000e+00
0.000000000000000000e+00
0.000000000000000000e+00
0.000000000000000000e+00
0.000000000000000000e+00
0.000000000000000000e+00
0.000000000000000000e+00
0.000000000000000000e+00
0.000000000000000000e+00
0.000000000000000000e+00
0.000000000000000000e+00
0.000000000000000000e+00
0.000000000000000000e+00
0.000000000000000000e+00
0.000000000000000000e+00
0.000000000000000000e+00
0.000000000000000000e+00
0.000000000000000000e+00
0.000000000000000000e+00
0.000000000000000000e+00
0.000000000000000000e+00
0.000000000000000000e+00
0.000000000000000000e+00
0.000000000000000000e+00
0.000000000000000000e+00
0.000000000000000000e+00
0.000000000000000000e+00
0.000000000000000000e+00
0.000000000000000000e+00
0.000000000000000000e+00
0.000000000000000000e+00
0.000000000000000000e+00
0.000000000000000000e+00
0.000000000000000000e+00
0.000000000000000000e+00
0.000000000000000000e+00
0.000000000000000000e+00
0.000000000000000000e+00
0.000000000000000000e+00
