2.052868338013271304e-06
2.196671425241148239e-06
2.332836117498463610e-06
2.461673383074490813e-06
2.583480959928132098e-06
2.698541904379741434e-06
2.807125376199024710e-06
2.909485152119480117e-06
3.005865059731653804e-06
3.096501074201566947e-06
3.181613553023617493e-06
3.261414844888411647e-06
3.336108328021609349e-06
3.405887565959525667e-06
3.470934331718404860e-06
3.531425947212129634e-06
3.587533587431275222e-06
3.639413568271966955e-06
3.687225481674079443e-06
3.731115681044343205e-06
3.771224199962618006e-06
3.807692600844700463e-06
3.840654352239229138e-06
3.870239222269244665e-06
3.896572211889278064e-06
3.919776871106749653e-06
3.939972086802641789e-06
3.957268919522825807e-06
3.971784902371777479e-06
3.983624163021371435e-06
3.992896764664942080e-06
3.999698731236092392e-06
4.004138000734308226e-06
4.006304367508532681e-06
4.006298650952840122e-06
4.004207257353502520e-06
4.000125973676406759e-06
3.994138190771803136e-06
3.986330516805001062e-06
3.976788920584917143e-06
3.965591531425474467e-06
3.952820027469231259e-06
3.938554835606343912e-06
3.922868480101002928e-06
3.905838844821885203e-06
3.887535396268973317e-06
3.868036989526460930e-06
3.847409117682129753e-06
3.825719052796830718e-06
3.803039692985112275e-06
3.779427882215601121e-06
3.754955396443431095e-06
3.729683722619742328e-06
3.703666904072583963e-06
3.676969330853321778e-06
3.649647718740151207e-06
3.621753307357374974e-06
3.593343940268847529e-06
3.564470466287314996e-06
3.535180173429749810e-06
3.505524219926009893e-06
3.475549812554774681e-06
3.445302180257079728e-06
3.414823809360092951e-06
3.384157282762351653e-06
3.353344594691056831e-06
3.322424068749522734e-06
3.291433353460041930e-06
3.260406869492841020e-06
3.229382900179605039e-06
3.198393602835008922e-06
3.167467377704118042e-06
3.136634191318142828e-06
3.105927363802612458e-06
3.075371601830170665e-06
3.044989924792852425e-06
3.014808681713177139e-06
2.984852028734639769e-06
2.955140884169650066e-06
2.925694231004455959e-06
2.896532320524582389e-06
2.867672048737801186e-06
2.839131879924579422e-06
2.810926893938726054e-06
2.783066850390337247e-06
2.755567432396778978e-06
2.728442749884852503e-06
2.701703812175751041e-06
2.675354381302443114e-06
2.649406601847227881e-06
2.623870922022962811e-06
2.598750795242604132e-06
2.574054986657173508e-06
2.549786224295181378e-06
2.525945023395545522e-06
2.502543491390971852e-06
2.479576951295783353e-06
2.457050840395520895e-06
2.434965832469743846e-06
2.413317796254376288e-06
2.392112677437856815e-06
2.371344079036848452e-06
2.351014717671259573e-06
2.331122668282217477e-06
2.311658204933950636e-06
2.292626949941201947e-06
2.274017141457808585e-06
2.255830809514038376e-06
2.238060176121793777e-06
2.220700823369678524e-06
2.203748481774124341e-06
2.187189810141468146e-06
2.171028017230422541e-06
2.155249947737026819e-06
2.139855331142865132e-06
2.124829180234352357e-06
2.110170047058873886e-06
2.095863822698742011e-06
2.081909402457080512e-06
2.068293020711073833e-06
2.055010262350188382e-06
2.042049023316299203e-06
2.029402755268375549e-06
2.017059702043738943e-06
2.005014559885323336e-06
1.993254218128905483e-06
1.981773942781754603e-06
1.970560361553022223e-06
1.959607619467369964e-06
1.948901249575493950e-06
1.938436851186771080e-06
1.928200146895531004e-06
1.918186720518599958e-06
1.908381614173176546e-06
1.898781350735458419e-06
1.889371506712319815e-06
1.880145550494617334e-06
1.871090923003780064e-06
1.862201303880405517e-06
1.853466021423286086e-06
1.844876362233885198e-06
1.836425083423955175e-06
1.828099300641525092e-06
1.819894848695420280e-06
1.811799320674780571e-06
1.803807284745886359e-06
1.795907125567446369e-06
1.788093115676228108e-06
1.780357721273906719e-06
1.772690560792304713e-06
1.765087831919050711e-06
1.757538192334399879e-06
1.750037562061825851e-06
1.742576734889791318e-06
1.735149258858581902e-06
1.727750678897593847e-06
1.720371827837261630e-06
1.713010040581484251e-06
1.705656756247546093e-06
1.698307095730006361e-06
1.690956967687061939e-06
1.683598492428448849e-06
1.676228943862058888e-06
1.668844112125999057e-06
1.661438033423177334e-06
1.654010574789093131e-06
1.646553253374597547e-06
1.639065633397586955e-06
1.631543494585942644e-06
1.623982794765097000e-06
1.616381841782115475e-06
1.608738856248903038e-06
1.601050275584693871e-06
1.593317292239613021e-06
1.585534656394318016e-06
1.577702569354278572e-06
1.569821237644316838e-06
1.561886120872517918e-06
1.553899451762673420e-06
1.545860034269723842e-06
1.537767459410947066e-06
1.529623200236439317e-06
1.521425782485206821e-06
1.513176768284083392e-06
1.504877156582984951e-06
1.496526172713699220e-06
1.488126433104651400e-06
1.479678750831110625e-06
1.471183381864655208e-06
1.462644297939026281e-06
1.454062456554286238e-06
1.445438551834791987e-06
1.436777024960612690e-06
1.428078971944121756e-06
1.419345762173151209e-06
1.410581851277389539e-06
1.401788717386864629e-06
1.392968000769507208e-06
1.384124739848104941e-06
1.375261684236151213e-06
1.366379386377999391e-06
1.357484039910274059e-06
1.348578638335226106e-06
1.339663600631880176e-06
1.330744529071596182e-06
1.321825467543634156e-06
1.312907296701203474e-06
1.303993498843286787e-06
1.295090583123274352e-06
1.286198954401992818e-06
1.277320827442705463e-06
1.268464713138360729e-06
1.259631497403809605e-06
1.250821346054010300e-06
1.242041932005250324e-06
1.233296349328807076e-06
1.224585105087720175e-06
1.215912410738633265e-06
1.207284135131073914e-06
1.198700758636802179e-06
1.190162586430925545e-06
1.181678168400317144e-06
1.173249371069341395e-06
1.164876046893689629e-06
1.156562660448480165e-06
1.148315041481065069e-06
1.140132051460028472e-06
1.132014359965888842e-06
1.123968741721344651e-06
1.115997929176692971e-06
1.108100049735528573e-06
1.100277110956674852e-06
1.092536591607382958e-06
1.084877885549647423e-06
1.077300228602646603e-06
1.069807607532966548e-06
1.062404286047473729e-06
1.055088013064059512e-06
1.047858818763354630e-06
1.040722476856633059e-06
1.033679089895740524e-06
1.026728244902817709e-06
1.019868840315477011e-06
1.013107328164434287e-06
1.006442353562553349e-06
9.998722549642448269e-07
9.933963594429136495e-07
9.870225594946492667e-07
9.807465490394653487e-07
9.745674678464129134e-07
9.684852707567990103e-07
9.625050801038196645e-07
9.566230859832528584e-07
9.508380058703687833e-07
9.451496422663273166e-07
9.395623852746872789e-07
9.340719418547720216e-07
9.286770353441238831e-07
9.233770613563169361e-07
9.181767501555697735e-07
9.130703464845978134e-07
9.080575451325063217e-07
9.031366092151866096e-07
8.983110972736710090e-07
8.935764969955466019e-07
8.889312328969902908e-07
8.843748727433783113e-07
8.799087190731565492e-07
8.755283185746484782e-07
8.712322221897333821e-07
8.670187461464660203e-07
8.628900172868938990e-07
8.588427581809284928e-07
8.548739552251885047e-07
8.509826482188899741e-07
8.471688878670767322e-07
8.434306693660694493e-07
8.397639210119310739e-07
8.361680641006561221e-07
8.326419435113066515e-07
8.291855043775142979e-07
8.257934647563398630e-07
8.224644016498807323e-07
8.191970024370344385e-07
8.159919055225308845e-07
8.128454800501117310e-07
8.097545187707934563e-07
8.067177171774564104e-07
8.037340490526270915e-07
8.008027766678146811e-07
7.979186660813309049e-07
7.950805338743498898e-07
7.922876923067921056e-07
7.895398934816965166e-07
7.868331779655739334e-07
7.841638221170333737e-07
7.815314453087332241e-07
7.789357069272953540e-07
7.763751537508820696e-07
7.738449094612353464e-07
7.713437625092683539e-07
7.688707495936753798e-07
7.664254850446429721e-07
7.640055509303267008e-07
7.616067968796845053e-07
7.592284727228996525e-07
7.568702960156709984e-07
7.545314965582667575e-07
7.522089288502570321e-07
7.498997908366877012e-07
7.476034421073087408e-07
7.453197379257460301e-07
7.430474432494593179e-07
7.407835089398324607e-07
7.385259532629757979e-07
7.362745263027075208e-07
7.340292052545713488e-07
7.317883591312375311e-07
7.295493531822805905e-07
7.273107853519887313e-07
7.250724924262823610e-07
7.228346708242667872e-07
7.205956179459152721e-07
7.183535058040032294e-07
7.161071884042037403e-07
7.138565855817939115e-07
7.116017780046552769e-07
7.093414342737058705e-07
7.070744698009495934e-07
7.047996811139707371e-07
7.025173805180731889e-07
7.002268444215762957e-07
6.979280862389196672e-07
6.956201781102864311e-07
6.933025076797506993e-07
6.909747618486137869e-07
6.886363998423067858e-07
6.862883138096949488e-07
6.839299593609246239e-07
6.815607943230808569e-07
6.791801848746017554e-07
6.767890371211266261e-07
6.743871202524664558e-07
6.719744741267306655e-07
6.695508322828124002e-07
6.671166198980263143e-07
6.646718237815917417e-07
6.622165883769785984e-07
6.597507309828011215e-07
6.572752040610116639e-07
6.547906125951518173e-07
6.522963385774050374e-07
6.497929689599295387e-07
6.472806164821121162e-07
6.447598946079668418e-07
6.422319344589176618e-07
6.396972086541074565e-07
6.371554875125482224e-07
6.346071639922638086e-07
6.320523198298156194e-07
6.294925911146578566e-07
6.269288428181802499e-07
6.243614675411490095e-07
6.217901849529706072e-07
6.192148692805179140e-07
6.166370288179109093e-07
6.140584045829912460e-07
6.114790989821691963e-07
6.088993777632863460e-07
6.063199170082205166e-07
6.037401023527944415e-07
6.011610762467350892e-07
5.985860532116931123e-07
5.960142697263250106e-07
5.934455842260566612e-07
5.908814965741296600e-07
5.883208363234554443e-07
5.857651549284008188e-07
5.832174808488174021e-07
5.806771913359395769e-07
5.781435555299717258e-07
5.756183561577591791e-07
5.731005194919622878e-07
5.705916888624087242e-07
5.680944495419157901e-07
5.656083440449816006e-07
5.631322979254108200e-07
5.606683676147693227e-07
5.582152686706864237e-07
5.557743274598730129e-07
5.533488750199261429e-07
5.509374535406935366e-07
5.485391666563985534e-07
5.461568480135295673e-07
5.437879522550618531e-07
5.414339731246355091e-07
5.390985779162571148e-07
5.367797954921649641e-07
5.344769854280482859e-07
5.321925671285085538e-07
5.299239532223532054e-07
5.276733735162347310e-07
5.254425686325149944e-07
5.232296659066025078e-07
5.210368899511015889e-07
5.188624528392957011e-07
5.167058576752729086e-07
5.145698171439225503e-07
5.124539104367775770e-07
5.103574644297569732e-07
5.082823317671295048e-07
5.062267495337698423e-07
5.041912980846355988e-07
5.021758883941710440e-07
5.001803842546080317e-07
4.982075435183594873e-07
4.962551330553118852e-07
4.943225076289485229e-07
4.924113353036029445e-07
4.905195890008951210e-07
4.886495010147051946e-07
4.868007741697389374e-07
4.849713915436153671e-07
4.831635853643790962e-07
4.813755377592472434e-07
4.796079434011368514e-07
4.778598932867513587e-07
4.761321624056673422e-07
4.744253195888849466e-07
4.727372905165508664e-07
4.710691329906205135e-07
4.694199879966962937e-07
4.677893324484169071e-07
4.661787640218897393e-07
4.645861239686807202e-07
4.630132683817003738e-07
4.614579649491961093e-07
4.599198188897895093e-07
4.583998418958950297e-07
4.568972277561749734e-07
4.554125307997795653e-07
4.539447703182194709e-07
4.524935074443170751e-07
4.510583685710668333e-07
4.496383552820568991e-07
4.482345624892489990e-07
4.468460880937239886e-07
4.454732810577141995e-07
4.441155390481817750e-07
4.427714317979874002e-07
4.414414648093000426e-07
4.401243823034712721e-07
4.388210873005048238e-07
4.375310473542196632e-07
4.362542195122631963e-07
4.349898703869657423e-07
4.337371100310912079e-07
4.324956388430296520e-07
4.312649461163676694e-07
4.300451933158607524e-07
4.288367626738508945e-07
4.276388222432593373e-07
4.264507981458600198e-07
4.252725069575257818e-07
4.241027168866177596e-07
4.229413122350844079e-07
4.217885807308381894e-07
4.206444174310498475e-07
4.195086021874411784e-07
4.183805294992086396e-07
4.172596807951953475e-07
4.161452188722926825e-07
4.150368750156614101e-07
4.139352265114058362e-07
4.128394270059414288e-07
4.117495516333565814e-07
4.106661509313231754e-07
4.095876891755435927e-07
4.085134493597855170e-07
4.074438915046461169e-07
4.063785591743728269e-07
4.053170691030741567e-07
4.042604147464711984e-07
4.032073479602021408e-07
4.021581403636140110e-07
4.011121263568191994e-07
4.000688933192688627e-07
3.990279415915107837e-07
3.979901487163859897e-07
3.969546800653530923e-07
3.959216170369865442e-07
3.948914531208340551e-07
3.938632768916144417e-07
3.928365866382451684e-07
3.918115183822002844e-07
3.907878623421331716e-07
3.897654621981451780e-07
3.887447174885518589e-07
3.877251565888068497e-07
3.867072024519375670e-07
3.856902665844820291e-07
3.846741045723728005e-07
3.836587449104335013e-07
3.826441403567037588e-07
3.816300178538713276e-07
3.806168994829008985e-07
3.796043536087729014e-07
3.785928126231721320e-07
3.775820301012172894e-07
3.765716874981585206e-07
3.755618326102968579e-07
3.745524078673015707e-07
3.735434519376455872e-07
3.725349835164047915e-07
3.715271086893524009e-07
3.705200438277515217e-07
3.695138158479055499e-07
3.685079564300520799e-07
3.675028010994527570e-07
3.664979848101383085e-07
3.654939070525986918e-07
3.644901892947766250e-07
3.634873524902255698e-07
3.624853840542593388e-07
3.614846794978378022e-07
3.604845833880627559e-07
3.594857742714979564e-07
3.584874846833432028e-07
3.574904635864356301e-07
3.564939671970257152e-07
3.554989011261806030e-07
3.545049619569151975e-07
3.535130035662560652e-07
3.525221381000382532e-07
3.515331868755322062e-07
3.505453243058179673e-07
3.495594329820952812e-07
3.485746646627538174e-07
3.475917281962199196e-07
3.466103474387307665e-07
3.456315551434869922e-07
3.446547567836852588e-07
3.436802520932628061e-07
3.427079778644930987e-07
3.417376514356523817e-07
3.407697920560850028e-07
3.398037047413140255e-07
3.388404711346359895e-07
3.378796342423469800e-07
3.369222145366441424e-07
3.359670849258734178e-07
3.350155039072674031e-07
3.340661205149865891e-07
3.331202642359890032e-07
3.321767270976996781e-07
3.312365401042069056e-07
3.302991386232952123e-07
3.293656591595367166e-07
3.284355111422589882e-07
3.275088740911060607e-07
3.265859691963864983e-07
3.256660621065601189e-07
3.247503222249484420e-07
3.238373446798681037e-07
3.229287336689554969e-07
3.220233409770689294e-07
3.211226875861835519e-07
3.202253921558900774e-07
3.193327065006487864e-07
3.184436959828016296e-07
3.175587114899821188e-07
3.166778255053301674e-07
3.158004768578185768e-07
3.149278436825347936e-07
3.140589552824636923e-07
3.131951745112874460e-07
3.123350274572342241e-07
3.114798142350710659e-07
3.106284954593929408e-07
3.097817191012988413e-07
3.089391373101071316e-07
3.081005341886180288e-07
3.072667416611674038e-07
3.064370195145246804e-07
3.056124983580506773e-07
3.047917486677291546e-07
3.039760636308576572e-07
3.031644031065836448e-07
3.023573504640949481e-07
3.015546550760198258e-07
3.007559718327705509e-07
2.999623148844595981e-07
2.991726230945111791e-07
2.983880883399681743e-07
2.976073266160900138e-07
2.968315146222961850e-07
2.960597303725940626e-07
2.952922969430526649e-07
2.945293573833278054e-07
2.937704082000949245e-07
2.930162548681545374e-07
2.922661148347094066e-07
2.915205813430540569e-07
2.907790050841584980e-07
2.900416014082828567e-07
2.893084217623553588e-07
2.885791425808491032e-07
2.878542854768383684e-07
2.871333374771437566e-07
2.864164593133501635e-07
2.857036944025453973e-07
2.849948255851646573e-07
2.842901790437916306e-07
2.835889841859355712e-07
2.828919984144818173e-07
2.821983878695396163e-07
2.815087749420247645e-07
2.808227667045866465e-07
2.801402656669625051e-07
2.794618180634734391e-07
2.787868070976339755e-07
2.781156554915065042e-07
2.774476712567922869e-07
2.767831354957953412e-07
2.761219543606216909e-07
2.754640729699418291e-07
2.748096493345229647e-07
2.741584931954124603e-07
2.735104700676330162e-07
2.728659662252924059e-07
2.722244885492714977e-07
2.715864603223265116e-07
2.709509364669381700e-07
2.703187491306885177e-07
2.696891215610502879e-07
2.690625276065820087e-07
2.684387490426489048e-07
2.678178961016424876e-07
2.671997869916679275e-07
2.665846876692017721e-07
2.659722351784661360e-07
2.653626898019813315e-07
2.647552958016416978e-07
2.641507875204641481e-07
2.635484232998304970e-07
2.629486987661727971e-07
2.623512999290677876e-07
2.617564263623633302e-07
2.611638905950948753e-07
2.605739807066723300e-07
2.599863532955181415e-07
2.594012342228512281e-07
2.588179180401507933e-07
2.582371116623316597e-07
2.576581025096178917e-07
2.570813475671054847e-07
2.565066151594672020e-07
2.559340449666923866e-07
2.553634708265607095e-07
2.547951499110122151e-07
2.542288062604925726e-07
2.536647138195600224e-07
2.531021107580150131e-07
2.525416850000078165e-07
2.519828442855538685e-07
2.514258482911850412e-07
2.508707380341647028e-07
2.503174353714365408e-07
2.497657660501862119e-07
2.492161270123721177e-07
2.486682179453321333e-07
2.481223078709548834e-07
2.475778487105261495e-07
2.470349849903871687e-07
2.464938952771323718e-07
2.459542351327228751e-07
2.454163396159169810e-07
2.448799174489507254e-07
2.443449661466822218e-07
2.438117965955824959e-07
2.432801914489030536e-07
2.427502878004193034e-07
2.422220582011709688e-07
2.416950490951585802e-07
2.411698466097422312e-07
2.406458611354729094e-07
2.401233125903205071e-07
2.396023800711430971e-07
2.390828406770067262e-07
2.385646290347555055e-07
2.380480850928148321e-07
2.375329560224590383e-07
2.370195655519408011e-07
2.365074399920815880e-07
2.359965667976669997e-07
2.354874469952180786e-07
2.349794235159619160e-07
2.344728724706698417e-07
2.339676878097473747e-07
2.334637761744513192e-07
2.329613690705752410e-07
2.324603723230266862e-07
2.319607423289423984e-07
2.314628857614082056e-07
2.309660955942303316e-07
2.304706462545005112e-07
2.299767547981913628e-07
2.294839793474842770e-07
2.289927189668328675e-07
2.285026960054650306e-07
2.280138545612497145e-07
2.275266178457392733e-07
2.270406574691304695e-07
2.265560558078762237e-07
2.260731864668113999e-07
2.255913681473514758e-07
2.251108919843660897e-07
2.246319552473605320e-07
2.241541373396260698e-07
2.236778111376128129e-07
2.232027336756055237e-07
2.227288394837066419e-07
2.222565024504858137e-07
2.217854528015504235e-07
2.213157143177739553e-07
2.208477197518149096e-07
2.203807993653522352e-07
2.199151139236933801e-07
2.194511491791531415e-07
2.189882478934779057e-07
2.185266881502100585e-07
2.180665641352734610e-07
2.176076453790287761e-07
2.171500861320838328e-07
2.166939736626231306e-07
2.162391118196590267e-07
2.157858369850470247e-07
2.153337733120783688e-07
2.148830034757533298e-07
2.144338366504774037e-07
2.139857971824426905e-07
2.135389352554183843e-07
2.130937515945618722e-07
2.126497094955725787e-07
2.122068106940105041e-07
2.117655598489397576e-07
2.113254435719228270e-07
2.108867418018749089e-07
2.104496698920417358e-07
2.100136443805594321e-07
2.095789884126785113e-07
2.091457884069354438e-07
2.087137637280375626e-07
2.082831473243495787e-07
2.078538094958043283e-07
2.074257109316451339e-07
2.069989698058535997e-07
2.065736479889243305e-07
2.061495471225229197e-07
2.057269207420334204e-07
2.053055929565433765e-07
2.048854786738851305e-07
2.044669128238880620e-07
2.040494519958050972e-07
2.036332498360659726e-07
2.032185506070768747e-07
2.028050085092887746e-07
2.023926119732904571e-07
2.019817152486209917e-07
2.015720946585170796e-07
2.011637066942525619e-07
2.007568592807217738e-07
2.003511013229900618e-07
1.999465970674479673e-07
1.995436076044524061e-07
1.991416716943138284e-07
1.987409379448548260e-07
1.983416820594339210e-07
1.979435690595598501e-07
1.975465396261070981e-07
1.971509583360427685e-07
1.967566389108128903e-07
1.963635152678715076e-07
1.959718750148100528e-07
1.955812854917836343e-07
1.951919054718677261e-07
1.948039901604988919e-07
1.944170800131230141e-07
1.940313603100234367e-07
1.936470363795568517e-07
1.932637866710759019e-07
1.928816459277756505e-07
1.925008431968941558e-07
1.921212976260343443e-07
1.917429114201708456e-07
1.913658534522941175e-07
1.909899645654321522e-07
1.906151333897978879e-07
1.902417181974474298e-07
1.898692855539455111e-07
1.894980303944275591e-07
1.891280253959403988e-07
1.887590636303255432e-07
1.883913084449328430e-07
1.880246351718754959e-07
1.876592696700325448e-07
1.872949539456302017e-07
1.869318350365471486e-07
1.865701125007811432e-07
1.862092616354932620e-07
1.858494892117597050e-07
1.854910765161886155e-07
1.851335545746208437e-07
1.847771023864105413e-07
1.844219409480016066e-07
1.840677860948010612e-07
1.837145498319016891e-07
1.833625742065495553e-07
1.830117329902737412e-07
1.826619339649985838e-07
1.823134047800082715e-07
1.819658283867943804e-07
1.816192162688472741e-07
1.812738862619289736e-07
1.809294298780692001e-07
1.805860096457803603e-07
1.802436731326964338e-07
1.799023288398196582e-07
1.795620670680832460e-07
1.792226738592516303e-07
1.788845269691717146e-07
1.785473030099921611e-07
1.782111324622575198e-07
1.778762472933201445e-07
1.775421156140077078e-07
1.772089086496164267e-07
1.768769515517532224e-07
1.765457655482476794e-07
1.762155340650481316e-07
1.758864170301382211e-07
1.755581315268055653e-07
1.752308691883771270e-07
1.749044762638992774e-07
1.745792211824963971e-07
1.742548126000182616e-07
1.739314110989191872e-07
1.736092206216511983e-07
1.732877106089684775e-07
1.729670598071738981e-07
1.726475882708747172e-07
1.723288271959432204e-07
1.720109612001770812e-07
1.716941224085929124e-07
1.713780787352007815e-07
1.710629882239290256e-07
1.707486732566590505e-07
1.704354582766558077e-07
1.701230333350397874e-07
1.698115163662516764e-07
1.695011283696048826e-07
1.691913836546497511e-07
1.688824671494839938e-07
1.685746094611144631e-07
1.682674450002002506e-07
1.679611221050061684e-07
1.676556417274278955e-07
1.673510645658676079e-07
1.670473230126965017e-07
1.667442519432672569e-07
1.664421769422323622e-07
1.661409501492441175e-07
1.658405284608499183e-07
1.655410161742281574e-07
1.652423416392007721e-07
1.649443485679398424e-07
1.646471461218799732e-07
1.643509209799358988e-07
1.640553056947258522e-07
1.637604304670722082e-07
1.634665372107494522e-07
1.631732792923046191e-07
1.628807653390968645e-07
1.625890672864262350e-07
1.622982403081237580e-07
1.620080899748066588e-07
1.617187517791040718e-07
1.614303933595828832e-07
1.611425622228147714e-07
1.608554505118604860e-07
1.605692696666523674e-07
1.602836822064473591e-07
1.599988339606516227e-07
1.597146832127866268e-07
1.594313841195135795e-07
1.591487612764133183e-07
1.588667121486864198e-07
1.585855472814071745e-07
1.583051371379222237e-07
1.580253903327468869e-07
1.577463652203207497e-07
1.574682535753618025e-07
1.571906524867433036e-07
1.569136929282265270e-07
1.566376414110520372e-07
1.563621005444716664e-07
1.560872667921977006e-07
1.558131477614541621e-07
1.555397079293203694e-07
1.552669815128463621e-07
1.549947784694436932e-07
1.547233992133760102e-07
1.544527183865729955e-07
1.541826762044539417e-07
1.539133098164333716e-07
1.536447979172299311e-07
1.533767695198699323e-07
1.531093467444498020e-07
1.528427847756432352e-07
1.525767018011201394e-07
1.523112919275437101e-07
1.520465362535219598e-07
1.517824706439756312e-07
1.515190412359843964e-07
1.512561012501945906e-07
1.509939472673576399e-07
1.507324774183679022e-07
1.504715701273901034e-07
1.502113283409556623e-07
1.499519380282822763e-07
1.496929712690872430e-07
1.494346108747752110e-07
1.491770455373512340e-07
1.489199969480680147e-07
1.486635544821893180e-07
1.484076746070815065e-07
1.481525768829277820e-07
1.478979876354898016e-07
1.476439591018188712e-07
1.473905839548263027e-07
1.471379089501801338e-07
1.468857657420938274e-07
1.466342782906628405e-07
1.463835443201323265e-07
1.461333397570099824e-07
1.458836838588651235e-07
1.456346185874240829e-07
1.453863174259188319e-07
1.451384664884501074e-07
1.448911736652043706e-07
1.446445909976532501e-07
1.443985117788938792e-07
1.441530884082693599e-07
1.439081043528394099e-07
1.436638458496642837e-07
1.434202062192853977e-07
1.431770959027069532e-07
1.429345848413663255e-07
1.426928855470526811e-07
1.424515589664317128e-07
1.422107930091993789e-07
1.419707486370054703e-07
1.417312420273315212e-07
1.414922354141759629e-07
1.412537584252795440e-07
1.410160206153017430e-07
1.407787068030817163e-07
1.405420114912386659e-07
1.403057855707395615e-07
1.400702457051478065e-07
1.398352828435031211e-07
1.396008773109347679e-07
1.393670296864003544e-07
1.391339488068470873e-07
1.389012424796939075e-07
1.386690518979215044e-07
1.384375982490539539e-07
1.382066147628279634e-07
1.379761448276909867e-07
1.377461716765305152e-07
1.375169314242169841e-07
1.372880915017924997e-07
1.370598431749292416e-07
1.368320488343899807e-07
1.366049257466773743e-07
1.363783529120972124e-07
1.361523134861712205e-07
1.359268027243925489e-07
1.357020516583009896e-07
1.354776384238253769e-07
1.352537325832715547e-07
1.350305061400838122e-07
1.348077903076267007e-07
1.345855182815339358e-07
1.343637491170908575e-07
1.341426451618413625e-07
1.339219512429491206e-07
1.337018464521476023e-07
1.334821302392459106e-07
1.332630771176060596e-07
1.330445730023614988e-07
1.328265104091181558e-07
1.326090031921272730e-07
1.323921990684502867e-07
1.321757616719018561e-07
1.319598173179430246e-07
1.317443618295261834e-07
1.315295977831462626e-07
1.313151720894557817e-07
1.311012513931450363e-07
1.308878367179698103e-07
1.306750226563027245e-07
1.304626369309702576e-07
1.302506762532187613e-07
1.300392579946567310e-07
1.298284233330603317e-07
1.296180319526572904e-07
1.294081510337164723e-07
1.291987845901893718e-07
1.289900435213363278e-07
1.287816364583901943e-07
1.285736722067353299e-07
1.283663393959821440e-07
1.281594487934327423e-07
1.279529682544726499e-07
1.277469377826574329e-07
1.275415036938972406e-07
1.273364492386018594e-07
1.271319373475185728e-07
1.269277476872290037e-07
1.267241622191300133e-07
1.265210826256933432e-07
1.263183985939220005e-07
1.261162163734900247e-07
1.259145945898241757e-07
1.257134402776703340e-07
1.255126563410911845e-07
1.253122748832071754e-07
1.251125229367684944e-07
1.249131194260676937e-07
1.247141581689081155e-07
1.245155939490828488e-07
1.243176241823480364e-07
1.241199804256138423e-07
1.239228534161627852e-07
1.237260408625053194e-07
1.235297913851274362e-07
1.233340221707825265e-07
1.231386211677267147e-07
1.229436961670222724e-07
1.227492939781662606e-07
1.225553383564726609e-07
1.223617232346440828e-07
1.221684892249986716e-07
1.219758398918729704e-07
1.217835417757601835e-07
1.215916318164659429e-07
1.214001173635786648e-07
1.212091307008701119e-07
1.210184772078458068e-07
1.208283155496480501e-07
1.206384383986893808e-07
1.204490727163362584e-07
1.202601731422591952e-07
1.200716355097015111e-07
1.198835398208297832e-07
1.196958596881748892e-07
1.195087283778762019e-07
1.193218430014020522e-07
1.191353579509311590e-07
1.189493437510725735e-07
1.187637899091315460e-07
1.185785344005272281e-07
1.183936749019438994e-07
1.182092174073466837e-07
1.180252431859258043e-07
1.178415896676111812e-07
1.176583259199881678e-07
1.174754192529530582e-07
1.172929852186452255e-07
1.171109736918465490e-07
1.169292875462747582e-07
1.167480242613719231e-07
1.165672795409237572e-07
1.163868430292953440e-07
1.162067615171160325e-07
1.160270113664809253e-07
1.158477998888944321e-07
1.156688681705673680e-07
1.154903053111813281e-07
1.153120893356735180e-07
1.151343475438632509e-07
1.149569066344824085e-07
1.147798984372401412e-07
1.146031495231675524e-07
1.144268413225079420e-07
1.142509521819122167e-07
1.140754168118267054e-07
1.139002607803643978e-07
1.137254479962773082e-07
1.135511768906811360e-07
1.133771272410231532e-07
1.132034488225066799e-07
1.130300900847806486e-07
1.128572591558363036e-07
1.126846531118313031e-07
1.125124206531264428e-07
1.123405012481003737e-07
1.121690565825736917e-07
1.119978616560294066e-07
1.118270997236539308e-07
1.116565680729823305e-07
1.114864658872849877e-07
1.113167597538332266e-07
1.111473818865919815e-07
1.109783683372210756e-07
1.108096784683937028e-07
1.106415109073772569e-07
1.104735577784477183e-07
1.103059557647812346e-07
1.101386515173099761e-07
1.099718505242364058e-07
1.098052778626368775e-07
1.096390444046878518e-07
1.094731210738552437e-07
1.093076247647726951e-07
1.091424183988796665e-07
1.089775744284097975e-07
1.088129905273891296e-07
1.086487595865857428e-07
1.084849332267815210e-07
1.083214637076960602e-07
1.081582751644210989e-07
1.079954413214973441e-07
1.078330665899445095e-07
1.076709775529380334e-07
1.075091638538907600e-07
1.073476292855621170e-07
1.071865508273655050e-07
1.070257797992371154e-07
1.068652699549991622e-07
1.067050788477875146e-07
1.065452102727227446e-07
1.063857703130581727e-07
1.062265509456652730e-07
1.060676890572939743e-07
1.059090657771721809e-07
1.057508563274904913e-07
1.055930007177863054e-07
1.054354100997350416e-07
1.052781709824633174e-07
1.051212387854095089e-07
1.049647755287498932e-07
1.048084773154224346e-07
1.046525100059660899e-07
1.044968158104780657e-07
1.043415932119971810e-07
1.041865632616628056e-07
1.040318383182789258e-07
1.038773924072731249e-07
1.037233248214579976e-07
1.035695579445364200e-07
1.034160710539849804e-07
1.032628705806683967e-07
1.031099412008818433e-07
1.029573995522480428e-07
1.028051796994882920e-07
1.026532035903905616e-07
1.025015672902542669e-07
1.023502695953079337e-07
1.021993580649374789e-07
1.020486060840752492e-07
1.018981703489566349e-07
1.017480194688900120e-07
1.015983111584878955e-07
1.014487677621818710e-07
1.012995297412009708e-07
1.011505452733389027e-07
1.010019342308783567e-07
1.008535920758505431e-07
1.007055275166858958e-07
1.005577277956388611e-07
1.004101882813662042e-07
1.002630181164878504e-07
1.001161532857158404e-07
9.996952138061872560e-08
9.982321396049233389e-08
9.967720371224047333e-08
9.953159410648574332e-08
9.938612698504527414e-08
9.924096740502609623e-08
9.909604993887168242e-08
9.895156136264085820e-08
9.880725147355832308e-08
9.866320578380350338e-08
9.851941235273176583e-08
9.837593800925210814e-08
9.823279029859642130e-08
9.808984837760221038e-08
9.794720144664216524e-08
9.780475991450141833e-08
9.766268185566506000e-08
9.752090187941188190e-08
9.737935068964828358e-08
9.723809286012154170e-08
9.709707912124386715e-08
9.695648128891584035e-08
9.681606624202032789e-08
9.667589823314148976e-08
9.653594672791683568e-08
9.639635744312896206e-08
9.625704512280472008e-08
9.611792330826889232e-08
9.597908275163729924e-08
9.584045835953967509e-08
9.570222285536649768e-08
9.556414255055208638e-08
9.542638673732585628e-08
9.528880652051996872e-08
9.515150141440378255e-08
9.501452309713498317e-08
9.487781420294138937e-08
9.474130513067043183e-08
9.460509504769967404e-08
9.446914901302006927e-08
9.433356621422150473e-08
9.419810782637284606e-08
9.406293314776297373e-08
9.392796469022963317e-08
9.379336907470388551e-08
9.365896593461462921e-08
9.352477787605357691e-08
9.339083332188893981e-08
9.325712852162822081e-08
9.312378074825351670e-08
9.299057218813182561e-08
9.285767701621398708e-08
9.272493067718586328e-08
9.259247950149483303e-08
9.246031401757611523e-08
9.232841569457229870e-08
9.219669792460327265e-08
9.206527009024282161e-08
9.193410619789205129e-08
9.180326875837071082e-08
9.167255135709759162e-08
9.154210508062061954e-08
9.141185750591813728e-08
9.128196501530456368e-08
9.115225476555542146e-08
9.102274658637905754e-08
9.089347217463770307e-08
9.076442247615271580e-08
9.063571786044683651e-08
9.050713989126494725e-08
9.037886582467197045e-08
9.025073790785424481e-08
9.012286933144442273e-08
8.999529033156470701e-08
8.986795789126570653e-08
8.974080537015616742e-08
8.961393005977452792e-08
8.948726729030929462e-08
8.936095948049325533e-08
8.923477878932674326e-08
8.910883485543100174e-08
8.898306815246450639e-08
8.885761665551925846e-08
8.873240807463194171e-08
8.860734880235980661e-08
8.848254685329721232e-08
8.835792792272823456e-08
8.823361409313039627e-08
8.810949172772815088e-08
8.798557892460864072e-08
8.786189143456127822e-08
8.773837387084275655e-08
8.761515186904326966e-08
8.749217433681305229e-08
8.736938881291240638e-08
8.724682910889547097e-08
8.712448505925514827e-08
8.700244775468749033e-08
8.688063599533196040e-08
8.675895032171164339e-08
8.663750850750039912e-08
8.651626353496874430e-08
8.639535092727060432e-08
8.627457942083016630e-08
8.615399786884439714e-08
8.603362749411554303e-08
8.591345916116033378e-08
8.579361021547747435e-08
8.567387141720733414e-08
8.555440952397086316e-08
8.543509430090551031e-08
8.531598847909131504e-08
8.519714737757244940e-08
8.507854539203581346e-08
8.496011390399293582e-08
8.484191405861356029e-08
8.472390150889475737e-08
8.460620857988000986e-08
8.448869426508401470e-08
8.437132575853955989e-08
8.425415501023841914e-08
8.413720365824078074e-08
8.402057288223092920e-08
8.390405806917141707e-08
8.378773199410021984e-08
8.367160228772538784e-08
8.355566773696868567e-08
8.344003938765891595e-08
8.332451257470845662e-08
8.320924968557765870e-08
8.309412777045902502e-08
8.297920030873644415e-08
8.286452644341607903e-08
8.275008496075893601e-08
8.263580330487566534e-08
8.252173779617277609e-08
8.240785341169078387e-08
8.229426536683110049e-08
8.218086999063729956e-08
8.206758908437122679e-08
8.195453202729259736e-08
8.184164613494735576e-08
8.172906087618384695e-08
8.161661664421324289e-08
8.150432950370360253e-08
8.139225048628300349e-08
8.128033431639927545e-08
8.116870225221869260e-08
8.105721446746928247e-08
8.094591015283028052e-08
8.083480432957338545e-08
8.072383510410115565e-08
8.061312597681370631e-08
8.050261986041147260e-08
8.039231186414739291e-08
8.028215194991011041e-08
8.017221866308597336e-08
8.006248087298012076e-08
7.995302722609037177e-08
7.984366344452587378e-08
7.973449776740827093e-08
7.962546654348318887e-08
7.951668120841580922e-08
7.940814859573968547e-08
7.929971207003639271e-08
7.919146734033271382e-08
7.908338879325224339e-08
7.897549797084398514e-08
7.886787794304784326e-08
7.876034403724191016e-08
7.865305305182433771e-08
7.854588014502306077e-08
7.843888787911511970e-08
7.833212546022432033e-08
7.822557144004708331e-08
7.811916073523989540e-08
7.801293927167503362e-08
7.790689158776134925e-08
7.780108727881740603e-08
7.769549628307221160e-08
7.758998938250501279e-08
7.748469097080743243e-08
7.737951832055854083e-08
7.727459806639203688e-08
7.716987500469321635e-08
7.706525384548369765e-08
7.696083228812706759e-08
7.685654880921105949e-08
7.675246572856008077e-08
7.664862165930393859e-08
7.654486453055769263e-08
7.644133776835628626e-08
7.633791610240307195e-08
7.623467365100319811e-08
7.613164721116315616e-08
7.602881809900900651e-08
7.592612348480250746e-08
7.582360566251866594e-08
7.572125990673007581e-08
7.561913113005645208e-08
7.551722063422861598e-08
7.541538741318479416e-08
7.531374752870290837e-08
7.521222394727627938e-08
7.511092440356543872e-08
7.500984987603112303e-08
7.490886013942765260e-08
7.480804549909277166e-08
7.470737764829711370e-08
7.460687146522731033e-08
7.450662050425945724e-08
7.440644654127586564e-08
7.430647639434580703e-08
7.420663981085313740e-08
7.410693046149237589e-08
7.400744763254332278e-08
7.390813558190066551e-08
7.380899457326688345e-08
7.370997424065479353e-08
7.361115606281053040e-08
7.351247780301421988e-08
7.341406620161990028e-08
7.331575258778156635e-08
7.321756385967626782e-08
7.311952381248183717e-08
7.302165367407207743e-08
7.292403221409596370e-08
7.282651044938953528e-08
7.272911350293939333e-08
7.263189366531868498e-08
7.253479961875045368e-08
7.243791154504635012e-08
7.234119241308002920e-08
7.224457760790660960e-08
7.214816731196673654e-08
7.205184084366950271e-08
7.195569174267384604e-08
7.185973434050190865e-08
7.176395355427094609e-08
7.166829231480791183e-08
7.157278753643332078e-08
7.147744798752639026e-08
7.138228673359150750e-08
7.128734466877582849e-08
7.119247263830651738e-08
7.109776047466516236e-08
7.100315825398393567e-08
7.090874217115399892e-08
7.081456390308366392e-08
7.072046127400734193e-08
7.062648948641741852e-08
7.053267658655946631e-08
7.043898788685669638e-08
7.034551303537040876e-08
7.025217311086456068e-08
7.015894556638087418e-08
7.006590770736595623e-08
6.997294732820172909e-08
6.988016385636841177e-08
6.978756222934806906e-08
6.969512594970237314e-08
6.960280344517386667e-08
6.951062896957376628e-08
6.941861504229255437e-08
6.932676374357962191e-08
6.923513126423484914e-08
6.914356929218787830e-08
6.905214664382585421e-08
6.896083963279355526e-08
6.886969807557615436e-08
6.877879158533291288e-08
6.868796372989096161e-08
6.859724991388281773e-08
6.850669836120235970e-08
6.841626148910672381e-08
6.832600196542380389e-08
6.823591845404382893e-08
6.814591324164835757e-08
6.805609972120503747e-08
6.796637306393753198e-08
6.787677961718053683e-08
6.778737376020574378e-08
6.769811999645635857e-08
6.760900982818024345e-08
6.752000405735016536e-08
6.743117707304649044e-08
6.734246075955839514e-08
6.725397969389655493e-08
6.716560279873946259e-08
6.707730571407595270e-08
6.698918058412054745e-08
6.690115433233386732e-08
6.681332542002802650e-08
6.672565573463791270e-08
6.663806182034716148e-08
6.655061488022762669e-08
6.646328801374110130e-08
6.637608684230644306e-08
6.628910328736845611e-08
6.620220217274962105e-08
6.611542500130674676e-08
6.602880853446036618e-08
6.594226512399391481e-08
6.585588648843487959e-08
6.576967676660857373e-08
6.568361399628479151e-08
6.559765328721602272e-08
6.551182514713619908e-08
6.542614885017414301e-08
6.534060892545306741e-08
6.525527877321652757e-08
6.517002234400662341e-08
6.508486766685296966e-08
6.499984438960278611e-08
6.491494860412016952e-08
6.483024926304807574e-08
6.474566328537163157e-08
6.466116190479314382e-08
6.457680775987555771e-08
6.449256361341993379e-08
6.440844350242451024e-08
6.432453133363425535e-08
6.424068694463221122e-08
6.415696900174612210e-08
6.407339810664901367e-08
6.398989890133947851e-08
6.390655684874197703e-08
6.382337651547582571e-08
6.374033484233958494e-08
6.365738984544642190e-08
6.357456890347405442e-08
6.349189677860483835e-08
6.340934568988393339e-08
6.332700252470169528e-08
6.324473384882503649e-08
6.316254848068220715e-08
6.308051024694803879e-08
6.299856990016350455e-08
6.291680950356986403e-08
6.283519078477746247e-08
6.275364040396795743e-08
6.267222103191270871e-08
6.259091152444587810e-08
6.250971471848197630e-08
6.242870541468530611e-08
6.234779356424209110e-08
6.226697148286943378e-08
6.218631562321058191e-08
6.210572325428272003e-08
6.202525735767592144e-08
6.194495066413028449e-08
6.186477349690417797e-08
6.178472527396948687e-08
6.170476115081857275e-08
6.162495359223176425e-08
6.154523631128466965e-08
6.146571036513833705e-08
6.138631110493475056e-08
6.130696480521210774e-08
6.122776008626306653e-08
6.114862917609217222e-08
6.106964561972207338e-08
6.099086053775107083e-08
6.091213236538269546e-08
6.083349218115575453e-08
6.075499488080969146e-08
6.067658241636136173e-08
6.059829870692436066e-08
6.052020106786186090e-08
6.044215208981515345e-08
6.036422968943923211e-08
6.028643295380198631e-08
6.020870187299078212e-08
6.013111410037104929e-08
6.005367013978969564e-08
5.997635548269469305e-08
5.989913350710833400e-08
5.982201165833375782e-08
5.974503701493862892e-08
5.966815070295562426e-08
5.959145908987058426e-08
5.951485940464662297e-08
5.943831736056530037e-08
5.936191728917973731e-08
5.928558263919913788e-08
5.920939577769545340e-08
5.913339145922462295e-08
5.905743762225514008e-08
5.898157072518148102e-08
5.890583659495304920e-08
5.883018276803258953e-08
5.875465651607950806e-08
5.867930532327379055e-08
5.860399851460274318e-08
5.852881219453674061e-08
5.845374678711105752e-08
5.837874143075320847e-08
5.830387298323171197e-08
5.822913933189816682e-08
5.815452910369412316e-08
5.808001423097587164e-08
5.800558672344866026e-08
5.793130161035493271e-08
5.785709753826075237e-08
5.778307085954614958e-08
5.770915408667046944e-08
5.763528484491098162e-08
5.756154301326507803e-08
5.748786962895404431e-08
5.741432615506021888e-08
5.734096113769937474e-08
5.726765689402075985e-08
5.719442901117760915e-08
5.712132699995034346e-08
5.704831094628301567e-08
5.697539185684996767e-08
5.690264576468491306e-08
5.682997053808083994e-08
5.675737420115028409e-08
5.668492347510199074e-08
5.661252860896017001e-08
5.654022803469543759e-08
5.646807718844366936e-08
5.639603234980521264e-08
5.632410717074888488e-08
5.625225774944055624e-08
5.618051925908219999e-08
5.610888456980571989e-08
5.603736711334080565e-08
5.596601628355614895e-08
5.589472241639838192e-08
5.582349061241403931e-08
5.575239396996414063e-08
5.568135925722703099e-08
5.561046151368795271e-08
5.553972181361134998e-08
5.546902657820108810e-08
5.539841262133017557e-08
5.532791834843594089e-08
5.525749625143089336e-08
5.518718919121979266e-08
5.511704526862259690e-08
5.504694378867586612e-08
5.497694093608084332e-08
5.490706181193894240e-08
5.483723208965961318e-08
5.476751437986426183e-08
5.469792562282007405e-08
5.462843941431839944e-08
5.455906885550253645e-08
5.448976368534319931e-08
5.442057497848717789e-08
5.435147153366057104e-08
5.428249518932524245e-08
5.421366991839826096e-08
5.414489552247238385e-08
5.407618370261954331e-08
5.400759779193791769e-08
5.393907309518388904e-08
5.387067916028459388e-08
5.380243659871742453e-08
5.373423549254145526e-08
5.366610983491470886e-08
5.359810088238740767e-08
5.353016120010865381e-08
5.346232527728011998e-08
5.339464776220174988e-08
5.332701716315600953e-08
5.325946918065462577e-08
5.319204957225385429e-08
5.312467759771437163e-08
5.305739575382263602e-08
5.299024886926797869e-08
5.292319929169948987e-08
5.285625738337942648e-08
5.278938405017973435e-08
5.272260532432397707e-08
5.265593371465705698e-08
5.258935114934989945e-08
5.252293142781032953e-08
5.245657534844065266e-08
5.239026699550237783e-08
5.232407854338120873e-08
5.225793930006264007e-08
5.219191784228697378e-08
5.212605512027497343e-08
5.206024358563924049e-08
5.199449704774849646e-08
5.192885515770787803e-08
5.186329072381162903e-08
5.179780871740196292e-08
5.173245617834776606e-08
5.166720751344263158e-08
5.160199829557123420e-08
5.153691514080870861e-08
5.147190702679137359e-08
5.140695689429686712e-08
5.134212097435913440e-08
5.127739766750466547e-08
5.121277211054989979e-08
5.114823458273294996e-08
5.108376060233467673e-08
5.101940211271882099e-08
5.095511024789822496e-08
5.089094415232957565e-08
5.082691161447024175e-08
5.076292420324408490e-08
5.069899080262911742e-08
5.063517776977935027e-08
5.057141155410287341e-08
5.050776249955779927e-08
5.044426344244570063e-08
5.038079906256600104e-08
5.031739795737095033e-08
5.025410700718015163e-08
5.019088416924857015e-08
5.012774079906929678e-08
5.006473333293355551e-08
5.000180440660434619e-08
4.993892247347248135e-08
4.987616213148608387e-08
4.981346489959524570e-08
4.975082817528064850e-08
4.968830067546225246e-08
4.962588076292067501e-08
4.956355400464859267e-08
4.950131018018764522e-08
4.943912694576158953e-08
4.937705236289866273e-08
4.931504434724333652e-08
4.925314881484230571e-08
4.919138824296420593e-08
4.912967164921672209e-08
4.906800442993028750e-08
4.900645094511405542e-08
4.894493790602576353e-08
4.888353447780775832e-08
4.882227930749234065e-08
4.876106346000387292e-08
4.869990806991553193e-08
4.863884730559407915e-08
4.857785825673589247e-08
4.851694133459663697e-08
4.845613122960124988e-08
4.839543879814984694e-08
4.833477458285880599e-08
4.827420840089526050e-08
4.821373516882276111e-08
4.815330165194404202e-08
4.809295993320329916e-08
4.803272765140522178e-08
4.797257959612819965e-08
4.791252671564365294e-08
4.785253041102016428e-08
4.779261318881252680e-08
4.773280065879719633e-08
4.767304929402625742e-08
4.761343829507665078e-08
4.755390501634450956e-08
4.749440453721624531e-08
4.743499069469305694e-08
4.737564649539878633e-08
4.731637868789903412e-08
4.725721820447119343e-08
4.719817617310590000e-08
4.713916703605335496e-08
4.708021736591237188e-08
4.702136893345629408e-08
4.696257796140719323e-08
4.690386197921778526e-08
4.684527737165850854e-08
4.678675514039956103e-08
4.672827654577930886e-08
4.666990887882676317e-08
4.661160169890990947e-08
4.655334493135534565e-08
4.649518742205439267e-08
4.643712749816991265e-08
4.637914580080626096e-08
4.632125535644078179e-08
4.626341557458759102e-08
4.620565815988048681e-08
4.614798620610732223e-08
4.609038706159224434e-08
4.603292358007627114e-08
4.597552395091083555e-08
4.591815563992041591e-08
4.586087572039675646e-08
4.580365522400364351e-08
4.574651413628229721e-08
4.568947464603368845e-08
4.563254624902655153e-08
4.557564921250371967e-08
4.551880792908708706e-08
4.546206443288194580e-08
4.540537596699919538e-08
4.534875803630282651e-08
4.529226082408563656e-08
4.523583333574550209e-08
4.517944017019682328e-08
4.512315197138500550e-08
4.506693217157424005e-08
4.501075122530240801e-08
4.495466073134967264e-08
4.489866589302884103e-08
4.484274796176325756e-08
4.478691713810600821e-08
4.473113590074216031e-08
4.467542616348345166e-08
4.461981553730637926e-08
4.456425367471020779e-08
4.450881479885215678e-08
4.445346228130651345e-08
4.439814199015637586e-08
4.434287658391424789e-08
4.428770584718826648e-08
4.423257366783614847e-08
4.417753666160360920e-08
4.412263124260647756e-08
4.406775499699104707e-08
4.401293160652800002e-08
4.395818884071603625e-08
4.390351151958124649e-08
4.384889165341125361e-08
4.379435526235938846e-08
4.373994115597181076e-08
4.368555298110616051e-08
4.363122440866675588e-08
4.357700020642008997e-08
4.352281198312605646e-08
4.346867675720121838e-08
4.341463926172608288e-08
4.336069245500870999e-08
4.330681979271685080e-08
4.325301666105147355e-08
4.319926234987701676e-08
4.314558880318820816e-08
4.309198594438462584e-08
4.303845322527715409e-08
4.298504522332201189e-08
4.293169555469423835e-08
4.287837318665833282e-08
4.282512708889948150e-08
4.277194473719911420e-08
4.271882022949518194e-08
4.266578702600314514e-08
4.261287141086474720e-08
4.255997833551659106e-08
4.250713736718954899e-08
4.245438111326395187e-08
4.240168076293053838e-08
4.234903868513929166e-08
4.229647947283539134e-08
4.224403277271195496e-08
4.219160873949724316e-08
4.213924506185870995e-08
4.208697979377853154e-08
4.203474775615613986e-08
4.198256659899820184e-08
4.193048002126386191e-08
4.187847956919374940e-08
4.182654810339379414e-08
4.177468642982643334e-08
4.172287034286291691e-08
4.167112622010446621e-08
4.161945971433134048e-08
4.156785067207803116e-08
4.151636003714276028e-08
4.146493410640846754e-08
4.141353608335573193e-08
4.136219501905471026e-08
4.131093490478189727e-08
4.125971128068845199e-08
4.120857424738618145e-08
4.115755997616773778e-08
4.110657446672594231e-08
4.105563370740057768e-08
4.100476208688543604e-08
4.095395610791909454e-08
4.090319757854203082e-08
4.085251357007546325e-08
4.080194186703922496e-08
4.075140692172828546e-08
4.070091200897320900e-08
4.065051007688822513e-08
4.060016207747681158e-08
4.054984950703953777e-08
4.049961496313860684e-08
4.044946524985203460e-08
4.039938375143214648e-08
4.034937651744117148e-08
4.029941411059369257e-08
4.024950978026379385e-08
4.019969189899528198e-08
4.014991272797948596e-08
4.010022558777104209e-08
4.005064312465654956e-08
4.000109521222773377e-08
3.995157877875137524e-08
3.990214241340428444e-08
3.985274766942451296e-08
3.980342106452313280e-08
3.975417439229987080e-08
3.970503285545774287e-08
3.965590995607212256e-08
3.960683326601838153e-08
3.955783571862569682e-08
3.950888910571700520e-08
3.945999330737361056e-08
3.941116901347639240e-08
3.936245489188407418e-08
3.931376297552517266e-08
3.926511811477932945e-08
3.921656367927929235e-08
3.916804786758169077e-08
3.911957498264563404e-08
3.907118006582182926e-08
3.902286248746833509e-08
3.897460892935788336e-08
3.892642818582063683e-08
3.887828689577577349e-08
3.883020381458677398e-08
3.878220373104344306e-08
3.873423904718807451e-08
3.868636289011298608e-08
3.863858697765078767e-08
3.859084500555526375e-08
3.854313181888977648e-08
3.849549280278078256e-08
3.844789929967904456e-08
3.840036301898920116e-08
3.835290419569308094e-08
3.830555059673773668e-08
3.825821447480376892e-08
3.821092557477661609e-08
3.816370352095911552e-08
3.811653635947176401e-08
3.806941222279002760e-08
3.802235757955001352e-08
3.797540624337051685e-08
3.792848839354803496e-08
3.788160375338866772e-08
3.783480426213747816e-08
3.778806035784695541e-08
3.774134447172285647e-08
3.769468810593692263e-08
3.764811819019705144e-08
3.760161306205914657e-08
3.755517209196596997e-08
3.750878188635726072e-08
3.746243475690553900e-08
3.741615675344207902e-08
3.736993725473485508e-08
3.732377326016967137e-08
3.727771267821589161e-08
3.723170951151164479e-08
3.718573131378225999e-08
3.713979185413062998e-08
3.709393758778228539e-08
3.704810229220851430e-08
3.700234793644561695e-08
3.695668277629079619e-08
3.691107694741638671e-08
3.686549902177660477e-08
3.681996063778416001e-08
3.677450016926085629e-08
3.672908196045007677e-08
3.668371447671555673e-08
3.663841575549686623e-08
3.659321327912737342e-08
3.654802804493937910e-08
3.650288756279482881e-08
3.645783037980789936e-08
3.641280804360818920e-08
3.636782307554808449e-08
3.632290868502600871e-08
3.627806679007393567e-08
3.623328466122664401e-08
3.618856643943761720e-08
3.614389024430001240e-08
3.609925816214066212e-08
3.605469988586893896e-08
3.601018544687685377e-08
3.596573065591314387e-08
3.592137752134390090e-08
3.587707305593255445e-08
3.583279099927545947e-08
3.578854854918016929e-08
3.574438732275767594e-08
3.570024320074677219e-08
3.565617625078537413e-08
3.561219424607366289e-08
3.556827077923718915e-08
3.552437263583769664e-08
3.548051072925941618e-08
3.543672544799205640e-08
3.539298034746896716e-08
3.534928068825179486e-08
3.530564253819555992e-08
3.526210282865674063e-08
3.521858151247012809e-08
3.517509745183127310e-08
3.513169164054077776e-08
3.508833199976686366e-08
3.504499972760156324e-08
3.500172237768784411e-08
