8.225980858779111400e-06
8.752722783732103519e-06
9.243471630998133774e-06
9.700007884409229248e-06
1.012401639211820274e-05
1.051708357039061599e-05
1.088070247668768397e-05
1.121628434223709197e-05
1.152515474741473577e-05
1.180856207712790820e-05
1.206769674884256755e-05
1.230367661065873339e-05
1.251755115188033040e-05
1.271032832883115229e-05
1.288296486134599480e-05
1.303638868998717897e-05
1.317146450388416147e-05
1.328906652198842599e-05
1.338998530365148890e-05
1.347501537223630781e-05
1.354491613624074348e-05
1.360042023497006932e-05
1.364221984762366963e-05
1.367099171793113356e-05
1.368739747145360759e-05
1.369206547976119249e-05
1.368561654184367495e-05
1.366864909704040982e-05
1.364173452051473096e-05
1.360541778753649928e-05
1.356027038754546195e-05
1.350680595370128981e-05
1.344553734458059894e-05
1.337698045385744904e-05
1.330160850886560562e-05
1.321990634021254171e-05
1.313232774603830886e-05
1.303932089935939389e-05
1.294132857961139060e-05
1.283874804329837021e-05
1.273201447632265669e-05
1.262149348927089107e-05
1.250757997565990071e-05
1.239062600035462123e-05
1.227098980588713073e-05
1.214900474844478116e-05
1.202499173566302546e-05
1.189926517155500110e-05
1.177211695411669806e-05
1.164383716714613611e-05
1.151469304080919451e-05
1.138493853496053140e-05
1.125482908121075804e-05
1.112458506145040648e-05
1.099442980392875547e-05
1.086457737938986674e-05
1.073521059978967881e-05
1.060651877428176353e-05
1.047868116092306812e-05
1.035184651412842512e-05
1.022617419373172329e-05
1.010180199405500868e-05
9.978847953538409567e-06
9.857436952598760025e-06
9.737676364055125944e-06
9.619660041841910712e-06
9.503481705056416378e-06
9.389214388726434859e-06
9.276940229752340795e-06
9.166712448332134421e-06
9.058583564002737677e-06
8.952601345532014364e-06
8.848808275415941815e-06
8.747230344036711083e-06
8.647903063200733706e-06
8.550831558798503742e-06
8.456031009118885472e-06
8.363510608771963800e-06
8.273283049724287577e-06
8.185314180410486977e-06
8.099612308310728630e-06
8.016157799986938569e-06
7.934945632435764969e-06
7.855935626006968424e-06
7.779094587761915176e-06
7.704419563648537772e-06
7.631847733886928801e-06
7.561348312138162773e-06
7.492901861042527567e-06
7.426431462176847507e-06
7.361903684855416881e-06
7.299295235847837960e-06
7.238517968420520713e-06
7.179531477899303541e-06
7.122294422869451229e-06
7.066736986140978205e-06
7.012814739881279554e-06
6.960462123900958060e-06
6.909612912658039699e-06
6.860224804090754245e-06
6.812215231835492608e-06
6.765544658647621764e-06
6.720139740100322574e-06
6.675937036818573478e-06
6.632884177697118430e-06
6.590914287393287266e-06
6.549970361103677177e-06
6.509978275425324466e-06
6.470890153582718350e-06
6.432645513046175440e-06
6.395180549248082234e-06
6.358447142643354649e-06
6.322374053204531801e-06
6.286913124424308095e-06
6.252008074154291167e-06
6.217606239274011621e-06
6.183657295545686119e-06
6.150110100092951275e-06
6.116907153723153368e-06
6.084012218567329712e-06
6.051370399672368904e-06
6.018947705306879852e-06
5.986692880547905174e-06
5.954572046846889957e-06
5.922539176480800744e-06
5.890566208417648449e-06
5.858613097781540870e-06
5.826651651969832078e-06
5.794649959041543612e-06
5.762576967232251019e-06
5.730412160807447153e-06
5.698122730269534985e-06
5.665699815155836792e-06
5.633113847706040343e-06
5.600350638295898754e-06
5.567390149677870300e-06
5.534226878381340774e-06
5.500844707236709700e-06
5.467233084225454850e-06
5.433389670356574981e-06
5.399305143854230017e-06
5.364977934369608847e-06
5.330401037845383862e-06
5.295580109964132196e-06
5.260513408531425303e-06
5.225205237082667671e-06
5.189664484670011496e-06
5.153893897294795521e-06
5.117901785191320780e-06
5.081694417947592228e-06
5.045286911316114662e-06
5.008689238870320564e-06
4.971917157584489234e-06
4.934978290282579502e-06
4.897895299383047077e-06
4.860679667918785044e-06
4.823348189599667401e-06
4.785921230095716766e-06
4.748408611733074125e-06
4.710841189833167952e-06
4.673230786106971021e-06
4.635596984343080739e-06
4.597965192791870569e-06
4.560345514154227675e-06
4.522767759998011240e-06
4.485249989224813369e-06
4.447805299885530445e-06
4.410474413809740410e-06
4.373259027777991970e-06
4.336181870761177444e-06
4.299271235362129048e-06
4.262531308711627021e-06
4.226002578037136146e-06
4.189697936846220662e-06
4.153620973224543440e-06
4.117810019179163365e-06
4.082273796832553016e-06
4.047023453853632833e-06
4.012097588588107071e-06
3.977486359517540304e-06
3.943205012253160964e-06
3.909302395196837221e-06
3.875762033689118942e-06
3.842592324193356406e-06
3.809840799097893941e-06
3.777489908662857560e-06
3.745546552072923460e-06
3.714050330611325457e-06
3.682986321754729195e-06
3.652356398492386161e-06
3.622204235308723637e-06
3.592509540708149824e-06
3.563269833255781491e-06
3.534530918882474421e-06
3.506261683348396743e-06
3.478464933063767587e-06
3.451176978908864037e-06
3.424364197469480105e-06
3.398041970667796863e-06
3.372218472661513852e-06
3.346894053984665650e-06
3.322050223074645083e-06
3.297705652630958612e-06
3.273859448344774145e-06
3.250483916481034819e-06
3.227601301648268385e-06
3.205196801245231679e-06
3.183272154234430001e-06
3.161803578087163514e-06
3.140817293570914193e-06
3.120277953558482252e-06
3.100192502266580002e-06
3.080556085683991424e-06
3.061366008092117342e-06
3.042591703065163058e-06
3.024241887052065206e-06
3.006308070537983836e-06
2.988773981402743450e-06
2.971624966533981208e-06
2.954863626856306954e-06
2.938485566183599321e-06
2.922459336642537441e-06
2.906787917602196762e-06
2.891460165312968928e-06
2.876458907339042747e-06
2.861769220123540614e-06
2.847392415993304268e-06
2.833315399998737079e-06
2.819515584547292187e-06
2.805988006286742478e-06
2.792720691371880235e-06
2.779701076294470079e-06
2.766923011329599016e-06
2.754367796327581852e-06
2.742028616360056559e-06
2.729889298558876828e-06
2.717934432480965447e-06
2.706163276568533390e-06
2.694562716891656616e-06
2.683116847104586551e-06
2.671818796016132568e-06
2.660651176639840770e-06
2.649615934533297025e-06
2.638695314496982585e-06
2.627881340005586117e-06
2.617158130948000608e-06
2.606529304257027010e-06
2.595978315871033637e-06
2.585492144150875568e-06
2.575064299474958381e-06
2.564695189719297839e-06
2.554372690378076001e-06
2.544083612754878066e-06
2.533824436239647973e-06
2.523596397240126878e-06
2.513387276099602129e-06
2.503186330262662573e-06
2.492991994346909191e-06
2.482805945553430195e-06
2.472614720401031858e-06
2.462413946514510158e-06
2.452201431877281557e-06
2.441977817994488654e-06
2.431734470922192556e-06
2.421470513577554178e-06
2.411182924123203683e-06
2.400870155584083862e-06
2.390530104251804008e-06
2.380160075737681636e-06
2.369758147538400466e-06
2.359328601782795132e-06
2.348866633901019073e-06
2.338368747943648227e-06
2.327838296121650426e-06
2.317278544972984967e-06
2.306690674674952408e-06
2.296065055507097345e-06
2.285409087724259967e-06
2.274730698649820574e-06
2.264023519068268870e-06
2.253289315448505195e-06
2.242529550454051971e-06
2.231747184176278791e-06
2.220947632336775408e-06
2.210133261024806289e-06
2.199295322605962743e-06
2.188447838068044464e-06
2.177597043453691690e-06
2.166737675845463734e-06
2.155872560267402759e-06
2.145004965892809905e-06
2.134140982442291633e-06
2.123284546901046668e-06
2.112439859324189314e-06
2.101597815311354634e-06
2.090772368850113700e-06
2.079972520261444176e-06
2.069193009157146606e-06
2.058438955888974229e-06
2.047708876217503988e-06
2.037011925261560911e-06
2.026355059839789457e-06
2.015734997715696921e-06
2.005153981580573872e-06
1.994615910695537547e-06
1.984130081973014641e-06
1.973695885153945327e-06
1.963315539453748825e-06
1.952989029913558165e-06
1.942719723474283945e-06
1.932519807198918578e-06
1.922383186519811205e-06
1.912314572047665738e-06
1.902312105538467267e-06
1.892380966381296823e-06
1.882531924601176500e-06
1.872757760618234495e-06
1.863061305265414310e-06
1.853444146799359561e-06
1.843908638071990635e-06
1.834463745873244656e-06
1.825103259541099861e-06
1.815827821734471862e-06
1.806641488472416673e-06
1.797542954476371445e-06
1.788541499269224537e-06
1.779629889160530719e-06
1.770808623747564909e-06
1.762082485439159612e-06
1.753446858282092206e-06
1.744913340105068420e-06
1.736471524312617263e-06
1.728122109649868949e-06
1.719869673873427380e-06
1.711708902978335925e-06
1.703650083159843768e-06
1.695683662911264035e-06
1.687812447447784503e-06
1.680034642784389243e-06
1.672348168257537921e-06
1.664759254157153126e-06
1.657259879108260806e-06
1.649856432521632752e-06
1.642538360693458432e-06
1.635316885546347459e-06
1.628181045996784446e-06
1.621136272478794584e-06
1.614176914433763714e-06
1.607300942156744587e-06
1.600512141467077539e-06
1.593801798006640158e-06
1.587180442154768607e-06
1.580632342157929040e-06
1.574168344002933323e-06
1.567775478312777327e-06
1.561464161438731846e-06
1.555222863071114962e-06
1.549054556817759727e-06
1.542955445071746378e-06
1.536924005068621524e-06
1.530961220006855220e-06
1.525059905191550517e-06
1.519225766091088096e-06
1.513449013165845460e-06
1.507736154630152542e-06
1.502074844786665755e-06
1.496475101531863191e-06
1.490925361320007331e-06
1.485433627990663592e-06
1.479987272554572174e-06
1.474594920840378899e-06
1.469243517271432600e-06
1.463942899252121209e-06
1.458682226339284352e-06
1.453465819436810370e-06
1.448288328438268165e-06
1.443153038677971429e-06
1.438053015798298028e-06
1.432989724549458283e-06
1.427959420405846834e-06
1.422962965422098104e-06
1.417998872639654244e-06
1.413068132915012093e-06
1.408165505000759195e-06
1.403290187506636509e-06
1.398440809998963279e-06
1.393617872712842512e-06
1.388820892236557374e-06
1.384050402273704812e-06
1.379301047811705700e-06
1.374572388630648362e-06
1.369863513425706369e-06
1.365175971104061222e-06
1.360508836970580972e-06
1.355863066864643686e-06
1.351233150903083713e-06
1.346620108264609961e-06
1.342022922532584202e-06
1.337443267697225889e-06
1.332879979771054818e-06
1.328333715530293937e-06
1.323802734962919654e-06
1.319283514266209042e-06
1.314777229540735859e-06
1.310285023358371766e-06
1.305809181148156026e-06
1.301348030904662412e-06
1.296900703778693835e-06
1.292463149094796283e-06
1.288035919102103209e-06
1.283621994500467123e-06
1.279223553546741729e-06
1.274838553168674585e-06
1.270466521310949553e-06
1.266107005939204043e-06
1.261757592014045544e-06
1.257421034162914384e-06
1.253095788830061463e-06
1.248785486725035094e-06
1.244489769935802163e-06
1.240208744930391322e-06
1.235936176332327064e-06
1.231674317411295807e-06
1.227427106347493530e-06
1.223196599219241183e-06
1.218979578848798089e-06
1.214774955731668005e-06
1.210587019914490362e-06
1.206409642519818018e-06
1.202245852521789021e-06
1.198094656079691300e-06
1.193963146200398952e-06
1.189847210273683090e-06
1.185746148046408978e-06
1.181657956784245788e-06
1.177585527210904082e-06
1.173529588948720353e-06
1.169488275319394222e-06
1.165463758603718215e-06
1.161458512622727480e-06
1.157470079857705903e-06
1.153495184487387363e-06
1.149535826209744107e-06
1.145596001082496232e-06
1.141673120306098352e-06
1.137766717976509139e-06
1.133880363493320121e-06
1.130012019885200315e-06
1.126159428035604299e-06
1.122322387586185376e-06
1.118506873479268831e-06
1.114709667165615816e-06
1.110928859660019083e-06
1.107169443072245741e-06
1.103428139795648541e-06
1.099704407265283763e-06
1.095997955219436022e-06
1.092312571042851689e-06
1.088646490475963189e-06
1.084997267219725349e-06
1.081370555266057022e-06
1.077761471903053774e-06
1.074170023262894271e-06
1.070598943794302018e-06
1.067046596246025116e-06
1.063515106679910824e-06
1.060001187859346246e-06
1.056508748362082590e-06
1.053033078852512663e-06
1.049575871110651418e-06
1.046140857063473163e-06
1.042722604913575887e-06
1.039325453321126337e-06
1.035947181656002083e-06
1.032586974855552238e-06
1.029244871130222698e-06
1.025921635063387306e-06
1.022619809127084935e-06
1.019333948313822779e-06
1.016068484306549190e-06
1.012822177397939833e-06
1.009591771491712944e-06
1.006382864892889302e-06
1.003189593874550961e-06
1.000014395962058725e-06
9.968586621953636075e-07
9.937191933842424853e-07
9.906008083455770107e-07
9.874978822992351556e-07
9.844123327796363363e-07
9.813441067849512986e-07
9.782918587420918357e-07
9.752598478668058065e-07
9.722423883018442236e-07
9.692422048561099277e-07
9.662609429910047790e-07
9.632938997718843437e-07
9.603450577447253525e-07
9.574108640625808644e-07
9.544913729375023855e-07
9.515914288362122651e-07
9.487055274410115718e-07
9.458361862192326537e-07
9.429824905042985587e-07
9.401428045166034426e-07
9.373210444519413180e-07
9.345121693002674638e-07
9.317177513910477177e-07
9.289397116414280500e-07
9.261747429755010420e-07
9.234264865877641717e-07
9.206920409305843395e-07
9.179707575726161366e-07
9.152662598800665420e-07
9.125735498958399731e-07
9.098946945430331245e-07
9.072300610830912466e-07
9.045779344557371710e-07
9.019412136713291920e-07
8.993178082612255150e-07
8.967067061176157156e-07
8.941111337686483969e-07
8.915269384151094068e-07
8.889548761031309020e-07
8.863967459017753575e-07
8.838499078218091499e-07
8.813169277960621337e-07
8.787970032231125963e-07
8.762886929114295142e-07
8.737946520154062374e-07
8.713116777158847516e-07
8.688400819717499387e-07
8.663815735585853481e-07
8.639328967219908773e-07
8.614969911457172173e-07
8.590734294653861860e-07
8.566609522907534907e-07
8.542616211635013189e-07
8.518733751268268037e-07
8.494972965120880769e-07
8.471314705866396947e-07
8.447752113163245768e-07
8.424308550221223680e-07
8.400970870104671366e-07
8.377768163787483662e-07
8.354667689541046135e-07
8.331684527013949874e-07
8.308811913660684941e-07
8.286025776860043863e-07
8.263354839247904652e-07
8.240774314334992364e-07
8.218307543652044789e-07
8.195953804810127822e-07
8.173693892338853050e-07
8.151557278380088297e-07
8.129512725131297459e-07
8.107584171052987588e-07
8.085736253790015183e-07
8.063974260588361804e-07
8.042319052116399409e-07
8.020749720102313820e-07
7.999307851387312175e-07
7.977948371860351389e-07
7.956697287252609991e-07
7.935537636835080492e-07
7.914465880094778427e-07
7.893491289175093946e-07
7.872583347545378112e-07
7.851791697020875546e-07
7.831071132166582549e-07
7.810461085689250176e-07
7.789938603817515444e-07
7.769506491164729105e-07
7.749168634868375425e-07
7.728897866987747048e-07
7.708724137553990023e-07
7.688614885130729645e-07
7.668608995004581453e-07
7.648674614570076209e-07
7.628831204357444543e-07
7.609074139056881671e-07
7.589396490818386184e-07
7.569807267627048675e-07
7.550278220250521565e-07
7.530839283268265765e-07
7.511458948274928841e-07
7.492173017682186868e-07
7.472954756456893229e-07
7.453817867726967949e-07
7.434757013270373104e-07
7.415773523457896898e-07
7.396865777105537037e-07
7.378016661111507975e-07
7.359254469886431947e-07
7.340542397632552576e-07
7.321916416356002002e-07
7.303355250749140622e-07
7.284871922343059481e-07
7.266445997926021409e-07
7.248102832653327109e-07
7.229820457950270163e-07
7.211600696395502871e-07
7.193457284010748724e-07
7.175365315753556735e-07
7.157341579183767414e-07
7.139386535326750752e-07
7.121501090337426222e-07
7.103666691267583891e-07
7.085914362364086314e-07
7.068207895961853863e-07
7.050571804513875926e-07
7.032994565623432048e-07
7.015482554538801712e-07
6.998022366983636477e-07
6.980628531117992085e-07
6.963301395075975865e-07
6.946029017044486365e-07
6.928812926316084039e-07
6.911668076697204954e-07
6.894574527834683683e-07
6.877530365844865116e-07
6.860565700202450292e-07
6.843642708125081486e-07
6.826778326459494362e-07
6.809982421939264980e-07
6.793244163031220186e-07
6.776554732695214740e-07
6.759935108487464228e-07
6.743361741351028998e-07
6.726850262063033774e-07
6.710387901944151415e-07
6.693994303822556416e-07
6.677645585364677438e-07
6.661354842301449243e-07
6.645134438858512049e-07
6.628967100035317735e-07
6.612843086965283873e-07
6.596794589710500397e-07
6.580785674685579440e-07
6.564839085471384453e-07
6.548946399562128501e-07
6.533114125642085982e-07
6.517328737773525951e-07
6.501602046858848152e-07
6.485942865947603266e-07
6.470338949878136692e-07
6.454777020995894841e-07
6.439291649240076035e-07
6.423845874114879461e-07
6.408462352237924297e-07
6.393132100190655696e-07
6.377861853258893888e-07
6.362638936581694233e-07
6.347475627710197737e-07
6.332376333035606877e-07
6.317336728256301043e-07
6.302339039948021556e-07
6.287415343832567957e-07
6.272533609851157496e-07
6.257717101833416383e-07
6.242945315973015473e-07
6.228239956877887423e-07
6.213579132907050954e-07
6.198978265664106546e-07
6.184437860199411608e-07
6.169960223149307162e-07
6.155526297123029177e-07
6.141161297519041952e-07
6.126844692659161102e-07
6.112587954418249901e-07
6.098374997928272262e-07
6.084233772798085056e-07
6.070130876722144611e-07
6.056085827876730628e-07
6.042102226849345514e-07
6.028177755172425448e-07
6.014303526609632735e-07
6.000485888620229320e-07
5.986731132023101829e-07
5.973021225964696460e-07
5.959371437027366897e-07
5.945770489898804544e-07
5.932223895495313632e-07
5.918724245902260279e-07
5.905286255484506268e-07
5.891897086906428686e-07
5.878574890257853453e-07
5.865291861781275451e-07
5.852075495293848851e-07
5.838904875956070349e-07
5.825792554741749370e-07
5.812719857319686735e-07
5.799711321685888336e-07
5.786739688013296704e-07
5.773820128934770794e-07
5.760958141012619809e-07
5.748144469777427087e-07
5.735386079229992711e-07
5.722671758635604109e-07
5.710018681102270619e-07
5.697404650969499727e-07
5.684851865154220740e-07
5.672330675091480496e-07
5.659871422388437134e-07
5.647445107281110715e-07
5.635070595332873580e-07
5.622745879851609737e-07
5.610471089122658158e-07
5.598240799260357296e-07
5.586057493565832241e-07
5.573927175547536404e-07
5.561833891789370399e-07
5.549796692225419465e-07
5.537789092188383066e-07
5.525837651613620938e-07
5.513917427596011829e-07
5.502043908315075545e-07
5.490216489042819169e-07
5.478434446749840519e-07
5.466693375864628897e-07
5.454993704431151736e-07
5.443344523782087417e-07
5.431728299693829964e-07
5.420163050905960192e-07
5.408623711444398287e-07
5.397137912774951346e-07
5.385678312267290193e-07
5.374260314193485596e-07
5.362885920227675783e-07
5.351549265392400732e-07
5.340254770565147552e-07
5.328991819628738160e-07
5.317778862317409838e-07
5.306595977785389340e-07
5.295456518454438874e-07
5.284343825697903699e-07
5.273277738090628616e-07
5.262237526493930702e-07
5.251233091883472181e-07
5.240268135053717734e-07
5.229337965280961281e-07
5.218449394028375297e-07
5.207587158657829842e-07
5.196767462941089046e-07
5.185983280515943333e-07
5.175228203459969747e-07
5.164509700632405060e-07
5.153820571659643507e-07
5.143169740929043180e-07
5.132543970723166907e-07
5.121952677407787295e-07
5.111397847393301342e-07
5.100877252009171048e-07
5.090388245691422224e-07
5.079924940129616478e-07
5.069507254965835004e-07
5.059111678128669799e-07
5.048753369728947648e-07
5.038417082325321887e-07
5.028120969073533600e-07
5.017848500744782321e-07
5.007603163144158509e-07
4.997392240813551234e-07
4.987214072161197453e-07
4.977069341846546350e-07
4.966949957514561815e-07
4.956860096601272282e-07
4.946809032464832788e-07
4.936777450299057522e-07
4.926783467187644955e-07
4.916807683196376230e-07
4.906874901127126187e-07
4.896959776066338421e-07
4.887073657596815203e-07
4.877218664511058405e-07
4.867395955785372569e-07
4.857604898905935261e-07
4.847836931022130869e-07
4.838098995423898650e-07
4.828397194443185845e-07
4.818714013689272247e-07
4.809067397117022938e-07
4.799437840305356007e-07
4.789850213524305776e-07
4.780279671526534789e-07
4.770736953977267883e-07
4.761224402597167804e-07
4.751743115033711469e-07
4.742292974431217622e-07
4.732865915165300021e-07
4.723465915507843251e-07
4.714102691692775033e-07
4.704756643700909383e-07
4.695446802926020696e-07
4.686154462333679739e-07
4.676899855445341615e-07
4.667665565297895061e-07
4.658454855961888375e-07
4.649276795546433342e-07
4.640127531180354355e-07
4.631008616249472720e-07
4.621915118283545076e-07
4.612842637613161421e-07
4.603809902322078241e-07
4.594796687208222810e-07
4.585812453737164791e-07
4.576853116488605912e-07
4.567920225891525807e-07
4.559018404890358521e-07
4.550136452330632164e-07
4.541283047732490647e-07
4.532459933524141808e-07
4.523661981046442958e-07
4.514897189502860098e-07
4.506150318253154678e-07
4.497436277983823697e-07
4.488751067502869765e-07
4.480084839714554721e-07
4.471453577881940908e-07
4.462837613725632408e-07
4.454259595429924209e-07
4.445698801036208273e-07
4.437162124369035935e-07
4.428656392170817370e-07
4.420177179921506158e-07
4.411726297263181329e-07
4.403300948121423861e-07
4.394895678450367993e-07
4.386525980674247505e-07
4.378178159559131040e-07
4.369852863593809358e-07
4.361557166755515309e-07
4.353279663025292533e-07
4.345037450631900465e-07
4.336810150223395731e-07
4.328608832477839243e-07
4.320435457153513437e-07
4.312286485625167475e-07
4.304167891182481397e-07
4.296070293981395413e-07
4.287994147153514782e-07
4.279952211521153081e-07
4.271929850241007651e-07
4.263930893513000630e-07
4.255958303096572595e-07
4.248004280991999026e-07
4.240083187895490393e-07
4.232176438261212129e-07
4.224294614326546969e-07
4.216439288911150999e-07
4.208607025867184178e-07
4.200803457900480855e-07
4.193020055397285169e-07
4.185256701684770691e-07
4.177525601224619198e-07
4.169814030259481392e-07
4.162122868724939372e-07
4.154458497376353149e-07
4.146809380642978668e-07
4.139193318813134809e-07
4.131589809154132629e-07
4.124008878393680420e-07
4.116453513752006891e-07
4.108921048468584628e-07
4.101412180728276973e-07
4.093926112717022129e-07
4.086456237505099968e-07
4.079015994674351550e-07
4.071596852521021744e-07
4.064193879920748545e-07
4.056819800145356143e-07
4.049457630572376351e-07
4.042124475300061177e-07
4.034807185468829258e-07
4.027508208738920840e-07
4.020232054295767580e-07
4.012979361475500199e-07
4.005744859285612017e-07
3.998536846051760235e-07
3.991343141826106486e-07
3.984172112532402307e-07
3.977026706659127575e-07
3.969896373010826422e-07
3.962787890568838210e-07
3.955698478462243107e-07
3.948625087537875061e-07
3.941579300130262937e-07
3.934544174886566436e-07
3.927528648973927943e-07
3.920535388761992459e-07
3.913562495940506001e-07
3.906610016591392916e-07
3.899677635575989591e-07
3.892758569614487862e-07
3.885864154214595397e-07
3.878990852408503134e-07
3.872130360742554471e-07
3.865294884116579626e-07
3.858471233063710463e-07
3.851667711144162977e-07
3.844885558842818793e-07
3.838115688656612835e-07
3.831364427507461981e-07
3.824632679908393331e-07
3.817920005032687368e-07
3.811228121196161371e-07
3.804552940630373389e-07
3.797890735745379090e-07
3.791253155612053118e-07
3.784633227594845174e-07
3.778025459614224460e-07
3.771441828676349364e-07
3.764868672772067477e-07
3.758315331724587668e-07
3.751781179274361738e-07
3.745258550158849960e-07
3.738753701284704896e-07
3.732267273223796808e-07
3.725798951503605322e-07
3.719350056535264902e-07
3.712917355590810581e-07
3.706496178745437178e-07
3.700097873226087876e-07
3.693717784621956731e-07
3.687348231870725924e-07
3.681001571374695904e-07
3.674665840144632900e-07
3.668346514216017492e-07
3.662048879805102284e-07
3.655760223923027713e-07
3.649487621487367138e-07
3.643233907073942566e-07
3.636997394940283803e-07
3.630777251674684180e-07
3.624575486045441205e-07
3.618384213736321680e-07
3.612211489031554279e-07
3.606059640166998054e-07
3.599918674270738324e-07
3.593794022338869004e-07
3.587686231590713154e-07
3.581588409921420258e-07
3.575515080954514941e-07
3.569450627262142961e-07
3.563399991376898341e-07
3.557366581786872991e-07
3.551350318990594215e-07
3.545348256946117160e-07
3.539365601196358535e-07
3.533395871252104189e-07
3.527437572682322434e-07
3.521501231042349311e-07
3.515578877818304860e-07
3.509666858216989504e-07
3.503776225746307458e-07
3.497895113580027472e-07
3.492028997876186263e-07
3.486182940219730005e-07
3.480344652198620368e-07
3.474520717304554845e-07
3.468714844323984264e-07
3.462924615266258931e-07
3.457147670584148572e-07
3.451389686203385491e-07
3.445641916762906056e-07
3.439907621239156360e-07
3.434195137387679167e-07
3.428493482215008033e-07
3.422802744827075658e-07
3.417132378943807094e-07
3.411469940620104438e-07
3.405824626888199846e-07
3.400195765181646173e-07
3.394575758379138847e-07
3.388969788901888459e-07
3.383380240382722602e-07
3.377805807426786841e-07
3.372244481657450644e-07
3.366701106048532956e-07
3.361167013919079225e-07
3.355646310617923628e-07
3.350146322194588261e-07
3.344656759179200073e-07
3.339177429092486586e-07
3.333717771012081691e-07
3.328265699210601771e-07
3.322829143836727227e-07
3.317409435752980652e-07
3.311997376448122485e-07
3.306598440802048491e-07
3.301215578434379582e-07
3.295847455712635548e-07
3.290490768314455111e-07
3.285151665894595657e-07
3.279822828586772371e-07
3.274505039225961829e-07
3.269206414114859201e-07
3.263919310655072152e-07
3.258641336844048365e-07
3.253381928968656753e-07
3.248131689005199665e-07
3.242892281691343274e-07
3.237672562016828251e-07
3.232459025504551572e-07
3.227257498370802739e-07
3.222070910199661089e-07
3.216898143730311701e-07
3.211737104472439524e-07
3.206592243678641903e-07
3.201458892236026504e-07
3.196333978749596219e-07
3.191225453451287976e-07
3.186132298887642811e-07
3.181048179933484920e-07
3.175975774001315718e-07
3.170918856225006044e-07
3.165868323497210580e-07
3.160834966750582447e-07
3.155813363264386627e-07
3.150800184165499441e-07
3.145798764622713299e-07
3.140811532828869990e-07
3.135837719068701080e-07
3.130874182709401746e-07
3.125926660194458165e-07
3.120988311222149330e-07
3.116059349579442255e-07
3.111147306664527659e-07
3.106247241008603376e-07
3.101355009616416712e-07
3.096477686234182873e-07
3.091610976384706775e-07
3.086751429793754282e-07
3.081910694154715885e-07
3.077076810286098075e-07
3.072253143536365473e-07
3.067440922559177965e-07
3.062641145573460236e-07
3.057853986548655462e-07
3.053077108275741952e-07
3.048315124120426078e-07
3.043561161882117264e-07
3.038816817094178884e-07
3.034088776371725319e-07
3.029371009747951091e-07
3.024660704592404249e-07
3.019965057154967297e-07
3.015279110854628913e-07
3.010599963405208595e-07
3.005938639277434387e-07
3.001283956758612762e-07
2.996638552864781159e-07
2.992003914920509364e-07
2.987381399161231609e-07
2.982770790604623104e-07
2.978169612792731056e-07
2.973582727394965979e-07
2.969003988164479436e-07
2.964433166536423398e-07
2.959877451862745802e-07
2.955333403724602849e-07
2.950796160284438454e-07
2.946270415628952140e-07
2.941756836052248019e-07
2.937248406413352775e-07
2.932754671332947267e-07
2.928271652439858769e-07
2.923794648207042411e-07
2.919327101835774816e-07
2.914872569408528811e-07
2.910428981637462602e-07
2.905994008672847793e-07
2.901572443194589596e-07
2.897159956208755805e-07
2.892753796285071021e-07
2.888360180307209773e-07
2.883980181835038897e-07
2.879607637590162788e-07
2.875241846251826901e-07
2.870891342659118527e-07
2.866546271631792480e-07
2.862209651764544706e-07
2.857888695183722989e-07
2.853572157831668396e-07
2.849264708123526166e-07
2.844967350729166208e-07
2.840680317036702184e-07
2.836404048879199163e-07
2.832136332967269204e-07
2.827881411831895487e-07
2.823633772619199677e-07
2.819392802728847706e-07
2.815165445367883954e-07
2.810949117491595193e-07
2.806738991145742227e-07
2.802537640632219373e-07
2.798348764210127940e-07
2.794164752054675031e-07
2.789991122809855564e-07
2.785830660011330671e-07
2.781674087202082687e-07
2.777526332178106887e-07
2.773389127345532629e-07
2.769261384061426089e-07
2.765143530023287520e-07
2.761034409085065508e-07
2.756936904969526360e-07
2.752845941340806595e-07
2.748762027123285803e-07
2.744691075010634370e-07
2.740630057829064671e-07
2.736574956906031629e-07
2.732528665547672021e-07
2.728493921826153034e-07
2.724463634210250551e-07
2.720443389798439076e-07
2.716435788253833392e-07
2.712431863545795875e-07
2.708436425377555804e-07
2.704450570154752446e-07
2.700473863827275557e-07
2.696506692300441701e-07
2.692547410919729002e-07
2.688599758610930080e-07
2.684658615803406421e-07
2.680723354286054914e-07
2.676800007506530110e-07
2.672887277370147968e-07
2.668980500375976301e-07
2.665080030858027212e-07
2.661192478544562099e-07
2.657309401604532458e-07
2.653433445296892738e-07
2.649571292390196477e-07
2.645712866995636102e-07
2.641862253935665562e-07
2.638019460771228111e-07
2.634186279381209726e-07
2.630362543250216514e-07
2.626545372427759809e-07
2.622739478635301343e-07
2.618940830085733622e-07
2.615147074394617022e-07
2.611362821660596252e-07
2.607590837181745356e-07
2.603824619847377801e-07
2.600063957031759511e-07
2.596314133203418718e-07
2.592572258962630835e-07
2.588834492779664252e-07
2.585107546751340019e-07
2.581390437098313214e-07
2.577676655734829272e-07
2.573970682467486058e-07
2.570273848534807797e-07
2.566585036271730447e-07
2.562904775638984837e-07
2.559231591321546123e-07
2.555569138545894526e-07
2.551912486265418254e-07
2.548260974708838161e-07
2.544619864050163952e-07
2.540988831356533359e-07
2.537363482330084222e-07
2.533743048281305010e-07
2.530134500647368571e-07
2.526531107383676542e-07
2.522932548727492807e-07
2.519346163414319623e-07
2.515766482526717252e-07
2.512190919048116391e-07
2.508622752432958724e-07
2.505063510615057450e-07
2.501511946555551575e-07
2.497968295955844523e-07
2.494431346371785513e-07
2.490904554760242828e-07
2.487383244151254453e-07
2.483866823125824186e-07
2.480360356435329703e-07
2.476863436570853178e-07
2.473371875319374882e-07
2.469884854248549712e-07
2.466409097765680172e-07
2.462938651567768071e-07
2.459472425042088057e-07
2.456017096219513399e-07
2.452569359139089641e-07
2.449124814668113856e-07
2.445687386417789180e-07
2.442258147484327200e-07
2.438836078712244125e-07
2.435421918951527592e-07
2.432013755125174734e-07
2.428615501341342350e-07
2.425222753490800365e-07
2.421834085328948868e-07
2.418454188856572926e-07
2.415084582502147649e-07
2.411719798171612324e-07
2.408359871937064618e-07
2.405008558834240709e-07
2.401665171941075830e-07
2.398324941650875074e-07
2.394992380389283993e-07
2.391670296932250116e-07
2.388350592680194984e-07
2.385037400358665903e-07
2.381730633563389671e-07
2.378431873123910029e-07
2.375140657462487744e-07
2.371854814448887697e-07
2.368577677756058262e-07
2.365307329166633398e-07
2.362041606381321894e-07
2.358781308595527143e-07
2.355530389102404488e-07
2.352287561353718890e-07
2.349049255900665676e-07
2.345815139751611688e-07
2.342591582162005781e-07
2.339372013939497829e-07
2.336156548312200146e-07
2.332951067719548713e-07
2.329752535246811899e-07
2.326556728400227076e-07
2.323367338692550771e-07
2.320184915746234335e-07
2.317009080819197345e-07
2.313840721434479932e-07
2.310677255086425932e-07
2.307522681946142833e-07
2.304373686743727443e-07
2.301228714232420190e-07
2.298089965554573420e-07
2.294960288547906852e-07
2.291837356391690380e-07
2.288718630470335349e-07
2.285604291090402430e-07
2.282500099760977681e-07
2.279399136294807308e-07
2.276302226716784052e-07
2.273215412454299718e-07
2.270134349138647818e-07
2.267056034912120162e-07
2.263983794818956901e-07
2.260918345311252239e-07
2.257859069046854614e-07
2.254806865665074721e-07
2.251759288294483921e-07
2.248720155775829043e-07
2.245686409639444002e-07
2.242656554531909201e-07
2.239632266114324049e-07
2.236616474292119476e-07
2.233607629911603886e-07
2.230602778134987136e-07
2.227601621759975079e-07
2.224610072138778258e-07
2.221622553787391353e-07
2.218638358560963497e-07
2.215662402222563473e-07
2.212694049142166665e-07
2.209727599316778517e-07
2.206766806919656084e-07
2.203811668434654164e-07
2.200863258568330297e-07
2.197921309882512948e-07
2.194984204650783283e-07
2.192053674951820695e-07
2.189129856782990291e-07
2.186210391355499598e-07
2.183294483302773959e-07
2.180386142797302358e-07
2.177485787147845593e-07
2.174589192137751936e-07
2.171696589287983432e-07
2.168810738276599224e-07
2.165931724950859678e-07
2.163055310959890269e-07
2.160183640848963580e-07
2.157321636690913078e-07
2.154462793218773262e-07
2.151607614260750260e-07
2.148757705356288916e-07
2.145914371808172244e-07
2.143076314513466681e-07
2.140244597460191153e-07
2.137417006888311010e-07
2.134597094908273863e-07
2.131782026313467239e-07
2.128970512281460250e-07
2.126163710149910789e-07
2.123364478014387617e-07
2.120571954258393525e-07
2.117783074013055566e-07
2.114997162862622855e-07
2.112219497637263675e-07
2.109446917154298929e-07
2.106676738428142161e-07
2.103912175985417907e-07
2.101156261702298726e-07
2.098402362442982126e-07
2.095652897420042767e-07
2.092907880610187610e-07
2.090169774430393067e-07
2.087436540463860076e-07
2.084709088286562745e-07
2.081985666024917670e-07
2.079269753688529062e-07
2.076558121924395293e-07
2.073849816180810643e-07
2.071146100223836134e-07
2.068449673084787682e-07
2.065759584339598501e-07
2.063072903567217737e-07
2.060389083729332476e-07
2.057712906234211360e-07
2.055041926729453825e-07
2.052373125315262706e-07
2.049709202906322943e-07
2.047053877137063680e-07
2.044401077729184253e-07
2.041751652707650697e-07
2.039107051632756530e-07
2.036468317355036884e-07
2.033834347183476271e-07
2.031206225878313774e-07
2.028581681905706635e-07
2.025963876694845422e-07
2.023350895827434445e-07
2.020741568358119281e-07
2.018135445753636168e-07
2.015535878380178599e-07
2.012943253104998488e-07
2.010353881453678518e-07
2.007768078961972937e-07
2.005187007022910249e-07
2.002612861432018526e-07
2.000040980559766556e-07
1.997472285830800655e-07
1.994911280096736561e-07
1.992355701978434178e-07
1.989801548534548882e-07
1.987252125437965045e-07
1.984706899043941121e-07
1.982167623640433168e-07
1.979633102444121478e-07
1.977103321688563372e-07
1.974577546810269582e-07
1.972058570361359177e-07
1.969543138518951828e-07
1.967030432004668459e-07
1.964522352417360794e-07
1.962020722767731460e-07
1.959524816415477879e-07
1.957031912855960512e-07
1.954541529630591960e-07
1.952057827207453221e-07
1.949579285237725850e-07
1.947102676481451546e-07
1.944629641831392310e-07
1.942164758229487295e-07
1.939703124147295683e-07
1.937243600013707942e-07
1.934788541578729204e-07
1.932338037763478841e-07
1.929892554080243804e-07
1.927452014237613829e-07
1.925015560012345667e-07
1.922583251181376053e-07
1.920157385233195529e-07
1.917734686161210287e-07
1.915314361465069376e-07
1.912898845318474782e-07
1.910489559329256363e-07
1.908085403863252657e-07
1.905684140885934614e-07
1.903285229644477243e-07
1.900892818461155999e-07
1.898505220801725786e-07
1.896119444816124777e-07
1.893736955841769360e-07
1.891362265940272561e-07
1.888991015919067811e-07
1.886621528775427508e-07
1.884256264810208414e-07
1.881895002385636854e-07
1.879538966496758687e-07
1.877187301818606091e-07
1.874839846133805314e-07
1.872496017173505828e-07
1.870158359649887659e-07
1.867823895381444029e-07
1.865492068352167495e-07
1.863163812469692554e-07
1.860841609219010102e-07
1.858524845562197732e-07
1.856210636168102212e-07
1.853899506910032828e-07
1.851592576247570260e-07
1.849291630693703144e-07
1.846992549911788172e-07
1.844696183072308680e-07
1.842405787023506867e-07
1.840121015542727274e-07
1.837837100172595205e-07
1.835557256387013965e-07
1.833280649760210893e-07
1.831009406396096798e-07
1.828741749716389544e-07
1.826478909244332894e-07
1.824218793972922029e-07
1.821963987157413186e-07
1.819713593947076000e-07
1.817466404863437501e-07
1.815221143372620952e-07
1.812980670418239373e-07
1.810746123986061021e-07
1.808515613076181262e-07
1.806287694291463094e-07
1.804061772775690054e-07
1.801842016330003031e-07
1.799626540265437333e-07
1.797412701708434432e-07
1.795201562907567040e-07
1.792997401530494111e-07
1.790796998919091560e-07
1.788597699955492796e-07
1.786402253316348782e-07
1.784209825716983969e-07
1.782023043987017840e-07
1.779839625687186552e-07
1.777660454039264639e-07
1.775484013224366123e-07
1.773312964679071707e-07
1.771145523233196204e-07
1.768981071795517326e-07
1.766818627942470145e-07
1.764660812369829469e-07
1.762508949267327063e-07
1.760360462518388932e-07
1.758214505321259641e-07
1.756070452164090531e-07
1.753932418925526451e-07
1.751798311097071581e-07
1.749665720857601968e-07
1.747535653471253395e-07
1.745412273559028931e-07
1.743292707638447816e-07
1.741174001051610381e-07
1.739059059049423615e-07
1.736946865678747838e-07
1.734839991974918361e-07
1.732736229451167939e-07
1.730636736790195405e-07
1.728539659320604696e-07
1.726447371398717887e-07
1.724359261745022264e-07
1.722273930981602863e-07
1.720190292518549759e-07
1.718110825680600078e-07
1.716036385411237058e-07
1.713966340075115463e-07
1.711898437742443084e-07
1.709832802585348899e-07
1.707771376000743391e-07
1.705714860249219479e-07
1.703659902972081863e-07
1.701607256058535430e-07
1.699559296160913172e-07
1.697516728300872044e-07
1.695475184244216102e-07
1.693436321976393351e-07
1.691400919328333916e-07
1.689369105282004190e-07
1.687340901685723840e-07
1.685316626383172873e-07
1.683295622144978046e-07
1.681277495614065002e-07
1.679264509566523072e-07
1.677254203938944771e-07
1.675246290887264006e-07
1.673240624918621161e-07
1.671239379236386248e-07
1.669243415893582315e-07
1.667250096006072255e-07
1.665259172957352885e-07
1.663269930343658262e-07
1.661286224044855989e-07
1.659306096636486894e-07
1.657327346662396480e-07
1.655350750347757454e-07
1.653379875346103773e-07
1.651413083024269349e-07
1.649446775432197705e-07
1.647483799374635734e-07
1.645523525476393944e-07
1.643567567128728105e-07
1.641614502959579187e-07
1.639665352701915284e-07
1.637718964258847370e-07
1.635775619616585342e-07
1.633837215336875042e-07
1.631901100476084094e-07
1.629967162405679871e-07
1.628035580205487989e-07
1.626108328171537529e-07
1.624185967753920225e-07
1.622266030660910989e-07
1.620348416405027437e-07
1.618432391522317744e-07
1.616521695164948582e-07
1.614614383299684010e-07
1.612708324490388350e-07
1.610804342484513830e-07
1.608905640583701136e-07
1.607011076102539877e-07
1.605117026932938262e-07
1.603225967167590576e-07
1.601337722789674854e-07
1.599452992195044523e-07
1.597571371958456242e-07
1.595693338554896527e-07
1.593818242287633108e-07
1.591945691043386984e-07
1.590077828022055485e-07
1.588212458744846020e-07
1.586349421758138035e-07
1.584488051462777450e-07
1.582630447375502528e-07
1.580777628985008708e-07
1.578927932817282536e-07
1.577080181016172035e-07
1.575234249049039355e-07
1.573391991153775448e-07
1.571554080911116857e-07
1.569717635395779586e-07
1.567882942967672527e-07
1.566051673618263647e-07
1.564225575248552356e-07
1.562401198193114478e-07
1.560578196733390596e-07
1.558758167344542018e-07
1.556940438620909049e-07
1.555127194181338016e-07
1.553316406142812059e-07
1.551509116965599584e-07
1.549703800753695932e-07
1.547901840640656852e-07
1.546104201452874000e-07
1.544308498418267881e-07
1.542514467639592637e-07
1.540722879316075859e-07
1.538935356177176982e-07
1.537152080197416220e-07
1.535370939534919923e-07
1.533591898573190914e-07
1.531814181523023816e-07
1.530041257257249533e-07
1.528271646512087322e-07
1.526503133159614253e-07
1.524736519280475167e-07
1.522973918885971379e-07
1.521215770083038260e-07
1.519458595555844157e-07
1.517703229707619535e-07
1.515950653920901478e-07
1.514200549176064612e-07
1.512454350320743767e-07
1.510710708224737356e-07
1.508970270339053755e-07
1.507231623818315184e-07
1.505496518534597959e-07
1.503765233771725886e-07
1.502035835757946893e-07
1.500307964220790088e-07
1.498582473869255108e-07
1.496860814363033728e-07
1.495143250542790482e-07
1.493427756609017654e-07
1.491714240279952684e-07
1.490002021275835062e-07
1.488294174123918533e-07
1.486589647293049857e-07
1.484886159487188358e-07
1.483184515678206195e-07
1.481486207673674703e-07
1.479792482457918924e-07
1.478100164047501707e-07
1.476409116190268845e-07
1.474720787586831529e-07
1.473034425409432394e-07
1.471352275892670338e-07
1.469672185721940676e-07
1.467995313414874045e-07
1.466320480825960896e-07
1.464648202725018981e-07
1.462980038289440708e-07
1.461313771998097695e-07
1.459649413380270478e-07
1.457986532121039381e-07
1.456326944755212720e-07
1.454671401068852015e-07
1.453018787420995086e-07
1.451367643295192708e-07
1.449718434706990103e-07
1.448071219297794335e-07
1.446428629824889036e-07
1.444787817132867154e-07
1.443148074496984145e-07
1.441510185233380266e-07
1.439877051284340645e-07
1.438247031695517634e-07
1.436617275213003611e-07
1.434989862199771651e-07
1.433364931076619859e-07
1.431742403177257172e-07
1.430122972249635093e-07
1.428506061308854500e-07
1.426892054165312747e-07
1.425279563777307860e-07
1.423670385959559960e-07
1.422064617435217105e-07
1.420460544552641528e-07
1.418857914591242964e-07
1.417257243368020176e-07
1.415659837404940197e-07
1.414066378409925141e-07
1.412475062465065756e-07
1.410885338245270704e-07
1.409297073316475196e-07
1.407711667122654297e-07
1.406130118560397167e-07
1.404550017324455622e-07
1.402971067244557816e-07
1.401394144260096635e-07
1.399821788423660070e-07
1.398252097057780671e-07
1.396682616589544404e-07
1.395115547472897708e-07
1.393550724968474404e-07
1.391988316141745079e-07
1.390428814010473909e-07
1.388871707986124671e-07
1.387317349499399485e-07
1.385764444854095471e-07
1.384214583607808324e-07
1.382668182625388991e-07
1.381123260903730198e-07
1.379579886645597163e-07
1.378038125864582038e-07
1.376499313670214469e-07
1.374964408183260846e-07
1.373431817442606489e-07
1.371900623823346445e-07
1.370371141570564799e-07
1.368843422070330832e-07
1.367319971781554063e-07
1.365798219104279721e-07
1.364277379261818843e-07
1.362758113435377151e-07
1.361242876815037213e-07
1.359730911800907010e-07
1.358219498585367503e-07
1.356709693508457230e-07
1.355202144842215455e-07
1.353696309069956355e-07
1.352194148953901187e-07
1.350693701199204585e-07
1.349196009726684454e-07
1.347700147248355865e-07
1.346206293125291137e-07
1.344716020210485307e-07
1.343227497730977381e-07
1.341740913094253246e-07
1.340255279281874287e-07
1.338772192219708886e-07
1.337292331432435854e-07
1.335815605537521601e-07
1.334340375278560343e-07
1.332866807837313411e-07
1.331394244957923803e-07
1.329925169984252070e-07
1.328459052409798114e-07
1.326993992614731490e-07
1.325530112806704247e-07
1.324068190017487600e-07
1.322610447968727378e-07
1.321155001480785937e-07
1.319699724229532108e-07
1.318246590569784089e-07
1.316795576243660441e-07
1.315346472313185135e-07
1.313900299493509141e-07
1.312456129905570469e-07
1.311014515104470401e-07
1.309574375652292643e-07
1.308136466271686669e-07
1.306701964924635934e-07
1.305268950059533225e-07
1.303837616652639033e-07
1.302407240843620854e-07
1.300979569140276457e-07
1.299554921883050982e-07
1.298133184468082795e-07
1.296712759341538479e-07
1.295293928794256185e-07
1.293876015949126133e-07
1.292461540914539298e-07
1.291049843140529883e-07
1.289639169372114652e-07
1.288229600988432148e-07
1.286821803147746799e-07
1.285417988556983282e-07
1.284016571191696878e-07
1.282615318768601074e-07
1.281215911340396943e-07
1.279818554494486430e-07
1.278422820343913953e-07
1.277030272845814254e-07
1.275639373499309096e-07
1.274250915062726815e-07
1.272864083322370700e-07
1.271479058364301272e-07
1.270097310513089421e-07
1.268717170362526977e-07
1.267338863223657167e-07
1.265961363120591349e-07
1.264585855751392467e-07
1.263213248116455195e-07
1.261843679055762859e-07
1.260475758202265630e-07
1.259109145332738654e-07
1.257743884915292519e-07
1.256380363495714251e-07
1.255020499019017036e-07
1.253662096681643673e-07
1.252304431776835664e-07
1.250948083620015937e-07
1.249594864702201401e-07
1.248244832897493894e-07
1.246895739110161482e-07
1.245547382279042152e-07
1.244201119838281105e-07
1.242856459494654767e-07
1.241514334204380318e-07
1.240174087629930538e-07
1.238835977970560909e-07
1.237500141936150335e-07
1.236165440885695250e-07
1.234833059753002740e-07
1.233503748039308117e-07
1.232175631868437040e-07
1.230848973192288146e-07
1.229523223543827875e-07
1.228199915367560216e-07
1.226879343790660560e-07
1.225561453333541564e-07
1.224244798522156792e-07
1.222929563724590426e-07
1.221615243014079652e-07
1.220303509782339177e-07
1.218994721157557510e-07
1.217687116820073649e-07
1.216380311711442779e-07
1.215074786510923800e-07
1.213772557112350510e-07
1.212473147228289340e-07
1.211174386925564906e-07
1.209876515908539758e-07
1.208580568527974042e-07
1.207286098603333032e-07
1.205994247902730673e-07
1.204704063647860511e-07
1.203415917919480176e-07
1.202129930206857558e-07
1.200845023500208274e-07
1.199562307852807310e-07
1.198282536190019343e-07
1.197003892799353643e-07
1.195726704130600128e-07
1.194450310313864636e-07
1.193176122959063863e-07
1.191904573941176547e-07
1.190635611853325912e-07
1.189367981731225462e-07
1.188101579785930494e-07
1.186836307321201964e-07
1.185572725792557247e-07
1.184312475314574616e-07
1.183053585992224351e-07
1.181795339634860578e-07
1.180538318190093008e-07
1.179283760230514157e-07
1.178032327091377509e-07
1.176782105144149912e-07
1.175532155966143197e-07
1.174284165721641100e-07
1.173037791394751004e-07
1.171793017505370348e-07
1.170550731848500764e-07
1.169310017069968086e-07
1.168071373846704465e-07
1.166834109930182204e-07
1.165598376716145386e-07
1.164365376043645462e-07
1.163134053288932095e-07
1.161904157669938065e-07
1.160675127845646983e-07
1.159447431906554609e-07
1.158221909046710023e-07
1.156999210151097327e-07
1.155778679152417030e-07
1.154558981896305455e-07
1.153340650668143458e-07
1.152122978993333059e-07
1.150908297155051118e-07
1.149695878544878436e-07
1.148484347414619071e-07
1.147273610912353264e-07
1.146064064195851731e-07
1.144857653626972099e-07
1.143653742927110140e-07
1.142450420574679248e-07
1.141247813079156248e-07
1.140046997046298483e-07
1.138847616094776308e-07
1.137650211029547868e-07
1.136454661389287352e-07
1.135260852808924415e-07
1.134069024589130999e-07
1.132878335251650113e-07
1.131689209276367349e-07
1.130502810210131901e-07
1.129317748325803375e-07
1.128134193067760142e-07
1.126951332388376389e-07
1.125769871552630934e-07
1.124590425337220856e-07
1.123413749604662165e-07
1.122239070881449018e-07
1.121065179033201337e-07
1.119892577887509696e-07
1.118720592388881195e-07
1.117551368579383914e-07
1.116384405250356800e-07
1.115218374878609496e-07
1.114053047407868137e-07
1.112888805699517939e-07
1.111727306825289570e-07
1.110568384664194280e-07
1.109410283277657215e-07
1.108252563470113629e-07
1.107096596233062248e-07
1.105942081647838320e-07
1.104789035848102461e-07
1.103638285288671423e-07
1.102488892277775004e-07
1.101341355952758811e-07
1.100195172317887893e-07
1.099050295522421781e-07
1.097907684121918937e-07
1.096767040951618702e-07
1.095627456828890012e-07
1.094488934023173551e-07
1.093351181924193469e-07
1.092215545984909882e-07
1.091082171913648264e-07
1.089950993505066997e-07
1.088820882558082747e-07
1.087691817243394118e-07
1.086563815877121389e-07
1.085437002206727087e-07
1.084313150606833638e-07
1.083190754171307182e-07
1.082068837009756249e-07
1.080947981043332812e-07
1.079828494226319228e-07
1.078712025206799325e-07
1.077597438673982937e-07
1.076482990947643900e-07
1.075369635214702126e-07
1.074257787145437335e-07
1.073147111643562901e-07
1.072038640216101080e-07
1.070931554875064226e-07
1.069826107608447117e-07
1.068722450988386809e-07
1.067619788476894371e-07
1.066518550437833823e-07
1.065419800369782778e-07
1.064322339093509425e-07
1.063226144805107080e-07
1.062130703570163954e-07
1.061036260728720460e-07
1.059943815306243011e-07
1.058853640656149656e-07
1.057765489516489638e-07
1.056678181668312571e-07
1.055591959789602397e-07
1.054506590486039842e-07
1.053422607868649492e-07
1.052341447355838270e-07
1.051261493547794942e-07
1.050181984909463956e-07
1.049103534138507700e-07
1.048026420804247598e-07
1.046952155672578568e-07
1.045879704306934965e-07
1.044807386804300867e-07
1.043736062042372250e-07
1.042666196012641249e-07
1.036488328511264093e-07
1.035427026675009727e-07
1.034367211751803056e-07
1.033308897284118808e-07
1.032252294500126797e-07
1.031196720942640742e-07
1.009938180814808365e-07
1.008907772306775101e-07
1.007878978148575794e-07
1.006851211163690327e-07
1.005824381824819799e-07
1.004798227127738575e-07
9.937885688786311148e-08
9.927770129730637872e-08
9.917674968020391017e-08
9.907590796614015277e-08
9.897515468031996293e-08
9.887451579511164527e-08
9.680026576766976017e-08
9.670206681931926253e-08
9.660403738897023278e-08
9.650606720555210142e-08
9.640816543474928369e-08
9.631035813050732443e-08
9.523771346894707257e-08
9.514141256383930379e-08
9.504518714743610837e-08
9.494897797268350344e-08
9.485292365352115771e-08
9.475700122177647572e-08
9.466114533104629670e-08
9.264096626896296220e-08
9.254748751273012073e-08
9.245417031936745624e-08
9.236101214162154587e-08
9.226792913656341296e-08
9.217493265194058132e-08
9.113165350107256748e-08
9.103996095517982475e-08
9.094839962896712705e-08
9.085689117316137324e-08
9.076548506380805556e-08
9.067423395166969994e-08
8.870582966176214748e-08
8.861693429742537975e-08
8.852811540691248773e-08
8.843938952527028708e-08
8.835075424246231012e-08
8.826218525461135008e-08
8.724699916390275135e-08
8.715975434177603591e-08
8.707255135108741492e-08
8.698542282190890768e-08
8.689838697454807864e-08
8.681160677209650841e-08
8.489507977320674891e-08
8.481043379683408107e-08
8.472581292359889579e-08
8.464134012736663619e-08
8.455699069466213344e-08
8.447270606730732615e-08
8.348552974942044293e-08
8.340242414980590044e-08
8.331947430417750410e-08
8.323667644312758470e-08
8.315395071819944305e-08
8.307130526514218173e-08
8.120651630075859428e-08
8.112598155383681231e-08
8.104556181093239537e-08
8.096520459862834240e-08
8.088492561013819238e-08
8.080480489701156217e-08
7.984557395870619318e-08
7.976663477409030595e-08
7.968778636421662000e-08
7.960901920756857144e-08
