-1.234816568377916572e-12
-1.387300612153871671e-12
-1.522245005062944775e-12
-1.633120705312880719e-12
-1.713309329649568401e-12
-1.756152319649161754e-12
-1.754988004041733754e-12
-1.703172332489638023e-12
-1.594165757345095482e-12
-1.421546157520085484e-12
-1.178993288152573698e-12
-8.603690614628106925e-13
-4.597145867702282750e-13
2.872017408898408746e-14
6.105239471477881152e-13
1.290990488479687205e-12
2.075100351814536706e-12
2.967751433701429686e-12
3.973296437932959183e-12
5.096012470611175183e-12
6.339926109315131493e-12
7.708563208097113751e-12
9.205349148343483645e-12
1.083327081704218810e-11
1.259509600684494222e-11
1.449333923034688021e-11
1.652997278126636618e-11
1.870714491250516685e-11
2.102612816665856121e-11
2.348830061736264297e-11
2.609452285538578165e-11
2.884576166957558807e-11
3.174199457517778279e-11
3.478383202354349608e-11
3.797071828826743520e-11
4.130280542632200463e-11
4.477895752682027986e-11
4.839881916944363061e-11
5.216109438187135697e-11
5.606437679691994576e-11
6.010757897516287264e-11
6.428868962892596132e-11
6.860591056152521325e-11
7.305726414293470467e-11
7.764059317082019203e-11
8.235363830258539369e-11
8.719343391309284073e-11
9.215773088766906377e-11
9.724386009976582434e-11
1.024485655679687667e-10
1.077694858094195712e-10
1.132029902172366682e-10
1.187459781465838186e-10
1.243955980358977613e-10
1.301485550765679836e-10
1.360011725804735555e-10
1.419504054059356346e-10
1.479930163042028373e-10
1.541250937062415269e-10
1.603436779346737238e-10
1.666456119243279031e-10
1.730268095922370288e-10
1.794839444732575699e-10
1.860142675907806914e-10
1.926139893882217528e-10
1.992798153626961697e-10
2.060084381430360047e-10
2.127969770125392416e-10
2.196418971121346266e-10
2.265400694756451711e-10
2.334887404016063811e-10
2.404850106074128018e-10
2.475258213882705744e-10
2.546081450149835194e-10
2.617294483256732357e-10
2.688872573303302880e-10
2.760790820995055542e-10
2.833021240178124604e-10
2.905539620414180645e-10
2.978324994739339289e-10
3.051359347695871650e-10
3.124619400336844826e-10
3.198081875799822608e-10
3.271730718330443813e-10
3.345551340631692775e-10
3.419528653043225766e-10
3.493639658719785986e-10
3.567872154748869403e-10
3.642215293417749580e-10
3.716660908369284959e-10
3.791194297103361603e-10
3.865797549498740102e-10
3.940466094118603609e-10
4.015196074507969542e-10
4.089981263862945871e-10
4.164808740815035725e-10
4.239672139038137242e-10
4.314568838877721281e-10
4.389498172322576962e-10
4.464457400485051376e-10
4.539440693171195158e-10
4.614447422670036869e-10
4.689476736145130079e-10
4.764530263393744423e-10
4.839609132127751573e-10
4.914714750493106293e-10
4.989847916156615846e-10
5.065011397883696348e-10
5.140206344787037315e-10
5.215440106518582512e-10
5.290716619299993799e-10
5.366039286278044742e-10
5.441414267552782773e-10
5.516842745727786046e-10
5.592332914536565155e-10
5.667889676989630615e-10
5.743522389412916761e-10
5.819233897142296721e-10
5.895034688801466854e-10
5.970926161280106080e-10
6.046917306951297693e-10
6.123011798000653059e-10
6.199221112631196392e-10
6.275547869246762851e-10
6.352005377487809843e-10
6.428594165009541395e-10
6.505321912759662768e-10
6.582190304871283674e-10
6.659212081500788283e-10
6.736387935812297092e-10
6.813732237898430249e-10
6.891244505407011517e-10
6.968929901493545334e-10
7.046786177265703370e-10
7.124823545082095384e-10
7.203046371543147225e-10
7.281458494065451981e-10
7.360067206158550881e-10
7.438871095646467286e-10
7.517869348186430715e-10
7.597059675836573585e-10
7.676451428669344801e-10
7.756038511759910722e-10
7.835827945271016076e-10
7.915820106913180891e-10
7.996010743482513062e-10
8.076395184459195832e-10
8.156971312829960292e-10
8.237741398887950546e-10
8.318694800590626628e-10
8.399836185261581478e-10
8.481157031345700545e-10
8.562653516573724186e-10
8.644319610640167180e-10
8.726145041986759755e-10
8.808130252526472364e-10
8.890260782394425272e-10
8.972532172021710255e-10
9.054936206968830593e-10
9.137462585382853762e-10
9.220107238607192074e-10
9.302850500402929747e-10
9.385688354642756714e-10
9.468608695968542179e-10
9.551595945697378614e-10
9.634645253348037262e-10
9.717735177525535955e-10
9.800859919025418760e-10
9.884006582882794475e-10
9.967153474783938902e-10
1.005029417476174234e-09
1.013341371475141006e-09
1.021649098937857913e-09
1.029952525336675252e-09
1.038248177346818357e-09
1.046535230480974544e-09
1.054813181208497330e-09
1.063078247685433951e-09
1.071330404814462878e-09
1.079568244984651834e-09
1.087788964834913635e-09
1.095992524120595376e-09
1.104176212393506740e-09
1.112337280287933081e-09
1.120475769361759245e-09
1.128588774516638405e-09
1.136674504003924692e-09
1.144732853855949073e-09
1.152760930828193562e-09
1.160757397404349248e-09
1.168722284594755550e-09
1.176651777898369328e-09
1.184543633085184091e-09
1.192398193554929802e-09
1.200212316799159407e-09
1.207984364613139524e-09
1.215714383015574607e-09
1.223401503737805846e-09
1.231041225243087184e-09
1.238635709687903403e-09
1.246183615317471926e-09
1.253679576113220936e-09
1.261123065663695177e-09
1.268515776745710892e-09
1.275853530148006292e-09
1.283136611772986960e-09
1.290364392700674795e-09
1.297534777221342289e-09
1.304647528751738957e-09
1.311702783833245024e-09
1.318699298383572027e-09
1.325631817522481303e-09
1.332503414580974200e-09
1.339313611688539039e-09
1.346059152933244636e-09
1.352741469758751076e-09
1.359360403805962297e-09
1.365913416743451993e-09
1.372400687441748440e-09
1.378823787874225989e-09
1.385181846714966284e-09
1.391471320662692688e-09
1.397694409540716814e-09
1.403851212974009895e-09
1.409939931813968301e-09
1.415960713260691172e-09
1.421915967629809520e-09
1.427804647934999234e-09
1.433624886399128447e-09
1.439378349909583718e-09
1.445066558473275467e-09
1.450688462373190946e-09
1.456242737906275726e-09
1.461731508068298746e-09
1.467155382414278223e-09
1.472513259364962236e-09
1.477806536143548927e-09
1.483037311878337839e-09
1.488205141522667490e-09
1.493308309168773859e-09
1.498350607638950594e-09
1.503332227595019958e-09
1.508253661492011733e-09
1.513113715365849024e-09
1.517915675214676254e-09
1.522660098369959977e-09
1.527347599417300025e-09
1.531977340125612605e-09
1.536553328534366628e-09
1.541075624468572716e-09
1.545544267283499181e-09
1.549959410787094354e-09
1.554324693333613422e-09
1.558640537818482808e-09
1.562907057881429427e-09
1.567124842732798894e-09
1.571297199076720727e-09
1.575424340664275272e-09
1.579506688959535620e-09
1.583544971520790070e-09
1.587542980975779390e-09
1.591500424411245788e-09
1.595418137334533151e-09
1.599296055925348291e-09
1.603138067516994666e-09
1.606944752398178679e-09
1.610715955531099863e-09
1.614452550249740229e-09
1.618158098768695686e-09
1.621833059016807702e-09
1.625477894620537807e-09
1.629092605037917266e-09
1.632680294693666856e-09
1.636242429508996338e-09
1.639779187075943633e-09
1.643290541928926402e-09
1.646778491757762181e-09
1.650245366027463884e-09
1.653691127960588860e-09
1.657116207352242456e-09
1.660521544733581799e-09
1.663909780298362546e-09
1.667281287588114435e-09
1.670636326657503270e-09
1.673975119039724599e-09
1.677299897201283984e-09
1.680611931370987102e-09
1.683911458250205623e-09
1.687198605583750680e-09
1.690473615749769049e-09
1.693738807092492054e-09
1.696994441240379330e-09
1.700240685595761704e-09
1.703477702822217709e-09
1.706706739524274727e-09
1.709928917983695615e-09
1.713144232871121122e-09
1.716352720779863494e-09
1.719554683746320728e-09
1.722751530920477345e-09
1.725943777811879002e-09
1.729131516534366095e-09
1.732314649999103151e-09
1.735492637939690526e-09
1.738666707508841753e-09
1.741836973749843809e-09
1.745003550535192232e-09
1.748166128223555911e-09
1.751324861946537594e-09
1.754480286109631413e-09
1.757632391773827360e-09
1.760781241421867365e-09
1.763926435407394174e-09
1.767067685548954180e-09
1.770205467201768254e-09
1.773339850043560523e-09
1.776470967127656420e-09
1.779597710722068984e-09
1.782719169461202307e-09
1.785835691573866769e-09
1.788947379909052756e-09
1.792054422602869456e-09
1.795155750896440985e-09
1.798250293595506298e-09
1.801338429918370242e-09
1.804420123573972365e-09
1.807495479499272358e-09
1.810563306005767397e-09
1.813622133677244199e-09
1.816672293528057413e-09
1.819714087671036524e-09
1.822746879886996267e-09
1.825770315019654070e-09
1.828781891786010648e-09
1.831781989991503645e-09
1.834770421204720395e-09
1.837746132835519010e-09
1.840710443313181203e-09
1.843660785036494694e-09
1.846596729349878147e-09
1.849516980597159291e-09
1.852423032836758167e-09
1.855314703842109319e-09
1.858189915878781695e-09
1.861046215544629460e-09
1.863884848697235900e-09
1.866706048348416490e-09
1.869509529714444705e-09
1.872293679899832366e-09
1.875056468067814995e-09
1.877798944796996667e-09
1.880518996551742238e-09
1.883217471495754860e-09
1.885895120231416646e-09
1.888550473238289554e-09
1.891179822793594175e-09
1.893785609358235663e-09
1.896367963921888845e-09
1.898925996947096124e-09
1.901459136479657517e-09
1.903964929506532945e-09
1.906444900822023344e-09
1.908896134054136902e-09
1.911321709902566333e-09
1.913721205482307277e-09
1.916091588634611425e-09
1.918431943248182259e-09
1.920743675085699696e-09
1.923027004315014964e-09
1.925279591305727166e-09
1.927504242715899972e-09
1.929699097827891734e-09
1.931861173333097836e-09
1.933993447756206540e-09
1.936096829530623916e-09
1.938167693437888343e-09
1.940209271682272903e-09
1.942219649550763412e-09
1.944195809236360626e-09
1.946141130098272294e-09
1.948056508955792378e-09
1.949938941697054728e-09
1.951790635382043265e-09
1.953610585044381816e-09
1.955396755330899758e-09
1.957151695332492497e-09
1.958876542106519298e-09
1.960568587515105298e-09
1.962229598414549984e-09
1.963859738514153621e-09
1.965456409942360284e-09
1.967023167541601387e-09
1.968560770981812920e-09
1.970065811713906803e-09
1.971541835818486534e-09
1.972986561492520657e-09
1.974399464909327895e-09
1.975783229213686340e-09
1.977139045069222035e-09
1.978464120054973142e-09
1.979761121956462703e-09
1.981028047723246505e-09
1.982265940405426994e-09
1.983477479941133901e-09
1.984660827927246091e-09
1.985817251861880602e-09
1.986947232311496163e-09
1.988049169811701639e-09
1.989124452149880488e-09
1.990175999922600931e-09
1.991201868042280383e-09
1.992203427151329747e-09
1.993180808270691276e-09
1.994133891076356962e-09
1.995062905984945825e-09
1.995968145989621093e-09
1.996851815926905203e-09
1.997714696579195787e-09
1.998555633778902608e-09
1.999375123170332603e-09
2.000173049477430169e-09
2.000950416447141822e-09
2.001710252381899852e-09
2.002450522876978929e-09
2.003172686870530081e-09
2.003876676567822920e-09
2.004562802780979996e-09
2.005230651442411819e-09
2.005882323445290486e-09
2.006519024812497091e-09
2.007140885241319471e-09
2.007747726861787019e-09
2.008339816166181373e-09
2.008916960342175905e-09
2.009480274056177882e-09
2.010030169075883817e-09
2.010568413786222970e-09
2.011095155630485169e-09
2.011610108991145832e-09
2.012112800038139702e-09
2.012604192110474933e-09
2.013085018255610369e-09
2.013556338355946743e-09
2.014018603517078088e-09
2.014472066935681184e-09
2.014916771302216574e-09
2.015352217869953714e-09
2.015779233724875697e-09
2.016198047209528874e-09
2.016610438864923349e-09
2.017016333548483354e-09
2.017415970327482754e-09
2.017809703965624203e-09
2.018196673524723475e-09
2.018577685092949250e-09
2.018952727636373900e-09
2.019323014723750938e-09
2.019688742777057750e-09
2.020050183253148573e-09
2.020407346716939627e-09
2.020759677726906623e-09
2.021107977830492982e-09
2.021452257109706884e-09
2.021792923920621124e-09
2.022130574480959161e-09
2.022465281848801620e-09
2.022796803204783378e-09
2.023125183237006156e-09
2.023450640007981088e-09
2.023772861246439023e-09
2.024092301344528005e-09
2.024409501207892855e-09
2.024724694115859256e-09
2.025037431790798253e-09
2.025348092721441392e-09
2.025656831351508023e-09
2.025962595443483354e-09
2.026265532074133482e-09
2.026566509746622922e-09
2.026864788630198217e-09
2.027161309756295326e-09
2.027455330287276546e-09
2.027747342686856640e-09
2.028036755528176822e-09
2.028323615425759742e-09
2.028607400418547275e-09
2.028888829627833627e-09
2.029167617557689767e-09
2.029443781406937710e-09
2.029717375787613139e-09
2.029988405144901949e-09
2.030256290432109426e-09
2.030520085932896777e-09
2.030780913809168388e-09
2.031037827385717698e-09
2.031291896791976148e-09
2.031542138900128356e-09
2.031789521249440189e-09
2.032032804784730844e-09
2.032272128255208320e-09
2.032505799066449699e-09
2.032735664770772718e-09
2.032959770156896711e-09
2.033180282411887657e-09
2.033394912511675510e-09
2.033605981232402593e-09
2.033810982501942027e-09
2.034011226201408358e-09
2.034204494671159861e-09
2.034392860736641522e-09
2.034574163099486141e-09
2.034750673998366621e-09
2.034920098178309516e-09
2.035084850287221782e-09
2.035242106355307582e-09
2.035392978728236255e-09
2.035535493237980882e-09
2.035671811349668275e-09
2.035799696365267729e-09
2.035921559611390608e-09
2.036034870960836074e-09
2.036142361359330023e-09
2.036240866136767865e-09
2.036332111486160074e-09
2.036413406730752773e-09
2.036487615431852893e-09
2.036551598584702302e-09
2.036608648807454585e-09
2.036655486411037284e-09
2.036695528996458639e-09
2.036725179037775009e-09
2.036747076193721631e-09
2.036758076621774561e-09
2.036761209555440588e-09
2.036753687211759568e-09
2.036738030982160606e-09
2.036712032250236741e-09
2.036677535095884214e-09
2.036633217148388413e-09
2.036579354193405156e-09
2.036514589188117273e-09
2.036440359414508329e-09
2.036355870950912970e-09
2.036261553337085889e-09
2.036157582537421715e-09
2.036043241110381913e-09
2.035919956610306043e-09
2.035785409720198385e-09
2.035641521960686846e-09
2.035486011573904033e-09
2.035321817168193288e-09
2.035145984353845952e-09
2.034961450000389001e-09
2.034765648733545800e-09
2.034560786960158457e-09
2.034345133953439561e-09
2.034119714909790655e-09
2.033883831648408329e-09
2.033638516458188852e-09
2.033383384645553466e-09
2.033118436420688765e-09
2.032844208568887502e-09
2.032559529730685745e-09
2.032265966503197452e-09
2.031961741166429279e-09
2.031648477423976725e-09
2.031324756321779775e-09
2.030992986372381345e-09
2.030651028661417921e-09
2.030300684081520527e-09
2.029940932341799526e-09
2.029572171384537393e-09
2.029194896794980367e-09
2.028807752094862047e-09
2.028412589755908707e-09
2.028007891532608324e-09
2.027596189523746723e-09
2.027175206088334421e-09
2.026746893277904862e-09
2.026309919188652308e-09
2.025865142073236406e-09
2.025412521858975098e-09
2.024951449525870588e-09
2.024483168732363785e-09
2.024006917383556020e-09
2.023524526189044268e-09
2.023034428284204359e-09
2.022537954671297881e-09
2.022034296220530326e-09
2.021523894398442769e-09
2.021006889554093230e-09
2.020482573508049929e-09
2.019951907744120341e-09
2.019414736520986890e-09
2.018872460084365678e-09
2.018323863534900457e-09
2.017770158553139556e-09
2.017210418065079083e-09
2.016645316712361036e-09
2.016074536930835680e-09
2.015498167724971489e-09
2.014916411085822040e-09
2.014329709417951221e-09
2.013738681163274879e-09
2.013143075650829518e-09
2.012543184372941863e-09
2.011938720850496009e-09
2.011329997337390313e-09
2.010716610904187669e-09
2.010099145888726297e-09
2.009477135826157110e-09
2.008851450854236236e-09
2.008222042494554948e-09
2.007589511938094702e-09
2.006953636571196634e-09
2.006314639615497358e-09
2.005672324489208196e-09
2.005026877747696184e-09
2.004378155387088485e-09
2.003726291023523804e-09
2.003071037599163561e-09
2.002413027574153442e-09
2.001752612757424237e-09
2.001089652787758368e-09
2.000424502948245196e-09
1.999756840902978186e-09
1.999086938364162231e-09
1.998414473042791935e-09
1.997739886987329933e-09
1.997062729535137410e-09
1.996383530797648502e-09
1.995702158633504815e-09
1.995019293658164015e-09
1.994334281030950888e-09
1.993647869153368091e-09
1.992959360351839366e-09
1.992269401872529287e-09
1.991577433462203942e-09
1.990883977267788938e-09
1.990188530234597104e-09
1.989491396980326255e-09
1.988792643164836336e-09
1.988092799392892000e-09
1.987391437747170607e-09
1.986689019212036092e-09
1.985985111603899089e-09
1.985280114006303163e-09
1.984573614005358304e-09
1.983866078517554210e-09
1.983156738075827720e-09
1.982445776741100016e-09
1.981733228195338461e-09
1.981019768125906785e-09
1.980304604372538027e-09
1.979588445498558491e-09
1.978870949125640836e-09
1.978152131108107708e-09
1.977432142662185143e-09
1.976710695920830885e-09
1.975987904534194323e-09
1.975263791059987070e-09
1.974537822473693026e-09
1.973810915994865294e-09
1.973082240698575560e-09
1.972352397112240990e-09
1.971621360666612159e-09
1.970888609814055812e-09
1.970154757064362034e-09
1.969419610895854107e-09
1.968682756667706376e-09
1.967944364905518226e-09
1.967204005046395263e-09
1.966462362682527306e-09
1.965719305488425560e-09
1.964974332898637470e-09
1.964228198584964247e-09
1.963480305660906908e-09
1.962730986865739835e-09
1.961980453122578296e-09
1.961227774993253487e-09
1.960473610677951963e-09
1.959717175550119630e-09
1.958958679360343237e-09
1.958198715896172319e-09
1.957436292906651079e-09
1.956672241002296482e-09
1.955906735393610745e-09
1.955138515084364600e-09
1.954368903532684294e-09
1.953597308953872709e-09
1.952823632813844405e-09
1.952048261445980986e-09
1.951270026508125238e-09
1.950490053971596423e-09
1.949708301991891610e-09
1.948923567961227583e-09
1.948137284947433560e-09
1.947348760496856539e-09
1.946557898641077187e-09
1.945765292163613212e-09
1.944970159283246391e-09
1.944173017812889512e-09
1.943373546464094850e-09
1.942571157450921803e-09
1.941766961293369378e-09
1.940960559112869367e-09
1.940151372566244168e-09
1.939340219614599381e-09
1.938526596791560043e-09
1.937710726731629970e-09
1.936892888307254874e-09
1.936072217905148430e-09
1.935249304252748214e-09
1.934424128641710310e-09
1.933595880738444266e-09
1.932765720967499909e-09
1.931933207577455161e-09
1.931097788305640828e-09
1.930260420300114486e-09
1.929420251566913158e-09
1.928577819994374945e-09
1.927733348647799326e-09
1.926885806879829958e-09
1.926036209283736419e-09
1.925184546976095239e-09
1.924329853814252295e-09
1.923473306341116112e-09
1.922614607535236594e-09
1.921752960629612514e-09
1.920889350421392451e-09
1.920023410233984006e-09
1.919154981060360543e-09
1.918284393114083162e-09
1.917411483073220279e-09
1.916536022242598449e-09
1.915658428252556778e-09
1.914778484100202496e-09
1.913896632469769257e-09
1.913012401636531899e-09
1.912125910494013636e-09
1.911237545835922084e-09
1.910347117393014689e-09
1.909454251106112086e-09
1.908559326069317953e-09
1.907662516548163789e-09
1.906763366764311455e-09
1.905862175583121121e-09
1.904959072129513000e-09
1.904053726529524993e-09
1.903146800513088763e-09
1.902237939947929977e-09
1.901327073169105598e-09
1.900414454050753326e-09
1.899499751138168913e-09
1.898583376146936495e-09
1.897665095459868467e-09
1.896744819555715268e-09
1.895822742285576939e-09
1.894899141502233649e-09
1.893973862748937954e-09
1.893047095567096186e-09
1.892118773370116599e-09
1.891188714588049708e-09
1.890257411071421287e-09
1.889324339824742498e-09
1.888389895061655125e-09
1.887453884438843949e-09
1.886516270632554884e-09
1.885577441090505896e-09
1.884636805717309472e-09
1.883694703622109736e-09
1.882751434649110625e-09
1.881807075282781656e-09
1.880861355627902871e-09
1.879914485580107137e-09
1.878966615050205409e-09
1.878017383761873916e-09
1.877067088714849264e-09
1.876115615459057052e-09
1.875163014835333833e-09
1.874209427742523221e-09
1.873254325403267973e-09
1.872298368576472432e-09
1.871341406400274735e-09
1.870383560820246404e-09
1.869424920229404005e-09
1.868465149287196924e-09
1.867504675985642211e-09
1.866543261694341442e-09
1.865580929312342309e-09
1.864617805821877725e-09
1.863653777585826394e-09
1.862688900273236747e-09
1.861723094242497662e-09
1.860756601849174094e-09
1.859789419557441153e-09
1.858821629136832089e-09
1.857853245051137578e-09
1.856884119611271075e-09
1.855914589127941975e-09
1.854944295286857562e-09
1.853973499699975221e-09
1.853002231339171827e-09
1.852030108330148306e-09
1.851057622802231657e-09
1.850084364903723819e-09
1.849110527894249335e-09
1.848136108234509159e-09
1.847161101046784655e-09
1.846185813304253151e-09
1.845210020344370764e-09
1.844233895569340175e-09
1.843257435315661170e-09
1.842280397482250910e-09
1.841303107177394472e-09
1.840325323076483459e-09
1.839347239061885338e-09
1.838368802092752641e-09
1.837389708636193566e-09
1.836410363823393215e-09
1.835430557742216465e-09
1.834450379729782475e-09
1.833470092244874779e-09
1.832489212700811436e-09
1.831508110599544306e-09
1.830526832451371281e-09
1.829545075755225656e-09
1.828563078206957200e-09
1.827580743275332890e-09
1.826598116881780740e-09
1.825615154068951740e-09
1.824631920474123804e-09
1.823648404623019707e-09
1.822664482105152420e-09
1.821680430970460612e-09
1.820696179752896823e-09
1.819711628481811045e-09
1.818726911000899369e-09
1.817741908767528598e-09
1.816756776591941810e-09
1.815771395475522494e-09
1.814785719794751733e-09
1.813799991658529222e-09
1.812813819962585097e-09
1.811827439831891783e-09
1.810840694720863992e-09
1.809853606547099621e-09
1.808866360715150680e-09
1.807878955695518858e-09
1.806891237080094929e-09
1.805903345594014580e-09
1.804915309139982387e-09
1.803926952472754547e-09
1.802938445731430301e-09
1.801949671255812728e-09
1.800960792213233354e-09
1.799971593024335884e-09
1.798982148567660037e-09
1.797992638495419766e-09
1.797002666305371326e-09
1.796012521981188083e-09
1.795022337385427205e-09
1.794031700875461885e-09
1.793040875868943425e-09
1.792049968038484591e-09
1.791058739845441290e-09
1.790067179191924833e-09
1.789075570954595485e-09
1.788083726325962913e-09
1.787091473051165303e-09
1.786099235225082327e-09
1.785106734475547106e-09
1.784113979080610981e-09
1.783121087298894687e-09
1.782127967508151266e-09
1.781134765985221802e-09
1.780141243945107815e-09
1.779147600764558556e-09
1.778153781843697896e-09
1.777159788356791432e-09
1.776165576988898619e-09
1.775171172122532861e-09
1.774176693046402910e-09
1.773181853895450388e-09
1.772186884480922181e-09
1.771191678737625811e-09
1.770196227100333775e-09
1.769200637072540613e-09
1.768204845326415322e-09
1.767208880295340201e-09
1.766212719884535267e-09
1.765216375802783451e-09
1.764219889504613381e-09
1.763223132436603930e-09
1.762226230479679743e-09
1.761229274930385414e-09
1.760231889980302734e-09
1.759234496999702513e-09
1.758237015233505807e-09
1.757239392287927182e-09
1.756241627221469664e-09
1.755243699783262933e-09
1.754245700407391715e-09
1.753247437304669084e-09
1.752249092520135709e-09
1.751250614450377232e-09
1.750251932900019690e-09
1.749253104391885982e-09
1.748254216473903602e-09
1.747255072533016442e-09
1.746255838952758329e-09
1.745256534783677795e-09
1.744257118242938227e-09
1.743257719079071300e-09
1.742258235074514947e-09
1.741258697891013322e-09
1.740259020931689841e-09
1.739259425776641192e-09
1.738259768484529391e-09
1.737259894881750916e-09
1.736260104082067864e-09
1.735260299867790022e-09
1.734260322213962294e-09
1.733260238214403576e-09
1.732260339670640707e-09
1.731260193672116640e-09
1.730260032357764504e-09
1.729259826861669260e-09
1.728259675779582661e-09
1.727259481425982499e-09
1.726259225034332704e-09
1.725259022140382231e-09
1.724258807241476809e-09
1.723258560513199084e-09
1.722258273900712405e-09
1.721258021428782019e-09
1.720257748225678891e-09
1.719257507574573049e-09
1.718257104204302137e-09
1.717256941254489853e-09
1.716256670673507908e-09
1.715256606483601371e-09
1.714256594754357822e-09
1.713256664919717229e-09
1.712256739569346813e-09
1.711256883736889438e-09
1.710257202719748743e-09
1.709257508334045861e-09
1.708257813487148429e-09
1.707258277393664056e-09
1.706258810104153136e-09
1.705259408755909007e-09
1.704259894019814460e-09
1.703260726756032262e-09
1.702261527390156312e-09
1.701262421849143857e-09
1.700263496776772620e-09
1.699264802416323881e-09
1.698266241777975685e-09
1.697267684526932098e-09
1.696269453178887361e-09
1.695271412729776417e-09
1.694273464363238444e-09
1.693275525585378131e-09
1.692278032609808790e-09
1.691280615346577226e-09
1.690283224962910538e-09
1.689286028798604699e-09
1.688289246338838780e-09
1.687292337946904377e-09
1.686295635191284434e-09
1.685299176235610870e-09
1.684302947532402333e-09
1.683306855092641335e-09
1.682310974533994831e-09
1.681315328362062054e-09
1.680319881474813533e-09
1.679324669346882039e-09
1.678329558925811302e-09
1.677334733548160441e-09
1.676340149242372941e-09
1.675345677441999581e-09
1.674351385508369467e-09
1.673357474277378451e-09
1.672363665746857542e-09
1.671370219341781302e-09
1.670376982107975869e-09
1.669384118206382121e-09
1.668391385330073325e-09
1.667398979696051509e-09
1.666406776931176848e-09
1.665414931750153063e-09
1.664423307149536837e-09
1.663431785892978595e-09
1.662440749192081664e-09
1.661449869583081456e-09
1.660459286145231033e-09
1.659468779206615302e-09
1.658478819826658059e-09
1.657489004714609707e-09
1.656499428835726291e-09
1.655510168170724338e-09
1.654521324629702878e-09
1.653532723411241866e-09
1.652544384704545307e-09
1.651556362374704792e-09
1.650568840923859643e-09
1.649581531168261503e-09
1.648594424197562175e-09
1.647607771474833308e-09
1.646621501035485690e-09
1.645635452615715820e-09
1.644649643628875004e-09
1.643664274473115115e-09
1.642679283564632751e-09
1.641694455450009867e-09
1.640709986626786796e-09
1.639725911285026593e-09
1.638742196552240842e-09
1.637758731130285507e-09
1.636775644898841751e-09
1.635792934869264661e-09
1.634810539458619377e-09
1.633828487333925362e-09
1.632846751684232371e-09
1.631865378700215707e-09
1.630884326342819561e-09
1.629903658493134689e-09
1.628923283702622060e-09
1.627943198108885882e-09
1.626963647284561946e-09
1.625984334185618126e-09
1.625005545600370441e-09
1.624027099865935665e-09
1.623049094595747214e-09
1.622071349074498611e-09
1.621093990317427275e-09
1.620117100114911405e-09
1.619140532243090832e-09
1.618164326016412506e-09
1.617188375885596288e-09
1.616213037237956297e-09
1.615237898557672515e-09
1.614263235968262681e-09
1.613288709636220609e-09
1.612314863621727105e-09
1.611341264149159634e-09
1.610368074223432811e-09
1.609395205354253629e-09
1.608422914350555244e-09
1.607450999893533764e-09
1.606479421623889049e-09
1.605508150511552066e-09
1.604537544636309826e-09
1.603567242469404394e-09
1.602597311461624460e-09
1.601627710020343591e-09
1.600658704950517697e-09
1.599690043774620822e-09
1.598721758109233057e-09
1.597753798538791404e-09
1.596786360808680865e-09
1.595819406246305287e-09
1.594852721401099043e-09
1.593886533682796906e-09
1.592920787100990777e-09
1.591955582757169283e-09
1.590990611844667910e-09
1.590026100828250505e-09
1.589062057681110580e-09
1.588098486362920576e-09
1.587135211941110958e-09
1.586172406553290689e-09
1.585209944576491397e-09
1.584248030066285391e-09
1.583286460000662538e-09
1.582325314188862111e-09
1.581364469830669578e-09
1.580404195923234909e-09
1.579444401619917045e-09
1.578484993489300952e-09
1.577526115705493238e-09
1.576567812934013593e-09
1.575609904977205168e-09
1.574652346753517784e-09
1.573695196964071763e-09
1.572738690148443812e-09
1.571782533126734676e-09
1.570826762911761249e-09
1.569871331696495953e-09
1.568916581110584955e-09
1.567962150765662874e-09
1.567008216260469149e-09
1.566054510021390286e-09
1.565101456014762088e-09
1.564148844068756080e-09
1.563196690422457971e-09
1.562244894835970460e-09
1.561293598117809042e-09
1.560342999274725077e-09
1.559392679684507188e-09
1.558442803644456977e-09
1.557493317429317735e-09
1.556544632091109312e-09
1.555596202477896570e-09
1.554648210897019152e-09
1.553700622533934002e-09
1.552753709340562954e-09
1.551807171019324379e-09
1.550861076587852481e-09
1.549915350805426513e-09
1.548970170283503137e-09
1.548025614533846799e-09
1.547081346060625759e-09
1.546137662187541910e-09
1.545194387552532865e-09
1.544251874735358344e-09
1.543309592662676558e-09
1.542367820055807320e-09
1.541426444276015654e-09
1.540485752200208625e-09
1.539545374594378852e-09
1.538605485751850693e-09
1.537665989312059164e-09
1.536727064635388900e-09
1.535788580895884797e-09
1.534850590839525116e-09
1.533912968616218369e-09
1.532975748913700825e-09
1.532039230455760282e-09
1.531103175894397098e-09
1.530167559838289073e-09
1.529232503706672707e-09
1.528298113031457344e-09
1.527364175886364428e-09
1.526430610603914121e-09
1.525497474276691328e-09
1.524565018567966089e-09
1.523633074870743091e-09
1.522701510179901268e-09
1.521770351044960431e-09
1.520839731833780349e-09
1.519909848093718986e-09
1.518980213532035744e-09
1.518051122959747327e-09
1.517122312310837589e-09
1.516194373490296391e-09
1.515266786935103563e-09
1.514339686205377005e-09
1.513413009549250897e-09
1.512486938303037559e-09
1.511561563774572601e-09
1.510636464561883517e-09
1.509711893141193451e-09
1.508787731952187541e-09
1.507864438654459968e-09
1.506941417114969889e-09
1.506018912085148865e-09
1.505096800480335631e-09
1.504175370535833252e-09
1.503254465915808767e-09
1.502333979196239216e-09
1.501413953888789375e-09
1.500494390308304865e-09
1.499575543220479330e-09
1.498657170148586743e-09
1.497739195804136262e-09
1.496821849122018480e-09
1.495905076374805341e-09
1.494988943714818766e-09
1.494073052536646264e-09
1.493157786177207670e-09
1.492242965058549170e-09
1.491328917123869234e-09
1.490415134420351375e-09
1.489501941835671599e-09
1.488589126483380775e-09
1.487676968873556114e-09
1.486765295671741025e-09
1.485854119864340252e-09
1.484943401352181281e-09
1.484033099414217210e-09
1.483123497407163929e-09
1.482214452904850859e-09
1.481305836716348777e-09
1.480397837381203535e-09
1.479490399137432962e-09
1.478583683811343375e-09
1.477677266611486309e-09
1.476771380965273457e-09
1.475865979644558911e-09
1.474961429756730734e-09
1.474057210118508052e-09
1.473153491761414589e-09
1.472250146307474229e-09
1.471347544408151046e-09
1.470445572756803080e-09
1.469543937013596384e-09
1.468642861180116172e-09
1.467742119485561978e-09
1.466842278885253869e-09
1.465942858446643657e-09
1.465043931048458531e-09
1.464145487721289595e-09
1.463247587280470137e-09
1.462350519586775164e-09
1.461453778830509757e-09
1.460557570927658139e-09
1.459661766548324743e-09
1.458766747085637682e-09
1.457872271743929202e-09
1.456978201304111357e-09
1.456084675259730620e-09
1.455191615313240968e-09
1.454299341752966727e-09
1.453407439103849916e-09
1.452516126831527462e-09
1.451625225354571392e-09
1.450734840706472696e-09
1.449845230409235575e-09
1.448956123473714390e-09
1.448067431688851630e-09
1.447179442457020842e-09
1.446291983899003609e-09
1.445405304540904780e-09
1.444518870307275288e-09
1.443633069832692520e-09
1.442747729783568427e-09
1.441863149852546777e-09
1.440979007977745293e-09
1.440095321071802174e-09
1.439212187957592294e-09
1.438329524858821558e-09
1.437447673179750099e-09
1.436566107639761277e-09
1.435685251103448357e-09
1.434804680974162554e-09
1.433924747312464352e-09
1.433045492495271483e-09
1.432166836683380057e-09
1.431288593637137196e-09
1.430411004748463119e-09
1.429534048771575345e-09
1.428657820286532587e-09
1.427781897405414410e-09
1.426906542685583597e-09
1.426031667908600050e-09
1.425157668612628513e-09
1.424284086759825788e-09
1.423410970972343912e-09
1.422538328654483341e-09
1.421666241731680189e-09
1.420795061128257617e-09
1.419924130444946022e-09
1.419053869251967801e-09
1.418183934109205901e-09
1.417314658468571479e-09
1.416446134131230662e-09
1.415578074268480336e-09
1.414710494953080869e-09
1.413843486922237323e-09
1.412977070505857125e-09
1.412111497679016049e-09
1.411246188845233787e-09
1.410381490575278539e-09
1.409517182913657018e-09
1.408653683233620598e-09
1.407790768310927250e-09
1.406928217387552644e-09
1.406066294140407373e-09
1.405204810724343027e-09
1.404344064360573820e-09
1.403483833344367625e-09
1.402624089162002225e-09
1.401764886426381845e-09
1.400906141909260906e-09
1.400048072099356709e-09
1.399190712463051314e-09
1.398333727029234327e-09
1.397477407301523489e-09
1.396621616470594097e-09
1.395766608432731613e-09
1.394912154508830573e-09
1.394057997890826363e-09
1.393204490998667407e-09
1.392351483495958330e-09
1.391499304270868733e-09
1.390647500506781487e-09
1.389796165296815437e-09
1.388945386952344421e-09
1.388095077117699079e-09
1.387245639803214102e-09
1.386396453238729731e-09
1.385548006549728608e-09
1.384699913565246045e-09
1.383852327297648059e-09
1.383005501917244370e-09
1.382159259436377250e-09
1.381313511167595194e-09
1.380468329871069732e-09
1.379623687029604487e-09
1.378779904788895815e-09
1.377936602504931043e-09
1.377093695522888231e-09
1.376251263138265452e-09
1.375409457275148551e-09
1.374568586288561428e-09
1.373728001943072854e-09
1.372887929606046634e-09
1.372048307011007208e-09
1.371209276376109909e-09
1.370371159502675123e-09
1.369533287930457489e-09
1.368696085200208388e-09
1.367859262730077436e-09
1.367022990156713691e-09
1.366187524801054430e-09
1.365352581213203223e-09
1.364518099286742603e-09
1.363684179800064447e-09
1.362850752519579050e-09
1.362018215594281321e-09
1.361186137420332105e-09
1.360354400311044021e-09
1.359523313243315352e-09
1.358692664831533471e-09
1.357862900396384119e-09
1.357033518495189702e-09
1.356204579468004851e-09
1.355376234598801693e-09
1.354548341541315299e-09
1.353721233793923699e-09
1.352894574005841275e-09
1.352068420651499505e-09
1.351242805858614059e-09
1.350417641124298107e-09
1.349593122627337933e-09
1.348769309276869107e-09
1.347945980019564232e-09
1.347123132479533114e-09
1.346300984135193979e-09
1.345479364084435506e-09
1.344658580526378729e-09
1.343838068335282338e-09
1.343018113292824905e-09
1.342198601027100598e-09
1.341379733916965943e-09
1.340561681378460931e-09
1.339743878067840799e-09
1.338926665639070827e-09
1.338109895562752365e-09
1.337293697986511055e-09
1.336478338354735455e-09
1.335663196838451906e-09
1.334848802915929147e-09
1.334034729792432024e-09
1.333221178283011439e-09
1.332408394692047832e-09
1.331596173813153868e-09
1.330784446013769273e-09
1.329973232747257505e-09
1.329162585084183852e-09
1.328352727929414757e-09
1.327543487647544644e-09
1.326734537502645145e-09
1.325926202448835550e-09
1.325118260574237026e-09
1.324311156880346996e-09
1.323504669002343201e-09
1.322698507542382266e-09
1.321892953890372057e-09
1.321087763304434950e-09
1.320283316959695609e-09
1.319479628535653415e-09
1.318676208494703661e-09
1.317873460651325350e-09
1.317071053506953188e-09
1.316269233080217660e-09
1.315468185866991045e-09
1.314667682847266071e-09
1.313867603857280294e-09
1.313068087263215730e-09
1.312269079033655446e-09
1.311470853476435060e-09
1.310673274426252011e-09
1.309875934656135039e-09
1.309079246173497601e-09
1.308282921165581168e-09
1.307487322383613222e-09
1.306692468368309525e-09
1.305897872849511512e-09
1.305103872474487687e-09
1.304310336248351988e-09
1.303517316708633160e-09
1.302725133941285794e-09
1.301933236372392630e-09
1.301141975647599004e-09
1.300351167649094386e-09
1.299560797321612601e-09
1.298771096067999432e-09
1.297982072633580547e-09
1.297193557217987165e-09
1.296405478101992518e-09
1.295618123820111581e-09
1.294831184186438885e-09
1.294045181548532696e-09
1.293259509001723517e-09
1.292474230697652202e-09
1.291689467843631577e-09
1.290905292495881789e-09
1.290121949048430333e-09
1.289338961389558310e-09
1.288556379402537316e-09
1.287774424224943093e-09
1.286992835951932925e-09
1.286212007253753653e-09
1.285431781286910893e-09
1.284651856249078083e-09
1.283872671173148218e-09
1.283093723649759079e-09
1.282315403455617687e-09
1.281537811565405877e-09
1.280760757997801991e-09
1.279984188460392932e-09
1.279208100527781747e-09
1.278432597782006282e-09
1.277657789851008838e-09
1.276883703398956461e-09
1.276109885650921923e-09
1.275336632819310643e-09
1.274563726433832123e-09
1.273791525177474157e-09
1.273020215306391877e-09
1.272249149516662821e-09
1.271478560797954702e-09
1.270708478294549516e-09
1.269938869663333760e-09
1.269170086137396440e-09
1.268401788497288894e-09
1.267633875472591538e-09
1.266866600909214535e-09
1.266099632102190819e-09
1.265333309946816292e-09
1.264567715564259356e-09
1.263802656129599559e-09
1.263037990629346053e-09
1.262273886936578151e-09
1.261510319994361418e-09
1.260747419175584134e-09
1.259985284349277170e-09
1.259223373393405933e-09
1.258462003511676209e-09
1.257701054983280772e-09
1.256940700646305805e-09
1.256181226608566517e-09
1.255422030888710379e-09
1.254663252354066781e-09
1.253905101345829427e-09
1.253147348319827372e-09
1.252390222221807748e-09
1.251633783185547021e-09
1.250877653202616066e-09
1.250122200156008848e-09
1.249367097911260701e-09
1.248612469137002399e-09
1.247858513065371343e-09
1.247105207136050302e-09
1.246352393462428779e-09
1.245600002664257267e-09
1.244848320260915367e-09
1.244097014287431791e-09
1.243346633742069483e-09
1.242596642759319173e-09
1.241846930642934797e-09
1.241097878789952897e-09
1.240349221231821240e-09
1.239601277114300253e-09
1.238853990049624951e-09
1.238106968099293143e-09
1.237360512437677228e-09
1.236614489646665539e-09
1.235868928360273031e-09
1.235124277890125105e-09
1.234379921070624920e-09
1.233636019009796507e-09
1.232892753095196029e-09
1.232149705637423683e-09
1.231407356428200838e-09
1.230665697569462248e-09
1.229924536222390828e-09
1.229183837940270057e-09
1.228443595207626405e-09
1.227703937809035942e-09
1.226964890104864310e-09
1.226226621831208564e-09
1.225488652984857519e-09
1.224751099797260590e-09
1.224014021117624110e-09
1.223277459734987871e-09
1.222541736250784740e-09
1.221806441493383198e-09
1.221071498907962013e-09
1.220337129383260320e-09
1.219603135422917195e-09
1.218869701563379276e-09
1.218137134561123248e-09
1.217404837703792328e-09
1.216673015552883165e-09
1.215941754489440243e-09
1.215210821008751841e-09
1.214480513262672401e-09
1.213750919159139097e-09
1.213021837941293186e-09
1.212293116287134267e-09
1.211564934604071513e-09
1.210837322666946702e-09
1.210110245166583450e-09
1.209384015538094030e-09
1.208658041138229885e-09
1.207932414850791806e-09
1.207207425731852821e-09
1.206482825165848498e-09
1.205758943463182108e-09
1.205035655598874822e-09
1.204312632666083435e-09
1.203590172115316627e-09
1.202868160708981338e-09
1.202146607082967241e-09
1.201425805407743053e-09
1.200705428301186910e-09
1.199985439227310183e-09
1.199266110955330511e-09
1.198547070452248115e-09
1.197828523398672978e-09
1.197110635482872939e-09
1.196393344951245098e-09
1.195676566418091405e-09
1.194960153935313029e-09
1.194244431017859071e-09
1.193529073400796448e-09
1.192814532165400083e-09
1.192100518203484570e-09
1.191386732102944446e-09
1.190673530632071860e-09
1.189960657664605816e-09
1.189248383356328167e-09
1.188536990822066511e-09
1.187825836040978240e-09
1.187115043093505319e-09
1.186404873595079287e-09
1.185695006619433451e-09
1.184985738966974568e-09
1.184277301596724662e-09
1.183569041217048973e-09
1.182861319242492474e-09
1.182154143972819993e-09
1.181447194638536242e-09
1.180740928688614539e-09
1.180035321208126679e-09
1.179330192278217037e-09
1.178625515996427835e-09
1.177921246202048388e-09
1.177217580865662263e-09
1.176514358129695715e-09
1.175811985670155002e-09
1.175109989490215253e-09
1.174408267202514901e-09
1.173707156744538094e-09
1.173006314999698792e-09
1.172306159327351733e-09
1.171606837511688553e-09
1.170907716250514381e-09
1.170208994945331845e-09
1.169510841722399566e-09
1.168813024041953368e-09
1.168115811103512955e-09
1.167419403133259350e-09
1.166723199243765703e-09
1.166027499128978592e-09
1.165332321465105964e-09
1.164637453645802723e-09
1.163943172300945223e-09
1.163249549969227383e-09
1.162556476660960140e-09
1.161863777457470594e-09
1.161171504935371776e-09
1.160479872969076660e-09
1.159788605479363028e-09
1.159098171118062785e-09
1.158408186998159630e-09
1.157718418618726873e-09
1.157029241762560803e-09
1.156340380538478032e-09
1.155652097152082791e-09
1.154964627195621830e-09
1.154277437238102499e-09
1.153590575275894018e-09
1.152904323362034273e-09
1.152218447221851150e-09
1.151533006889673326e-09
1.150848345256266531e-09
1.150164028600726231e-09
1.149480078219644474e-09
1.148796784463652629e-09
1.148113759400821878e-09
1.147431150514829139e-09
1.146749215368065711e-09
1.146067819604831380e-09
1.145386970246834890e-09
1.144706469871975459e-09
1.144026505958443496e-09
1.143347037346579579e-09
1.142668105075750389e-09
1.141989945866001404e-09
1.141312071394814882e-09
1.140634472564238059e-09
1.139957491142883448e-09
1.139280822886525280e-09
1.138604776279165592e-09
1.137929512434473924e-09
1.137254443688539495e-09
1.136579751392874070e-09
1.135905623529855320e-09
1.135231790237268000e-09
1.134558554239827359e-09
1.133886117569842812e-09
1.133213859923249518e-09
1.132542052061635730e-09
1.131870840183239696e-09
1.131199833790466493e-09
1.130529371278954929e-09
1.129859607893652176e-09
1.129190257187578293e-09
1.128521460780030529e-09
1.127853011503893304e-09
1.127185063976593898e-09
1.126517526573714001e-09
1.125850660504208602e-09
1.125184485856531110e-09
1.124518548228111003e-09
1.123852933799360107e-09
1.123187906070006719e-09
1.122523166706237343e-09
1.121859097063832888e-09
1.121195771262663692e-09
1.120532630936832489e-09
1.119869869315564933e-09
1.119207664732197532e-09
1.118545778848595450e-09
1.117884425130089490e-09
1.117223865444856230e-09
1.116563540436863209e-09
1.115903616512877686e-09
1.115244281551921117e-09
1.114585212984666936e-09
1.113926584079996990e-09
1.113268625303819922e-09
1.112611193269143175e-09
1.111954234776393659e-09
1.111297611768806607e-09
1.110641501296451202e-09
1.109985896033846957e-09
1.109330736447812573e-09
1.108676409500335217e-09
1.108022354867394998e-09
1.107368537465418703e-09
1.106715332666600504e-09
1.106062376380641925e-09
1.105409989074569323e-09
1.104758393155329128e-09
1.104107059890511023e-09
1.103456031153062610e-09
1.102805550037676079e-09
1.102155452160195864e-09
1.101505746528680874e-09
1.100856684773179507e-09
1.100208166693095883e-09
1.099559833515331222e-09
1.098912144547316543e-09
1.098264831786596902e-09
1.097617802356536961e-09
1.096971323472043342e-09
1.096325448565457757e-09
1.095680075324981590e-09
1.095035145386705032e-09
1.094390548114311256e-09
1.093746541073231447e-09
1.093102881917454588e-09
1.092459867749639230e-09
1.091817517416444226e-09
1.091175421844165900e-09
1.090533591106995572e-09
1.089892356495266365e-09
1.089251382378118290e-09
1.088610991977368319e-09
1.087971411804681234e-09
1.087331995209059253e-09
1.086692903974901654e-09
1.086054389420451105e-09
1.085416174047943013e-09
1.084778387138200458e-09
1.084141359213550382e-09
1.083504733407555654e-09
1.082868320824786304e-09
1.082232537389335308e-09
1.081597082914576976e-09
1.080961907921762050e-09
1.080327362144662976e-09
1.079693409083118384e-09
1.079059876096200588e-09
1.078426786761938148e-09
1.077794031377911488e-09
1.077161801512047060e-09
1.076529919421398183e-09
1.075898683790451232e-09
1.075268125292335112e-09
1.074637780610656945e-09
1.074007713035466261e-09
1.073378240034070625e-09
1.072748961850242518e-09
1.072120280831714619e-09
1.071492412375015628e-09
1.070864729615132238e-09
1.070237374613014106e-09
1.069610525104225329e-09
1.068984027113406559e-09
1.068357938603202288e-09
1.067732413665790446e-09
1.067107527496944857e-09
1.066482809857794551e-09
1.065858588641379836e-09
1.065234848351433533e-09
1.064611359003652232e-09
1.063988335616098482e-09
1.063365906502259334e-09
1.062743978479339224e-09
1.062122512202058046e-09
1.061501340625923307e-09
1.060880641888415824e-09
1.060260492708510818e-09
1.059640664997709783e-09
1.059021621409058445e-09
1.058402964250196612e-09
1.057784484511836119e-09
1.057166472197192476e-09
1.056548850064429596e-09
1.055931646943200990e-09
1.055314990405695123e-09
1.054699005062814546e-09
1.054083188072230030e-09
1.053467685231348778e-09
1.052852760890850803e-09
1.052238125002139399e-09
1.051623892615666996e-09
1.051010379107514833e-09
1.050397220835116619e-09
1.049784285272785171e-09
1.049171968945129129e-09
1.048559987606482280e-09
1.047948262428403743e-09
1.047337073679082437e-09
1.046726450830674074e-09
1.046116252108412809e-09
1.045506564386239370e-09
1.044897167075061010e-09
1.044288214449014300e-09
1.043679744712769866e-09
1.043071678223630912e-09
1.042464372901138885e-09
1.041857413543174387e-09
1.041250634447138673e-09
1.040644338800679034e-09
1.040038355190765707e-09
1.039432832857479906e-09
1.038827884890762950e-09
1.038223573333658574e-09
1.037619424106613509e-09
1.037015587123478596e-09
1.036412299198101595e-09
1.035809276827634822e-09
1.035206675559711514e-09
1.034604798587190201e-09
1.034003308051623844e-09
1.033401989277371648e-09
1.032801254026050351e-09
1.032200905696546265e-09
1.031600760740159464e-09
1.031001141996766610e-09
1.030402127469695922e-09
1.029803504102047367e-09
1.029205341233900490e-09
1.028607503427571820e-09
1.028010042679055634e-09
1.027413114540545002e-09
1.026816501651091688e-09
1.026220601931481809e-09
1.025625162513997977e-09
1.025029899163613586e-09
1.024434965566247148e-09
1.023840567855452070e-09
1.023246375230968721e-09
1.022652742651921175e-09
1.022059879424855289e-09
1.021467166753056772e-09
1.020874760822752631e-09
1.020282823690412191e-09
1.019691247280390626e-09
1.019100010675430575e-09
1.018509244809837462e-09
1.017919201152111312e-09
1.017329313157099901e-09
1.016739775301686084e-09
1.016150802370946650e-09
1.015562056639972532e-09
1.014973644400645261e-09
1.014385741833191569e-09
1.013798416272884371e-09
1.013211543234759366e-09
1.012625028325493861e-09
1.012038803713878804e-09
1.011453089335648205e-09
1.010867772804377855e-09
1.010282849218681412e-09
1.009698682910528509e-09
1.009114824836672496e-09
1.008531128984091202e-09
1.007947872968236342e-09
1.007365001605790281e-09
1.006782479215407398e-09
1.006200451761688776e-09
1.005619142568975844e-09
1.005037959345778600e-09
1.004457066961549137e-09
1.003876694493184073e-09
1.003296645416001212e-09
1.002716914862704392e-09
1.002137681204628730e-09
1.001559127450893900e-09
1.000980696697137718e-09
1.000402621413641189e-09
9.998251332123510165e-10
9.992478391461733479e-10
9.986708222155792396e-10
9.980943806584085574e-10
9.975184731339113654e-10
9.969429561704124905e-10
9.963678686185587118e-10
9.957930651154297832e-10
9.952186708349590801e-10
9.946447481402471969e-10
9.940711777013297476e-10
9.934983223469513774e-10
9.929258381673322187e-10
9.923535333398465674e-10
9.917815701372301174e-10
9.912100662739635185e-10
9.906387955981745350e-10
9.900680429072691894e-10
9.894980638548057775e-10
9.889282433842188459e-10
9.883586998407659602e-10
9.877895640021982734e-10
9.872208058995553976e-10
9.866523203952449862e-10
9.860843226515071696e-10
9.855170339972135451e-10
9.849499593567335080e-10
9.843831121205598722e-10
9.838168168474092551e-10
9.832508508936581749e-10
9.826850954224556278e-10
9.821198231315818673e-10
9.815551230215969395e-10
9.809908122388497658e-10
9.804269192770861499e-10
9.798633238715759151e-10
9.793000771873380361e-10
9.787373360383365498e-10
9.781748301739016473e-10
9.776129271154976660e-10
9.770516489596416679e-10
9.764905512046807964e-10
9.759296597415646796e-10
9.753692696155985902e-10
9.748091274474952880e-10
9.742493935957290935e-10
9.736901631697336333e-10
9.731315870370162768e-10
9.725731148443922340e-10
9.720149274695848955e-10
9.714572400140366167e-10
9.708998539647608221e-10
9.703427899819271391e-10
9.697861506793688460e-10
9.692302120325176748e-10
9.686744144955652519e-10
9.681189190746993367e-10
9.675639551864155486e-10
9.670092372446738691e-10
9.664548232883331443e-10
9.659008447454635849e-10
9.653473603603953624e-10
9.647943187839790971e-10
9.642417075353001168e-10
9.636893221781486141e-10
9.631373376199064726e-10
9.625858794831077930e-10
9.620346327809942304e-10
9.614839344463666988e-10
9.609338702729197468e-10
9.603840090183438452e-10
9.598343237915659668e-10
9.592851029403650605e-10
9.587361713250248883e-10
9.581876134872401033e-10
9.576395049094026103e-10
9.570920862890351843e-10
9.565447739651091239e-10
9.559977478573485932e-10
9.554511494004861671e-10
9.549049057359882028e-10
9.543589042735408104e-10
9.538133546045710560e-10
9.532684696315956399e-10
9.527238010068512371e-10
9.521793170792333059e-10
9.516353949536726063e-10
9.510918234834049131e-10
9.505484123058196624e-10
9.500053684225756324e-10
9.494629113883350641e-10
9.489208628534763333e-10
9.483792088458022002e-10
9.478378976772156896e-10
9.472968689370933249e-10
9.467562584207397776e-10
9.462160285937800980e-10
9.456761729156765030e-10
9.451369834780480736e-10
9.445981436297973735e-10
9.440594763842586136e-10
9.435210636616566689e-10
9.429831723805090071e-10
9.424454060542055954e-10
9.419081707767077298e-10
9.413715393841841570e-10
9.408352836715349249e-10
9.402992003203607471e-10
9.397633777814360756e-10
9.392280615253432946e-10
9.386929776485519910e-10
9.381582491425725515e-10
9.376239955584127014e-10
9.370903708173651958e-10
9.365568559884895903e-10
9.360236214883835433e-10
9.354909164591636454e-10
9.349584394337596375e-10
9.344262106801954978e-10
9.338944461769214868e-10
9.333631996587482485e-10
9.328323275567241702e-10
9.323018411770640567e-10
9.317716398568918032e-10
9.312417308669698976e-10
9.307122962886005410e-10
9.301831222697356547e-10
9.296543800290692573e-10
9.291263055783527489e-10
9.285985156944449878e-10
9.280708684160612406e-10
9.275434907325998716e-10
9.270166576004784763e-10
9.264899196722443938e-10
9.259636889670363654e-10
9.254380297941351913e-10
9.249127499689512710e-10
9.243876309150151365e-10
9.238627492029988657e-10
9.233383871349940861e-10
9.228142777154004369e-10
9.222904770712038745e-10
9.217670594228082021e-10
9.212443110760556677e-10
9.207216871834342792e-10
9.201993193721269607e-10
9.196774499744652305e-10
9.191558906832375903e-10
9.186345377073052753e-10
9.181135299148662147e-10
