-3.109688951137143778e-13
-3.736094842808316826e-13
-4.423237688566058115e-13
-5.172508448858657214e-13
-5.985422088434392741e-13
-6.863665658696179353e-13
-7.808989857631982471e-13
-8.823250766039807782e-13
-9.908453760892059443e-13
-1.106669667810129337e-12
-1.229996159461641428e-12
-1.361039229788736763e-12
-1.500019821380006016e-12
-1.647154207554918522e-12
-1.802652097789346281e-12
-1.966722321438990345e-12
-2.139594172969650210e-12
-2.321447701807410493e-12
-2.512515685841065670e-12
-2.712969739239686188e-12
-2.922990407075978899e-12
-3.142770838669952894e-12
-3.372481087135425806e-12
-3.612277086605776124e-12
-3.862312274452420600e-12
-4.122725135268278989e-12
-4.393642165483090244e-12
-4.675161600404657481e-12
-4.967392264576111856e-12
-5.270448856184678955e-12
-5.584398875815320255e-12
-5.909262492116604886e-12
-6.245177763518001418e-12
-6.592079653771026867e-12
-6.950093241848722917e-12
-7.319123803659552235e-12
-7.699290780775242605e-12
-8.090445784934839124e-12
-8.492683271561615363e-12
-8.905894337364845040e-12
-9.329998984053126926e-12
-9.764997572938952585e-12
-1.021080834549057728e-11
-1.066725915946682830e-11
-1.113429957934965259e-11
-1.161183175430479655e-11
-1.209972550992664759e-11
-1.259784647502603243e-11
-1.310598888677121888e-11
-1.362407009724586922e-11
-1.415186609270521103e-11
-1.468922280579707589e-11
-1.523601550033206552e-11
-1.579195582114864556e-11
-1.635692801854759896e-11
-1.693071268320231184e-11
-1.751302456353290972e-11
-1.810374307381144235e-11
-1.870260460414982794e-11
-1.930933075864110885e-11
-1.992378146384384758e-11
-2.054567647559871613e-11
-2.117471064697775015e-11
-2.181071031637442134e-11
-2.245343635050585852e-11
-2.310253877190186199e-11
-2.375783233842734064e-11
-2.441914031731958790e-11
-2.508607949035919319e-11
-2.575843604393095039e-11
-2.643598733542468018e-11
-2.711846232025295513e-11
-2.780550312765731126e-11
-2.849696551520601730e-11
-2.919264985311527319e-11
-2.989219418501612048e-11
-3.059530578293944593e-11
-3.130184558789810554e-11
-3.201159261561360558e-11
-3.272420697294003657e-11
-3.343942922824402685e-11
-3.415712691880752855e-11
-3.487706142089091491e-11
-3.559892475728503121e-11
-3.632248566946643129e-11
-3.704763055708199855e-11
-3.777410374985404272e-11
-3.850164369922858787e-11
-3.923004870019110669e-11
-3.995917434818247109e-11
-4.068884596250964458e-11
-4.141879016858285676e-11
-4.214883762201663883e-11
-4.287883581651406466e-11
-4.360864398380199188e-11
-4.433810023272313657e-11
-4.506695419224969120e-11
-4.579506440390899735e-11
-4.652236909252942058e-11
-4.724870363858114453e-11
-4.797393362455289778e-11
-4.869785520071626078e-11
-4.942033727085554470e-11
-5.014138770509796961e-11
-5.086081723128449358e-11
-5.157859033888228549e-11
-5.229447105377667607e-11
-5.300841260452884717e-11
-5.372040425367270334e-11
-5.443027380801274616e-11
-5.513808854115557138e-11
-5.584355482185083681e-11
-5.654680228253541286e-11
-5.724761817500272886e-11
-5.794612128768270333e-11
-5.864210574193831673e-11
-5.933564982677494604e-11
-6.002659342517231100e-11
-6.071500234232596458e-11
-6.140078765367309227e-11
-6.208398081656153016e-11
-6.276450274061329149e-11
-6.344238215017148140e-11
-6.411755921559324032e-11
-6.479009078337725377e-11
-6.545991182653947617e-11
-6.612709280564794793e-11
-6.679153029268586629e-11
-6.745336162345772962e-11
-6.811244103153422349e-11
-6.876898007001139541e-11
-6.942278878116288591e-11
-7.007411575261511481e-11
-7.072271065039797892e-11
-7.136886205201913703e-11
-7.201234973288278289e-11
-7.265342185445188472e-11
-7.329196677116652366e-11
-7.392810335946866126e-11
-7.456186891792470843e-11
-7.519317911249337810e-11
-7.582224641344856807e-11
-7.644889945212838863e-11
-7.707341378489420681e-11
-7.769563596974240692e-11
-7.831575692326706282e-11
-7.893377304623990609e-11
-7.954963290721743906e-11
-8.016353467220462399e-11
-8.077533216250536792e-11
-8.138527283548650167e-11
-8.199327956482768495e-11
-8.259945248967564377e-11
-8.320389925335956951e-11
-8.380646598308018350e-11
-8.440736833607284756e-11
-8.500653461033680629e-11
-8.560407020721095758e-11
-8.620009314154592404e-11
-8.679449984172630980e-11
-8.738749341632671201e-11
-8.797899473791149128e-11
-8.856901720746828960e-11
-8.915770812468839191e-11
-8.974497557723261118e-11
-9.033097258094109856e-11
-9.091573694392356107e-11
-9.149921106926308730e-11
-9.208154707878302237e-11
-9.266266558101167533e-11
-9.324257908986823807e-11
-9.382141362466464597e-11
-9.439909620954203903e-11
-9.497572960547879991e-11
-9.555138553995279518e-11
-9.612594640111582253e-11
-9.669953177877039086e-11
-9.727215341094023870e-11
-9.784369200196830881e-11
-9.841427616752108202e-11
-9.898391144772340314e-11
-9.955256925951465442e-11
-1.001203590991086382e-10
-1.006872315500737901e-10
-1.012531189288528094e-10
-1.018181212981609205e-10
-1.023821687695081430e-10
-1.029451932702314158e-10
-1.035073000210133912e-10
-1.040684579049737601e-10
-1.046286364328969014e-10
-1.051879322396615810e-10
-1.057462710408091713e-10
-1.063035216914857762e-10
-1.068597992257139630e-10
-1.074150565894899968e-10
-1.079691323270844876e-10
-1.085221527010004967e-10
-1.090741282773123095e-10
-1.096248913491211721e-10
-1.101745508637238321e-10
-1.107231542897069345e-10
-1.112703872411967849e-10
-1.118163354395820196e-10
-1.123610959134793762e-10
-1.129044070541160914e-10
-1.134462765833886324e-10
-1.139868415568527062e-10
-1.145259728261375044e-10
-1.150635175328980516e-10
-1.155996233983568728e-10
-1.161342868232856610e-10
-1.166671006849379389e-10
-1.171982093577634343e-10
-1.177277326909684963e-10
-1.182553371560657207e-10
-1.187810158788533449e-10
-1.193049213864732400e-10
-1.198270073776560544e-10
-1.203469160256493522e-10
-1.208648418161660883e-10
-1.213809232615924775e-10
-1.218946394025861169e-10
-1.224059988550602671e-10
-1.229151875258723658e-10
-1.234221591925006816e-10
-1.239264685257187827e-10
-1.244283562893479960e-10
-1.249279944333927199e-10
-1.254249822484031766e-10
-1.259191926079688729e-10
-1.264108649974207552e-10
-1.269000789448807905e-10
-1.273861648479739375e-10
-1.278692847576687940e-10
-1.283496644224733097e-10
-1.288272207173533680e-10
-1.293014040883254070e-10
-1.297725223713161328e-10
-1.302407934979767066e-10
-1.307058762387682471e-10
-1.311674224042541215e-10
-1.316257509916745031e-10
-1.320810563130344699e-10
-1.325327882515367713e-10
-1.329807906808112549e-10
-1.334253974906578164e-10
-1.338668192081376716e-10
-1.343043508940508834e-10
-1.347380283322307765e-10
-1.351681561971197560e-10
-1.355949605174745632e-10
-1.360176449466671585e-10
-1.364362980965860979e-10
-1.368512505473162101e-10
-1.372627291405673426e-10
-1.376699045946882123e-10
-1.380728902552602555e-10
-1.384720296077093716e-10
-1.388675650232342280e-10
-1.392587190986354295e-10
-1.396455262674566432e-10
-1.400283532919861800e-10
-1.404073769397283257e-10
-1.407821017887223188e-10
-1.411522809420988727e-10
-1.415182888794105672e-10
-1.418804291772656980e-10
-1.422384038038130514e-10
-1.425916310783666907e-10
-1.429406151221804693e-10
-1.432856487813449050e-10
-1.436266412760964924e-10
-1.439628360968254927e-10
-1.442946030816086323e-10
-1.446222577488952228e-10
-1.449460091318582936e-10
-1.452650387743246483e-10
-1.455795403629508220e-10
-1.458898201795565859e-10
-1.461961604184622738e-10
-1.464982521019010619e-10
-1.467955806977239071e-10
-1.470886917183098985e-10
-1.473777654122702116e-10
-1.476629687893557544e-10
-1.479434983600684878e-10
-1.482195949044424011e-10
-1.484916448068134499e-10
-1.487598270836245694e-10
-1.490238779929696585e-10
-1.492833290885711941e-10
-1.495387342995364341e-10
-1.497902338660664306e-10
-1.500380613118360192e-10
-1.502815073063088786e-10
-1.505207937879990571e-10
-1.507561816106288291e-10
-1.509879531399103510e-10
-1.512160444165843251e-10
-1.514398317689681472e-10
-1.516597072581728807e-10
-1.518759779998163543e-10
-1.520887533604104373e-10
-1.522978793559827637e-10
-1.525029541630367067e-10
-1.527044476545709099e-10
-1.529025381128227969e-10
-1.530974438029627519e-10
-1.532887352101342177e-10
-1.534763020205380874e-10
-1.536605698209156254e-10
-1.538416460067727374e-10
-1.540197392847115210e-10
-1.541943801453619301e-10
-1.543656106260426945e-10
-1.545337772323815404e-10
-1.546989895902942031e-10
-1.548614256832404172e-10
-1.550206781452826054e-10
-1.551768427219149263e-10
-1.553302283746914633e-10
-1.554809261636245134e-10
-1.556291046873135051e-10
-1.557744080413737200e-10
-1.559168769348372606e-10
-1.560568111597956840e-10
-1.561942951267217791e-10
-1.563295067032700462e-10
-1.564621666342583042e-10
-1.565922135892072161e-10
-1.567199780277641134e-10
-1.568455629679951002e-10
-1.569690543941667987e-10
-1.570903801804311332e-10
-1.572093999186693874e-10
-1.573263746444181340e-10
-1.574414475590195822e-10
-1.575546841156212421e-10
-1.576661060983554174e-10
-1.577754589648879077e-10
-1.578830015469806980e-10
-1.579888334545503324e-10
-1.580930633592769659e-10
-1.581957344530580530e-10
-1.582966696406602977e-10
-1.583959536718660016e-10
-1.584937813763298701e-10
-1.585902117892704767e-10
-1.586852865484783155e-10
-1.587790096550260094e-10
-1.588712734262105439e-10
-1.589622846856400704e-10
-1.590521002809713144e-10
-1.591408022451945478e-10
-1.592284112113375341e-10
-1.593148133729137480e-10
-1.594000932191435724e-10
-1.594843897638500834e-10
-1.595677426969788686e-10
-1.596501697795866046e-10
-1.597317066194825561e-10
-1.598122499484612018e-10
-1.598919612604676891e-10
-1.599709027232535709e-10
-1.600490873058527994e-10
-1.601265706874467667e-10
-1.602033033022151158e-10
-1.602792888617172552e-10
-1.603546426443248921e-10
-1.604293874625212678e-10
-1.605035616605945496e-10
-1.605771737884489848e-10
-1.606501961883081761e-10
-1.607226623950667730e-10
-1.607946559715028725e-10
-1.608662041422811032e-10
-1.609373212244089433e-10
-1.610080133115605294e-10
-1.610782473297462491e-10
-1.611480652271147624e-10
-1.612175247221785436e-10
-1.612866422766589632e-10
-1.613554290669241495e-10
-1.614238876406903893e-10
-1.614919798192710741e-10
-1.615597368770416754e-10
-1.616272007806797248e-10
-1.616943838449192581e-10
-1.617612953503959016e-10
-1.618279391267904554e-10
-1.618942903234466487e-10
-1.619603716451488073e-10
-1.620262196979477589e-10
-1.620918479488401844e-10
-1.621572624741294274e-10
-1.622224690490250887e-10
-1.622874167759460249e-10
-1.623520931236022644e-10
-1.624165332817459902e-10
-1.624807481140710592e-10
-1.625447505386570976e-10
-1.626085464951572120e-10
-1.626720872943970584e-10
-1.627353207139830247e-10
-1.627982776276042937e-10
-1.628609750146318631e-10
-1.629234192327759211e-10
-1.629856194098090910e-10
-1.630475679766978958e-10
-1.631091775884636058e-10
-1.631704599912363552e-10
-1.632314442637233980e-10
-1.632921386639996613e-10
-1.633525542491538293e-10
-1.634127026529849092e-10
-1.634724694807155242e-10
-1.635317979240627458e-10
-1.635907266191440614e-10
-1.636492667735950265e-10
-1.637074336922422069e-10
-1.637652516351349158e-10
-1.638226833778220995e-10
-1.638795693834679399e-10
-1.639359188620668132e-10
-1.639917708631610770e-10
-1.640471459711402746e-10
-1.641020594815665488e-10
-1.641565282464250830e-10
-1.642104312804596879e-10
-1.642636606519859847e-10
-1.643162534372242616e-10
-1.643682298847287331e-10
-1.644196243052894636e-10
-1.644704629531227870e-10
-1.645207483817352543e-10
-1.645702659054978642e-10
-1.646189643975350075e-10
-1.646668985584734118e-10
-1.647141016545394638e-10
-1.647605933425223680e-10
-1.648064045076918358e-10
-1.648515441573829934e-10
-1.648957331429545227e-10
-1.649389660505093143e-10
-1.649813073361113681e-10
-1.650227878803981842e-10
-1.650634404690042132e-10
-1.651033023240644293e-10
-1.651423698961467722e-10
-1.651803194330460872e-10
-1.652171747362227560e-10
-1.652529992044385194e-10
-1.652878275723307874e-10
-1.653216977672886986e-10
-1.653546516112331512e-10
-1.653866971850569855e-10
-1.654174986569056636e-10
-1.654470696385324732e-10
-1.654754970475946397e-10
-1.655028202161994178e-10
-1.655290848376384086e-10
-1.655543206113351977e-10
-1.655785549263979194e-10
-1.656014862258624615e-10
-1.656230596573971720e-10
-1.656433689873838759e-10
-1.656624719667605276e-10
-1.656804133206865394e-10
-1.656972335416381293e-10
-1.657129775771208584e-10
-1.657274149711419107e-10
-1.657403659811592093e-10
-1.657519411062603182e-10
-1.657622108104874623e-10
-1.657712147779959649e-10
-1.657790078495369493e-10
-1.657856327294675914e-10
-1.657910213092251787e-10
-1.657948874756385074e-10
-1.657973025890827142e-10
-1.657983629509173292e-10
-1.657980990190905595e-10
-1.657965758588022078e-10
-1.657938379369658993e-10
-1.657899065177482048e-10
-1.657845376329955663e-10
-1.657776298708611932e-10
-1.657693066450381170e-10
-1.657596226005665282e-10
-1.657486285991279314e-10
-1.657363780466459595e-10
-1.657229161303431148e-10
-1.657082164871460948e-10
-1.656919596021651248e-10
-1.656741944459813928e-10
-1.656550577823212729e-10
-1.656346002053560595e-10
-1.656128626047741006e-10
-1.655898863022174604e-10
-1.655657136592596688e-10
-1.655402361570835483e-10
-1.655132721469920183e-10
-1.654849400422058716e-10
-1.654553256938156515e-10
-1.654244528476952026e-10
-1.653923784105619461e-10
-1.653591495336960310e-10
-1.653248007490756173e-10
-1.652891718783036039e-10
-1.652521357474893306e-10
-1.652138134600103782e-10
-1.651742839742266818e-10
-1.651335886569443668e-10
-1.650917456965416143e-10
-1.650488095840375588e-10
-1.650048106233594289e-10
-1.649596186331532675e-10
-1.649131307343193134e-10
-1.648654738239735937e-10
-1.648167181831859820e-10
-1.647668974151762463e-10
-1.647160289069499903e-10
-1.646641674239849016e-10
-1.646113438816600660e-10
-1.645574649710245372e-10
-1.645024553144178157e-10
-1.644464154354601506e-10
-1.643894252843837492e-10
-1.643314976918352473e-10
-1.642726797587194944e-10
-1.642129962731579069e-10
-1.641524639319565854e-10
-1.640910474984622060e-10
-1.640286520395546898e-10
-1.639653310433794223e-10
-1.639011878864198672e-10
-1.638362449955276641e-10
-1.637705261258410806e-10
-1.637040514228476270e-10
-1.636368525998248078e-10
-1.635689376872901641e-10
-1.635002060278683419e-10
-1.634306876660826780e-10
-1.633604922017926927e-10
-1.632896510738173632e-10
-1.632181817085360904e-10
-1.631460940264086788e-10
-1.630733964569018785e-10
-1.630001222882450806e-10
-1.629262492591882039e-10
-1.628517476245645751e-10
-1.627767011625501227e-10
-1.627011540418598610e-10
-1.626251280993174987e-10
-1.625486262676918978e-10
-1.624716631766648078e-10
-1.623942583070013991e-10
-1.623164187784106398e-10
-1.622381178265539122e-10
-1.621593740943451440e-10
-1.620802669182485282e-10
-1.620008179243221537e-10
-1.619210306770527161e-10
-1.618409170661689040e-10
-1.617604876426903028e-10
-1.616797435878308273e-10
-1.615986976378558051e-10
-1.615173607606838244e-10
-1.614357577554378553e-10
-1.613539436255754219e-10
-1.612719317124444699e-10
-1.611897237374905719e-10
-1.611073197696178731e-10
-1.610247262910272436e-10
-1.609419472802092758e-10
-1.608589973407895300e-10
-1.607758995151247399e-10
-1.606926840585038624e-10
-1.606093774503845123e-10
-1.605259853681208240e-10
-1.604425078684573874e-10
-1.603589460220140694e-10
-1.602753011883449247e-10
-1.601915718509797365e-10
-1.601077843011925301e-10
-1.600239696581796944e-10
-1.599401558617034975e-10
-1.598563621898698596e-10
-1.597725920948343490e-10
-1.596888386931307804e-10
-1.596051068427908912e-10
-1.595213910853325373e-10
-1.594376882806953954e-10
-1.593540130255567087e-10
-1.592704101904115233e-10
-1.591868896499765557e-10
-1.591034638400024169e-10
-1.590201295376280044e-10
-1.589368893890040976e-10
-1.588537380809841861e-10
-1.587706689883478717e-10
-1.586876810184722832e-10
-1.586047695275654617e-10
-1.585219944958171125e-10
-1.584393462980709099e-10
-1.583568364830089759e-10
-1.582744675329176108e-10
-1.581922309795352937e-10
-1.581101258848391839e-10
-1.580281406277689075e-10
-1.579462727341445083e-10
-1.578645258408309857e-10
-1.577829213237470111e-10
-1.577014840069136395e-10
-1.576202198247727395e-10
-1.575391257704400665e-10
-1.574581924301039412e-10
-1.573774112405425083e-10
-1.572967948002128053e-10
-1.572163210881607191e-10
-1.571359948552980978e-10
-1.570558056710428533e-10
-1.569757905126017543e-10
-1.568959369158518948e-10
-1.568162459299891637e-10
-1.567367107242387807e-10
-1.566573256281949285e-10
-1.565780879343300263e-10
-1.564989864651178927e-10
-1.564200304386592740e-10
-1.563412048888580653e-10
-1.562625149302547121e-10
-1.561839576439769869e-10
-1.561055351475245397e-10
-1.560272288628344030e-10
-1.559490424030314924e-10
-1.558709692587006954e-10
-1.557930077500863421e-10
-1.557151513932504830e-10
-1.556373981361234545e-10
-1.555597506439639082e-10
-1.554821940687971307e-10
-1.554047155498671124e-10
-1.553273099981105705e-10
-1.552499642290957216e-10
-1.551726804523874179e-10
-1.550954529402562259e-10
-1.550182830354644340e-10
-1.549411682429871604e-10
-1.548641070399848975e-10
-1.547871016394966561e-10
-1.547101285909520703e-10
-1.546331624142931155e-10
-1.545561958074175500e-10
-1.544792213599451123e-10
-1.544022435355905419e-10
-1.543252528429526181e-10
-1.542482565771853172e-10
-1.541712571036116009e-10
-1.540942501003782046e-10
-1.540172433519164370e-10
-1.539402100469865395e-10
-1.538630927687488071e-10
-1.537858966705384561e-10
-1.537086179313600829e-10
-1.536312492994866933e-10
-1.535537957394908879e-10
-1.534762603063161047e-10
-1.533986524600961375e-10
-1.533209648483533934e-10
-1.532432043244446836e-10
-1.531653718385523776e-10
-1.530873670135499132e-10
-1.530092026134958865e-10
-1.529308672657322097e-10
-1.528523516074015293e-10
-1.527736733225500069e-10
-1.526948367961447877e-10
-1.526158347000273889e-10
-1.525366784734439378e-10
-1.524573893226583621e-10
-1.523779386304474719e-10
-1.522983030533607908e-10
-1.522184381719648606e-10
-1.521383276287630683e-10
-1.520579951041992718e-10
-1.519774315724094992e-10
-1.518966479584644090e-10
-1.518156513589119123e-10
-1.517344546565110232e-10
-1.516530521316386781e-10
-1.515714501061054266e-10
-1.514896607857883874e-10
-1.514075820460592362e-10
-1.513252110224742296e-10
-1.512425437764955991e-10
-1.511595827904096191e-10
-1.510763653355685358e-10
-1.509928579604574795e-10
-1.509090908306163108e-10
-1.508250861656052078e-10
-1.507408136881322094e-10
-1.506563075752322747e-10
-1.505715553923128454e-10
-1.504864450514378370e-10
-1.504009990848416993e-10
-1.503152226858124721e-10
-1.502291166597759178e-10
-1.501427100576460215e-10
-1.500559857107101433e-10
-1.499689653353544949e-10
-1.498816648107998592e-10
-1.497940711599059143e-10
-1.497062061945982327e-10
-1.496180612225320653e-10
-1.495295601642668810e-10
-1.494407246724959842e-10
-1.493515630330875710e-10
-1.492620793403375192e-10
-1.491723063306630332e-10
-1.490822190254430016e-10
-1.489918411259662338e-10
-1.489011979530584609e-10
-1.488102599671073916e-10
-1.487190571333097423e-10
-1.486275894151868479e-10
-1.485357728840159085e-10
-1.484436153659181357e-10
-1.483511348014483990e-10
-1.482583380978129674e-10
-1.481652583851670168e-10
-1.480718655338703253e-10
-1.479781935188776283e-10
-1.478842508229261077e-10
-1.477900250322681566e-10
-1.476955315675356265e-10
-1.476007862593110546e-10
-1.475057321070747899e-10
-1.474103669817466280e-10
-1.473146877919044655e-10
-1.472187389546656547e-10
-1.471225126201689005e-10
-1.470260182954491372e-10
-1.469292806047633019e-10
-1.468322729285293838e-10
-1.467350137087391399e-10
-1.466375315776704472e-10
-1.465397968700622797e-10
-1.464418233412664797e-10
-1.463435987940913248e-10
-1.462451262221034517e-10
-1.461464282212302175e-10
-1.460475082702624064e-10
-1.459483933703604455e-10
-1.458490628786531222e-10
-1.457495350159440975e-10
-1.456498155829201349e-10
-1.455499014395209113e-10
-1.454497982602054287e-10
-1.453495189752128684e-10
-1.452490423805954081e-10
-1.451483745190728587e-10
-1.450475215034272289e-10
-1.449465010177046804e-10
-1.448453328211820953e-10
-1.447440145867522565e-10
-1.446425437852277230e-10
-1.445409284864998329e-10
-1.444391831830210722e-10
-1.443372828023680479e-10
-1.442352481970195402e-10
-1.441330874768196845e-10
-1.440307978288581417e-10
-1.439283885499832265e-10
-1.438258714685468262e-10
-1.437232625523607673e-10
-1.436205772950142314e-10
-1.435178077482114306e-10
-1.434149566131106551e-10
-1.433120238358624470e-10
-1.432090179032571731e-10
-1.431059306052790996e-10
-1.430027635695715179e-10
-1.428995287119193058e-10
-1.427962447644064612e-10
-1.426929235241174442e-10
-1.425895787215059605e-10
-1.424862084984762001e-10
-1.423828414184018953e-10
-1.422794521726168700e-10
-1.421760515014823520e-10
-1.420726383731732449e-10
-1.419692089140027404e-10
-1.418657676415350358e-10
-1.417623085941140203e-10
-1.416588424385645649e-10
-1.415553822776757268e-10
-1.414519593250252026e-10
-1.413485705308807918e-10
-1.412452286123999499e-10
-1.411419463145334009e-10
-1.410387049712061600e-10
-1.409355245426172804e-10
-1.408323891043819175e-10
-1.407292985673299756e-10
-1.406262538689052944e-10
-1.405232479032955140e-10
-1.404202846976294468e-10
-1.403173728174450536e-10
-1.402145667114925656e-10
-1.401118418666881200e-10
-1.400092305675187934e-10
-1.399067162706204891e-10
-1.398043085061891984e-10
-1.397020072733563816e-10
-1.395997956188072304e-10
-1.394976856661971106e-10
-1.393956597500087064e-10
-1.392937350528512921e-10
-1.391918954861860305e-10
-1.390901407474716127e-10
-1.389885057928230577e-10
-1.388870151379298472e-10
-1.387856617629650718e-10
-1.386844525427095204e-10
-1.385833878098138764e-10
-1.384824482140834293e-10
-1.383816515235231730e-10
-1.382809722001724658e-10
-1.381804322730917909e-10
-1.380800127762704733e-10
-1.379797098988460720e-10
-1.378795263153416616e-10
-1.377794567212961280e-10
-1.376795496952897670e-10
-1.375798031838053490e-10
-1.374802328040541981e-10
-1.373808197492579072e-10
-1.372815755321989599e-10
-1.371824728167501142e-10
-1.370835429991719565e-10
-1.369847514762660504e-10
-1.368861141321749034e-10
-1.367876229175626159e-10
-1.366892634508602629e-10
-1.365910474451934722e-10
-1.364929644815606843e-10
-1.363950528498215820e-10
-1.362973092263644640e-10
-1.361997426897447074e-10
-1.361023359097012985e-10
-1.360050928997559285e-10
-1.359079930451201664e-10
-1.358110598670056025e-10
-1.357142631567349073e-10
-1.356176232311874141e-10
-1.355211253306899398e-10
-1.354247638685059864e-10
-1.353285432128109325e-10
-1.352324500601830637e-10
-1.351365179924181702e-10
-1.350407430689518910e-10
-1.349451228645320290e-10
-1.348496533604256554e-10
-1.347543274224481409e-10
-1.346591385029686289e-10
-1.345640851329970695e-10
-1.344691588135835410e-10
-1.343743719379202120e-10
-1.342796986284474402e-10
-1.341851662994610100e-10
-1.340907508941498843e-10
-1.339964541455401646e-10
-1.339022840554875836e-10
-1.338082428332674802e-10
-1.337143356834588837e-10
-1.336205507238605007e-10
-1.335268744298624950e-10
-1.334333114021193565e-10
-1.333398538252218627e-10
-1.332465076017654285e-10
-1.331532629899199029e-10
-1.330601223625355910e-10
-1.329670869928916098e-10
-1.328741420243278494e-10
-1.327813018711282280e-10
-1.326885527892319188e-10
-1.325959033308592749e-10
-1.325033474182593865e-10
-1.324108826059141318e-10
-1.323185000932008195e-10
-1.322261954311698840e-10
-1.321339664449980589e-10
-1.320418075123387205e-10
-1.319497209863552756e-10
-1.318577083467497628e-10
-1.317657614770192167e-10
-1.316738877099543314e-10
-1.315820775515482673e-10
-1.314903387387521658e-10
-1.313986650270555058e-10
-1.313070426515525087e-10
-1.312154819377319661e-10
-1.311239680897315431e-10
-1.310325012120655101e-10
-1.309410680603728482e-10
-1.308496749590697258e-10
-1.307583141347263366e-10
-1.306669931598503161e-10
-1.305757089137787265e-10
-1.304844579211949421e-10
-1.303932442645247991e-10
-1.303020656233198583e-10
-1.302109221550753600e-10
-1.301198120775479306e-10
-1.300287122762920461e-10
-1.299376347548150885e-10
-1.298465636880352458e-10
-1.297555010683824594e-10
-1.296644348211290967e-10
-1.295733726082423765e-10
-1.294823064243924077e-10
-1.293912449590288072e-10
-1.293001829710938546e-10
-1.292091244292346930e-10
-1.291180667590998199e-10
-1.290270107218194760e-10
-1.289359591427531205e-10
-1.288449098334703659e-10
-1.287538528185038969e-10
-1.286627896426962257e-10
-1.285717183790473972e-10
-1.284806324194182928e-10
-1.283895285423953761e-10
-1.282984087340392977e-10
-1.282072713096726631e-10
-1.281161192330422481e-10
-1.280249492448082849e-10
-1.279337673824793466e-10
-1.278425693013306248e-10
-1.277513596587611994e-10
-1.276601361661691106e-10
-1.275689003895313351e-10
-1.274776499050432419e-10
-1.273863728319510521e-10
-1.272950764193761408e-10
-1.272037538846029212e-10
-1.271124048408417388e-10
-1.270210252024821122e-10
-1.269296208408520293e-10
-1.268381863116554674e-10
-1.267467297296583647e-10
-1.266552440814030764e-10
-1.265637370219085045e-10
-1.264722026569751171e-10
-1.263806479525803656e-10
-1.262890678989875883e-10
-1.261974678322148396e-10
-1.261058403444875028e-10
-1.260141891381005636e-10
-1.259225122212031070e-10
-1.258308087032524854e-10
-1.257390779053402112e-10
-1.256473184105886131e-10
-1.255555340915264468e-10
-1.254637205319191400e-10
-1.253718839082416085e-10
-1.252800187391401643e-10
-1.251881317372681962e-10
-1.250962168405085081e-10
-1.250042802867128172e-10
-1.249123183950101159e-10
-1.248203373187142627e-10
-1.247283462469746826e-10
-1.246363508994144392e-10
-1.245443481452376319e-10
-1.244523417397201647e-10
-1.243603272602581744e-10
-1.242683095767534405e-10
-1.241762829226817586e-10
-1.240842532304584049e-10
-1.239922153461691366e-10
-1.239001752085985208e-10
-1.238081272848595170e-10
-1.237160756032389904e-10
-1.236240166881308022e-10
-1.235319537299705750e-10
-1.234398868361677113e-10
-1.233478301589966445e-10
-1.232557897382821050e-10
-1.231637605573390879e-10
-1.230717513632303396e-10
-1.229797526156269063e-10
-1.228877776153448836e-10
-1.227958114961702257e-10
-1.227038662262897023e-10
-1.226119299550589087e-10
-1.225200114159334703e-10
-1.224281038461742121e-10
-1.223362111736069136e-10
-1.222443307019950094e-10
-1.221524622567620311e-10
-1.220606075581954986e-10
-1.219687728554381446e-10
-1.218769954236058355e-10
-1.217852461376692034e-10
-1.216935470941453103e-10
-1.216018836358486512e-10
-1.215102690279851963e-10
-1.214186915093701242e-10
-1.213271581493371039e-10
-1.212356630059169232e-10
-1.211442073390710912e-10
-1.210527912040966317e-10
-1.209614083535878914e-10
-1.208700668331170983e-10
-1.207787544255161181e-10
-1.206874844136512274e-10
-1.205962494250684214e-10
-1.205050887374464707e-10
-1.204140037859023788e-10
-1.203229883580615915e-10
-1.202320574556303388e-10
-1.201411892716047731e-10
-1.200504136336628336e-10
-1.199596955347351756e-10
-1.198690594986176248e-10
-1.197784831036698309e-10
-1.196879811330155216e-10
-1.195975410107796900e-10
-1.195071679762829769e-10
-1.194168586459844458e-10
-1.193266094826116432e-10
-1.192364263299888016e-10
-1.191463074594325178e-10
-1.190562998259329816e-10
-1.189663794068417153e-10
-1.188765569153057045e-10
-1.187868325884362716e-10
-1.186971953037147462e-10
-1.186076640812907742e-10
-1.185182129327211524e-10
-1.184288654240920192e-10
-1.183395929671315061e-10
-1.182504169293624015e-10
-1.181613167721382497e-10
-1.180723060640748698e-10
-1.179833718118191998e-10
-1.178945197885542480e-10
-1.178057470933576061e-10
-1.177170596722516713e-10
-1.176284916814264513e-10
-1.175400312317322839e-10
-1.174516786002333152e-10
-1.173634417418841372e-10
-1.172753018273243121e-10
-1.171872856229190501e-10
-1.170993601895918970e-10
-1.170115453870808205e-10
-1.169238238081142919e-10
-1.168362037759077118e-10
-1.167486793664416874e-10
-1.166612492143718995e-10
-1.165739180957978460e-10
-1.164866705327640590e-10
-1.163995240969855599e-10
-1.163124615392650611e-10
-1.162255179928996559e-10
-1.161387010938003739e-10
-1.160520016047585968e-10
-1.159654343708539057e-10
-1.158789741074497216e-10
-1.157926299124988068e-10
-1.157063954969056050e-10
-1.156202674936314329e-10
-1.155342560889092127e-10
-1.154483344361785996e-10
-1.153625401524705532e-10
-1.152768292584117015e-10
-1.151912319930782613e-10
-1.151057210113681069e-10
-1.150203144353608932e-10
-1.149349963887309692e-10
-1.148497841791573178e-10
-1.147646969336199612e-10
-1.146797262206255567e-10
-1.145948715734788024e-10
-1.145101293726854922e-10
-1.144254869167218842e-10
-1.143409629874682489e-10
-1.142565331086089018e-10
-1.141722102868145129e-10
-1.140879836908167051e-10
-1.140038577229534166e-10
-1.139198342123691359e-10
-1.138358967045803230e-10
-1.137520707392846858e-10
-1.136683231362412883e-10
-1.135846790587806596e-10
-1.135011139095705918e-10
-1.134176522871013458e-10
-1.133342988959626554e-10
-1.132510498485710779e-10
-1.131679079210688260e-10
-1.130848645186771039e-10
-1.130019085712791331e-10
-1.129190517002248523e-10
-1.128362796481465057e-10
-1.127536001632862499e-10
-1.126710057817039048e-10
-1.125884962807638084e-10
-1.125060784344961512e-10
-1.124237339905403317e-10
-1.123414891990594990e-10
-1.122593113965937787e-10
-1.121772264262507405e-10
-1.120952087616502713e-10
-1.120132844708516953e-10
-1.119314550419529605e-10
-1.118497227346046923e-10
-1.117680828401639716e-10
-1.116865288495051994e-10
-1.116050488653723433e-10
-1.115236554911441656e-10
-1.114423342945869287e-10
-1.113610884612145306e-10
-1.112799211649603406e-10
-1.111988217983496967e-10
-1.111178078621668957e-10
-1.110368555717433222e-10
-1.109559851672373079e-10
-1.108751748219581063e-10
-1.107944399154266924e-10
-1.107137677947575444e-10
-1.106331708398252230e-10
-1.105526516136902152e-10
-1.104722070903604041e-10
-1.103918367663723100e-10
-1.103115387543892752e-10
-1.102313040430230144e-10
-1.101511311036437427e-10
-1.100710221872167020e-10
-1.099909707203443595e-10
-1.099109852885410881e-10
-1.098310529488291249e-10
-1.097511843046299473e-10
-1.096713684366631611e-10
-1.095916119194843521e-10
-1.095119130018280862e-10
-1.094322672002927256e-10
-1.093526816803303263e-10
-1.092731450582812984e-10
-1.091936712710222697e-10
-1.091142611561149693e-10
-1.090349157031155641e-10
-1.089556317870184178e-10
-1.088764038705937921e-10
-1.087972237499057306e-10
-1.087180975354201363e-10
-1.086390186505548311e-10
-1.085599871300513878e-10
-1.084810084552635202e-10
-1.084020718661430894e-10
-1.083231907324103361e-10
-1.082443492081384968e-10
-1.081655566741347443e-10
-1.080868069628990725e-10
-1.080081024296214803e-10
-1.079294464691339197e-10
-1.078508318467906764e-10
-1.077722708408471727e-10
-1.076937734444310298e-10
-1.076153310618949124e-10
-1.075369469050984210e-10
-1.074586120167922154e-10
-1.073803178965788079e-10
-1.073020768111330922e-10
-1.072238749567545194e-10
-1.071457164980906785e-10
-1.070676049686503511e-10
-1.069895305325115915e-10
-1.069115075915092496e-10
-1.068335192267805767e-10
-1.067555739381440598e-10
-1.066776691920695469e-10
-1.065998030708215060e-10
-1.065219829621981418e-10
-1.064441978728036775e-10
-1.063664606405225788e-10
-1.062887849347212635e-10
-1.062111596566211444e-10
-1.061335892887553200e-10
-1.060560678610717964e-10
-1.059785886519422749e-10
-1.059011585213823707e-10
-1.058237684884026599e-10
-1.057464215766791538e-10
-1.056691228425601417e-10
-1.055918610740673698e-10
-1.055146447582807180e-10
-1.054374652454138800e-10
-1.053603258874508519e-10
-1.052832340536609930e-10
-1.052061751734232491e-10
-1.051291590609460752e-10
-1.050521760349075688e-10
-1.049752404566107559e-10
-1.048983684102517624e-10
-1.048215529350643746e-10
-1.047447890189958250e-10
-1.046680922343828893e-10
-1.045914402377537334e-10
-1.045148413138185006e-10
-1.044382956988199737e-10
-1.043617949983225013e-10
-1.042853460616297097e-10
-1.042089422840766389e-10
-1.041325809372907563e-10
-1.040562801320607017e-10
-1.039800148095702031e-10
-1.039037970425203008e-10
-1.038276218669174208e-10
-1.037514888372007262e-10
-1.036754075808426483e-10
-1.035993628989784580e-10
-1.035233717217619065e-10
-1.034474585040847005e-10
-1.033716089539822420e-10
-1.032958200437253605e-10
-1.032201022063569937e-10
-1.031444365304397076e-10
-1.030688324061898545e-10
-1.029932885597492909e-10
-1.029177939922214889e-10
-1.028423662617143618e-10
-1.027669831483782181e-10
-1.026916541343498556e-10
-1.026163884446783378e-10
-1.025411672295925453e-10
-1.024660023786764103e-10
-1.023908815085812133e-10
-1.023158115124718327e-10
-1.022408014639819207e-10
-1.021658330457551591e-10
-1.020909249865461438e-10
-1.020161044907535785e-10
-1.019413557587728139e-10
-1.018666734086979513e-10
-1.017920727887825383e-10
-1.017175323051044532e-10
-1.016430634077665555e-10
-1.015686663188255066e-10
-1.014943271950621907e-10
-1.014200611036128246e-10
-1.013458508048340306e-10
-1.012717002809800728e-10
-1.011976304959923187e-10
-1.011236064511973067e-10
-1.010496450091474524e-10
-1.009757433818305012e-10
-1.009018980688869347e-10
-1.008281197565390091e-10
-1.007543868754732259e-10
-1.006807213862801929e-10
-1.006071508627774755e-10
-1.005336544963475457e-10
-1.004602322953862867e-10
-1.003868995930925593e-10
-1.003136415960648910e-10
-1.002404514287987097e-10
-1.001673487590847221e-10
-1.000943052343148162e-10
-1.000213350569939938e-10
-9.994844394992996393e-11
-9.987561452090587214e-11
-9.980285900619775063e-11
-9.973016521686499069e-11
-9.965753350365285155e-11
-9.958498744799167200e-11
-9.951248861222527325e-11
-9.944005404680014719e-11
-9.936768845485846165e-11
-9.929538401635878264e-11
-9.922315357019887226e-11
-9.915102229157931453e-11
-9.907897069611602417e-11
-9.900700022022881438e-11
-9.893511472269456321e-11
-9.886330085391419836e-11
-9.879156579251262734e-11
-9.871991326481443260e-11
-9.864832700495393325e-11
-9.857681667760600880e-11
-9.850537836015611742e-11
-9.843400508083654330e-11
-9.836271848495800398e-11
-9.829148494440259477e-11
-9.822031985258792500e-11
-9.814923610834097920e-11
-9.807820750926831455e-11
-9.800724812600165087e-11
-9.793634786017531349e-11
-9.786552113171872832e-11
-9.779477097762551436e-11
-9.772411220866793694e-11
-9.765353311678684938e-11
-9.758303976583652715e-11
-9.751262566753632248e-11
-9.744228396216013352e-11
-9.737201848358670189e-11
-9.730183632879820862e-11
-9.723171972399939566e-11
-9.716167729581551229e-11
-9.709170758263909566e-11
-9.702180251602637382e-11
-9.695198093141756200e-11
-9.688221388371575497e-11
-9.681251331910471823e-11
-9.674289932748542500e-11
-9.667333517889539158e-11
-9.660383838989738504e-11
-9.653440777869846422e-11
-9.646504164686935689e-11
-9.639575051054329314e-11
-9.632654956858502805e-11
-9.625743149833681705e-11
-9.618838607390241454e-11
-9.611942630513713572e-11
-9.605053389726669325e-11
-9.598171838251367102e-11
-9.591297965390293633e-11
-9.584430171771122982e-11
-9.577569241120602172e-11
-9.570716319853157561e-11
-9.563869285243425554e-11
-9.557029070638582372e-11
-9.550195823704843018e-11
-9.543368694431410033e-11
-9.536548892549249758e-11
-9.529734156641693247e-11
-9.522926163438997318e-11
-9.516125398252163260e-11
-9.509329472018145898e-11
-9.502540698106760503e-11
-9.495760272439193093e-11
-9.488986720814155976e-11
-9.482220984699671039e-11
-9.475463032205857714e-11
-9.468711978232915668e-11
-9.461967034320559404e-11
-9.455228751730899157e-11
-9.448497477792938235e-11
-9.441772194722971438e-11
-9.435053483559544392e-11
-9.428340871484151011e-11
-9.421634002641623823e-11
-9.414934329968504923e-11
-9.408239516629933011e-11
-9.401550547274825902e-11
-9.394869365622526729e-11
-9.388192216961682362e-11
-9.381520949370945560e-11
-9.374856170133234837e-11
-9.368196293874188172e-11
-9.361542995804118011e-11
-9.354897260137672345e-11
-9.348258136460870964e-11
-9.341625612729964149e-11
-9.335000217567130060e-11
-9.328381394267408741e-11
-9.321767743266019170e-11
-9.315160209548568789e-11
-9.308558673111830231e-11
-9.301962554755666780e-11
-9.295372614669399838e-11
-9.288787886660581595e-11
-9.282208309916960074e-11
-9.275635304225814322e-11
-9.269066628060033219e-11
-9.262503127970731312e-11
-9.255946697663843949e-11
-9.249393811172408692e-11
-9.242846119474481941e-11
-9.236304568322881156e-11
-9.229767156718073735e-11
-9.223235877147903777e-11
-9.216711897248116252e-11
-9.210193978654887913e-11
-9.203682867299015646e-11
-9.197178603234652661e-11
-9.190680202999885326e-11
-9.184187136828958281e-11
-9.177699705337917691e-11
-9.171218543993793492e-11
-9.164742404183994644e-11
-9.158271466144972771e-11
-9.151806500285867032e-11
-9.145346286728272921e-11
-9.138891569680383697e-11
-9.132442212694621416e-11
-9.125997679491183396e-11
-9.119558728522311752e-11
-9.113124140749192884e-11
-9.106694453739961983e-11
-9.100270795872372150e-11
-9.093850738579300105e-11
-9.087436581493159097e-11
-9.081028073388857335e-11
-9.074626619447732202e-11
-9.068231285989667277e-11
-9.061841655261569852e-11
-9.055458720988597010e-11
-9.049080927341210261e-11
-9.042708159180004242e-11
-9.036341636470237425e-11
-9.029979495687727061e-11
-9.023622287993255052e-11
-9.017271542088971701e-11
-9.010924693915569390e-11
-9.004582717004658502e-11
-8.998246986630861369e-11
-8.991914756312593986e-11
-8.985587418275477390e-11
-8.979266450976643524e-11
-8.972948509858110089e-11
-8.966635489002179611e-11
-8.960328049034580356e-11
-8.954024049164324150e-11
-8.947725741688412397e-11
-8.941433637018644657e-11
-8.935147719246268508e-11
-8.928867739737335428e-11
-8.922593890468057882e-11
-8.916325950655658573e-11
-8.910062739723151846e-11
-8.903805151383354875e-11
-8.897553369375829174e-11
-8.891305679637588926e-11
-8.885062880906641321e-11
-8.878826564231807381e-11
-8.872593889531880887e-11
-8.866365826068152307e-11
-8.860144247613572178e-11
-8.853925864936133472e-11
-8.847712069942992689e-11
-8.841504726911066935e-11
-8.835300213161504502e-11
-8.829100433705731761e-11
-8.822906203812960445e-11
-8.816715192250409953e-11
-8.810529895591857625e-11
-8.804350584358450991e-11
-8.798178328315992896e-11
-8.792012115007821284e-11
-8.785851587695753379e-11
-8.779698202631257582e-11
-8.773549996610750135e-11
-8.767406671565903746e-11
-8.761270096478223960e-11
-8.755138207784372545e-11
-8.749011297212339984e-11
-8.742890644830328058e-11
-8.736774613296352764e-11
-8.730663455369925928e-11
-8.724558102501912219e-11
-8.718457362129478907e-11
-8.712361548403414930e-11
-8.706271099530921594e-11
-8.700184946383125127e-11
-8.694103724629714710e-11
-8.688027750390169142e-11
-8.681955870649160776e-11
-8.675889157184609300e-11
-8.669827847223642587e-11
-8.663774095091991582e-11
-8.657726135975003984e-11
-8.651683931425324923e-11
-8.645648810366511108e-11
-8.639619248569391400e-11
-8.633594847909869025e-11
-8.627576348644281866e-11
-8.621564042066350585e-11
-8.615556033847686423e-11
-8.609553500338382104e-11
-8.603557516993175136e-11
-8.597565444363515582e-11
-8.591578394846029692e-11
-8.585598336015948174e-11
-8.579621387860598707e-11
-8.573649658513878881e-11
-8.567684601086038718e-11
-8.561722340080812044e-11
-8.555765636484394904e-11
-8.549814553873889180e-11
-8.543866692025515280e-11
-8.537924985285982030e-11
-8.531988381173425485e-11
-8.526059268316620998e-11
-8.520136503601592857e-11
-8.514218803514932032e-11
-8.508308107085867584e-11
-8.502403436613798845e-11
-8.496503517227286233e-11
-8.490609277409683968e-11
-8.484721518909936671e-11
-8.478838192958831365e-11
-8.472959952177055935e-11
-8.467088421081158987e-11
-8.461220899135303640e-11
-8.455358095140217031e-11
-8.449502503483851735e-11
-8.443649997343520159e-11
-8.437802548231834021e-11
-8.431961871398783316e-11
-8.426124072167850123e-11
-8.420291481771817627e-11
-8.414464799052157099e-11
-8.408641369679340676e-11
-8.402823719714066585e-11
-8.397011485527737547e-11
-8.391207055966263826e-11
-8.385408561570441781e-11
-8.379615969046251756e-11
-8.373830521780571267e-11
-8.368050779416207386e-11
-8.362276307914949093e-11
-8.356507882289195659e-11
-8.350745836420061584e-11
-8.344988172463708302e-11
-8.339235696873670167e-11
-8.333490643186493582e-11
-8.327749504977358081e-11
-8.322013515123811498e-11
-8.316283681334499172e-11
-8.310558463558352798e-11
-8.304838443007625931e-11
-8.299123527211797894e-11
-8.293413832309094642e-11
-8.287708853345043289e-11
-8.282008536079343119e-11
-8.276313899468227850e-11
-8.270623256170781355e-11
-8.264938113363846445e-11
-8.259260061908060551e-11
-8.253587741959855667e-11
-8.247921656852429385e-11
-8.242261129515705448e-11
-8.236607176459529620e-11
-8.230959103648348697e-11
-8.225315646401588243e-11
-8.219677750602346665e-11
-8.214045944930704766e-11
-8.208418784122220633e-11
-8.202796485355232043e-11
-8.197180699347233504e-11
-8.191568798534193823e-11
-8.185961739236162785e-11
-8.180361530790653567e-11
-8.174764452142224211e-11
-8.169172729864628315e-11
-8.163586824399682049e-11
-8.158004381961525413e-11
-8.152427147156788342e-11
-8.146855031206243642e-11
-8.141287003906069215e-11
-8.135723805642883891e-11
-8.130165764102219380e-11
-8.124614522271567366e-11
-8.119068496383364171e-11
-8.113528631683779127e-11
-8.107994272874127117e-11
-8.102465797190126495e-11
-8.096942900425767236e-11
-8.091424460283073745e-11
-8.085911235098484143e-11
-8.080403770416223972e-11
-8.074900795924685486e-11
-8.069402187017383792e-11
-8.063909909793032208e-11
-8.058421379578982251e-11
-8.052937236141535089e-11
-8.047459604637965317e-11
-8.041985233979631903e-11
-8.036515643995105127e-11
-8.031051310470401523e-11
-8.025590872345997584e-11
-8.020135021659805336e-11
-8.014683641014216343e-11
-8.009237012872798227e-11
-8.003794080946588274e-11
-7.998356614971963428e-11
-7.992925016851167911e-11
-7.987499497610383695e-11
-7.982079815549503741e-11
-7.976664983370564327e-11
-7.971256681335883488e-11
-7.965853712453076314e-11
-7.960454956899505192e-11
-7.955061384486535697e-11
-7.949673560807183468e-11
-7.944289499438906248e-11
-7.938910041649202421e-11
-7.933536949705008002e-11
-7.928167529512155129e-11
-7.922802583065674654e-11
-7.917442463673017763e-11
-7.912087600899416313e-11
-7.906736415348956161e-11
-7.901389215541392933e-11
-7.896048479275574602e-11
-7.890710276322760518e-11
-7.885376610070967303e-11
-7.880048521160968433e-11
-7.874723268163185494e-11
-7.869403130096690872e-11
-7.864087811773811170e-11
-7.858778933209164509e-11
-7.853474694528048327e-11
-7.848176048807964407e-11
-7.842883121784501760e-11
-7.837595252455564944e-11
-7.832312399840558460e-11
-7.827033746513397131e-11
-7.821759910382134434e-11
-7.816491439379479933e-11
-7.811226856597197380e-11
-7.805966532699055164e-11
-7.800712074237306936e-11
-7.795460880702931389e-11
-7.790214188447634929e-11
-7.784972516018535857e-11
-7.779734825366003964e-11
-7.774501414761028381e-11
-7.769271873051417684e-11
-7.764047701131577935e-11
-7.758826442308177074e-11
-7.753609402039725785e-11
-7.748397579248143350e-11
-7.743188373163846568e-11
-7.737984323961302868e-11
-7.732784720813192609e-11
-7.727591408381911331e-11
-7.722402648299841451e-11
-7.717219305545612321e-11
-7.712041270451618329e-11
-7.706868343659060044e-11
-7.701700325635430105e-11
-7.696536191663181827e-11
-7.691376663802747569e-11
-7.686222639675372896e-11
-7.681072024566097708e-11
-7.675925524713457195e-11
-7.670784970188382183e-11
-7.665647591160047925e-11
-7.660514392282735349e-11
-7.655385600838793415e-11
-7.650261700213960535e-11
-7.645140996061100792e-11
-7.640023823737846079e-11
-7.634913039407861674e-11
-7.629804123625114287e-11
-7.624699598541873749e-11
-7.619599986801870346e-11
-7.614503359697021107e-11
-7.609410816639282033e-11
-7.604322737412087765e-11
-7.599240695331574942e-11
-7.594163780095819207e-11
-7.589092211575631232e-11
-7.584025005889303221e-11
-7.578963947929228893e-11
-7.573907345838085975e-11
-7.568854676219409825e-11
-7.563806931423169760e-11
-7.558764216007063158e-11
-7.553725230621306867e-11
-7.548690616523197693e-11
-7.543660179058524647e-11
-7.538634817817223152e-11
-7.533612880865843200e-11
-7.528594524034872440e-11
-7.523582334023551851e-11
-7.518572754856874324e-11
-7.513567521486204095e-11
-7.508566135659299192e-11
-7.503569496893716735e-11
-7.498575984870849729e-11
-7.493586042647245821e-11
-7.488601439322352884e-11
-7.483619169705578530e-11
-7.478641703228836251e-11
-7.473668474907088158e-11
-7.468701485131889104e-11
-7.463738745034310168e-11
-7.458781391778830506e-11
-7.453828397434306754e-11
-7.448881156383233395e-11
-7.443938754733722214e-11
-7.438999792602527653e-11
-7.434065684087994097e-11
-7.429136637683062890e-11
-7.424210948487841452e-11
-7.419289779925657484e-11
-7.414372910591280278e-11
-7.409460807484000312e-11
-7.404552146153240038e-11
-7.399647053651873594e-11
-7.394748010862062100e-11
-7.389851461707468821e-11
-7.384959284940671581e-11
-7.380070842489020225e-11
-7.375187161936244846e-11
-7.370306354223095895e-11
-7.365429343504705036e-11
-7.360557379928083344e-11
-7.355687761118985024e-11
-7.350822816182268553e-11
-7.345961896796517278e-11
-7.341107014036323663e-11
-7.336256583989367420e-11
-7.331411364152498350e-11
-7.326570233660831268e-11
-7.321734936759104591e-11
-7.316904023391432708e-11
-7.312076638741098799e-11
-7.307254315534486848e-11
-7.302436732715917752e-11
-7.297622954303645037e-11
-7.292813375787195226e-11
-7.288007388276851467e-11
-7.283206989688830629e-11
-7.278409487723946781e-11
-7.273616132442357031e-11
-7.268827181366065583e-11
-7.264042534989380648e-11
-7.259261052022259767e-11
-7.254482826686778564e-11
-7.249710912218247355e-11
-7.244940678562109289e-11
-7.240174776834295552e-11
-7.235412727065323660e-11
-7.230654727904685670e-11
-7.225899592377153889e-11
-7.221149252491261930e-11
-7.216402937866821953e-11
-7.211662944589710331e-11
-7.206927023721276362e-11
-7.202195834077793305e-11
-7.197469881482272395e-11
-7.192748499547672402e-11
-7.188031844741410045e-11
-7.183318553224634959e-11
-7.178609784512246450e-11
-7.173906007441943908e-11
-7.169205364178479247e-11
-7.164509063280290294e-11
-7.159816801467809309e-11
-7.155129289307794040e-11
-7.150444887793559501e-11
-7.145764121711233762e-11
-7.141088726359596918e-11
-7.136416183625088475e-11
-7.131747688299792914e-11
-7.127082210990525139e-11
-7.122422481039686862e-11
-7.117764449141753646e-11
-7.113110714662169602e-11
-7.108461212822353010e-11
-7.103815033884930280e-11
-7.099171946441989149e-11
-7.094533484696430991e-11
-7.089899074847540538e-11
-7.085270624367606484e-11
-7.080646219762465277e-11
-7.076026256000519652e-11
-7.071411476363520583e-11
-7.066801013643585676e-11
-7.062195292686881393e-11
-7.057592764221343548e-11
-7.052994713164520265e-11
-7.048401462671061448e-11
-7.043811405826821928e-11
-7.039225595663740758e-11
-7.034643447205891302e-11
-7.030066284628816139e-11
-7.025491904867233387e-11
-7.020921562743792532e-11
-7.016355579053610783e-11
-7.011793501779706507e-11
-7.007234427597423814e-11
-7.002678592966680560e-11
-6.998128659237700057e-11
-6.993580404815643984e-11
-6.989036432018991238e-11
-6.984495590438033104e-11
-6.979959357053384134e-11
-6.975425272508190696e-11
-6.970895931347501882e-11
-6.966370345506143950e-11
-6.961850375569740520e-11
-6.957334285993425267e-11
-6.952823162886021990e-11
-6.948315802451585239e-11
-6.943813886703987998e-11
-6.939315888562353967e-11
-6.934821376738847663e-11
-6.930331261043220979e-11
-6.925845182710698638e-11
-6.921363490112531520e-11
-6.916884894335889145e-11
-6.912409791319043518e-11
-6.907940087926305580e-11
-6.903473285050657366e-11
-6.899010130562634296e-11
-6.894549972724563789e-11
-6.890095475173823552e-11
-6.885643113868714020e-11
-6.881194745602235709e-11
-6.876749439835490574e-11
-6.872309191473758055e-11
-6.867870677035617860e-11
-6.863436233355931289e-11
-6.859005869800449535e-11
-6.854578617571105857e-11
-6.850154205176882165e-11
-6.845734239430594005e-11
-6.841317948439346991e-11
-6.836907351463719723e-11
-6.832500318301669844e-11
-6.828098086289248692e-11
-6.823699599644141676e-11
-6.819306259335268907e-11
-6.814916847518056209e-11
-6.810530411665076905e-11
-6.806148396924967623e-11
-6.801770488169832326e-11
-6.797396325020859567e-11
-6.793025415377963181e-11
-6.788657673566945198e-11
-6.784295226301213740e-11
-6.779935467151202266e-11
-6.775579222821894477e-11
-6.771225815186488298e-11
-6.766877890974789715e-11
-6.762531998668159371e-11
-6.758189939979708740e-11
-6.753850620542249586e-11
-6.749516527882271298e-11
-6.745183915083564043e-11
-6.740855303343004047e-11
-6.736530097320092891e-11
-6.732208560030348021e-11
-6.727889330493862064e-11
-6.723574408327742025e-11
-6.719263023738064321e-11
-6.714956986768683171e-11
-6.710654540067149377e-11
-6.706356785180578893e-11
-6.702062453968714372e-11
-6.697773354535671496e-11
-6.693487734392823068e-11
-6.689205873484970453e-11
-6.684927539137583659e-11
-6.680652833628442207e-11
-6.676382885081975135e-11
-6.672115326213768819e-11
-6.667851675390351807e-11
-6.663591582886998942e-11
-6.659335731687096469e-11
-6.655082423571269229e-11
-6.650832733473130944e-11
-6.646586806735553070e-11
-6.642344846090163986e-11
-6.638105083986411515e-11
-6.633868821648675580e-11
-6.629636865979236018e-11
-6.625407584594022621e-11
-6.621181436733371721e-11
-6.616958126493064719e-11
-6.612739312096226203e-11
-6.608522531927799472e-11
-6.604309173110735158e-11
-6.600099674742487702e-11
-6.595893884799668225e-11
-6.591693474533495967e-11
-6.587496419935375611e-11
-6.583303792117346448e-11
-6.579114744651337047e-11
-6.574930613705972308e-11
-6.570750142055643067e-11
-6.566572483612455918e-11
-6.562399024167600708e-11
-6.558229221969475003e-11
-6.554063450757925094e-11
-6.549900187273649111e-11
-6.545740615133521458e-11
-6.541585058961471605e-11
-6.537433107793491719e-11
-6.533283846159846567e-11
-6.529137851096561588e-11
-6.524995967019591372e-11
-6.520857487067947317e-11
-6.516721437970580936e-11
-6.512588527609013619e-11
-6.508460184434209938e-11
-6.504334152689482993e-11
-6.500211287835716505e-11
-6.496091138789608957e-11
-6.491975408359319957e-11
-6.487861683444969704e-11
-6.483751163666275528e-11
-6.479644531746061783e-11
-6.475541286609332657e-11
-6.471443453357595851e-11
-6.467348732988129355e-11
-6.463258396311949922e-11
-6.459171411540150603e-11
-6.455089281767437887e-11
-6.451010492991694933e-11
-6.446934935031430174e-11
-6.442862950800570398e-11
-6.438794299149083676e-11
-6.434730143500297709e-11
-6.430668157702388810e-11
-6.426609966546943136e-11
-6.422554849450045724e-11
-6.418504030668988448e-11
-6.414455541883042781e-11
-6.410410405088331194e-11
-6.406368419558104316e-11
-6.402330867466772562e-11
-6.398294959434131386e-11
-6.394262812561750191e-11
-6.390233428919292453e-11
-6.386208364929798754e-11
-6.382184713344997134e-11
-6.378164842694208038e-11
-6.374147981214818028e-11
-6.370134630937216522e-11
-6.366123096472020032e-11
-6.362115599485733171e-11
-6.358111170948676042e-11
-6.354111475807917640e-11
-6.350115342642327718e-11
-6.346123484602569459e-11
-6.342134670251423271e-11
-6.338150314570247550e-11
-6.334169481627963220e-11
-6.330192639994468653e-11
-6.326218127140130195e-11
-6.322247503910302775e-11
-6.318280650236618553e-11
-6.314317162038246371e-11
-6.310356249269813301e-11
-6.306398602565092277e-11
-6.302444827933143669e-11
-6.298494443985870243e-11
-6.294546411233313550e-11
-6.290601666091489886e-11
-6.286660356697073225e-11
-6.282722777108635426e-11
-6.278786900386259878e-11
-6.274854668859626286e-11
-6.270925535500753883e-11
-6.266999990730552193e-11
-6.263076104762501522e-11
-6.259155667345579760e-11
-6.255238552679057424e-11
-6.251324447068128888e-11
-6.247412256862151118e-11
-6.243503974693724822e-11
-6.239598717989053751e-11
-6.235698115694238691e-11
-6.231800987948839193e-11
-6.227908016288675431e-11
-6.224018029082720075e-11
-6.220132363795169659e-11
-6.216250273424028406e-11
-6.212372026232240771e-11
-6.208496037026390496e-11
-6.204624064440022752e-11
-6.200755495978981169e-11
-6.196890642689025462e-11
-6.193028003523755132e-11
-6.189168857842064586e-11
-6.185312964276786984e-11
-6.181460915128531992e-11
-6.177611081031404665e-11
-6.173764449297844388e-11
