1.868886424214361063e-11
2.357987561510349421e-11
2.908498880767432541e-11
3.519500944662024824e-11
4.189541496147817460e-11
4.916728969304968522e-11
5.698716206719878783e-11
6.532876358052787684e-11
7.416218708785617900e-11
8.345564949895881331e-11
9.317531062998310877e-11
1.032856149600669979e-10
1.137502234840480266e-10
1.245319492532560683e-10
1.355931979067612789e-10
1.468966490564406035e-10
1.584050967165584261e-10
1.700821551680852515e-10
1.818924283652871565e-10
1.938017583916650432e-10
2.057776506916699844e-10
2.177890073929676922e-10
2.298067153061225903e-10
2.418038940523118004e-10
2.537556697361216355e-10
2.656391633729599585e-10
2.774342405132145016e-10
2.891229697129138639e-10
3.006898122796956071e-10
3.121217028044637166e-10
3.234075894448443906e-10
3.345392108767448211e-10
3.455103345999753755e-10
3.563168129906548809e-10
3.669567040404632998e-10
3.774301116221097450e-10
3.877388352465027465e-10
3.978861010027345558e-10
4.078770207611116322e-10
4.177188292841463589e-10
4.274186787751085414e-10
4.369861830844192955e-10
4.464312036555241755e-10
4.557642660692268541e-10
4.649979023685643718e-10
4.741435834866370081e-10
4.832144883137798861e-10
4.922234223629110234e-10
5.011831844183304625e-10
5.101071025964028092e-10
5.190083821990092730e-10
5.278995009320233282e-10
5.367932005797216232e-10
5.457016720585035596e-10
5.546359315241860801e-10
5.636069715691883260e-10
5.726253320627009991e-10
5.816998963898133710e-10
5.908391144929737353e-10
6.000507583653412713e-10
6.093414055300948079e-10
6.187163772970249249e-10
6.281803083816030696e-10
6.377361510006998666e-10
6.473864436379428542e-10
6.571323459184945148e-10
6.669731307333910577e-10
6.769087248460462809e-10
6.869359075195573684e-10
6.970516302717592400e-10
7.072506529227357952e-10
7.175291891822732480e-10
7.278791439035551300e-10
7.382933145113210535e-10
7.487640954173282836e-10
7.592814145051554159e-10
7.698365653296019044e-10
7.804178652628581271e-10
7.910156078420380976e-10
8.016166327638859292e-10
8.122102580906098419e-10
8.227832688694469834e-10
8.333232481003164180e-10
8.438179798264072408e-10
8.542550915856896742e-10
8.646212336465770897e-10
8.749025033237869795e-10
8.850890773909415784e-10
8.951676473987225246e-10
9.051252673802672783e-10
9.149522632558182179e-10
9.246375427239434202e-10
9.341691885869403891e-10
9.435403466144952732e-10
9.527399553715861432e-10
9.617605252367216769e-10
9.705955270152466421e-10
9.792366819024257818e-10
9.876770946318459284e-10
9.959137991588235932e-10
1.003940973434159559e-09
1.011757732215779718e-09
1.019360417819541455e-09
1.026743874985875589e-09
1.033911079841804658e-09
1.040862733071511477e-09
1.047597284109717691e-09
1.054116008183054239e-09
1.060423997465664577e-09
1.066523192353859166e-09
1.072414190275857572e-09
1.078105245901250011e-09
1.083599361210092758e-09
1.088903578521659559e-09
1.094024292945290096e-09
1.098966433389527243e-09
1.103739181974745878e-09
1.108347493557813819e-09
1.112802668426456209e-09
1.117109309116833435e-09
1.121278840261107296e-09
1.125317113742565598e-09
1.129235658044903431e-09
1.133041219425556673e-09
1.136745428266283968e-09
1.140354437472647685e-09
1.143878474406326595e-09
1.147327360205232850e-09
1.150706995105000656e-09
1.154031491690970806e-09
1.157304111561444887e-09
1.160536994596440251e-09
1.163735821403888813e-09
1.166906807410972362e-09
1.170059773874717061e-09
1.173202417320293468e-09
1.176338389306737196e-09
1.179480199353949821e-09
1.182627901711744638e-09
1.185786755144470006e-09
1.188968776728247792e-09
1.192170768058728229e-09
1.195399815233553547e-09
1.198660557052482185e-09
1.201955711811001493e-09
1.205287491890348273e-09
1.208656439163968662e-09
1.212071373068611394e-09
1.215526555085760739e-09
1.219023720505345958e-09
1.222566238382385910e-09
1.226152962758065320e-09
1.229786396739151289e-09
1.233460588510997081e-09
1.237178654466634321e-09
1.240940030100955312e-09
1.244739218519533465e-09
1.248579194184442181e-09
1.252453037183256505e-09
1.256362613823373793e-09
1.260306805931306417e-09
1.264278015415053227e-09
1.268276787865740904e-09
1.272299425594125436e-09
1.276342153583472168e-09
1.280406327607951366e-09
1.284482398960593002e-09
1.288572416144257896e-09
1.292675095967558430e-09
1.296782069257931786e-09
1.300890402727046733e-09
1.305001195201628986e-09
1.309108738527970488e-09
1.313212250400999533e-09
1.317306240865342253e-09
1.321393190851384400e-09
1.325467609085557083e-09
1.329524809585719720e-09
1.333566908410904633e-09
1.337590071735144337e-09
1.341590771105054190e-09
1.345566490786458733e-09
1.349519686589922875e-09
1.353445932230960685e-09
1.357341497623964896e-09
1.361209436044777672e-09
1.365046632598556913e-09
1.368849207335744181e-09
1.372620187012109456e-09
1.376357299697352769e-09
1.380057311807463774e-09
1.383722481628894546e-09
1.387351490246642915e-09
1.390940920680830566e-09
1.394491716729978043e-09
1.398006967188401269e-09
1.401480891005942654e-09
1.404914727884141930e-09
1.408310482695722202e-09
1.411667285328735378e-09
1.414980305606916501e-09
1.418255374765801796e-09
1.421488222135416124e-09
1.424678813786795992e-09
1.427828761863191530e-09
1.430937140094370246e-09
1.434005810440068194e-09
1.437028306180927449e-09
1.440012569182564760e-09
1.442954135000336436e-09
1.445851876413384182e-09
1.448711890510446122e-09
1.451523835727302887e-09
1.454294709359456606e-09
1.457021796520727543e-09
1.459706606240015901e-09
1.462353747051534122e-09
1.464951993007933074e-09
1.467514906371953765e-09
1.470025754343889386e-09
1.472497477076515388e-09
1.474925720628576981e-09
1.477309093395086743e-09
1.479657920015486967e-09
1.481957250039297770e-09
1.484220467840429834e-09
1.486430094624024816e-09
1.488604087423713546e-09
1.490731807079515058e-09
1.492820215594774341e-09
1.494868863565573318e-09
1.496873333405395636e-09
1.498838354239475648e-09
1.500754327535453692e-09
1.502641706147920866e-09
1.504482903359433433e-09
1.506288855376486027e-09
1.508046691755791268e-09
1.509774575296458698e-09
1.511460739202073517e-09
1.513112234986187416e-09
1.514726766256453604e-09
1.516310863368227150e-09
1.517856614514973016e-09
1.519370935105283161e-09
1.520856632848236938e-09
1.522312046140477544e-09
1.523737883919465072e-09
1.525136499012439912e-09
1.526510309523765931e-09
1.527860460702868309e-09
1.529186101451041645e-09
1.530491958414625431e-09
1.531777365862780818e-09
1.533046772677244581e-09
1.534298595369626497e-09
1.535536426374738973e-09
1.536760499827047008e-09
1.537976048304346001e-09
1.539182118185180198e-09
1.540378019661799223e-09
1.541568484082898915e-09
1.542758008273604353e-09
1.543943213244788394e-09
1.545122507721975146e-09
1.546307313440209032e-09
1.547494780719928160e-09
1.548683581438617524e-09
1.549872559597474448e-09
1.551078267949426634e-09
1.552284740673174845e-09
1.553502760120943269e-09
1.554725035012607862e-09
1.555971026793708351e-09
1.557216265068195596e-09
1.558480568107473247e-09
1.559757606690777004e-09
1.561048107840382132e-09
1.562352886161770638e-09
1.563674437824642134e-09
1.565013516673099554e-09
1.566362909328903710e-09
1.567740951051704417e-09
1.569127654426882883e-09
1.570536439024553983e-09
1.571959758080927934e-09
1.573403532346379878e-09
1.574861749184665253e-09
1.576337243188233323e-09
1.577832551323993256e-09
1.579339309253425734e-09
1.580869426492703213e-09
1.582408573843028763e-09
1.583967253321808254e-09
1.585538200077669087e-09
1.587123296254877751e-09
1.588721155189692931e-09
1.590327007188634313e-09
1.591949690300014409e-09
1.593581384302735608e-09
1.595220420844309050e-09
1.596869048847502275e-09
1.598522763913524518e-09
1.600186028740014016e-09
1.601853712054977606e-09
1.603521101262896552e-09
1.605193753508048030e-09
1.606866002112221639e-09
1.608538149129351604e-09
1.610212848709384877e-09
1.611878623232293107e-09
1.613543541905832242e-09
1.615203057605016770e-09
1.616856551336697684e-09
1.618506627501532919e-09
1.620141688817561478e-09
1.621770691991823874e-09
1.623387009039153446e-09
1.624993310628624851e-09
1.626590110397708582e-09
1.628166029189324194e-09
1.629730974829250293e-09
1.631275944925592008e-09
1.632806781729946091e-09
1.634324142259299949e-09
1.635814435719798887e-09
1.637291697876189337e-09
1.638743868685279695e-09
1.640178839923922771e-09
1.641598788086951671e-09
1.642984543622997737e-09
1.644357011543427221e-09
1.645703582452566153e-09
1.647028868313786924e-09
1.648335457483752308e-09
1.649608529466027122e-09
1.650864743414112132e-09
1.652097969127560166e-09
1.653302572206071814e-09
1.654487448903019702e-09
1.655645497085369119e-09
1.656780997000523208e-09
1.657898200423666688e-09
1.658982611738513037e-09
1.660050347513079812e-09
1.661095162138680778e-09
1.662115092936745006e-09
1.663114985922391826e-09
1.664092262859678693e-09
1.665047479053479659e-09
1.665983718383334323e-09
1.666899195270040902e-09
1.667793721599493212e-09
1.668674757388719325e-09
1.669530516436970759e-09
1.670372887645755617e-09
1.671196045236282735e-09
1.672005674248186879e-09
1.672798906248729054e-09
1.673578953960424555e-09
1.674341331501416936e-09
1.675092025852116879e-09
1.675831955343146483e-09
1.676559243617194825e-09
1.677277148689217076e-09
1.677983946902752113e-09
1.678681414962346360e-09
1.679366113318663924e-09
1.680050439940675950e-09
1.680722887191624021e-09
1.681391350348327553e-09
1.682055155757542662e-09
1.682712133912458056e-09
1.683361636689932277e-09
1.684015084749674949e-09
1.684661130810175971e-09
1.685305040940781126e-09
1.685950281330674244e-09
1.686590967724027065e-09
1.687229346036640168e-09
1.687873441209533585e-09
1.688514738837081268e-09
1.689156540569008320e-09
1.689803480781973010e-09
1.690447882991074916e-09
1.691093846805338504e-09
1.691747006562197456e-09
1.692400671858759575e-09
1.693055787128820117e-09
1.693719726525412592e-09
1.694382598499687616e-09
1.695048274612930471e-09
1.695722556056154050e-09
1.696399235148557563e-09
1.697077050311990179e-09
1.697766518334656534e-09
1.698454696503491743e-09
1.699147013143620083e-09
1.699847508541981209e-09
1.700551792170129221e-09
1.701257526289921591e-09
1.701973242755201335e-09
1.702689361371210356e-09
1.703410402181702656e-09
1.704136615431312844e-09
1.704867024166797936e-09
1.705600093895329753e-09
1.706338601669350660e-09
1.707081402096498666e-09
1.707826391162814660e-09
1.708575324925093488e-09
1.709326364409293956e-09
1.710081105160129152e-09
1.710837789143511693e-09
1.711598128895948292e-09
1.712360052078541599e-09
1.713125485764700255e-09
1.713889608403998727e-09
1.714656903431162340e-09
1.715424483246684688e-09
1.716192481938528299e-09
1.716962527056678520e-09
1.717732643136999131e-09
1.718502280692011891e-09
1.719270603675713313e-09
1.720038516689512565e-09
1.720807775228714292e-09
1.721570743981498500e-09
1.722336697076532218e-09
1.723102135880953632e-09
1.723861182059231563e-09
1.724619534204851422e-09
1.725375759829920318e-09
1.726128741029288015e-09
1.726876953542019639e-09
1.727624942613746350e-09
1.728370201338956803e-09
1.729106251199388812e-09
1.729840163655558231e-09
1.730571116237811530e-09
1.731294500820563490e-09
1.732014277000608500e-09
1.732730384670371039e-09
1.733441635313585935e-09
1.734143454625105364e-09
1.734841204713583822e-09
1.735535611845584364e-09
1.736219674881200245e-09
1.736899966350748116e-09
1.737575194445934480e-09
1.738243987852843213e-09
1.738903265453725346e-09
1.739556867448140421e-09
1.740206130148022376e-09
1.740845478940362990e-09
1.741479211998561898e-09
1.742106963689266888e-09
1.742727860085572888e-09
1.743339105433807369e-09
1.743943992720467444e-09
1.744543687450977133e-09
1.745134274230096132e-09
1.745717524027693116e-09
1.746294433964997891e-09
1.746864410073721959e-09
1.747426747059308641e-09
1.747982478899177991e-09
1.748531440566496466e-09
1.749074046924104995e-09
1.749608708248656772e-09
1.750137666073880362e-09
1.750659212853484249e-09
1.751174524925318885e-09
1.751683945085934129e-09
1.752187159783916115e-09
1.752683803836560629e-09
1.753175203523093398e-09
1.753659787902461476e-09
1.754138569781224317e-09
1.754611358367857531e-09
1.755079922519610507e-09
1.755542589631293421e-09
1.756000719621582279e-09
1.756453331066157450e-09
1.756901620963855853e-09
1.757343612860240638e-09
1.757780659974155721e-09
1.758215671577239557e-09
1.758646206763729259e-09
1.759072813628461788e-09
1.759494215547201844e-09
1.759914611966365105e-09
1.760329197471834554e-09
1.760740629397871632e-09
1.761148196559401084e-09
1.761555266854712398e-09
1.761958142049284102e-09
1.762358588508897580e-09
1.762755867747546895e-09
1.763153304597851872e-09
1.763545750323058764e-09
1.763935876226524324e-09
1.764324614598701542e-09
1.764712656906665103e-09
1.765098417688040970e-09
1.765482558592027980e-09
1.765865117010829413e-09
1.766247075873241001e-09
1.766626604022409210e-09
1.767004500772224373e-09
1.767382616394691361e-09
1.767759968451697986e-09
1.768136225275251476e-09
1.768511699840055375e-09
1.768886461783467604e-09
1.769260821021939545e-09
1.769634182455268749e-09
1.770007017298802556e-09
1.770379630387456411e-09
1.770752068996918426e-09
1.771123836170311471e-09
1.771495456072468256e-09
1.771867008072361174e-09
1.772238140781349905e-09
1.772608898295109417e-09
1.772979553316227950e-09
1.773349517008576396e-09
1.773719417696893690e-09
1.774088740571759847e-09
1.774458282527727345e-09
1.774827354948185888e-09
1.775194874937908361e-09
1.775563530442794565e-09
1.775931316431633594e-09
1.776298706912003665e-09
1.776664649708511249e-09
1.777030649065313013e-09
1.777396242258897785e-09
1.777762338607258582e-09
1.778124949682055330e-09
1.778488834213647376e-09
1.778852009907702747e-09
1.779214641920426032e-09
1.779574799342606653e-09
1.779934490192901020e-09
1.780292975916812641e-09
1.780651617305196760e-09
1.781007813280014526e-09
1.781362906710095160e-09
1.781717651653285064e-09
1.782071083771507341e-09
1.782422417587948943e-09
1.782771464250989453e-09
1.783119527447235963e-09
1.783465844648843470e-09
1.783811732550661379e-09
1.784152443499602233e-09
1.784494027592273557e-09
1.784833347466615197e-09
1.785171029997483909e-09
1.785505298775140439e-09
1.785837602080340803e-09
1.786168001583039261e-09
1.786497038641844740e-09
1.786823228365979926e-09
1.787146125572463972e-09
1.787468090438533320e-09
1.787787557112281022e-09
1.788104758638278903e-09
1.788418226587305587e-09
1.788729668034821383e-09
1.789038542890450681e-09
1.789345435226754878e-09
1.789649007556210947e-09
1.789950028594305745e-09
1.790248852104349693e-09
1.790544809673453522e-09
1.790837947626047641e-09
1.791127968120201505e-09
1.791415712639142203e-09
1.791700433810627913e-09
1.791982800660654175e-09
1.792261598235601694e-09
1.792537887711250807e-09
1.792811936528328442e-09
1.793082704413908342e-09
1.793350615598817309e-09
1.793615806837517296e-09
1.793878133448839977e-09
1.794138012365893919e-09
1.794395063092214795e-09
1.794649095204869893e-09
1.794900615697415026e-09
1.795149254333072438e-09
1.795395251669530021e-09
1.795638157049525635e-09
1.795878899846873428e-09
1.796117050309812318e-09
1.796352255253065694e-09
1.796585269939516676e-09
1.796815252886930794e-09
1.797043281156264867e-09
1.797268301169557921e-09
1.797490855871951295e-09
1.797710512065649474e-09
1.797928267092574051e-09
1.798144262232526673e-09
1.798357314255918897e-09
1.798568308104723707e-09
1.798777099899145355e-09
1.798983521061098492e-09
1.799187755072477871e-09
1.799389915520401721e-09
1.799589444542684405e-09
1.799787010103883301e-09
1.799983063878361833e-09
1.800176808033544707e-09
1.800368738119440270e-09
1.800558964766492368e-09
1.800746874678179435e-09
1.800933182545499034e-09
1.801117190371943597e-09
1.801299682307859340e-09
1.801479934839540286e-09
1.801658729038566412e-09
1.801836050311817350e-09
1.802011239782472806e-09
1.802185308718205423e-09
1.802357785948666484e-09
1.802528328895681813e-09
1.802697272526371333e-09
1.802864717543357180e-09
1.803030419343045648e-09
1.803194662111277113e-09
1.803357432870911254e-09
1.803519209355478640e-09
1.803679123431647206e-09
1.803838024963638007e-09
1.803996007612450059e-09
1.804151416937448917e-09
1.804305911608147188e-09
1.804459382133294168e-09
1.804611251625219261e-09
1.804762028769889812e-09
1.804910964372619676e-09
1.805058992586341711e-09
1.805205499116954532e-09
1.805351257909380829e-09
1.805496034037378320e-09
1.805638441359487529e-09
1.805780112826852331e-09
1.805920538349779880e-09
1.806059846796723039e-09
1.806197841931654626e-09
1.806333957976435980e-09
1.806469118870966372e-09
1.806602789723369469e-09
1.806735763492306957e-09
1.806867757419817635e-09
1.806997153976547531e-09
1.807125809422296535e-09
1.807253560384426892e-09
1.807379756117634602e-09
1.807504792148421161e-09
1.807628119495211989e-09
1.807750377581193737e-09
1.807871342781892831e-09
1.807990951829242067e-09
1.808110113948093926e-09
1.808226651899649060e-09
1.808342030550958255e-09
1.808456876305385320e-09
1.808570091081494271e-09
1.808681986541749327e-09
1.808792186968639431e-09
1.808900921771112177e-09
1.809008481445237965e-09
1.809114498387485799e-09
1.809219605715940828e-09
1.809323400988540763e-09
1.809424857670505830e-09
1.809525732521734398e-09
1.809625001276237677e-09
1.809722901220700546e-09
1.809819157505670201e-09
1.809913492130797451e-09
1.810006614433732371e-09
1.810097970824015446e-09
1.810188225621480837e-09
1.810277151908483516e-09
1.810363726317187405e-09
1.810448851240760304e-09
1.810532996704071218e-09
1.810615281161881632e-09
1.810695834446971567e-09
1.810774992374155639e-09
1.810852503179433891e-09
1.810928646458952351e-09
1.811002935239903881e-09
1.811075993791195435e-09
1.811147791127799321e-09
1.811216969483363486e-09
1.811285095983653019e-09
1.811351966103132947e-09
1.811417170305178303e-09
1.811480601428871603e-09
1.811542286145162774e-09
1.811602663261289939e-09
1.811661348925413330e-09
1.811718361824370167e-09
1.811774104390462007e-09
1.811828479228300241e-09
1.811880770046789130e-09
1.811931823217462311e-09
1.811981337626228170e-09
1.812029210811547720e-09
1.812075334662734697e-09
1.812119730495571743e-09
1.812162796084671822e-09
1.812204134235606452e-09
1.812243929681960088e-09
1.812282525812378474e-09
1.812319480129570774e-09
1.812354229259185187e-09
1.812387632053256433e-09
1.812419828114394748e-09
1.812450251272708733e-09
1.812478855209558244e-09
1.812506229775526692e-09
1.812532131784642505e-09
1.812556663358142568e-09
1.812579387732421179e-09
1.812601048320006567e-09
1.812621552305609176e-09
1.812639723389428862e-09
1.812656642091691768e-09
1.812672347908121475e-09
1.812686663490698342e-09
1.812699387723691317e-09
1.812710752188886030e-09
1.812720460395137875e-09
1.812729138176214091e-09
1.812736117953519773e-09
1.812741866615751353e-09
1.812746573059362437e-09
1.812749904129420386e-09
1.812751319462414552e-09
1.812751772002836077e-09
1.812750791234636107e-09
1.812748445257609242e-09
1.812744643618232010e-09
1.812739353166414181e-09
1.812732871387736894e-09
1.812725117406600989e-09
1.812715844955787115e-09
1.812705659187396524e-09
1.812694404021546614e-09
1.812680968696784358e-09
1.812666267455639830e-09
1.812650714264290179e-09
1.812633802312648252e-09
1.812615378144979221e-09
1.812595780592494527e-09
1.812574803958702320e-09
1.812552590274318806e-09
1.812529211799195321e-09
1.812504496659097209e-09
1.812479028292965518e-09
1.812452397488099209e-09
1.812423555012047936e-09
1.812393862645802137e-09
1.812363215566718484e-09
1.812331293579137557e-09
1.812298085941788231e-09
1.812263765063263834e-09
1.812227853225584795e-09
1.812190996429843429e-09
1.812152833931821254e-09
1.812113423197575220e-09
1.812073229304276218e-09
1.812032104063840995e-09
1.811988926871863543e-09
1.811944875846452425e-09
1.811899880518767770e-09
1.811853522967881923e-09
1.811805917908691157e-09
1.811757194871392825e-09
1.811706880230897025e-09
1.811655775669312184e-09
1.811603360796396161e-09
1.811549671255692423e-09
1.811495146445376921e-09
1.811439669688646406e-09
1.811381959850980568e-09
1.811323290375608945e-09
1.811264015638121046e-09
1.811203419526092144e-09
1.811141441426208493e-09
1.811078231029871388e-09
1.811013817801254249e-09
1.810948171095796921e-09
1.810881408047568099e-09
1.810813398218787861e-09
1.810744577407245824e-09
1.810674828095888673e-09
1.810603263792937828e-09
1.810530339958100631e-09
1.810456647893993341e-09
1.810381843438390906e-09
1.810305883559538064e-09
1.810228589052725572e-09
1.810150111142616709e-09
1.810070301650061776e-09
1.809989601666144567e-09
1.809907454741503932e-09
1.809824267218855059e-09
1.809740195036632663e-09
1.809655099213273714e-09
1.809568139160725980e-09
1.809480306861442433e-09
1.809391548070572861e-09
1.809301499775604108e-09
1.809210195236145114e-09
1.809117684745604305e-09
1.809023800076124600e-09
1.808929058880476624e-09
1.808833253198009753e-09
1.808735945017068180e-09
1.808637691371168001e-09
1.808538708632394049e-09
1.808438111301419046e-09
1.808335784986774336e-09
1.808232795294123311e-09
1.808129070138315180e-09
1.808023872722612254e-09
1.807917351259251458e-09
1.807809817180740801e-09
1.807700957699981302e-09
1.807591000208923353e-09
1.807479889610720711e-09
1.807367622346676947e-09
1.807254575827376396e-09
1.807140566548094118e-09
1.807024985353505569e-09
1.806907916220640895e-09
1.806790109559149126e-09
1.806671239984797733e-09
1.806551212612029522e-09
1.806429981279368665e-09
1.806307683625864061e-09
1.806184058877368209e-09
1.806059453079100107e-09
1.805933686983998866e-09
1.805806663483872984e-09
1.805678859367943645e-09
1.805550175347074944e-09
1.805420184893359517e-09
1.805288557758742833e-09
1.805156251982652298e-09
1.805022943504675234e-09
1.804888412791077071e-09
1.804752717117994092e-09
1.804615959719386539e-09
1.804477922223708603e-09
1.804339037151294878e-09
1.804199268317129467e-09
1.804058031308348872e-09
1.803915916423041213e-09
1.803773090153804081e-09
1.803629188297811415e-09
1.803483339676052136e-09
1.803336690839768274e-09
1.803189495196236791e-09
1.803041175839423684e-09
1.802891660648609397e-09
1.802740907415579685e-09
1.802589273668971117e-09
1.802436313493086259e-09
1.802282553004738632e-09
1.802127673766193056e-09
1.801971764516723901e-09
1.801815132661958518e-09
1.801657653384478377e-09
1.801498628255822192e-09
1.801338347080371933e-09
1.801177379047393671e-09
1.801015437990445771e-09
1.800852442920439893e-09
1.800688409828927947e-09
1.800523350480734351e-09
1.800357085583468716e-09
1.800189872796778099e-09
1.800021786975048545e-09
1.799852389224022530e-09
1.799682247494676748e-09
1.799511391606045101e-09
1.799339570443795282e-09
1.799166072301728252e-09
1.798991717086892000e-09
1.798816630863927987e-09
1.798640628751682732e-09
1.798463456745820307e-09
1.798285220035755924e-09
1.798106148341291652e-09
1.797925797963243227e-09
1.797744718342105032e-09
1.797562829890694428e-09
1.797379639374116168e-09
1.797195652774118739e-09
1.797010997992346306e-09
1.796825524885095212e-09
1.796638116138980234e-09
1.796449976168512482e-09
1.796261294199528882e-09
1.796071769108507964e-09
1.795881099733216205e-09
1.795689308238288988e-09
1.795496777999606357e-09
1.795303007612375590e-09
1.795108365750499392e-09
1.794912888291282472e-09
1.794716319044812286e-09
1.794518984355016309e-09
1.794320961763955831e-09
1.794122081534169158e-09
1.793921611274317106e-09
1.793720299244206292e-09
1.793518327033142230e-09
1.793315456583342274e-09
1.793111585705575295e-09
1.792906774949627566e-09
1.792700987042409814e-09
1.792494097519213321e-09
1.792286303495358261e-09
1.792077764901418424e-09
1.791868011786474752e-09
1.791657494162092201e-09
1.791446331525098166e-09
1.791234369178821466e-09
1.791021103755404348e-09
1.790806520494635963e-09
1.790591374434737175e-09
1.790375523190462168e-09
1.790158656535001394e-09
1.789940791251684045e-09
1.789721887465027921e-09
1.789502254404180035e-09
1.789281457459595719e-09
1.789060030881093714e-09
1.788837776761907435e-09
1.788614377326128909e-09
1.788390248855048382e-09
1.788165507215576566e-09
1.787940000662091834e-09
1.787712693548337247e-09
1.787484688104804023e-09
1.787256153132585404e-09
1.787026916833712790e-09
1.786796591726843320e-09
1.786565324728849082e-09
1.786333245160237141e-09
1.786100159421618518e-09
1.785866086381810166e-09
1.785631433947643090e-09
1.785395775919931501e-09
1.785159162874483283e-09
1.784921950024491035e-09
1.784684117071686988e-09
1.784445308927617380e-09
1.784205069809229966e-09
1.783964198427979440e-09
1.783722693238775135e-09
1.783480315300240077e-09
1.783237034262952153e-09
1.782992890518802421e-09
1.782747858507579078e-09
1.782501795298593414e-09
1.782254860192107590e-09
1.782007294244185819e-09
1.781758629301289796e-09
1.781509213829134426e-09
1.781259236204621175e-09
1.781008567166055516e-09
1.780756827908971064e-09
1.780503688963028498e-09
1.780249889867979136e-09
1.779995479405393399e-09
1.779740425172704175e-09
1.779484264613325340e-09
1.779227247328841295e-09
1.778969409456456898e-09
1.778710834965509515e-09
1.778451226810726250e-09
1.778191070651930455e-09
1.777930124164162859e-09
1.777668150991978517e-09
1.777405548064363654e-09
1.777142412827495767e-09
1.776878556753512929e-09
1.776613053740265750e-09
1.776346881922790154e-09
1.776080221211049575e-09
1.775812909901160426e-09
1.775544742859196392e-09
1.775275751295922757e-09
1.775005874655845698e-09
1.774735272742980373e-09
1.774463638146653627e-09
1.774191416375507316e-09
1.773918486952256865e-09
1.773644603949654152e-09
1.773369973228055506e-09
1.773094821868060536e-09
1.772819112036578691e-09
1.772542421049280042e-09
1.772264473275605134e-09
1.771986031803152090e-09
1.771707037035460292e-09
1.771427203096428500e-09
1.771146568081528952e-09
1.770865168949191417e-09
1.770582987472242943e-09
1.770299882687361187e-09
1.770015904237377021e-09
1.769731409665816265e-09
1.769446039510921258e-09
1.769159852726516001e-09
1.768873183106199286e-09
1.768585835653143204e-09
1.768297775487209276e-09
1.768008438810446510e-09
1.767718174827490252e-09
1.767427417952339675e-09
1.767136128579421613e-09
1.766844097771681449e-09
1.766551164161236361e-09
1.766257369174614916e-09
1.765962986985628790e-09
1.765667793763505568e-09
1.765371744537578630e-09
1.765075204039490602e-09
1.764777943175615136e-09
1.764479771762157438e-09
1.764181058441091043e-09
1.763881846284041318e-09
1.763582039527150695e-09
1.763280779007281827e-09
1.762978768222437819e-09
1.762676341389237626e-09
1.762373358146132800e-09
1.762069678447227015e-09
1.761765248185478351e-09
1.761460016864405543e-09
1.761154174338420068e-09
1.760847453659960076e-09
1.760539939275646151e-09
1.760231997905001365e-09
1.759923271526141351e-09
1.759613762632684781e-09
1.759303672689350210e-09
1.758993063304053352e-09
1.758681957184804538e-09
1.758369883767413002e-09
1.758056759644197015e-09
1.757743186815699695e-09
1.757429131354198320e-09
1.757114359607639624e-09
1.756798806650617327e-09
1.756482637481592678e-09
1.756165736486854950e-09
1.755848110873711536e-09
1.755529551296397882e-09
1.755210566624019119e-09
1.754890966754671333e-09
1.754570471231857940e-09
1.754249422554261061e-09
1.753927877758465473e-09
1.753605854973292353e-09
1.753282922363643525e-09
1.752958779311404873e-09
1.752634069436546601e-09
1.752308931617399601e-09
1.751983306309781069e-09
1.751656957532628005e-09
1.751329858177329220e-09
1.751001962799574478e-09
1.750673568669050776e-09
1.750344431483175434e-09
1.750014502000134742e-09
1.749684137568736203e-09
1.749353171318774278e-09
1.749021407813609129e-09
1.748689109186776874e-09
1.748356357306906996e-09
1.748023137616117025e-09
1.747688931715353988e-09
1.747353647183645327e-09
1.747018001732521330e-09
1.746681890629832227e-09
1.746345231157185892e-09
1.746007872150303229e-09
1.745669947917590401e-09
1.745331282654050483e-09
1.744992105962687643e-09
1.744652048238359240e-09
1.744311373697028585e-09
1.743970315919197821e-09
1.743628546317129344e-09
1.743286107720746345e-09
1.742943165324800033e-09
1.742599753220794891e-09
1.742255892898717798e-09
1.741911258385218192e-09
1.741565587713188695e-09
1.741219496956244341e-09
1.740872985467695329e-09
1.740525888437429435e-09
1.740178122729493758e-09
1.739829796872052617e-09
1.739480802413125027e-09
1.739131282477373556e-09
1.738780921195541542e-09
1.738429962885100915e-09
1.738078668368754677e-09
1.737726736509002005e-09
1.737374066538783395e-09
1.737020907352526543e-09
1.736667298175218815e-09
1.736313298959339365e-09
1.735958446423940006e-09
1.735602514114183262e-09
1.735246129136536461e-09
1.734889387402922501e-09
1.734532243866987738e-09
1.734174483989845011e-09
1.733816024490123068e-09
1.733456936420816730e-09
1.733097327536097415e-09
1.732737198375369602e-09
1.732376227833736942e-09
1.732014860166745381e-09
1.731653013022443801e-09
1.731290557541230173e-09
1.730927471746073674e-09
1.730564054865094120e-09
1.730200233603389075e-09
1.729835848385410669e-09
1.729470416517274353e-09
1.729104323464649270e-09
1.728737908671522256e-09
1.728371040516087062e-09
1.728003695060398503e-09
1.727635712340878285e-09
1.727267294383735160e-09
1.726898234020013070e-09
1.726528722682053229e-09
1.726158453425464192e-09
1.725787582730153108e-09
1.725416400399261174e-09
1.725044671225718290e-09
1.724672308435796657e-09
1.724299432107583487e-09
1.723926204113128185e-09
1.723552586331067760e-09
1.723178430349070296e-09
1.722803312531713595e-09
1.722427686469524970e-09
1.722051719875276129e-09
1.721675308955088274e-09
1.721298386865819592e-09
1.720920837101893219e-09
1.720542853496955685e-09
1.720164298966913566e-09
1.719785296196134746e-09
1.719405489810209126e-09
1.719025236102709903e-09
1.718644718225652202e-09
1.718263684564590319e-09
1.717881985311159620e-09
1.717499811277646729e-09
1.717117258044275119e-09
1.716734442536415815e-09
1.716350959700514615e-09
1.715966470666234439e-09
1.715581507158507923e-09
1.715196210109720859e-09
1.714810608908111483e-09
1.714424635959706144e-09
1.714037953017944658e-09
1.713650850650696701e-09
1.713263113896054946e-09
1.712875049969560640e-09
1.712486360573424002e-09
1.712097026716322631e-09
1.711707401331077612e-09
1.711317338232540831e-09
1.710926752540152757e-09
1.710535656984388453e-09
1.710144279729454130e-09
1.709752541328208829e-09
1.709360308717649519e-09
1.708967254972009880e-09
1.708573540601551876e-09
1.708179544788597998e-09
1.707785172360145787e-09
1.707390356805662758e-09
1.706995094560993088e-09
1.706599389001199110e-09
1.706203197996814176e-09
1.705806595866294009e-09
1.705409492184735589e-09
1.705011692118513742e-09
1.704613517376283946e-09
1.704215037256177352e-09
1.703816033805615130e-09
1.703416550115909545e-09
1.703016676544713837e-09
1.702616475771473486e-09
1.702215934304210956e-09
1.701814872934908283e-09
1.701412998451530245e-09
1.701010720101436749e-09
1.700608154685590856e-09
1.700205192367145801e-09
1.699801832590980673e-09
1.699397938518178383e-09
1.698993656166961996e-09
1.698588918296646699e-09
1.698183769779381899e-09
1.697778102363529756e-09
1.697371814440539931e-09
1.696965359212661155e-09
1.696558566095233349e-09
1.696151241728832629e-09
1.695743416035146011e-09
1.695335252664495780e-09
1.694926758947108371e-09
1.694518031191457067e-09
1.694108664538126958e-09
1.693698435971862992e-09
1.688261977058035630e-09
1.687853555898450012e-09
1.687444883322611165e-09
1.687035888333524395e-09
1.686626282964389463e-09
1.686216343837968970e-09
1.685805883180955143e-09
1.665415970861969618e-09
1.665014197505640086e-09
1.664611770971020217e-09
1.664209078110299295e-09
1.663806052315254803e-09
1.663402638611132359e-09
1.662998792028423396e-09
1.662594645193627737e-09
1.652269163874203904e-09
1.651869046836622397e-09
1.651468398747929579e-09
1.651067035190110396e-09
1.650665316726478929e-09
1.650263330794575420e-09
1.649860991776656976e-09
1.629747018425544880e-09
1.629353120953529768e-09
1.628958889015252591e-09
1.628564255995956105e-09
1.628169261203428455e-09
1.627773863329262466e-09
1.627377855367704817e-09
1.626981521487307808e-09
1.616800913466276949e-09
1.616408510516564765e-09
1.616015666175088634e-09
1.615622451259427776e-09
1.615229033931761128e-09
1.614835331395445276e-09
1.614441215383056790e-09
1.594615374966032443e-09
1.594229070454024526e-09
1.593842504322904114e-09
1.593455710896696162e-09
1.593068556978477095e-09
1.592681100640296383e-09
1.592293173220730230e-09
1.582259509614168596e-09
1.581875352516177221e-09
1.581490871744480106e-09
1.581105917174729623e-09
1.580720419072829078e-09
1.580334789831244503e-09
1.579948916684785687e-09
1.579562663557568294e-09
1.560036905695911689e-09
1.559658613099517493e-09
1.559280032979815944e-09
1.558901302339754048e-09
1.558522163046206567e-09
1.558142268813493099e-09
1.557762012834679991e-09
1.547885099057450653e-09
1.547508696037582110e-09
1.547132051402847493e-09
1.546755045041038389e-09
1.546377598803604684e-09
1.545999895495187005e-09
1.545621805295867989e-09
1.545243498987714368e-09
1.525980508245136470e-09
1.525609717629552718e-09
1.525238765174386400e-09
1.524867520254253032e-09
1.524495977295237414e-09
1.524124087300908965e-09
1.523751926769799273e-09
1.513890176686117190e-09
1.513521792032092707e-09
1.513153017978907116e-09
1.512783664139031036e-09
1.512413919398950550e-09
1.512043938528749118e-09
1.511673745021141958e-09
1.492230427997031341e-09
1.491868130603515816e-09
1.491505476613554913e-09
1.491142633668327861e-09
1.490779429823661885e-09
1.490415882325776447e-09
1.490052008473168827e-09
1.489687600295510390e-09
1.479744210643255388e-09
1.479383655811620684e-09
1.479022796691423330e-09
1.478661597998198963e-09
1.478300095494853214e-09
1.477938421362159631e-09
1.477576504768766439e-09
1.457963624943428411e-09
1.457609432477478353e-09
1.457254710954997595e-09
1.456899759580986253e-09
1.456544621202490160e-09
1.456189186886398728e-09
1.455833557507925325e-09
1.445806151187234556e-09
1.445454083214663934e-09
1.445101806538965373e-09
1.444749237753242962e-09
1.444396422130042885e-09
1.444043016381800869e-09
1.443689310123846756e-09
1.423900818750756629e-09
1.423555298755176459e-09
1.423209496951279789e-09
1.422863308502485295e-09
1.422516880941335594e-09
1.422170204931194956e-09
1.421823401754856438e-09
1.421476314871325604e-09
1.411369904814135565e-09
1.411026092568871008e-09
1.410682063794522737e-09
1.410337891730034418e-09
1.409993518920722833e-09
1.409648891878194443e-09
1.409303866764756992e-09
1.389350538574538150e-09
1.389013501091312021e-09
1.388676269869027465e-09
1.388338762225316070e-09
1.388000729328243636e-09
1.387662424137375620e-09
1.387324024364318899e-09
1.377136337252031036e-09
1.376801712391360135e-09
1.376466755891523708e-09
1.376131608608103824e-09
1.375796258712086851e-09
1.375460731085892795e-09
1.375124891578486606e-09
1.355000823117400028e-09
1.354672635080166715e-09
1.354344241733934311e-09
1.354015699758111004e-09
1.353686888633019215e-09
1.353357846736323847e-09
1.353028515035329228e-09
1.352699033452392259e-09
1.342435242278087317e-09
1.342109518916520331e-09
1.341783474399350826e-09
1.341457014869579340e-09
1.341130274521419752e-09
1.340803461651316651e-09
1.340476385689264616e-09
1.320192318129009440e-09
1.319873196770907435e-09
1.319553855674178221e-09
1.319234335432089973e-09
1.318914627500735503e-09
1.318594594523589452e-09
1.318274244565869586e-09
1.307931202492505725e-09
1.307614468278803464e-09
1.307297568745156211e-09
1.306980431155256596e-09
1.306663138444714376e-09
1.306345608886223876e-09
1.306027760212950862e-09
1.285577803299357258e-09
1.285267986056956567e-09
1.284957985439326062e-09
1.284647688705842795e-09
1.284336879513373255e-09
1.284025967722011386e-09
1.283714938528367510e-09
1.273294463176070256e-09
1.272987310508325623e-09
1.272679799098801335e-09
1.272372157483149056e-09
1.272064284127057906e-09
1.271756318406780146e-09
1.271448087290110984e-09
1.250834307015863926e-09
1.250533730929594353e-09
1.250232989630954626e-09
1.249932133097535610e-09
1.249631109796067861e-09
1.249329862983987951e-09
1.249028330720150454e-09
1.248726585429057008e-09
1.238233598320763059e-09
1.237935762223371428e-09
1.237637712930144438e-09
1.237339320569920887e-09
1.237040556260324840e-09
1.236741700438538214e-09
1.236442708170538492e-09
1.215676069413949725e-09
1.215385144706458479e-09
1.215093901687128942e-09
1.214802556520010023e-09
1.214511042949258146e-09
1.214219373279805308e-09
1.213927458884418753e-09
1.203359149071395885e-09
1.203070818483079792e-09
1.202782308878734355e-09
1.202493696495584806e-09
1.202204877929561208e-09
1.201915839968562587e-09
1.201626603850409809e-09
1.180701014940319270e-09
1.180419931048829285e-09
1.180138592896784174e-09
1.179857013009394134e-09
1.179575182845357593e-09
1.179292942162419109e-09
1.179010643489404755e-09
1.168368396407940971e-09
1.168089993387599088e-09
1.167811382062209935e-09
1.167532574863843169e-09
1.167253635662133097e-09
1.166974505560786127e-09
1.166695250135165706e-09
1.145612977399792668e-09
1.145341530912319509e-09
1.145069761960520025e-09
1.144797838370861901e-09
1.144525774936436416e-09
1.144253521076720757e-09
1.143981165388879663e-09
1.133266105507100257e-09
1.132997496180182652e-09
1.132728777660171593e-09
1.132459871115762086e-09
1.132190822432647945e-09
1.131921615345894066e-09
1.131651935109679137e-09
1.110414949727950658e-09
1.110153377387928337e-09
1.109891696937633344e-09
1.109629941341908808e-09
1.109367958830565837e-09
1.109105713433862290e-09
1.108843376011413080e-09
1.098056674967293698e-09
1.097798241308312378e-09
1.097539583734144859e-09
1.097280526737620595e-09
1.097021280304411065e-09
1.096761916995668142e-09
1.096502469334520510e-09
1.075113551619790366e-09
1.074862093390453429e-09
1.074610454394814330e-09
1.074358632996792535e-09
1.074106728987994811e-09
1.073854683257515557e-09
1.073602476103070635e-09
1.062745299487648492e-09
1.062496691845745529e-09
1.062247950125351255e-09
1.061999189476086716e-09
1.061750236875797363e-09
1.061501194086889129e-09
1.061251986605162882e-09
1.039713127611109428e-09
1.039471945201139108e-09
1.039230625124657494e-09
1.038989169492009124e-09
1.038747534629215707e-09
1.038505599227303922e-09
1.038263472089558358e-09
1.027336897878362519e-09
1.027098703128380429e-09
1.026860378275088898e-09
1.026621865554397801e-09
1.026383223362942277e-09
1.026144409980627362e-09
1.025905554218706380e-09
1.004219132710224318e-09
1.003988264992270399e-09
1.003757201945623712e-09
1.003525785431549109e-09
1.003294203789518132e-09
1.003062605838256531e-09
1.002830842041087144e-09
9.918362335735990384e-10
9.916083582116410843e-10
9.913802981330972348e-10
9.911521774780078174e-10
9.909238823828935628e-10
9.906955024676660007e-10
9.904668765356686961e-10
9.686347568380238381e-10
9.684139358960407328e-10
9.681930060050651725e-10
9.679719503585448687e-10
9.677507719984365242e-10
9.675294890393751684e-10
9.673081031984223168e-10
9.562463503204517918e-10
9.560287535996009993e-10
9.558110735973789544e-10
9.555932530325622134e-10
9.553753197790694680e-10
9.551571846942103632e-10
9.331733163624694285e-10
9.329630243575546518e-10
9.327526865250348219e-10
9.325422589826889296e-10
9.323317661910128300e-10
9.321210774284209340e-10
9.319102113509793407e-10
9.207785928612983105e-10
9.205716502322172725e-10
9.203646201389400991e-10
9.201574088754691500e-10
9.199499151504778499e-10
9.197422309013896507e-10
9.195344614513335105e-10
8.974096048102732060e-10
8.972099171268081000e-10
8.970100875737822505e-10
8.968101236402614492e-10
8.966100191199715985e-10
8.964098268171658330e-10
8.962095276992454387e-10
8.850131438806421106e-10
8.848167093697961927e-10
8.846200818570958895e-10
8.844231737774703897e-10
8.842262452086845145e-10
8.840292660244274441e-10
8.838321521347588770e-10
8.615683219146757038e-10
8.613792310499253173e-10
8.611899807898283566e-10
8.610006800109989731e-10
8.608112677314283425e-10
8.606217575088341789e-10
8.604320957390590159e-10
8.491719226422809670e-10
8.489859515759407114e-10
8.487998823848246629e-10
8.486137390547304027e-10
8.484275206203381559e-10
8.482411757107333533e-10
8.258322962198596052e-10
8.256539347422143223e-10
8.254754800474971798e-10
8.252969859838218863e-10
8.251183468047498053e-10
8.249395763059785135e-10
8.247606607671045495e-10
8.139725457997135604e-10
8.137960825040640359e-10
8.136195996384999508e-10
8.134429726573109256e-10
8.132662923887539289e-10
8.130894927163859970e-10
8.129125259638120485e-10
7.914482258285922423e-10
7.912767757916982732e-10
7.911052599488435832e-10
7.909335592112489735e-10
7.907617026346467560e-10
7.905896231624411625e-10
7.904174522076787357e-10
7.795670385011690734e-10
7.793975142120234170e-10
7.792278828843623278e-10
7.790581602653058450e-10
7.788883354006045140e-10
7.787183654541106080e-10
7.785483288136155550e-10
7.569533283313509913e-10
7.567887873298291532e-10
7.566241380089233833e-10
7.564592664645812030e-10
7.562941517585245234e-10
7.561290330632032241e-10
7.452146064285887846e-10
7.450522025594352697e-10
7.448897482600783372e-10
7.447271525628810851e-10
7.445643896477936035e-10
7.444016249467197818e-10
7.442387562623221197e-10
7.225095683061919454e-10
7.223521722173147503e-10
7.221946085495450269e-10
7.220368176131782216e-10
7.218789729332946959e-10
7.217210592924801956e-10
7.215630981881248650e-10
7.105883591151937034e-10
7.104330066136565386e-10
7.102775620405892648e-10
7.101220040305784045e-10
7.099663989317808905e-10
7.098107451768962571e-10
6.879491358974908206e-10
6.877989355601095884e-10
6.876485734705374216e-10
6.874980016792235212e-10
6.873474254489069020e-10
6.871968189988494127e-10
6.870461136576539724e-10
6.760093224861714596e-10
6.758613003776627313e-10
6.757131204600503304e-10
6.755649318606190538e-10
6.754166648460373504e-10
6.752683666819430888e-10
6.751199534480920704e-10
6.531333883742333776e-10
6.529903202351931061e-10
6.528471744414088653e-10
6.527039089928677709e-10
6.525606323487472783e-10
6.524172841842749187e-10
6.413193552209396679e-10
6.411786601685093875e-10
6.410378553004908832e-10
6.408969845034892214e-10
6.407560919072592096e-10
6.406151057013980990e-10
6.404740605864014198e-10
6.183588872503545955e-10
6.182231219274439475e-10
6.180873129742301458e-10
6.179514962792882347e-10
6.178155904548288198e-10
6.176796436982466915e-10
6.175436445255245718e-10
6.063882867714615894e-10
6.062549110050093523e-10
6.061215087083519699e-10
6.059880063513161611e-10
6.058544706472384198e-10
6.057208124924506364e-10
5.834787797607223733e-10
5.833504913967395124e-10
5.832221432643665421e-10
5.830937252657754552e-10
5.829652514225254946e-10
5.828367158999948121e-10
5.827081120633470349e-10
5.714935511067891175e-10
5.713675866077857435e-10
5.712415715599405726e-10
5.711155106942304001e-10
5.709893901741983247e-10
5.708632157948028843e-10
5.484962386388599494e-10
5.483753828621824570e-10
5.482545120279433636e-10
5.481336298717730334e-10
5.480126795469866783e-10
5.478917027324856687e-10
5.477706749373856016e-10
5.364978302302085099e-10
5.363794366575299766e-10
5.362610162351891454e-10
5.361425285132372214e-10
5.360240064491347482e-10
5.359053862627587034e-10
5.357866450122547979e-10
5.133020127809096015e-10
5.131887508503358564e-10
5.130754367576182669e-10
5.129620800924788091e-10
5.128486641350123641e-10
5.127351537808938264e-10
5.014050140501295308e-10
5.012941979730374679e-10
5.011833365589204936e-10
5.010724414418050897e-10
5.009614832957810763e-10
5.008504635724987299e-10
5.007393851806766358e-10
4.781334118168711687e-10
4.780277685127574293e-10
4.779221220629895576e-10
4.778164030533209238e-10
4.777106398716285533e-10
4.776048382352297436e-10
4.662183230279728329e-10
4.661151899641283991e-10
4.660120549678039387e-10
4.659088320363177214e-10
4.658055971892120622e-10
4.657022538627664201e-10
4.655988503594171834e-10
4.429615404483249886e-10
4.428636235229918574e-10
4.427655995334179764e-10
4.426675687368817768e-10
4.425694737191698522e-10
4.424713219721190491e-10
4.311471788480384546e-10
4.310517202407235021e-10
4.309561788357828591e-10
4.308606241755003746e-10
4.307650155250565908e-10
4.306693566237835051e-10
4.305736481374581131e-10
4.081144379951392698e-10
4.080240582812521682e-10
4.079336752561403950e-10
4.078432756538018187e-10
4.077528001497631452e-10
4.076623060540543830e-10
3.964322803009211393e-10
3.963443868809829568e-10
3.962564854326882429e-10
3.961685612125558749e-10
3.960805592518492094e-10
3.959925426492495404e-10
3.959044217444789241e-10
3.736281513653876538e-10
3.735453564721125588e-10
3.734625451247054755e-10
3.733796548567095918e-10
3.732967475503026941e-10
3.732137772843359416e-10
3.620801684172587474e-10
3.619997988053697631e-10
3.619194187510183090e-10
3.618389502696221468e-10
3.617584678392104813e-10
3.616779434675571141e-10
3.615973817470550686e-10
3.395088630237766042e-10
3.394335402783400586e-10
3.393581573210308579e-10
3.392827701234801000e-10
3.392073731911715852e-10
3.391319153503182239e-10
3.280971607492129448e-10
3.280242922437734784e-10
3.279513624827972383e-10
3.278784163051499520e-10
3.278054626939613728e-10
3.277324465265151863e-10
3.058312181247778536e-10
3.057633440529521259e-10
3.056954394963465201e-10
3.056275232354350996e-10
3.055596069745133394e-10
3.054916189347354309e-10
3.054236248484016615e-10
2.944899617702559613e-10
2.944244637980559457e-10
2.943589363466329938e-10
2.942934086438815524e-10
2.942278242799560849e-10
2.941622211814960970e-10
2.724580940579318593e-10
2.723975713869165082e-10
2.723370313908927403e-10
2.722764872631121524e-10
2.722158844073485502e-10
2.721552694323911874e-10
2.720946544574493343e-10
2.612643715481669640e-10
2.612062257724268465e-10
2.611480758414069604e-10
2.610898933018364830e-10
2.610316773946272758e-10
2.609734614874025589e-10
2.394710304912909368e-10
2.394178110061084140e-10
2.393645793081418143e-10
2.393113102539853083e-10
2.392580202960544847e-10
2.392047303381288311e-10
2.284775554684559422e-10
2.284266954173139293e-10
2.283758216935277955e-10
2.283249230965292097e-10
2.282739876202361903e-10
2.282230457967898754e-10
2.281720954755672013e-10
2.068757553614973916e-10
2.068297223386501008e-10
2.067836808635937627e-10
2.067376248632303586e-10
2.066915619555779674e-10
2.066454836060713722e-10
1.960260488787260497e-10
1.959823767077378579e-10
1.959387045367496661e-10
1.958950104977789058e-10
1.958512958218099151e-10
1.958075738169948478e-10
1.747168865872438648e-10
1.746780083421936577e-10
1.746391300971382807e-10
1.746002441939052060e-10
1.745613448764030448e-10
1.745224318452647935e-10
1.640105177817422814e-10
1.639739740139231915e-10
1.639374302460989317e-10
1.639008770968057546e-10
1.638642915431566903e-10
1.638276945156595000e-10
1.637910628261461874e-10
1.429152437710418125e-10
1.428833996829960325e-10
1.428515535706273286e-10
1.428196887691259802e-10
1.427878187391917558e-10
1.427559348439475364e-10
1.323560721127981771e-10
1.323265620126234639e-10
1.322970519124565055e-10
1.322675014396821396e-10
1.322379502704914914e-10
1.322083991012956733e-10
1.115470129979233047e-10
1.115221695210374988e-10
1.114973260441491080e-10
1.114724646456353589e-10
1.114476008130961285e-10
1.114227369805620680e-10
1.113978731480228376e-10
1.011121427159298698e-10
1.010896127886315328e-10
1.010670529676669232e-10
1.010444851930427763e-10
1.010219174184237993e-10
1.009993496437996524e-10
8.056131931456285061e-11
8.054337958176091289e-11
8.052541853236724814e-11
8.050744883052995923e-11
8.048947912869267032e-11
8.047150942685021154e-11
7.029958918522150160e-11
7.028391362857725406e-11
7.026823007559741202e-11
7.025254211599767977e-11
7.023685415640053246e-11
7.022116619680209268e-11
5.000599890629474525e-11
4.999485959845301782e-11
4.998372029061129039e-11
4.997258098276956296e-11
4.996144167492912800e-11
4.995030236708869304e-11
3.989426953989308879e-11
3.988538474782646394e-11
3.987649995575983909e-11
3.986761516368933683e-11
3.985873037162206575e-11
3.984984557955608714e-11
3.984096078748687735e-11
2.109834491749543334e-11
2.109365195392398792e-11
2.108895899035318873e-11
2.108426602678109708e-11
2.107957306320835919e-11
2.107488009963756001e-11
6.187563450013099901e-12
6.186189745402510137e-12
6.184816040791920374e-12
6.183442336181492169e-12
6.182068631570902405e-12
6.180694926960151083e-12
0.000000000000000000e+00
0.000000000000000000e+00
0.000000000000000000e+00
0.000000000000000000e+00
0.000000000000000000e+00
0.000000000000000000e+00
0.000000000000000000e+00
0.000000000000000000e+00
0.000000000000000000e+00
0.000000000000000000e+00
0.000000000000000000e+00
0.000000000000000000e+00
0.000000000000000000e+00
0.000000000000000000e+00
0.000000000000000000e+00
0.000000000000000000e+00
0.000000000000000000e+00
0.000000000000000000e+00
0.000000000000000000e+00
0.000000000000000000e+00
0.000000000000000000e+00
0.000000000000000000e+00
0.000000000000000000e+00
0.000000000000000000e+00
0.000000000000000000e+00
0.000000000000000000e+00
0.000000000000000000e+00
0.000000000000000000e+00
0.000000000000000000e+00
0.000000000000000000e+00
0.000000000000000000e+00
0.000000000000000000e+00
0.000000000000000000e+00
0.000000000000000000e+00
0.000000000000000000e+00
0.000000000000000000e+00
0.000000000000000000e+00
0.000000000000000000e+00
0.000000000000000000e+00
0.000000000000000000e+00
0.000000000000000000e+00
0.000000000000000000e+00
0.000000000000000000e+00
0.000000000000000000e+00
0.000000000000000000e+00
0.000000000000000000e+00
0.000000000000000000e+00
0.000000000000000000e+00
0.000000000000000000e+00
0.000000000000000000e+00
0.000000000000000000e+00
0.000000000000000000e+00
0.000000000000000000e+00
0.000000000000000000e+00
0.000000000000000000e+00
0.000000000000000000e+00
0.000000000000000000e+00
0.000000000000000000e+00
0.000000000000000000e+00
0.000000000000000000e+00
0.000000000000000000e+00
0.000000000000000000e+00
0.000000000000000000e+00
0.000000000000000000e+00
0.000000000000000000e+00
0.000000000000000000e+00
0.000000000000000000e+00
0.000000000000000000e+00
0.000000000000000000e+00
0.000000000000000000e+00
0.000000000000000000e+00
0.000000000000000000e+00
0.000000000000000000e+00
0.000000000000000000e+00
0.000000000000000000e+00
0.000000000000000000e+00
0.000000000000000000e+00
