1.542194053092717662e-07
1.650458685972504538e-07
1.753012127176288294e-07
1.850084261964179621e-07
1.941896943908650696e-07
2.028661652999937660e-07
2.110577684349369016e-07
2.187834265216808072e-07
2.260612247503369832e-07
2.329087701410354301e-07
2.393425008573655719e-07
2.453782549045461239e-07
2.510311833135121941e-07
2.563156983328463811e-07
2.612453437335812298e-07
2.658333368542404797e-07
2.700924764116315297e-07
2.740344033012670770e-07
2.776710372422974015e-07
2.810132775292576601e-07
2.840716304498940974e-07
2.868566637646730560e-07
2.893782929984738746e-07
2.916461234244951798e-07
2.936695783472495341e-07
2.954578221868256770e-07
2.970196775285738527e-07
2.983635500155427299e-07
2.994980672418099907e-07
3.004310610886545793e-07
3.011708247181420224e-07
3.017243811416364966e-07
3.020999678470592298e-07
3.023041016907522458e-07
3.023444882162086744e-07
3.022273908862987830e-07
3.019601750437011146e-07
3.015487922465728881e-07
3.010000340675671031e-07
3.003199882623787667e-07
2.995147373450273744e-07
2.985902240063602588e-07
2.975525519307572341e-07
2.964070705273342887e-07
2.951595927700181768e-07
2.938154019720672522e-07
2.923802096664806139e-07
2.908590787925516714e-07
2.892569275364027851e-07
2.875792167866860318e-07
2.858302751175969763e-07
2.840153366229798092e-07
2.821391587277863521e-07
2.802056939362334965e-07
2.782197278198789518e-07
2.761856711695280394e-07
2.741072031673876625e-07
2.719886736685248758e-07
2.698340912584855955e-07
2.676468074730902439e-07
2.654306621771642807e-07
2.631893795213535835e-07
2.609262329855025958e-07
2.586443692871107758e-07
2.563471175692770928e-07
2.540376299230275710e-07
2.517186752229688680e-07
2.493931896477416185e-07
2.470638234379471501e-07
2.447333550268397634e-07
2.424042413760597375e-07
2.400787082706426850e-07
2.377590068416875609e-07
2.354475935384458588e-07
2.331464153455297650e-07
2.308572365563883314e-07
2.285820169812411687e-07
2.263226115770284099e-07
2.240806666832025735e-07
2.218576074625606468e-07
2.196549458987620727e-07
2.174740124264042170e-07
2.153162697706918962e-07
2.131828431278365386e-07
2.110744834269525486e-07
2.089923956979165289e-07
2.069377308789672506e-07
2.049113678492527118e-07
2.029135628246206001e-07
2.009452149433438086e-07
1.990072192140101039e-07
1.970999545796504836e-07
1.952239854450852414e-07
1.933795733919834104e-07
1.915667840312629750e-07
1.897865727331930558e-07
1.880387339240829996e-07
1.863235496534846746e-07
1.846411616562509459e-07
1.829912924859921425e-07
1.813744228813847280e-07
1.797901934109722689e-07
1.782386977058800399e-07
1.767199055258445748e-07
1.752330902993472409e-07
1.737786931834979969e-07
1.723559535259931929e-07
1.709649287967689529e-07
1.696051734086456270e-07
1.682762623537257117e-07
1.669780022865640131e-07
1.657093933312207342e-07
1.644707026311923774e-07
1.632609772836141241e-07
1.620801957400167918e-07
1.609272665776810305e-07
1.598020945100826460e-07
1.587036879944477480e-07
1.576319290534372428e-07
1.565858699167362659e-07
1.555651353666030233e-07
1.545689042737580394e-07
1.535966284512494931e-07
1.526475165082260907e-07
1.517211181380946306e-07
1.508165292322563864e-07
1.499333833472673978e-07
1.490707108201543208e-07
1.482280639073795043e-07
1.474043703528335129e-07
1.465993123271426745e-07
1.458118299263903762e-07
1.450416423955848552e-07
1.442875847328116142e-07
1.435494902581755773e-07
1.428261655952556074e-07
1.421172262806170926e-07
1.414216471144756532e-07
1.407390427925232212e-07
1.400685853984105347e-07
1.394096271466696832e-07
1.387616569768102052e-07
1.381236450299402945e-07
1.374953548200489277e-07
1.368757782089351319e-07
1.362645705103608938e-07
1.356608319068347525e-07
1.350641321632257371e-07
1.344739411055012239e-07
1.338894141090656117e-07
1.333103202994309015e-07
1.327357528108584252e-07
1.321654137954089975e-07
1.315986339264882953e-07
1.310348766880899496e-07
1.304738540015530687e-07
1.299148266184626547e-07
1.293575934291982039e-07
1.288015304856135243e-07
1.282462042540619420e-07
1.276913435327811052e-07
1.271363184205568576e-07
1.265809083951023009e-07
1.260248148430186253e-07
1.254675467170239412e-07
1.249090848059280106e-07
1.243487998862885927e-07
1.237865986534666682e-07
1.232221857223375206e-07
1.226552189010652903e-07
1.220855487092618476e-07
1.215130414612285252e-07
1.209374041044105247e-07
1.203586897127130923e-07
1.197765202079364046e-07
1.191908693346584025e-07
1.186017291983984115e-07
1.180087614992403734e-07
1.174120838412848653e-07
1.168115934042995658e-07
1.162072481289633893e-07
1.155991235479108037e-07
1.149871032103222900e-07
1.143712894985816336e-07
1.137517284313502490e-07
1.131283525475579491e-07
1.125013286531297229e-07
1.118706881367964458e-07
1.112364335842922738e-07
1.105988471983324577e-07
1.099579780978533462e-07
1.093138644272936102e-07
1.086668336501240377e-07
1.080169539545344070e-07
1.073643064557580873e-07
1.067091925849986078e-07
1.060517188295460299e-07
1.053919793085548839e-07
1.047303252956913005e-07
1.040669779801469516e-07
1.034019557706735199e-07
1.027357020894212073e-07
1.020684619887795195e-07
1.014002579732544757e-07
1.007314589566648957e-07
1.000623703873805973e-07
9.939306007433231725e-08
9.872374315981829421e-08
9.805492075094546474e-08
9.738663365649135311e-08
9.671903800338066689e-08
9.605273866944339329e-08
9.538784624270555577e-08
9.472437268783177588e-08
9.406283319070584468e-08
9.340347916892368454e-08
9.274636012784800092e-08
9.209176221567613339e-08
9.144012217728441547e-08
9.079150857170820836e-08
9.014595502242989655e-08
8.950406050557743375e-08
8.886599818238254111e-08
8.823178395846429966e-08
8.760172031244804355e-08
8.697622559077764080e-08
8.635524925862245020e-08
8.573886435496777206e-08
8.512753229625832574e-08
8.452148180307591180e-08
8.392061021232673053e-08
8.332507669351817597e-08
8.273540529131548156e-08
8.215158952888582184e-08
8.157360296898958341e-08
8.100172603202979486e-08
8.043626234405701816e-08
7.987707330181628320e-08
7.932420286406032880e-08
7.877805497427230735e-08
7.823863552838381394e-08
7.770595043555282346e-08
7.717995777372720522e-08
7.666110321794052229e-08
7.614929795065848937e-08
7.564447050320622983e-08
7.514658655542463480e-08
7.465619383728070183e-08
7.417298130700004655e-08
7.369693564812955100e-08
7.322807564155223680e-08
7.276675661425162468e-08
7.231269812111382331e-08
7.186584794620250987e-08
7.142621901164187970e-08
7.099411464400340837e-08
7.056921515497194417e-08
7.015147673497707617e-08
6.974087245738539158e-08
6.933773474937666239e-08
6.894161873987142115e-08
6.855256325833432351e-08
6.817045137246323278e-08
6.779555005819559969e-08
6.742749426528264994e-08
6.706619189473882667e-08
6.671166814763857936e-08
6.636400514808780528e-08
6.602284672411677247e-08
6.568810706343304342e-08
6.535969265136385514e-08
6.503778531504899862e-08
6.472212109976069931e-08
6.441245578960615569e-08
6.410875704775792828e-08
6.381106011892277137e-08
6.351920506965690954e-08
6.323285308100044118e-08
6.295200962950444379e-08
6.267659894521371101e-08
6.240663077628631243e-08
6.214167559872305549e-08
6.188164217186861930e-08
6.162645578690685101e-08
6.137618500147151052e-08
6.113054595652277900e-08
6.088927994340298569e-08
6.065231003449780465e-08
6.041957762972338410e-08
6.019105166061796186e-08
5.996629176880637668e-08
5.974521910974083124e-08
5.952779904207697793e-08
5.931403296683773189e-08
5.910362400520277775e-08
5.889625806827182463e-08
5.869192349238598196e-08
5.849061403033182648e-08
5.829224461420566103e-08
5.809641548973326385e-08
5.790301528870841454e-08
5.771198907378613260e-08
5.752331883894119563e-08
5.733685298903498178e-08
5.715222575013925702e-08
5.696938138644251433e-08
5.678830940309039446e-08
5.660896643422973637e-08
5.643113197484385593e-08
5.625454729545859920e-08
5.607916799298230164e-08
5.590498880838293261e-08
5.573193657671308765e-08
5.555977917015861068e-08
5.538832522864872272e-08
5.521755793177966525e-08
5.504747711711797477e-08
5.487798115056403120e-08
5.470886255518820130e-08
5.453998013224757591e-08
5.437132229605461925e-08
5.420290264552046818e-08
5.403461263177781021e-08
5.386630455805260760e-08
5.369785972443550301e-08
5.352927039221843662e-08
5.336054062225205809e-08
5.319158357562770267e-08
5.302230754132972230e-08
5.285258841440148380e-08
5.268244328274669876e-08
5.251182232132942971e-08
5.234072407269252305e-08
5.216907944625204647e-08
5.199681045016791333e-08
5.182388976870092424e-08
5.165027839410681990e-08
5.147603365961719767e-08
5.130111798060968387e-08
5.112546439498960690e-08
5.094902324705317249e-08
5.077185179436579031e-08
5.059393079071730709e-08
5.041526051425480726e-08
5.023580698518818830e-08
5.005558458129093309e-08
4.987458904020028916e-08
4.969283017665972506e-08
4.951028938438651023e-08
4.932702498904235855e-08
4.914306990684708298e-08
4.895837713596824179e-08
4.877298565458831356e-08
4.858689955004195508e-08
4.840015208313552816e-08
4.821281514113474089e-08
4.802492017901273969e-08
4.783644819067532491e-08
4.764742681085167012e-08
4.745785464537781533e-08
4.726783833906844497e-08
4.707744296156598347e-08
4.688669516566307469e-08
4.669557276156912209e-08
4.650406607069952921e-08
4.631227716451676454e-08
4.612031916971475509e-08
4.592820993573641778e-08
4.573596991049905483e-08
4.554364263553580744e-08
4.535118686896927415e-08
4.515866724764975312e-08
4.496631141264662917e-08
4.477407946933973497e-08
4.458196161348251073e-08
4.439005945663358720e-08
4.419829676286044920e-08
4.400677037230836663e-08
4.381569910736769947e-08
4.362505666167564201e-08
4.343479577675971475e-08
4.324503487925392046e-08
4.305570588110830233e-08
4.286691444909243662e-08
4.267884673232410438e-08
4.249148594162794455e-08
4.230476332175705996e-08
4.211881636234704543e-08
4.193356376161246029e-08
4.174908666754336340e-08
4.156562564020431581e-08
4.138309569147516904e-08
4.120144005461665213e-08
4.102085140289276588e-08
4.084116273397273671e-08
4.066247277403651672e-08
4.048504192103382656e-08
4.030875726626788321e-08
4.013357306691285672e-08
3.995966003026432107e-08
3.978684409943458809e-08
3.961527671392426368e-08
3.944508385305312490e-08
3.927614962557082799e-08
3.910863093063902744e-08
3.894240808094452308e-08
3.877745546727963509e-08
3.861395298757826757e-08
3.845187909758652386e-08
3.829119849459111293e-08
3.813204099739038753e-08
3.797429672434806800e-08
3.781800189727766969e-08
3.766315861960883797e-08
3.750976108260470075e-08
3.735800386096566684e-08
3.720774245724421571e-08
3.705893219663008876e-08
3.691169017003035679e-08
3.676589512849092374e-08
3.662168579130001647e-08
3.647905751219306781e-08
3.633786380329369139e-08
3.619826946800668132e-08
3.606015224513189952e-08
3.592355843537255525e-08
3.578843087100431120e-08
3.565483873658742654e-08
3.552280721250261454e-08
3.539220033548981976e-08
3.526308571042195827e-08
3.513542017396547116e-08
3.500916800971286060e-08
3.488443981197011853e-08
3.476108860178690319e-08
3.463925382765878376e-08
3.451876394050090894e-08
3.439959833371561011e-08
3.428182601661993751e-08
3.416541620533964825e-08
3.405038559882920955e-08
3.393668067878190793e-08
3.382426603129847398e-08
3.371310799690059416e-08
3.360314011216506058e-08
3.349443645685865045e-08
3.338695710969521622e-08
3.328071077381553070e-08
3.317566884820881308e-08
3.307171255724725373e-08
3.296888116095228816e-08
3.286708272780836693e-08
3.276637888443209731e-08
3.266675607518446975e-08
3.256819536807674794e-08
3.247065574029777559e-08
3.237406176084382985e-08
3.227838659754516657e-08
3.218359377024586181e-08
3.208969311404431375e-08
3.199673537160166892e-08
3.190464111250884018e-08
3.181338222266697337e-08
3.172294266469041136e-08
3.163321398849274456e-08
3.154419205769544679e-08
3.145590398416151264e-08
3.136834588523916326e-08
3.128150002107864110e-08
3.119532725210857438e-08
3.110978746050782543e-08
3.102479857696528331e-08
3.094034079834827307e-08
3.085647153453412046e-08
3.077311725647451023e-08
3.069028367114937453e-08
3.060803287253834225e-08
3.052623444345580125e-08
3.044481791851155318e-08
3.036383306683106777e-08
3.028323106536148078e-08
3.020298753181074272e-08
3.012318869083904427e-08
3.004373191384835983e-08
2.996464134855140952e-08
2.988586645671829643e-08
2.980735763484264569e-08
2.972907826392163535e-08
2.965110744999192072e-08
2.957337150486903703e-08
2.949587730025533790e-08
2.941867525895610300e-08
2.934168234708622928e-08
2.926484692218827307e-08
2.918818522434336875e-08
2.911167409817196383e-08
2.903530478636751705e-08
2.895911041250629280e-08
2.888305290797345857e-08
2.880716560174680460e-08
2.873139720820865109e-08
2.865571678471040450e-08
2.858013363595812495e-08
2.850463802239608372e-08
2.842921051875283491e-08
2.835389590035497154e-08
2.827865565692796343e-08
2.820352046287746750e-08
2.812846641707329430e-08
2.805346099428854073e-08
2.797850954359184860e-08
2.790360778753185730e-08
2.782875736149095665e-08
2.775396309996345985e-08
2.767922813055880218e-08
2.760456687535426344e-08
2.752997315983105438e-08
2.745540778659786517e-08
2.738089481947709086e-08
2.730640953545386728e-08
2.723197825875346590e-08
2.715757770786335768e-08
2.708324032624779465e-08
2.700896536460521562e-08
2.693477330250136259e-08
2.686061705133040352e-08
2.678654278281362549e-08
2.671249831913980092e-08
2.663853424704834406e-08
2.656460112816724376e-08
2.649075902923592919e-08
2.641698639014957911e-08
2.634333650185140171e-08
2.626974907932140856e-08
2.619627757073131675e-08
2.612286838619070552e-08
2.604958014784946210e-08
2.597635589007968554e-08
2.590324474685687068e-08
2.583022505937535121e-08
2.575736686470656547e-08
2.568463055236307491e-08
2.561203565386204698e-08
2.553958023960319179e-08
2.546724196947684355e-08
2.539505929994347127e-08
2.532298473334088565e-08
2.525109030204873076e-08
2.517934531954711422e-08
2.510781850155958513e-08
2.503643767158036599e-08
2.496528591307724806e-08
2.489427416797500361e-08
2.482349255829321092e-08
2.475285801431050362e-08
2.468244343613321254e-08
2.461220569718883994e-08
2.454222474992247366e-08
2.447246400200240710e-08
2.440293576721079834e-08
2.433365715138133251e-08
2.426457660098195265e-08
2.419577578811808824e-08
2.412715874682680123e-08
2.405883502571053790e-08
2.399072666562170550e-08
2.392293923732381102e-08
2.385538409272226898e-08
2.378814432451720885e-08
2.372115933975229245e-08
2.365445188403188514e-08
2.358802863611945195e-08
2.352185197755945647e-08
2.345600121426417259e-08
2.339041079642491043e-08
2.332517701061897637e-08
2.326020181141953868e-08
2.319557349598683342e-08
2.313122263130797418e-08
2.306719388099831596e-08
2.300346410983158251e-08
2.294001973186333495e-08
2.287691672757832592e-08
2.281410511356713228e-08
2.275166591780815160e-08
2.268950236686707233e-08
2.262770405474828967e-08
2.256619993586074545e-08
2.250503140265514928e-08
2.244418121653053339e-08
2.238362722092248877e-08
2.232343849237387114e-08
2.226354369932603823e-08
2.220402703460120012e-08
2.214479264897906889e-08
2.208592497704707071e-08
2.202735716167526045e-08
2.196911766591592279e-08
2.191121100031280452e-08
2.185360853068303161e-08
2.179636156772308647e-08
2.173942032973898295e-08
2.168282517606428510e-08
2.162653137604312748e-08
2.157055475165771088e-08
2.151489715767080372e-08
2.145954103119884811e-08
2.140451744796244368e-08
2.134979878991137900e-08
2.129538954039020677e-08
2.124129994461480299e-08
2.118750999815230699e-08
2.113404781025975063e-08
2.108085295461600258e-08
2.102798293797579337e-08
2.097537726225892210e-08
2.092308259549835209e-08
2.087107001292016865e-08
2.081933540765817084e-08
2.076791518498295670e-08
2.071676974535316208e-08
2.066592679213474427e-08
2.061533546631270465e-08
2.056501664279151672e-08
2.051496151877564469e-08
2.046517117972970741e-08
2.041565177441326927e-08
2.036639733746892373e-08
2.031739112343480743e-08
2.026866923222516150e-08
2.022019057258359122e-08
2.017198841537003141e-08
2.012398712410411875e-08
2.007625383392706304e-08
2.002872505915698145e-08
1.998144581617363608e-08
1.993438905079779664e-08
1.988757508512747558e-08
1.984098005924991399e-08
1.979463415454811818e-08
1.974850250910226461e-08
1.970260809263932037e-08
1.965688690113542511e-08
1.961140026580396265e-08
1.956608663468285503e-08
1.952099195747596224e-08
1.947608315853732551e-08
1.943138659629711729e-08
1.938687728351086827e-08
1.934258851785883546e-08
1.929848498312285619e-08
1.925458767612884994e-08
1.921083560499378165e-08
1.916728845701576443e-08
1.912388661365441923e-08
1.908067306023320995e-08
1.903762100204373807e-08
1.899475139898693455e-08
1.895204289503004280e-08
1.890952295339988889e-08
1.886716378542536090e-08
1.882498762948449643e-08
1.878293226462083348e-08
1.874105269275649927e-08
1.869930097447084474e-08
1.865770266232640666e-08
1.861625375135222198e-08
1.857495613872788835e-08
1.853379108792662098e-08
1.849279270597312810e-08
1.845193604161340339e-08
1.841123797955175610e-08
1.837065595219027653e-08
1.833020082699294207e-08
1.828988467354513443e-08
1.824968468084790516e-08
1.820962346987133886e-08
1.816968086341348960e-08
1.812985885373075634e-08
1.809017528878589241e-08
1.805062061426364321e-08
1.801119721213761977e-08
1.797190568136434056e-08
1.793270779733295663e-08
1.789364980268771379e-08
1.785468526139334736e-08
1.781583605182516115e-08
1.777710814001472054e-08
1.773849240315513276e-08
1.769997942830788715e-08
1.766159636390564970e-08
1.762332333300657162e-08
1.758518110303459625e-08
1.754713463172880347e-08
1.750918293623666362e-08
1.747136123525158963e-08
1.743362331451105727e-08
1.739599734005110243e-08
1.735847290107993312e-08
1.732104834067901262e-08
1.728373442737324859e-08
1.724652954070043216e-08
1.720942703078787671e-08
1.717245408089335936e-08
1.713555979182008770e-08
1.709876369189298370e-08
1.706208038261157496e-08
1.702548067235498993e-08
1.698899122118695882e-08
1.695259277227995566e-08
1.691628375698785740e-08
1.688008970650132868e-08
1.684399257494869563e-08
1.680799427048161700e-08
1.677212056036032876e-08
1.673632340994674989e-08
1.670062318716156872e-08
1.666503333326340705e-08
1.662952580313497985e-08
1.659412599081296157e-08
1.655881655555331327e-08
1.652359499475748763e-08
1.648848491800990489e-08
1.645346993627620865e-08
1.641854959000446033e-08
1.638375360733597091e-08
1.634903534686190857e-08
1.631440626846440604e-08
1.627989935265256742e-08
1.624547016347215270e-08
1.621113835675846163e-08
1.617690864761064052e-08
1.614276822156228569e-08
1.610872543810430388e-08
1.607478786441936550e-08
1.604094117450025407e-08
1.600720746179611149e-08
1.597356174155467758e-08
1.594000996731750406e-08
1.590657247455547021e-08
1.587321661761665955e-08
1.583994795278483325e-08
1.580679822397345346e-08
1.577373337822523193e-08
1.574075253471457727e-08
1.570788896797127729e-08
1.567510984505211248e-08
1.564243343381333809e-08
1.560987485972080434e-08
1.557739330662111337e-08
1.554501151310810941e-08
1.551273511359317608e-08
1.548054602869183388e-08
1.544845989647293143e-08
1.541646652453433779e-08
1.538456624808288981e-08
1.535276524676632005e-08
1.532106883606105538e-08
1.528946239001469647e-08
1.525796321186872977e-08
1.522656088569630876e-08
1.519524804317370712e-08
1.516404907730033106e-08
1.513293178426584884e-08
1.510190945107541777e-08
1.507099645097851111e-08
1.504017062686543246e-08
1.500943178269619315e-08
1.497880182878198203e-08
1.494826943906077457e-08
1.491782934280157918e-08
1.488750241650316567e-08
1.485725790156116753e-08
1.482710742291755719e-08
1.479706920630003483e-08
1.476711012891036724e-08
1.473724345913288846e-08
1.470748517427983770e-08
1.467781441797294184e-08
1.464822692060978340e-08
1.461874566471100442e-08
1.458936271801504972e-08
1.456006976464402431e-08
1.453088749823188995e-08
1.450178582177326907e-08
1.447277524463638583e-08
1.444387537370299873e-08
1.441505178898792682e-08
1.438632034984919434e-08
1.435769296672610730e-08
1.432914832054061821e-08
1.430069004087365983e-08
1.427233183469403797e-08
1.424407159060619917e-08
1.421589978125940517e-08
1.418782771538143579e-08
1.415984599215619659e-08
1.413194458516891727e-08
1.410415113132795887e-08
1.407643232504977050e-08
1.404880471662632821e-08
1.402127198829216764e-08
1.399381847719544891e-08
1.396646069583915288e-08
1.393918493300532302e-08
1.391200987079152030e-08
1.388491641327851836e-08
1.385791387838824198e-08
1.383101889645480578e-08
1.380419054730387039e-08
1.377744515644779049e-08
1.375080190623549250e-08
1.372422715684281335e-08
1.369773772437489712e-08
1.367134382672742076e-08
1.364502970202459929e-08
1.361878764662022806e-08
1.359263946683284065e-08
1.356658218306207652e-08
1.354060479967935505e-08
1.351472322845848891e-08
1.348891575932366189e-08
1.346318135810563076e-08
1.343754544249603501e-08
1.341197595936277401e-08
1.338648653312690878e-08
1.336108042303721711e-08
1.333574919842323549e-08
1.331050417952635339e-08
1.328532632648272925e-08
1.326024203169260825e-08
1.323523126578387911e-08
1.321030100922834835e-08
1.318546826431082164e-08
1.316069330028908576e-08
1.313598869304327440e-08
1.311137888893462868e-08
1.308682806184263790e-08
1.306235171640017521e-08
1.303795885648665273e-08
1.301362935539958364e-08
1.298938109914756268e-08
1.296519895283306086e-08
1.294110312493198598e-08
1.291707381093531727e-08
1.289312140193396716e-08
1.286926034933696551e-08
1.284545124251610421e-08
1.282170718891424610e-08
1.279805190711257522e-08
1.277445076333189462e-08
1.275091882185316226e-08
1.272746378529505741e-08
1.270406860617098525e-08
1.268074876581023525e-08
1.265748802627183743e-08
1.263430907060089933e-08
1.261119269895999222e-08
1.258814498653038929e-08
1.256518186130079553e-08
1.254226776789287210e-08
1.251941566158794718e-08
1.249664384500976077e-08
1.247392387315287909e-08
1.245126794973035765e-08
1.242867642797114325e-08
1.240615163210642891e-08
1.238369216357629591e-08
1.236128455154759821e-08
1.233894975052117362e-08
1.231668194678323761e-08
1.229447522779368387e-08
1.227233546153959392e-08
1.225025957851080114e-08
1.222823483615110227e-08
1.220626955107077800e-08
1.218437622880718614e-08
1.216252888746417526e-08
1.214073998045754121e-08
1.211902219067928385e-08
1.209735333211387365e-08
1.207574200204547593e-08
1.205419140864520843e-08
1.203270695139846067e-08
1.201127414090041077e-08
1.198990257106452458e-08
1.196860373932544571e-08
1.194734480663237561e-08
1.192613961558750914e-08
1.190500404366478767e-08
1.188391263483630552e-08
1.186287710182799697e-08
1.184189473094953729e-08
1.182097450283127107e-08
1.180010696801491506e-08
1.177928343906966780e-08
1.175852452334471465e-08
1.173782432097466745e-08
1.171717393515375905e-08
1.169657694848890357e-08
1.167604869377042052e-08
1.165555863718126084e-08
1.163511668147509540e-08
1.161474183628322923e-08
1.159440563861864715e-08
1.157412309500218414e-08
1.155389396638708374e-08
1.153371480677778988e-08
1.151359092229192858e-08
1.149350731648786060e-08
1.147348324772877273e-08
1.145351394541103781e-08
1.143359254007181102e-08
1.141372074612538177e-08
1.139391355261053475e-08
1.137414236395189792e-08
1.135441668737663567e-08
1.133475435974897587e-08
1.131512835071389438e-08
1.129555342012696755e-08
1.127602740572177703e-08
1.125655189507133589e-08
1.123712595231259309e-08
1.121773764376949846e-08
1.119840615942114548e-08
1.117912819453705593e-08
1.115989246825013380e-08
1.114070642800484088e-08
1.112158386472583897e-08
1.110249334503766081e-08
1.108344808927826319e-08
1.106446244512218212e-08
1.104551506054295313e-08
1.102661327469625478e-08
1.100775543865477685e-08
1.098895410742549970e-08
1.097019225345663479e-08
1.095147344590116899e-08
1.093280369114426027e-08
1.091418600570151349e-08
1.089560951504945608e-08
1.087708219227564032e-08
1.085861038748664467e-08
1.084017893003022030e-08
1.082178861883073985e-08
1.080344277719566752e-08
1.078515279551957889e-08
1.076689710533799669e-08
1.074868492485646934e-08
1.073052463663340993e-08
1.071240185498012040e-08
1.069433018602770586e-08
1.067629224818115602e-08
1.065830659303233048e-08
1.064036973200705074e-08
1.062247260654611962e-08
1.060461993848557816e-08
1.058682792876759685e-08
1.056906396457445412e-08
1.055134186105487707e-08
1.053367383915125957e-08
1.051604529035328988e-08
1.049845412094053209e-08
1.048090496295864456e-08
1.046340884856591491e-08
1.044594482887781682e-08
1.042852920269703802e-08
1.041114888482600780e-08
1.039381778606183474e-08
1.037653281947855578e-08
1.035928947801675700e-08
1.034208687455285764e-08
1.032494245226100109e-08
1.030782584525727753e-08
1.029074752937485103e-08
1.027372455500611585e-08
1.025673621407478823e-08
1.023978616563961290e-08
1.022287534109157161e-08
1.020601749231480008e-08
1.018918985251984154e-08
1.017240838956161877e-08
1.015566119632047030e-08
1.013896223860564931e-08
1.012230708374584293e-08
1.010569154056611074e-08
1.008911487510338767e-08
1.007259524122587798e-08
1.005610083783613612e-08
1.003964398861734452e-08
1.002323825062870574e-08
1.000686973674601776e-08
9.990534217059131400e-09
9.974238572734089301e-09
9.957990640312426342e-09
9.941773347616049263e-09
9.925601844213771011e-09
9.909459964934924431e-09
9.893365628964416094e-09
9.877314431346196919e-09
9.861296254147472734e-09
9.845319406308407628e-09
9.829394519438975899e-09
9.813497179895571680e-09
9.797636613094531563e-09
9.781812605629294274e-09
9.766038739326001333e-09
9.750290691089204771e-09
9.734581107529434317e-09
9.718908940442094255e-09
9.703280509859128675e-09
9.687685310776435632e-09
9.672122453508568303e-09
9.656599896252754260e-09
9.641120136190748597e-09
9.625675004853034176e-09
9.610268049768529991e-09
9.594898315737766179e-09
9.579575982768151236e-09
9.564278277831137574e-09
9.549013307953099338e-09
9.533795539659125367e-09
9.518610120846948771e-09
9.503455032648617191e-09
9.488335355218924538e-09
9.473258679747876934e-09
9.458210073114841919e-09
9.443203405875008187e-09
9.428221158282452242e-09
9.413282908630410924e-09
9.398383297186890034e-09
9.383513458210888676e-09
9.368681274313355665e-09
9.353889865529895174e-09
9.339133934334473683e-09
9.324405490059146755e-09
9.309706925765628400e-09
9.295054953349447858e-09
9.280428700083770621e-09
9.265835395737914369e-09
9.251273385733024430e-09
9.236753958635009960e-09
9.222258928867105787e-09
9.207803913985077259e-09
9.193372910954336062e-09
9.178982215949372272e-09
9.164628927108512426e-09
9.150303039435254873e-09
9.136013182102813339e-09
9.121761117858545374e-09
9.107543077331725277e-09
9.093350233058311124e-09
9.079185750759754065e-09
9.065064556691170191e-09
9.050969200357864365e-09
9.036902622242328005e-09
9.022867375258266754e-09
9.008869881322537739e-09
8.994897055333028541e-09
8.980962308236908081e-09
8.967049091220946136e-09
8.953173353741578457e-09
8.939332576264484096e-09
8.925519740262418176e-09
8.911739996697498443e-09
8.897990268627004636e-09
8.884282248330289763e-09
8.870592444857587318e-09
8.856932422404957284e-09
8.843307724414760863e-09
8.829716605133480543e-09
8.816148087714910634e-09
8.802609918171046300e-09
8.789101721575487058e-09
8.775628618883799871e-09
8.762180452579865250e-09
8.748762158599783809e-09
8.735371089240075264e-09
8.722013560120259127e-09
8.708689652955769378e-09
8.695389796858539709e-09
8.682121490296013633e-09
8.668891411129369242e-09
8.655684778004941930e-09
8.642504726072905928e-09
8.629349448191365057e-09
8.616233963389777872e-09
8.603139340823651949e-09
8.590072214901206444e-09
8.577032869259695550e-09
8.564027390689296638e-09
8.551044372454479487e-09
8.538094925353091299e-09
8.525165343959931309e-09
8.512268419334092729e-09
8.499402342368710179e-09
8.486564102232977547e-09
8.473754463065756798e-09
8.460969962021491920e-09
8.448225800042875872e-09
8.435498363175738083e-09
8.422798675101085091e-09
8.410123130809802782e-09
8.397485800000976101e-09
8.384865884775728163e-09
8.372273608101380439e-09
8.359706345916351537e-09
8.347172984372729289e-09
8.334658238961944021e-09
8.322177249095493977e-09
8.309713667489756496e-09
8.297281851813430831e-09
8.284879157017747142e-09
8.272502429404205370e-09
8.260152897301888994e-09
8.247827135334871043e-09
8.235540208422982418e-09
8.223269523894440573e-09
8.211025086197040207e-09
8.198802987207204718e-09
8.186617748305658355e-09
8.174449822610069222e-09
8.162306930436147818e-09
8.150188976415552984e-09
8.138101534433539441e-09
8.126035616647368035e-09
8.113997760610602240e-09
8.101979749733324930e-09
8.089988508437832479e-09
8.078025846139651056e-09
8.066091950868767541e-09
8.054178740669118564e-09
8.042291823839117472e-09
8.030438667913497601e-09
8.018607233868016226e-09
8.006796281838468543e-09
7.995005879387602139e-09
7.983249745255045957e-09
7.971515807771584882e-09
7.959801454185924539e-09
7.948111864906737147e-09
7.936446049478917378e-09
7.924811192330871905e-09
7.913193359915623157e-09
7.901603379222625434e-09
7.890031477236563565e-09
7.878488812980496798e-09
7.866973941385366590e-09
7.855478982820142280e-09
7.844010590043181338e-09
7.832564131923849309e-09
7.821153034897650048e-09
7.809754097777591831e-09
7.798379644346873160e-09
7.787025694029122910e-09
7.775705748477490655e-09
7.764400504534850145e-09
7.753117538108301223e-09
7.741856978535266798e-09
7.730623169488174742e-09
7.719411438322922044e-09
7.708221315668985885e-09
7.697052945178061997e-09
7.685905067623220736e-09
7.674784449675224918e-09
7.663689391775829807e-09
7.652612258162519435e-09
7.641560613139577514e-09
7.630533126621753226e-09
7.619534963604283410e-09
7.608548494478507054e-09
7.597585284484137919e-09
7.586643410256597077e-09
7.575733298383807034e-09
7.564835982189295192e-09
7.553960856687019994e-09
7.543106031698392377e-09
7.532277661222092236e-09
7.521469039752444638e-09
7.510681726346848656e-09
7.499914439732605113e-09
7.489166864278766430e-09
7.478445220342598528e-09
7.467747667454304253e-09
7.457067199339216811e-09
7.446411030730867808e-09
7.435775967210057703e-09
7.425171140707438386e-09
7.414576657009849889e-09
7.404004883294921662e-09
7.393451093997272182e-09
7.382928198592445592e-09
7.372418742156483261e-09
7.361928559513727223e-09
7.351458500466238391e-09
7.341010985054766604e-09
7.330587057659065785e-09
7.320178960520309184e-09
7.309793491094524022e-09
7.299423491536158815e-09
7.289079018918735144e-09
7.278757494665181179e-09
7.268453227312639264e-09
7.258170915035726771e-09
7.247906245633962563e-09
7.237671987730699330e-09
7.227451507372699635e-09
7.217249171475918406e-09
7.207062697436489279e-09
7.196903065179801085e-09
7.186763264284732450e-09
7.176637749848493444e-09
7.166533165936061983e-09
7.156445143266409986e-09
7.146384840257059961e-09
7.136335999482551124e-09
7.126312028135315819e-09
7.116301101222480986e-09
7.106310903951981849e-09
7.096343383144716610e-09
7.086397317245335849e-09
7.076465747292368563e-09
7.066556490892444258e-09
7.056665925847882190e-09
7.046802727664885330e-09
7.036948609329281008e-09
7.027115371558215417e-09
7.017297359405507341e-09
7.007506543495045527e-09
6.997729844128935823e-09
6.987969037737348843e-09
6.978226891403171500e-09
6.968502454486233524e-09
6.958803487487549768e-09
6.949115033108699089e-09
6.939450688817769513e-09
6.929797401148167010e-09
6.920166026977862954e-09
6.910554631138204279e-09
6.900964489120767873e-09
6.891387307263951575e-09
6.881831889554259197e-09
6.872295065633065080e-09
6.862782954495247964e-09
6.853279546642430050e-09
6.843796198034237857e-09
6.834327533461047628e-09
6.824884666626182603e-09
6.815455193948088223e-09
6.806040688393868961e-09
6.796644139373665095e-09
6.787264229875234709e-09
6.777908836569047158e-09
6.768563014944688430e-09
6.759240628161070411e-09
6.749929093625817956e-09
6.740637007905181351e-09
6.731364971089495528e-09
6.722112729456286350e-09
6.712873509961197292e-09
6.703655125292233487e-09
6.694451814929942865e-09
6.685274945653763870e-09
6.676107521587841564e-09
6.666957590188720553e-09
6.657820658145220888e-09
6.648707191411164316e-09
6.639611056128765942e-09
6.630526331421585821e-09
6.621460428261834684e-09
6.612409148567818306e-09
6.603379429544213706e-09
6.594363724519711549e-09
6.585364122035608609e-09
6.576381683135170888e-09
6.567412073388803964e-09
6.558463372195087572e-09
6.549533164182373076e-09
6.540617882741047181e-09
6.531719184677315448e-09
6.522836366072553429e-09
6.513975662751679154e-09
6.505132213904495952e-09
6.496297976527421436e-09
6.487481732097016663e-09
6.478680162482851364e-09
6.469902587638943554e-09
6.461135588144649896e-09
6.452382623565753618e-09
6.443645941406200717e-09
6.434924300577971846e-09
6.426225388211288085e-09
6.417534843475879851e-09
6.408865523529316957e-09
6.400207231094975821e-09
6.391564834746594804e-09
6.382940750321320910e-09
6.374335513260194027e-09
6.365742909220220475e-09
6.357167664221189311e-09
6.348605952060678558e-09
6.340067539614338008e-09
6.331542700119027846e-09
6.323028573245693222e-09
6.314529069707646975e-09
6.306045955665736492e-09
6.297585643456125188e-09
6.289134258050974426e-09
6.280696680037461077e-09
6.272274524191665134e-09
6.263866618230785614e-09
6.255480461524261818e-09
6.247102019022076028e-09
6.238743895306121333e-09
6.230396336280898507e-09
6.222063481188422908e-09
6.213748091486592809e-09
6.205451002116173492e-09
6.197165868983527811e-09
6.188896911431701666e-09
6.180641126252854598e-09
6.172406752275240084e-09
6.164187152372147937e-09
6.155975871265822995e-09
6.147781013044862788e-09
6.139598916813224571e-09
6.131438567205591275e-09
6.123288620792964608e-09
6.115150342495883275e-09
6.107027620239706911e-09
6.098917518654917038e-09
6.090827527279335659e-09
6.082748138110475356e-09
6.074682796595676584e-09
6.066632623025305408e-09
6.058592679069067994e-09
6.050571317185308080e-09
6.042564789832674084e-09
6.034574011060301257e-09
6.026593823410222503e-09
6.018630554369886503e-09
6.010680987535162491e-09
6.002752886365683573e-09
5.994831220312755050e-09
5.986924204353457288e-09
5.979026863441718464e-09
5.971148116905485795e-09
5.963286983067448114e-09
5.955433446804713214e-09
5.947593629228626340e-09
5.939767312414898237e-09
5.931954231453147471e-09
5.924160463889928835e-09
5.916373228179551690e-09
5.908604676162403298e-09
5.900844861147913487e-09
5.893098712520294516e-09
5.885368325041037877e-09
5.877654192714024792e-09
5.869950784889615294e-09
5.862261491091949338e-09
5.854584843162502057e-09
5.846925481416963613e-09
5.839282355058355078e-09
5.831645228681283302e-09
5.824023398010038121e-09
5.816410667547524115e-09
5.808816630643691156e-09
5.801236458520499034e-09
5.793664128878744708e-09
5.786106089825353783e-09
5.778559454848396923e-09
5.771026679928383294e-09
5.763511029351288900e-09
5.756001897633559685e-09
5.748510554030908411e-09
5.741026857602550219e-09
5.733556645679431726e-09
5.726101149260451998e-09
5.718661033657107367e-09
5.711231027979618150e-09
5.703814084047021629e-09
5.696409766574462884e-09
5.689020706801798315e-09
5.681648225621033113e-09
5.674281259933478344e-09
5.666928456414951826e-09
5.659584040453946606e-09
5.652256356839475640e-09
5.644944394025274338e-09
5.637639068141783605e-09
5.630346268468012527e-09
5.623065201062109234e-09
5.615795648220769082e-09
5.608544199967272853e-09
5.601298517710406775e-09
5.594068351549768155e-09
5.586848146783206501e-09
5.579637557114125108e-09
5.572442885763219875e-09
5.565260715507423867e-09
5.558092014552420186e-09
5.550931841137636704e-09
5.543786679833526633e-09
5.536651396034724379e-09
5.529535593602369825e-09
5.522427096418986475e-09
5.515327760490222147e-09
5.508239325465373661e-09
5.501163382380274476e-09
5.494105152098602573e-09
5.487054304872660132e-09
5.480012697169042196e-09
5.472984021833232389e-09
5.465965377225984460e-09
5.458961048927578803e-09
5.451968831770992143e-09
5.444984559332677826e-09
5.438015896372584444e-09
5.431053353228593888e-09
5.424104064584583411e-09
5.417167757336985663e-09
5.410245290671894734e-09
5.403331669957834456e-09
5.396429638250620326e-09
5.389539678425206729e-09
5.382662150082813977e-09
5.375801179592462453e-09
5.368945170035654323e-09
5.362100859959674973e-09
5.355264600638168799e-09
5.348442153667658920e-09
5.341636317420095135e-09
5.334836341308516583e-09
5.328045904012399576e-09
5.321267386000837673e-09
5.314498355262202620e-09
5.307744231470386475e-09
5.300999871267542036e-09
5.294263998670705773e-09
5.287542690007954078e-09
5.280826940388231295e-09
5.274124375340912698e-09
5.267434075414917862e-09
5.260756773840928618e-09
5.254087975658158430e-09
5.247430031422286474e-09
5.240783897023063181e-09
5.234149020241453134e-09
5.227530691376866131e-09
5.220917417584269359e-09
5.214314315283465127e-09
5.207719667472532952e-09
5.201137351080294235e-09
5.194571587036078309e-09
5.188011786135037122e-09
5.181460395346829195e-09
5.174920795247237335e-09
5.168390433558571763e-09
5.161872426739004579e-09
5.155366994823664229e-09
5.148867414174120530e-09
5.142382602162206468e-09
5.135904082918035116e-09
5.129435664297906099e-09
5.122980180227561109e-09
5.116536019439818655e-09
5.110103142764615339e-09
5.103677618201225494e-09
5.097265370311093498e-09
5.090860948661865196e-09
5.084473524357981500e-09
5.078094024982901172e-09
5.071720357419488368e-09
5.065359217333778728e-09
5.059005217514708236e-09
5.052665851649570202e-09
5.046337556254415402e-09
5.040015159066897753e-09
5.033703276912553978e-09
5.027401010433433936e-09
5.021107795232003941e-09
5.014829844229998426e-09
5.008558000994309254e-09
5.002295540636970398e-09
4.996045360412340373e-09
4.989800551316024962e-09
4.983567894920778243e-09
4.977346658022472536e-09
4.971137115262320407e-09
4.964935097251413768e-09
4.958742903609097244e-09
4.952561830663295652e-09
4.946390180699754155e-09
4.940234229860129997e-09
4.934083598033629448e-09
4.927940414463178117e-09
4.921806863128271818e-09
4.915682614229766112e-09
4.909572498854899969e-09
4.903470460544309872e-09
4.897374837787365136e-09
4.891289622592859600e-09
4.885213537744376882e-09
4.879146068248490670e-09
4.873093222666384077e-09
4.867045426218971246e-09
4.861007185052382578e-09
4.854980196245887713e-09
4.848958377979220505e-09
4.842948176646465319e-09
4.836948851531743255e-09
4.830960529694876768e-09
4.824979458362845055e-09
4.819007407692398250e-09
4.813046332414928186e-09
4.807093618425004468e-09
4.801156248651077322e-09
4.795224434572620509e-09
4.789298701978346358e-09
4.783383644846900121e-09
4.777475663256204371e-09
4.771580934103077625e-09
4.765696076727819603e-09
4.759816524748595759e-09
4.753946316243526187e-09
4.748084744193423163e-09
4.742231394543189280e-09
4.736391221482115415e-09
4.730558101086608506e-09
4.724731695078176718e-09
4.718918048006232792e-09
4.713108912139328508e-09
4.707309351848743449e-09
4.701520625228253363e-09
4.695741543382209170e-09
4.689972606132590181e-09
4.684209547883515052e-09
4.678458036530969481e-09
4.672712921433655239e-09
4.666981467589110223e-09
4.661259647766447306e-09
4.655541542947448907e-09
4.649833797993337828e-09
4.644131357386851688e-09
4.638439941280201484e-09
4.632762330118552222e-09
4.627089058372782649e-09
4.621422301204478639e-09
4.615765726072945855e-09
4.610116308435784196e-09
4.604475737214199474e-09
4.598848263977943618e-09
4.593224503739563374e-09
4.587610296274199989e-09
4.582005589922110585e-09
4.576405733120384718e-09
4.570816383008767471e-09
4.565236650317145196e-09
4.559667135843878070e-09
4.554104571322844306e-09
4.548549213793801810e-09
4.543004800404288254e-09
4.537466462795464320e-09
4.531942119342589006e-09
4.526424797811912943e-09
4.520911571403467438e-09
4.515408637209854409e-09
4.509910394349453874e-09
4.504423191115706572e-09
4.498948560086393489e-09
4.493477870630519146e-09
4.488013519036964959e-09
4.482558697032416219e-09
4.477110565681189433e-09
4.471671162916058494e-09
4.466244083103013854e-09
4.460820350031251727e-09
4.455405696884637116e-09
4.450000203576260991e-09
4.444599021675471199e-09
4.439207978600158645e-09
4.433825887431840228e-09
4.428453341359392687e-09
4.423088144978056742e-09
4.417729101913640913e-09
4.412380585853357610e-09
4.407037720006336504e-09
4.401707466226743043e-09
4.396385615754973083e-09
4.391067084200737930e-09
4.385757813159901828e-09
4.380453480132922443e-09
4.375158775678896947e-09
4.369876549848046038e-09
4.364598797960231374e-09
4.359326755398403476e-09
4.354063516134659156e-09
4.348807407324090819e-09
4.343558081150237624e-09
4.338320886381232473e-09
4.333088814272899732e-09
4.327862635097684484e-09
4.322647565765257838e-09
4.317436465849956827e-09
4.312232521822269960e-09
4.307038874772030368e-09
4.301852775394238461e-09
4.296676218752826919e-09
4.291504887287804623e-09
4.286341763179214803e-09
4.281186149911696186e-09
4.276038636616311610e-09
4.270903514546184986e-09
4.265772480738313838e-09
4.260645993480663406e-09
4.255529287839722733e-09
4.250416957394319439e-09
4.245314894667082638e-09
4.240223628885231750e-09
4.235135885357749089e-09
4.230054057695397244e-09
4.224980805250383634e-09
4.219913599859606429e-09
4.214854237295202989e-09
4.209806308123175441e-09
4.204761588134488221e-09
4.199724262430093688e-09
4.194696338238196112e-09
4.189671938915179537e-09
4.184655922628313379e-09
4.179648484207376418e-09
4.174648732578549631e-09
4.169658076500351009e-09
4.164671861578726172e-09
4.159694295051345519e-09
4.154722846874429378e-09
4.149760160223388642e-09
4.144808848106150472e-09
4.139861111835610140e-09
4.134917931914483997e-09
4.129983869911777790e-09
4.125054142175526964e-09
4.120134155920107240e-09
4.115224519757305266e-09
4.110318176421045179e-09
4.105417299555156373e-09
4.100524745437289614e-09
4.095637999995552578e-09
4.090758339294964283e-09
4.085889758851479166e-09
4.081024647327411566e-09
4.076165688505502625e-09
4.071316548856951884e-09
4.066470737007538795e-09
4.061631738480387800e-09
4.056801941865768995e-09
4.051979055627071902e-09
4.047164801110793745e-09
4.042355277104491646e-09
4.037552724780395563e-09
4.032757962211465766e-09
4.027969336531960139e-09
4.023192472915243885e-09
4.018420480021325888e-09
4.013651883091501295e-09
4.008891929860802370e-09
4.004135513868415026e-09
3.999387857219407721e-09
3.994651221878291125e-09
3.989918333494350481e-09
3.985190324368242945e-09
3.980469661833779742e-09
3.975755190789855956e-09
3.971046717559244910e-09
3.966347226500532931e-09
3.961655116885024676e-09
3.956965974614176280e-09
3.952286346409131911e-09
3.947612266540194002e-09
3.942942451615113975e-09
3.938281036093961177e-09
3.933627054488792459e-09
3.928980584131338588e-09
3.924340941413195648e-09
3.919705698076232849e-09
3.915078939439186767e-09
3.910456924130996732e-09
3.905843625321953320e-09
3.901240405810747954e-09
3.896640306750556863e-09
3.892044176403951962e-09
3.887456727202008480e-09
3.882872547386292732e-09
3.878297206922319349e-09
3.873732081801193831e-09
3.869169674809747310e-09
3.864611925067019982e-09
3.860061838395528864e-09
3.855517538891257179e-09
3.850978750043507102e-09
3.846449365927990823e-09
3.841925622322205053e-09
3.837405375309206380e-09
3.832894391744091192e-09
3.828388005541039768e-09
3.823886093495179166e-09
3.819392105175959669e-09
3.814905197135581209e-09
3.810425546794296144e-09
3.805952300985013273e-09
3.801483239342072894e-09
3.797022191779415858e-09
3.792565892827493955e-09
3.788117313203692593e-09
3.783678853341750483e-09
3.779243512308369914e-09
3.774811764263764608e-09
3.770388171334646985e-09
3.765967467204613093e-09
3.761554934866048712e-09
3.757152574927540210e-09
3.752753152004431156e-09
3.748358220240303000e-09
3.743969933954886317e-09
3.739587323660846166e-09
3.735210011058934091e-09
3.730840057725954527e-09
3.726478390290783973e-09
3.722118854429534820e-09
3.717766643245599469e-09
3.713421463353358847e-09
3.709079055559079594e-09
3.704743545662888214e-09
3.700415350690704180e-09
3.696093195613364007e-09
3.691778653451556512e-09
3.687467962214780119e-09
3.683163088027000365e-09
3.678865800690105659e-09
3.674572717536952036e-09
3.670289573960015199e-09
3.666012393784292920e-09
3.661737464924494945e-09
3.657468797663591360e-09
3.653205174426130789e-09
3.648946954647918099e-09
3.644696676700993752e-09
3.640454460594520961e-09
3.636214877445545524e-09
3.631979605304338258e-09
3.627751409982887581e-09
3.623528106571700997e-09
3.619309943125080214e-09
3.615100912573584062e-09
3.610896359186474411e-09
3.606695033778502673e-09
3.602502122430607625e-09
3.598313601969783045e-09
3.594128784858578731e-09
3.589951260520187235e-09
3.585780133112607810e-09
3.581614882537096762e-09
3.577456814670077512e-09
3.573302119817603769e-09
3.569153515659204082e-09
3.565011076151070014e-09
3.560873634452335803e-09
3.556745868896347247e-09
3.552622992708510647e-09
3.548502259753768634e-09
3.544387918412907417e-09
3.540277902262632886e-09
3.536173508968173170e-09
3.532076549103357934e-09
3.527987158930125111e-09
3.523900283812489720e-09
3.519817440312733954e-09
3.515741415897277445e-09
3.511670110399625850e-09
3.507603620353162862e-09
3.503545468839252030e-09
3.499492298141990412e-09
3.495441696497415575e-09
3.491398982668635374e-09
3.487361315669984456e-09
3.483326455178105875e-09
3.479298306180694825e-09
3.475276427705471329e-09
3.471260179581787657e-09
3.467250866663071873e-09
3.463244873810843940e-09
3.459244140764632911e-09
3.455250650325418473e-09
3.451260436336285780e-09
3.447278865490165643e-09
3.443303867722533921e-09
3.439331071544679105e-09
3.435362241747802510e-09
3.431400213564673912e-09
3.427440865238942216e-09
3.423488674315000283e-09
3.419545413417532962e-09
3.415604365125406349e-09
3.411667220498561287e-09
3.407735751633568749e-09
3.403809282501564730e-09
3.399887220515919533e-09
3.395970840831858968e-09
3.392062985193160249e-09
3.388157060600362876e-09
3.384255529020696941e-09
3.380361951330275893e-09
3.376470884687618692e-09
3.372583747072013800e-09
3.368703626425202496e-09
3.364829415313437998e-09
3.360960950132057975e-09
3.357097912622764226e-09
3.353238179450932866e-09
3.349384340809174716e-09
3.345535598685892336e-09
3.341691672892842571e-09
3.337856613826685460e-09
3.334026046641739250e-09
3.330197338136033770e-09
3.326374127628855295e-09
3.322555512950208938e-09
3.318740924982007109e-09
3.314933208593344087e-09
3.311133422913615758e-09
3.307335450185096214e-09
3.303541278504312555e-09
3.299752997860563137e-09
3.295969192016890141e-09
3.292189706626788205e-09
3.288415865928787952e-09
3.284649885460688347e-09
3.280885614065855667e-09
3.277125791957395426e-09
3.273373440580558635e-09
3.269623413260565461e-09
3.265877200652236290e-09
3.262137715633075985e-09
3.258403849480776067e-09
3.254675343970891798e-09
3.250952266696382296e-09
3.247232235172128730e-09
3.243517517248239452e-09
3.239808373298961078e-09
3.236103146487316931e-09
3.232406280613735321e-09
3.228714371090806317e-09
3.225024344520506058e-09
3.221338431819265677e-09
3.217658346776004960e-09
3.213980760943201559e-09
3.210309717590256866e-09
3.206646958859339016e-09
3.202986335469571646e-09
3.199329031716137529e-09
3.195676659891592895e-09
3.192029062349623217e-09
3.188385387659513475e-09
3.184746683629784214e-09
3.181115732874758350e-09
3.177487459504190641e-09
3.173862147119910033e-09
3.170243888991264579e-09
3.166629518858452896e-09
3.163017703183822513e-09
3.159411675446868266e-09
3.155811205839218960e-09
3.152215623456703023e-09
3.148625933557195076e-09
3.145039404700067065e-09
3.141457003563427802e-09
3.137880936829136271e-09
3.134307559298679460e-09
3.130740456922352799e-09
3.127181135709785217e-09
3.123624326338453243e-09
3.120069716998696696e-09
3.116520848008399896e-09
3.112974996120012759e-09
3.109433943272399149e-09
3.105898801570477074e-09
3.102370753561638445e-09
3.098844250697418859e-09
3.095321092200247608e-09
3.091803424818757149e-09
3.088289809563270220e-09
3.084779998443570933e-09
3.081275050844014573e-09
3.077777735079514015e-09
3.074282065814961762e-09
3.070789849936657668e-09
3.067304516725130970e-09
3.063821922699000327e-09
3.060342408679963242e-09
3.056868661596673482e-09
3.053399946439455034e-09
3.049935845701900712e-09
3.046477516414453415e-09
3.043021929565661334e-09
3.039570454122462017e-09
3.036125045630708768e-09
3.032682085906883599e-09
3.029245178438959319e-09
3.025815704437157770e-09
3.022388685569266708e-09
3.018963676831659137e-09
3.015543994776834759e-09
3.012127601559183011e-09
3.008715167890845898e-09
3.005308571798198292e-09
3.001909032030170934e-09
2.998510892422887549e-09
2.995116192476278568e-09
2.991726193953679468e-09
2.988340284166030271e-09
2.984957859090682399e-09
2.981580091084431450e-09
2.978209448129556893e-09
2.974841235823985066e-09
2.971475494800646216e-09
2.968116126569025022e-09
2.964760820157488508e-09
2.961407507400100078e-09
2.958058703159290223e-09
2.954715683770215299e-09
2.951377083027936836e-09
2.948043529252664541e-09
2.944713779427354591e-09
2.941386975233543880e-09
2.938065238052179765e-09
2.934747686029030001e-09
2.931433898372540840e-09
2.928127378849119018e-09
2.924825267179853787e-09
2.921524822458298088e-09
2.918227184442202681e-09
2.914935619720581901e-09
2.911645388966086179e-09
2.908361069509090314e-09
2.905082901361942286e-09
2.901808811413924435e-09
2.898536924262808008e-09
2.895267872121825282e-09
2.892004140366176911e-09
2.888744055344287940e-09
2.885487506874812800e-09
2.882235617894392824e-09
2.878990418197234727e-09
2.875746501636498096e-09
2.872505877429465408e-09
2.869271571705275973e-09
2.866039721096095534e-09
2.862810561992546134e-09
2.859586603983677220e-09
2.856367356881451705e-09
2.853152357153272381e-09
2.849942404762159151e-09
2.846735484619916384e-09
2.843531644161504580e-09
2.840333168569897893e-09
2.837137833265118077e-09
2.833946541190468425e-09
2.830762419838774103e-09
2.827582064191848954e-09
2.824403211153020618e-09
2.821227210274365021e-09
2.818056979173029362e-09
2.814887953564165495e-09
2.811724569677659890e-09
2.808567048154158293e-09
2.805413546383395578e-09
2.802262053630151634e-09
2.799113164802040584e-09
2.795969508928236041e-09
2.792829228690500137e-09
2.789692221925780354e-09
2.786559399656994004e-09
2.783433363636351164e-09
2.780308684432271744e-09
2.777186732867056097e-09
2.774070718802768165e-09
2.770958002055205812e-09
2.767847210360042656e-09
2.764740576711650395e-09
