-6.157660755573054319e-13
-7.404173276118250664e-13
-8.774225241265273179e-13
-1.027123004238441838e-12
-1.189893009867676035e-12
-1.366134666253109302e-12
-1.556273118130391208e-12
-1.760751876027050164e-12
-1.980022621691577826e-12
-2.214556873484117231e-12
-2.464817643912895658e-12
-2.731283906604421127e-12
-3.014422790805863252e-12
-3.314699558056741736e-12
-3.632574909577068598e-12
-3.968483546539962970e-12
-4.322864419153443153e-12
-4.696119893901961445e-12
-5.088648687457936756e-12
-5.500809835488370836e-12
-5.932956786101549755e-12
-6.385414131322584809e-12
-6.858467000070396626e-12
-7.352385034854648835e-12
-7.867399543485518813e-12
-8.403718549684492829e-12
-8.961520894241051932e-12
-9.540946203866163303e-12
-1.014208071996050870e-11
-1.076501610027694625e-11
-1.140983284301513312e-11
-1.207648574964997410e-11
-1.276500288248888763e-11
-1.347529776666774231e-11
-1.420731852660659240e-11
-1.496092071068304491e-11
-1.573599143153396498e-11
-1.653230987942258233e-11
-1.734974119029243717e-11
-1.818797509121038670e-11
-1.904680622772045359e-11
-1.992593562652077934e-11
-2.082504604190299934e-11
-2.174379451605012183e-11
-2.268183925846243226e-11
-2.363883233076921550e-11
-2.461429580214739746e-11
-2.560788008441783031e-11
-2.661911403276190659e-11
-2.764751808211235964e-11
-2.869269739907225194e-11
-2.975410178809674501e-11
-3.083126843123048881e-11
-3.192368090730861898e-11
-3.303077291180781410e-11
-3.415209135441674391e-11
-3.528704778271221956e-11
-3.643505930070131350e-11
-3.759568760409156807e-11
-3.876827960221091913e-11
-3.995226383877580032e-11
-4.114717169037291703e-11
-4.235239148274732140e-11
-4.356732761949407476e-11
-4.479145117358917523e-11
-4.602424994177421133e-11
-4.726507237423592909e-11
-4.851340326381943580e-11
-4.976876589371162581e-11
-5.103054170248560963e-11
-5.229820755301109632e-11
-5.357126363115706451e-11
-5.484922568702289861e-11
-5.613149003858595767e-11
-5.741761172784529848e-11
-5.870712459831814572e-11
-5.999955091373430863e-11
-6.129435558363455110e-11
-6.259114854505855822e-11
-6.388948001509394804e-11
-6.518892519920024221e-11
-6.648901569186340408e-11
-6.778940635627417216e-11
-6.908971435127513985e-11
-7.038954010416121430e-11
-7.168847843910435659e-11
-7.298624072523380638e-11
-7.428255602820877477e-11
-7.557699690756962733e-11
-7.686925260010995376e-11
-7.815909964239172868e-11
-7.944630709236417794e-11
-8.073053461478313316e-11
-8.201156650497940038e-11
-8.328912610097540136e-11
-8.456304070985266856e-11
-8.583320243258391378e-11
-8.709928603122846228e-11
-8.836117841608817260e-11
-8.961868676969468837e-11
-9.087167610347768717e-11
-9.212011549909346790e-11
-9.336376318178690688e-11
-9.460256752500574810e-11
-9.583639606158500779e-11
-9.706516862795598091e-11
-9.828892056270380381e-11
-9.950746027015216820e-11
-1.007208408476731293e-10
-1.019289192755534753e-10
-1.031317578963180967e-10
-1.043292877682084109e-10
-1.055215641053317826e-10
-1.067085305807383731e-10
-1.078902108287120536e-10
-1.090666295963791694e-10
-1.102377779031787764e-10
-1.114037668854980741e-10
-1.125645443953831138e-10
-1.137202417949385076e-10
-1.148708265237942465e-10
-1.160164640063731985e-10
-1.171571034176809735e-10
-1.182929087657954726e-10
-1.194238548989203600e-10
-1.205501168679550097e-10
-1.216716984238789495e-10
-1.227887853724747638e-10
-1.239013681806513292e-10
-1.250095637513432234e-10
-1.261134473842971499e-10
-1.272131322159039282e-10
-1.283087184953715764e-10
-1.294003263474304181e-10
-1.304880504570761010e-10
-1.315719201784471705e-10
-1.326520907102671181e-10
-1.337285960837257260e-10
-1.348016151551767024e-10
-1.358711794266223887e-10
-1.369374701123973995e-10
-1.380005206911613378e-10
-1.390604082369831730e-10
-1.401172294192979556e-10
-1.411710701526575256e-10
-1.422220458380482267e-10
-1.432702001876111537e-10
-1.443156930459925740e-10
-1.453585454326856507e-10
-1.463988068730715351e-10
-1.474365679509711889e-10
-1.484718720594589835e-10
-1.495048441559587318e-10
-1.505354894622697349e-10
-1.515639173326747982e-10
-1.525901913081446049e-10
-1.536142667815947864e-10
-1.546362285547347084e-10
-1.556560950322668260e-10
-1.566739452493531397e-10
-1.576898363656298148e-10
-1.587037077584194207e-10
-1.597156662372531173e-10
-1.607257030822708196e-10
-1.617337479236958056e-10
-1.627398636176725689e-10
-1.637440291836185225e-10
-1.647462874737510313e-10
-1.657466794258871201e-10
-1.667450650358832311e-10
-1.677415097474371631e-10
-1.687360043776529767e-10
-1.697283959223636677e-10
-1.707187409303093579e-10
-1.717069953274805957e-10
-1.726931011760296957e-10
-1.736771133632151837e-10
-1.746588738498414935e-10
-1.756383105774129555e-10
-1.766154944876917335e-10
-1.775901939732562165e-10
-1.785623678783901539e-10
-1.795320589969450464e-10
-1.804990499705522195e-10
-1.814633663634601147e-10
-1.824250465765162008e-10
-1.833837224261770556e-10
-1.843394107996326697e-10
-1.852921692300607379e-10
-1.862416276311906712e-10
-1.871877968318357745e-10
-1.881307246608760847e-10
-1.890700720282058660e-10
-1.900058727510067326e-10
-1.909381802418263795e-10
-1.918665784921324054e-10
-1.927909746068156332e-10
-1.937114946094496588e-10
-1.946277830207941289e-10
-1.955397225721550511e-10
-1.964473446488030385e-10
-1.973505042738229188e-10
-1.982489064233362668e-10
-1.991426820469956531e-10
-2.000317573820221014e-10
-2.009156044702649589e-10
-2.017943344130919199e-10
-2.026680000860847303e-10
-2.035360694493733137e-10
-2.043985904952621264e-10
-2.052557022706945560e-10
-2.061070007827240746e-10
-2.069522944551296748e-10
-2.077917670469976425e-10
-2.086253221184653259e-10
-2.094524425946701837e-10
-2.102731556313032162e-10
-2.110876935750869788e-10
-2.118954681370227085e-10
-2.126965103988785255e-10
-2.134908515046794719e-10
-2.142784324465370217e-10
-2.150588245660905112e-10
-2.158321181319852365e-10
-2.165985539189745176e-10
-2.173575440544027547e-10
-2.181090459039518089e-10
-2.188532112110860213e-10
-2.195900448318452786e-10
-2.203189482554224987e-10
-2.210401152564862337e-10
-2.217537780183345939e-10
-2.224594586724014817e-10
-2.231570923391924248e-10
-2.238468383964267786e-10
-2.245288363618659005e-10
-2.252025431489271835e-10
-2.258680206565549514e-10
-2.265254552936457170e-10
-2.271749158930084497e-10
-2.278157505157241420e-10
-2.284483150106836193e-10
-2.290726063467530099e-10
-2.296887105085231908e-10
-2.302961743550990699e-10
-2.308952956185351374e-10
-2.314861857970869627e-10
-2.320687271940442172e-10
-2.326426760151928822e-10
-2.332081971596630494e-10
-2.337655768069591902e-10
-2.343145478593233108e-10
-2.348549451024496536e-10
-2.353869281436299725e-10
-2.359108074347860566e-10
-2.364263332984247939e-10
-2.369334098627779422e-10
-2.374322314005694266e-10
-2.379230629900983459e-10
-2.384057086699217758e-10
-2.388800804204257142e-10
-2.393464772810600050e-10
-2.398049077537855075e-10
-2.402555137766014073e-10
-2.406979584578495134e-10
-2.411326170277785639e-10
-2.415595588367081895e-10
-2.419789833207957524e-10
-2.423904680279174633e-10
-2.427945191496477524e-10
-2.431911660712536257e-10
-2.435805063960239581e-10
-2.439624183610932274e-10
-2.443370783403203921e-10
-2.447047096220459113e-10
-2.450654756734906796e-10
-2.454191598288942755e-10
-2.457659327189146376e-10
-2.461060804530172007e-10
-2.464395261127752992e-10
-2.467665935781505050e-10
-2.470869629614063453e-10
-2.474011305435935394e-10
-2.477091114142334657e-10
-2.480110960367046576e-10
-2.483068928386771653e-10
-2.485968520425725224e-10
-2.488810852478137962e-10
-2.491596656529765850e-10
-2.494327759315421042e-10
-2.497002268107954465e-10
-2.499624466922874737e-10
-2.502194981403333597e-10
-2.504715144898039333e-10
-2.507183542190431722e-10
-2.509603669201212786e-10
-2.511977107450744634e-10
-2.514304648749793873e-10
-2.516586709947361346e-10
-2.518823453320004322e-10
-2.521018199360092862e-10
-2.523171164624437775e-10
-2.525284024544076380e-10
-2.527357111823888889e-10
-2.529390436755722659e-10
-2.531387142691550444e-10
-2.533347962550982053e-10
-2.535273515576379469e-10
-2.537164147604942309e-10
-2.539021020097909317e-10
-2.540847107204613449e-10
-2.542642234566763585e-10
-2.544407551038571840e-10
-2.546142383875634211e-10
-2.547849632480067131e-10
-2.549530558488387294e-10
-2.551185529858456781e-10
-2.552815535872215472e-10
-2.554419804991306864e-10
-2.556001226423276473e-10
-2.557560690208640054e-10
-2.559098477943236226e-10
-2.560615438811475927e-10
-2.562110998434890802e-10
-2.563587742285071034e-10
-2.565046700908621849e-10
-2.566488047846712271e-10
-2.567912214559264438e-10
-2.569319507447609175e-10
-2.570711081591650761e-10
-2.572088633998340915e-10
-2.573452223383738844e-10
-2.574802203289338216e-10
-2.576138747703779679e-10
-2.577462461161227482e-10
-2.578774835687718901e-10
-2.580075966380701716e-10
-2.581366075322288530e-10
-2.582645589050213612e-10
-2.583914382875536125e-10
-2.585174113668948631e-10
-2.586424944251756460e-10
-2.587667145169194644e-10
-2.588900804242433245e-10
-2.590125837677546817e-10
-2.591343495671342706e-10
-2.592554176726485164e-10
-2.593758004753703509e-10
-2.594955156854484472e-10
-2.596145632522990563e-10
-2.597329306564443456e-10
-2.598506859018980158e-10
-2.599678494400588199e-10
-2.600844308876756200e-10
-2.602004334976725708e-10
-2.603158221415816466e-10
-2.604306232902677099e-10
-2.605448654126537018e-10
-2.606585576449428704e-10
-2.607717100961028644e-10
-2.608843231357841558e-10
-2.609963278241736910e-10
-2.611077709259472531e-10
-2.612186602874224952e-10
-2.613290041946065798e-10
-2.614388135541339636e-10
-2.615480431305145011e-10
-2.616566008574342843e-10
-2.617645175189955271e-10
-2.618717942727878659e-10
-2.619784416538497567e-10
-2.620844705746522427e-10
-2.621897832354080403e-10
-2.622943092196477360e-10
-2.623980653270125242e-10
-2.625010566703520931e-10
-2.626032931271161640e-10
-2.627047745377713752e-10
-2.628053681024673181e-10
-2.629050056090187105e-10
-2.630037124115568834e-10
-2.631014949342179367e-10
-2.631983657781919129e-10
-2.632943278967915314e-10
-2.633891961223676544e-10
-2.634828981649066333e-10
-2.635754610847685576e-10
-2.636668990570762692e-10
-2.637572276129861843e-10
-2.638464475346008808e-10
-2.639343591834280012e-10
-2.640208714639725092e-10
-2.641060214871962785e-10
-2.641898135974651211e-10
-2.642722583823467707e-10
-2.643533419935672236e-10
-2.644329231215330969e-10
-2.645108789489022583e-10
-2.645872373045186734e-10
-2.646619658536936743e-10
-2.647350956567945644e-10
-2.648066631243928493e-10
-2.648765760520420763e-10
-2.649446227467534385e-10
-2.650107681423158316e-10
-2.650750983867445518e-10
-2.651376352368881776e-10
-2.651983621285144995e-10
-2.652572849254473230e-10
-2.653141061894070068e-10
-2.653688676636594994e-10
-2.654215322119510525e-10
-2.654721566670689928e-10
-2.655207860796782299e-10
-2.655673932454495434e-10
-2.656117886368037529e-10
-2.656538998022483196e-10
-2.656937573644065668e-10
-2.657312925624540905e-10
-2.657666246709250767e-10
-2.657997901782121830e-10
-2.658307073254130879e-10
-2.658591449856517939e-10
-2.658851971921718265e-10
-2.659088191277717322e-10
-2.659300941389053340e-10
-2.659490592878962859e-10
-2.659656669306897867e-10
-2.659798101488050639e-10
-2.659914101502712170e-10
-2.660004216431777650e-10
-2.660069757367105889e-10
-2.660110578705321439e-10
-2.660126864201619530e-10
-2.660119327981801754e-10
-2.660085229048706636e-10
-2.660025286956161123e-10
-2.659940034603959022e-10
-2.659828411250887602e-10
-2.659692110226849149e-10
-2.659531019449929454e-10
-2.659345158472692963e-10
-2.659132904607388146e-10
-2.658894739936596532e-10
-2.658632146194508042e-10
-2.658343962211713252e-10
-2.658030629020135997e-10
-2.657693370065562614e-10
-2.657331634510423754e-10
-2.656943755659106411e-10
-2.656530715750736207e-10
-2.656093810410217985e-10
-2.655632192826685942e-10
-2.655145975548981199e-10
-2.654636491147600525e-10
-2.654103299329921028e-10
-2.653545055112972190e-10
-2.652962953284901114e-10
-2.652358389237329542e-10
-2.651729625982688900e-10
-2.651078363660232277e-10
-2.650404500479892819e-10
-2.649708360508402863e-10
-2.648988998763513320e-10
-2.648248077777405563e-10
-2.647485683853737190e-10
-2.646701779735631669e-10
-2.645897071805685967e-10
-2.645071605375265852e-10
-2.644226168422446193e-10
-2.643359685906377576e-10
-2.642472906019070893e-10
-2.641566594326109230e-10
-2.640641558961245833e-10
-2.639697660060415217e-10
-2.638735611632687248e-10
-2.637754518618081865e-10
-2.636755288994890366e-10
-2.635737833190966766e-10
-2.634703677376378793e-10
-2.633653153808535034e-10
-2.632585935833149849e-10
-2.631502381388611995e-10
-2.630402868004785252e-10
-2.629287587218980051e-10
-2.628156559634346392e-10
-2.627011160156087748e-10
-2.625851696527949817e-10
-2.624678841085775553e-10
-2.623492333303803252e-10
-2.622292892424575253e-10
-2.621079789905921549e-10
-2.619853898482879213e-10
-2.618615529692975106e-10
-2.617365970318685669e-10
-2.616105832102359360e-10
-2.614834679352548900e-10
-2.613552934210093471e-10
-2.612260749350365708e-10
-2.610958635435765227e-10
-2.609646011443843335e-10
-2.608324081005175532e-10
-2.606994215639745177e-10
-2.605656224345262259e-10
-2.604310180322247906e-10
-2.602956110204991398e-10
-2.601594231941356639e-10
-2.600224739714573227e-10
-2.598848035568167832e-10
-2.597464885417918724e-10
-2.596076271716959693e-10
-2.594682381868352469e-10
-2.593283050074132654e-10
-2.591878376460939976e-10
-2.590468585445521601e-10
-2.589053628778763269e-10
-2.587634212901627812e-10
-2.586211005198587387e-10
-2.584784796673014148e-10
-2.583355713015796265e-10
-2.581923527329637356e-10
-2.580488510967166900e-10
-2.579050667994540090e-10
-2.577610019676386720e-10
-2.576167093445564666e-10
-2.574722428661023351e-10
-2.573276650421166450e-10
-2.571829834056869127e-10
-2.570381891951241840e-10
-2.568932914240633927e-10
-2.567482953580782380e-10
-2.566032053697446995e-10
-2.564580257119887356e-10
-2.563128524472404109e-10
-2.561677217020240260e-10
-2.560226274782743401e-10
-2.558776082332590535e-10
-2.557326329455214906e-10
-2.555877023952187003e-10
-2.554428336144825686e-10
-2.552980313941777673e-10
-2.551533362158948175e-10
-2.550087958073462585e-10
-2.548644330430869649e-10
-2.547202293287254238e-10
-2.545761836097850251e-10
-2.544323196197716089e-10
-2.542886148849092336e-10
-2.541450700666776915e-10
-2.540017102069509411e-10
-2.538585612182270793e-10
-2.537156220946677160e-10
-2.535728969306382124e-10
-2.534304090695658840e-10
-2.532881338479821241e-10
-2.531460677201606932e-10
-2.530042245635585270e-10
-2.528625964696010504e-10
-2.527211832914008392e-10
-2.525799900931693615e-10
-2.524390388944015839e-10
-2.522983125510977145e-10
-2.521578056245319909e-10
-2.520175418297277294e-10
-2.518775027201536059e-10
-2.517376689893545666e-10
-2.515980673008028254e-10
-2.514586526407985198e-10
-2.513194299227746361e-10
-2.511804019210552441e-10
-2.510415712066566541e-10
-2.509029251141863732e-10
-2.507644760814100245e-10
-2.506262111131679836e-10
-2.504881307415623774e-10
-2.503502069607061196e-10
-2.502124178863184951e-10
-2.500747443812054557e-10
-2.499371937196991873e-10
-2.497997643327307120e-10
-2.496624518593972231e-10
-2.495252604436750661e-10
-2.493881851166836839e-10
-2.492512262013808575e-10
-2.491143341869769016e-10
-2.489774747465616562e-10
-2.488406258898230868e-10
-2.487037963531582730e-10
-2.485669777484197904e-10
-2.484301738518790414e-10
-2.482933783882328790e-10
-2.481565969936782392e-10
-2.480198270252142459e-10
-2.478830323407523683e-10
-2.477461261979182615e-10
-2.476091177397245247e-10
-2.474719965235453198e-10
-2.473347660270133782e-10
-2.471974400011262634e-10
-2.470599849973800690e-10
-2.469224222385757177e-10
-2.467847474727600154e-10
-2.466469488156702830e-10
-2.465089437652121969e-10
-2.463707287669046382e-10
-2.462322684383880725e-10
-2.460935886065573294e-10
-2.459546893793892574e-10
-2.458155640409184364e-10
-2.456762315610234378e-10
-2.455366676254580746e-10
-2.453968688052278355e-10
-2.452567795973143291e-10
-2.451163479422851410e-10
-2.449755714636768414e-10
-2.448344743045290826e-10
-2.446929983100677180e-10
-2.445512016019929046e-10
-2.444090372804146080e-10
-2.442665452666110545e-10
-2.441237361053483440e-10
-2.439805409589536850e-10
-2.438369103039914549e-10
-2.436928569692785658e-10
-2.435483259907081039e-10
-2.434033664656448844e-10
-2.432579503619371820e-10
-2.431120940229996873e-10
-2.429658340247738538e-10
-2.428191001920358393e-10
-2.426719530210037025e-10
-2.425243408345414385e-10
-2.423762092940296430e-10
-2.422276013158881313e-10
-2.420784764953747698e-10
-2.419288679259344589e-10
-2.417787802077700479e-10
-2.416281806414062187e-10
-2.414771232026212541e-10
-2.413255553300363094e-10
-2.411735090071721040e-10
-2.410209543273599133e-10
-2.408678276445705503e-10
-2.407141884530747411e-10
-2.405600152713162327e-10
-2.404053033415043428e-10
-2.402500929740230580e-10
-2.400943173681682411e-10
-2.399380613305130800e-10
-2.397812550749394927e-10
-2.396239473077610054e-10
-2.394661116495526091e-10
-2.393077034348640967e-10
-2.391487858437705073e-10
-2.389893299832236215e-10
-2.388293493561660805e-10
-2.386688518371257055e-10
-2.385078143910414956e-10
-2.383462952456449280e-10
-2.381842181780358833e-10
-2.380216533974849578e-10
-2.378585891170059122e-10
-2.376949979513353475e-10
-2.375309459054561215e-10
-2.373664069443018230e-10
-2.372013975552562736e-10
-2.370359145583526486e-10
-2.368699505673908560e-10
-2.367035431884698494e-10
-2.365366523660699152e-10
-2.363693334631313711e-10
-2.362015192655252097e-10
-2.360332709990427899e-10
-2.358646272513023451e-10
-2.356955526778821526e-10
-2.355260923148556560e-10
-2.353562096174098624e-10
-2.351859462188883431e-10
-2.350152644120246467e-10
-2.348441967824806566e-10
-2.346727439625532330e-10
-2.345009096458288041e-10
-2.343287205132893430e-10
-2.341561693392408839e-10
-2.339833203173789710e-10
-2.338101511237333804e-10
-2.336366729557951248e-10
-2.334628744964231702e-10
-2.332887702534257837e-10
-2.331143647793403591e-10
-2.329396454301752203e-10
-2.327646504530810608e-10
-2.325893378090715546e-10
-2.324137961500575643e-10
-2.322380473282185796e-10
-2.320620954330561397e-10
-2.318859509295696636e-10
-2.317096034354447063e-10
-2.315330636685994310e-10
-2.313563251037302400e-10
-2.311794063011818923e-10
-2.310022854136387201e-10
-2.308249814917187401e-10
-2.306475136424603043e-10
-2.304699351928078405e-10
-2.302922654706172194e-10
-2.301145185994547701e-10
-2.299366806833810332e-10
-2.297587776027928804e-10
-2.295807851893587848e-10
-2.294027218380535571e-10
-2.292245847443974312e-10
-2.290463665105171422e-10
-2.288680790430489507e-10
-2.286897474451509723e-10
-2.285114219620500146e-10
-2.283330987921828009e-10
-2.281548154589633109e-10
-2.279765318455876736e-10
-2.277982935640058576e-10
-2.276200539516823419e-10
-2.274418514960406268e-10
-2.272636657223356135e-10
-2.270855040255222736e-10
-2.269073648851698494e-10
-2.267292696340016406e-10
-2.265512787604535907e-10
-2.263733907538225860e-10
-2.261956274906072261e-10
-2.260179711692189845e-10
-2.258404484220016142e-10
-2.256630265514253259e-10
-2.254857420721474160e-10
-2.253085543527716457e-10
-2.251315036530982528e-10
-2.249545560168403140e-10
-2.247777528866795778e-10
-2.246011032937607371e-10
-2.244246520202657272e-10
-2.242483849591652139e-10
-2.240723198351993362e-10
-2.238964412242157619e-10
-2.237207631933604848e-10
-2.235452759449504644e-10
-2.233699819721808587e-10
-2.231948796515078836e-10
-2.230199657562720232e-10
-2.228452457787010817e-10
-2.226707366176582224e-10
-2.224964670202770048e-10
-2.223224095974029721e-10
-2.221486126010686757e-10
-2.219750216663900725e-10
-2.218016938868553484e-10
-2.216285681358951137e-10
-2.214557013280089045e-10
-2.212830337860462876e-10
-2.211106217532993890e-10
-2.209384102899803532e-10
-2.207664535401557303e-10
-2.205947241681731057e-10
-2.204232648764441264e-10
-2.202520379042002994e-10
-2.200810807383769390e-10
-2.199103539820158307e-10
-2.197399085987302916e-10
-2.195696885174075204e-10
-2.193997467498162792e-10
-2.192300224514888543e-10
-2.190605720670795766e-10
-2.188913398688614782e-10
-2.187223772985615791e-10
-2.185536491367583818e-10
-2.183851816364175235e-10
-2.182169410786065943e-10
-2.180489547196977101e-10
-2.178811994151938755e-10
-2.177137039608668698e-10
-2.175464322588889423e-10
-2.173794218920127010e-10
-2.172126278538340164e-10
-2.170460912037654635e-10
-2.168797677355016322e-10
-2.167136972428886126e-10
-2.165478388085374321e-10
-2.163822104879281260e-10
-2.162167759171818798e-10
-2.160515624022817940e-10
-2.158865460025232112e-10
-2.157217575102768427e-10
-2.155571609439602835e-10
-2.153927897540229688e-10
-2.152286001597439138e-10
-2.150646370790056874e-10
-2.149008502729044506e-10
-2.147372841043606821e-10
-2.145738911720242986e-10
-2.144106876665859799e-10
-2.142476366915784025e-10
-2.140847572723277085e-10
-2.139220336884748060e-10
-2.137594807741904183e-10
-2.135970847069787984e-10
-2.134348571454212847e-10
-2.132727830870589125e-10
-2.131108747741316605e-10
-2.129491115533921623e-10
-2.127875117390757836e-10
-2.126260441253869430e-10
-2.124647124706009012e-10
-2.123034857547200773e-10
-2.121423717836924019e-10
-2.119813633945672132e-10
-2.118204644681880861e-10
-2.116596755707039019e-10
-2.114989896432497893e-10
-2.113384153672616392e-10
-2.111779363156670228e-10
-2.110175679534743770e-10
-2.108572924148927248e-10
-2.106971254003394880e-10
-2.105370442434313738e-10
-2.103770404227522351e-10
-2.102170957617128687e-10
-2.100572132899879998e-10
-2.098973919268363793e-10
-2.097376284120381197e-10
-2.095779303321827792e-10
-2.094182870393912315e-10
-2.092587094383524047e-10
-2.090991848592963662e-10
-2.089397242039937510e-10
-2.087803114782522882e-10
-2.086209555142863510e-10
-2.084616407172234548e-10
-2.083023525238077620e-10
-2.081430894821884050e-10
-2.079838414663743582e-10
-2.078246207652982913e-10
-2.076654083361243029e-10
-2.075062252854079699e-10
-2.073470502240056570e-10
-2.071879033708254259e-10
-2.070287685502544450e-10
-2.068696547258302816e-10
-2.067105549909256930e-10
-2.065514705391225985e-10
-2.063924011033971701e-10
-2.062333264020980427e-10
-2.060742548355321954e-10
-2.059151695286691929e-10
-2.057560856687932360e-10
-2.055969865034422039e-10
-2.054378889144558825e-10
-2.052787764621159057e-10
-2.051196651547196282e-10
-2.049605413322229578e-10
-2.048014153788858685e-10
-2.046422785028637096e-10
-2.044831413471717857e-10
-2.043240215363555024e-10
-2.041648897089805814e-10
-2.040057581160418810e-10
-2.038466183684192123e-10
-2.036874755551295358e-10
-2.035283230458106988e-10
-2.033691648195554808e-10
-2.032099939050478067e-10
-2.030508204224421156e-10
-2.028916353887455524e-10
-2.027324467869491687e-10
-2.025732499993403560e-10
-2.024140451129815280e-10
-2.022548580063240276e-10
-2.020956705572534584e-10
-2.019364935065479468e-10
-2.017773245565379792e-10
-2.016181554153798069e-10
-2.014589903608048806e-10
-2.012998228397858171e-10
-2.011406662930083364e-10
-2.009815101489553174e-10
-2.008223580229056540e-10
-2.006632037859572419e-10
-2.005040553568986822e-10
-2.003449124395232149e-10
-2.001857867434823094e-10
-2.000267050859449550e-10
-1.998676406779523299e-10
-1.997086045885905460e-10
-1.995496019739973074e-10
-1.993906259139266699e-10
-1.992316870324250320e-10
-1.990727645609724460e-10
-1.989138682651507272e-10
-1.987550028113107041e-10
-1.985961662913750053e-10
-1.984373575409446437e-10
-1.982785744209107029e-10
-1.981198190840008008e-10
-1.979611200419395120e-10
-1.978025050963334249e-10
-1.976439493118262309e-10
-1.974854592331768416e-10
-1.973270396366584627e-10
-1.971686820650573976e-10
-1.970104152348651271e-10
-1.968521980949375736e-10
-1.966940454575582616e-10
-1.965359594963692437e-10
-1.963779440007742413e-10
-1.962200030875121970e-10
-1.960621185216280437e-10
-1.959043027549924882e-10
-1.957465778207191987e-10
-1.955889724469728289e-10
-1.954314642543355842e-10
-1.952740544067200695e-10
-1.951167567110578013e-10
-1.949595611838677389e-10
-1.948024960742280686e-10
-1.946455154579314494e-10
-1.944886368865659570e-10
-1.943318713197817081e-10
-1.941752072225384431e-10
-1.940186611007025076e-10
-1.938622018399181736e-10
-1.937058522267051374e-10
-1.935496271069072952e-10
-1.933935547719180849e-10
-1.932376109157598169e-10
-1.930817899630333305e-10
-1.929261316672149930e-10
-1.927705983696765734e-10
-1.926152133155961825e-10
-1.924599523804166915e-10
-1.923048202397301906e-10
-1.921498584368995440e-10
-1.919950074402025961e-10
-1.918402980337415607e-10
-1.916857152233259707e-10
-1.915312705362139703e-10
-1.913769793440286142e-10
-1.912228441594203483e-10
-1.910688833442899940e-10
-1.909150848689465941e-10
-1.907614678530744379e-10
-1.906080054211386720e-10
-1.904546921076625131e-10
-1.903015914030328439e-10
-1.901486310143177229e-10
-1.899958393895256563e-10
-1.898432057693959939e-10
-1.896907369467425436e-10
-1.895384574216094928e-10
-1.893863133826157422e-10
-1.892343398740851972e-10
-1.890825434218078375e-10
-1.889309305462234388e-10
-1.887795058718539604e-10
-1.886282414482598867e-10
-1.884771905347785197e-10
-1.883263036162427344e-10
-1.881755905701022521e-10
-1.880250709737270123e-10
-1.878747266442048433e-10
-1.877245852912160718e-10
-1.875745961962840093e-10
-1.874247818750134668e-10
-1.872751697900026130e-10
-1.871257057033131591e-10
-1.869764467167017887e-10
-1.868273521661846555e-10
-1.866784635659416916e-10
-1.865297494747683307e-10
-1.863811993542214415e-10
-1.862328545662433274e-10
-1.860846764074567911e-10
-1.859366772854717594e-10
-1.857888601788928260e-10
-1.856412129315696619e-10
-1.854937708144802777e-10
-1.853464776981460079e-10
-1.851993552898044467e-10
-1.850524321143124882e-10
-1.849056578228439161e-10
-1.847590801129555734e-10
-1.846126673362440766e-10
-1.844664477583246069e-10
-1.843204079856905180e-10
-1.841745241520536292e-10
-1.840288448936884298e-10
-1.838833236112890849e-10
-1.837379610991177273e-10
-1.835928043076481405e-10
-1.834478040475892736e-10
-1.833029789157645506e-10
-1.831583184262601177e-10
-1.830138231432793272e-10
-1.828695276802114548e-10
-1.827253715505660862e-10
-1.825813881469131747e-10
-1.824375769371505934e-10
-1.822939303925682656e-10
-1.821504643823582367e-10
-1.820071476734875219e-10
-1.818639975364152854e-10
-1.817209951802516054e-10
-1.815781493263157133e-10
-1.814354775758066692e-10
-1.812929509082441172e-10
-1.811505710532031610e-10
-1.810083750258283812e-10
-1.808663154495751867e-10
-1.807244062096826285e-10
-1.805826562414781060e-10
-1.804410428031890853e-10
-1.802996093511196239e-10
-1.801583117373301757e-10
-1.800171842235556859e-10
-1.798761883525283505e-10
-1.797353189102309836e-10
-1.795946086433179767e-10
-1.794540225128156290e-10
-1.793135649696074541e-10
-1.791732631411742850e-10
-1.790330855420507752e-10
-1.788930376751651376e-10
-1.787531333124293702e-10
-1.786133504795820510e-10
-1.784737170161675541e-10
-1.783341972460514962e-10
-1.781948017908483647e-10
-1.780555591914656664e-10
-1.779164435529150636e-10
-1.777774826014138776e-10
-1.776386328276423913e-10
-1.774999002048604049e-10
-1.773612978527413863e-10
-1.772228181817774838e-10
-1.770844524434120628e-10
-1.769462158098514756e-10
-1.768080990218377775e-10
-1.766700942189482313e-10
-1.765322140189098741e-10
-1.763944450428075255e-10
-1.762568082157762018e-10
-1.761192723120786512e-10
-1.759818469971019559e-10
-1.758445595311092893e-10
-1.757073848299114415e-10
-1.755703518789692501e-10
-1.754334176548588159e-10
-1.752965875710140268e-10
-1.751598803152117784e-10
-1.750232760294396015e-10
-1.748867723897633436e-10
-1.747503938835812552e-10
-1.746141171115320936e-10
-1.744779368775947624e-10
-1.743418797888211663e-10
-1.742059193933153485e-10
-1.740700622898246187e-10
-1.739343140824446875e-10
-1.737986598353509517e-10
-1.736631295179554398e-10
-1.735277021487028005e-10
-1.733924107422440176e-10
-1.732572142299252545e-10
-1.731221085674785167e-10
-1.729871381474935968e-10
-1.728522451585821813e-10
-1.727174507150819624e-10
-1.725827768077913568e-10
-1.724481883174836004e-10
-1.723136936561388453e-10
-1.721793180587247836e-10
-1.720450260952164252e-10
-1.719108251712691502e-10
-1.717767434464668201e-10
-1.716427419465173524e-10
-1.715088385211611114e-10
-1.713750450945441167e-10
-1.712413671024738377e-10
-1.711078077857148740e-10
-1.709743512721568873e-10
-1.708409886006942213e-10
-1.707077408472403743e-10
-1.705745948561295958e-10
-1.704415362868690957e-10
-1.703086027008106651e-10
-1.701757610891399067e-10
-1.700430054304451820e-10
-1.699103769879332079e-10
-1.697778345081249116e-10
-1.696453786461771168e-10
-1.695130470529359395e-10
-1.693807954452475820e-10
-1.692486495702401931e-10
-1.691166189099347653e-10
-1.689847090499444855e-10
-1.688529132689537293e-10
-1.687212302264931532e-10
-1.685896522717707483e-10
-1.684581890205626120e-10
-1.683268371469872596e-10
-1.681955852283587199e-10
-1.680644537355310341e-10
-1.679334286023309728e-10
-1.678024986254309372e-10
-1.676716954931176513e-10
-1.675409887549470904e-10
-1.674103780257045522e-10
-1.672798955228605942e-10
-1.671495003013024588e-10
-1.670192185283925157e-10
-1.668890593135829920e-10
-1.667590237239964350e-10
-1.666291126054514907e-10
-1.664993224530780247e-10
-1.663696359336735691e-10
-1.662400794825970860e-10
-1.661106377598403637e-10
-1.659812922935802040e-10
-1.658520957614407973e-10
-1.657229953403696752e-10
-1.655939926971986378e-10
-1.654651448495402478e-10
-1.653363849791806088e-10
-1.652077273507368876e-10
-1.650792116743974360e-10
-1.649507863858669194e-10
-1.648224764584394062e-10
-1.646942933415518886e-10
-1.645662303284802084e-10
-1.644383197543994157e-10
-1.643105206168036532e-10
-1.641828302756103382e-10
-1.640553035592257505e-10
-1.639278735297859724e-10
-1.638005597330461005e-10
-1.636734051000174158e-10
-1.635463480381763807e-10
-1.634194129254852504e-10
-1.632926273086863144e-10
-1.631659342854395913e-10
-1.630393696748758313e-10
-1.629129470582452099e-10
-1.627866247691301665e-10
-1.626604157389742573e-10
-1.625343525745969913e-10
-1.624084083401521225e-10
-1.622826039950646122e-10
-1.621569398708039299e-10
-1.620314062713409149e-10
-1.619059899799688506e-10
-1.617807213717425204e-10
-1.616555797316440188e-10
-1.615305434059377937e-10
-1.614056849747644759e-10
-1.612809262006288731e-10
-1.611562827559814306e-10
-1.610318138537207719e-10
-1.609074377468609392e-10
-1.607831841249010048e-10
-1.606590934910754977e-10
-1.605350943510920488e-10
-1.604112235727214320e-10
-1.602875078887453247e-10
-1.601639074530315503e-10
-1.600404590331561493e-10
-1.599171471913480880e-10
-1.597939669147092203e-10
-1.596709121942306538e-10
-1.595480020618046908e-10
-1.594252211380261614e-10
-1.593025517044778952e-10
-1.591800553300938932e-10
-1.590576632632910133e-10
-1.589353894036565812e-10
-1.588132917415675600e-10
-1.586912876647640579e-10
-1.585694082319110406e-10
-1.584476944846681329e-10
-1.583260746028668916e-10
-1.582045808078689320e-10
-1.580832456646648941e-10
-1.579620265970593116e-10
-1.578409513745575216e-10
-1.577200193609716064e-10
-1.575992176710643188e-10
-1.574785327634688234e-10
-1.573579965207815333e-10
-1.572375855986023687e-10
-1.571172851917003469e-10
-1.569971558266924142e-10
-1.568771304227182859e-10
-1.567572280272344945e-10
-1.566374849846645662e-10
-1.565178413245696009e-10
-1.563983337440002201e-10
-1.562789653891196857e-10
-1.561597111110499551e-10
-1.560405774567386338e-10
-1.559215875327449058e-10
-1.558027201255091103e-10
-1.556839819884480967e-10
-1.555654046255097353e-10
-1.554469355115506550e-10
-1.553285745509967536e-10
-1.552103805887985201e-10
-1.550922838150051445e-10
-1.549743133609921246e-10
-1.548564800930241946e-10
-1.547387678571325310e-10
-1.546211815358648503e-10
-1.545037010331245965e-10
-1.543863801615088244e-10
-1.542691578564618745e-10
-1.541520429377953738e-10
-1.540350920347456983e-10
-1.539182273298086855e-10
-1.538014802330604409e-10
-1.536848865964625132e-10
-1.535684019063159417e-10
-1.534520543905412874e-10
-1.533358424766648970e-10
-1.532197500863503790e-10
-1.531037609493835643e-10
-1.529879201465850587e-10
-1.528721799716431397e-10
-1.527565543735129263e-10
-1.526410737330857883e-10
-1.525256936906027317e-10
-1.524104436646479432e-10
-1.522952978808558708e-10
-1.521802935119589278e-10
-1.520653921267107579e-10
-1.519505909335207233e-10
-1.518359439925544185e-10
-1.517213838294683591e-10
-1.516069337738279677e-10
-1.514926300662141711e-10
-1.513784323964861737e-10
-1.512643667634749387e-10
-1.511504247131282020e-10
-1.510365981415889612e-10
-1.509228676349116959e-10
-1.508092774173979576e-10
-1.506957793987372768e-10
-1.505823933681190412e-10
-1.504691399646855331e-10
-1.503559811166268424e-10
-1.502429482884938809e-10
-1.501300063685988086e-10
-1.500172058407389023e-10
-1.499044956279737922e-10
-1.497918822631460000e-10
-1.496794161478542105e-10
-1.495670272416024510e-10
-1.494547449342783587e-10
-1.493425966172251100e-10
-1.492305531933571523e-10
-1.491186263866742300e-10
-1.490068333436080461e-10
-1.488951369390916428e-10
-1.487835286030706530e-10
-1.486720714339079062e-10
-1.485606916291843025e-10
-1.484494244421249020e-10
-1.483382621071514967e-10
-1.482272226403471634e-10
-1.481162746357700454e-10
-1.480054215508680127e-10
-1.478947059808054372e-10
-1.477840664682730328e-10
-1.476735423793437445e-10
-1.475631185245446518e-10
-1.474528079209225780e-10
-1.473425884312780642e-10
-1.472324712173530312e-10
-1.471224733300050796e-10
-1.470125792181361231e-10
-1.469028196918698232e-10
-1.467931612392293964e-10
-1.466836138877134726e-10
-1.465741603267363564e-10
-1.464648328805294985e-10
-1.463555941015545425e-10
-1.462464539669695608e-10
-1.461374436983775562e-10
-1.460285190651540087e-10
-1.459197108628311139e-10
-1.458109790704222943e-10
-1.457023951326089344e-10
-1.455938819962364994e-10
-1.454854686314447876e-10
-1.453771802109445693e-10
-1.452689767198290446e-10
-1.451608707935782008e-10
-1.450528745482158355e-10
-1.449449851904489732e-10
-1.448372025826314511e-10
-1.447295530606570714e-10
-1.446219907893264356e-10
-1.445145400101715919e-10
-1.444071859969986653e-10
-1.442999478291222223e-10
-1.441928007314489413e-10
-1.440857477093344371e-10
-1.439788245464035593e-10
-1.438719802853659592e-10
-1.437652539997356886e-10
-1.436586016026141673e-10
-1.435520933844978191e-10
-1.434456520514729198e-10
-1.433393125539916102e-10
-1.432330929302673573e-10
-1.431269585204613850e-10
-1.430209197355846882e-10
-1.429149844990464990e-10
-1.428091584949523998e-10
-1.427034289907891542e-10
-1.425978303270856239e-10
-1.424923280888964706e-10
-1.423869330080017502e-10
-1.422816197064374038e-10
-1.421764398608530542e-10
-1.420713345513953536e-10
-1.419663325718905526e-10
-1.418614417278001998e-10
-1.417566538680881935e-10
-1.416519578436585500e-10
-1.415473475708427095e-10
-1.414428740504622274e-10
-1.413384686926560431e-10
-1.412341732331511808e-10
-1.411299609608099710e-10
-1.410258754306720577e-10
-1.409218624342252752e-10
-1.408179421524398735e-10
-1.407141487750662321e-10
-1.406104460432840918e-10
-1.405068549303803067e-10
-1.404033895538414281e-10
-1.403000145298487751e-10
-1.401967274537287499e-10
-1.400935705816373311e-10
-1.399905053215788452e-10
-1.398875481033008232e-10
-1.397846656431829245e-10
-1.396819294617821571e-10
-1.395792652316298358e-10
-1.394767178054333146e-10
-1.393742450345270815e-10
-1.392719182103821280e-10
-1.391696554189402105e-10
-1.390674919462571878e-10
-1.389654504402338291e-10
-1.388634987116097443e-10
-1.387616387044545874e-10
-1.386598739625490690e-10
-1.385582281126381362e-10
-1.384566755233526039e-10
-1.383552403669150566e-10
-1.382539167277019846e-10
-1.381526919291341047e-10
-1.380515442941295191e-10
-1.379505408977119260e-10
-1.378496123839682996e-10
-1.377487949844814956e-10
-1.376480550350371018e-10
-1.375474583847324810e-10
-1.374469294621764710e-10
-1.373465202917819675e-10
-1.372461903771237926e-10
-1.371459945745752023e-10
-1.370458677551276816e-10
-1.369458387262261827e-10
-1.368459326182662245e-10
-1.367461126629421934e-10
-1.366463844234936950e-10
-1.365467509604807238e-10
-1.364472367255524385e-10
-1.363478132510018537e-10
-1.362485018119159785e-10
-1.361493083676927207e-10
-1.360502039576767348e-10
-1.359511787467335510e-10
-1.358522865525672372e-10
-1.357534782461981352e-10
-1.356547734030506557e-10
-1.355561450639322072e-10
-1.354576522301651558e-10
-1.353592339096647900e-10
-1.352609229835701797e-10
-1.351626868530871222e-10
-1.350645924784531163e-10
-1.349665565635548969e-10
-1.348686329081003902e-10
-1.347707917284755683e-10
-1.346730734150742896e-10
-1.345754246557867835e-10
-1.344778653516703436e-10
-1.343804315701538332e-10
-1.342830844621885862e-10
-1.341858374667579847e-10
-1.340887203407250358e-10
-1.339916827890087565e-10
-1.338947539724107674e-10
-1.337979063865040306e-10
-1.337011859545231227e-10
-1.336045384360978441e-10
-1.335079934395014395e-10
-1.334115398611146610e-10
-1.333152162773689517e-10
-1.332189616205471678e-10
-1.331228072608420743e-10
-1.330267459550499462e-10
-1.329308053595922591e-10
-1.328349370570665137e-10
-1.327391556411274353e-10
-1.326434966860123364e-10
-1.325479205544901953e-10
-1.324524336959889865e-10
-1.323570312498481924e-10
-1.322617524989694018e-10
-1.321665600945498450e-10
-1.320714668853481041e-10
-1.319764977301152393e-10
-1.318816053437465134e-10
-1.317868071165943028e-10
-1.316921088638441928e-10
-1.315975179906651813e-10
-1.315030035899003576e-10
-1.314085874723867245e-10
-1.313142696186689941e-10
-1.312200616705483186e-10
-1.311259296123991464e-10
-1.310318893732385332e-10
-1.309379518288156663e-10
-1.308441174555419108e-10
-1.307503611629050880e-10
-1.306566875822365081e-10
-1.305631334451199289e-10
-1.304696585121831648e-10
-1.303762701941886090e-10
-1.302829642654477063e-10
-1.301897803378996038e-10
-1.300966783859370932e-10
-1.300036708517032372e-10
-1.299107906751893521e-10
-1.298179778691763518e-10
-1.297252631370270049e-10
-1.296326330947191179e-10
-1.295401158930816730e-10
-1.294476657786274813e-10
-1.293553112110382220e-10
-1.292630412817339094e-10
-1.291708926055665731e-10
-1.290788033769772718e-10
-1.289868174810159723e-10
-1.288949032165068223e-10
-1.288031137262985869e-10
-1.287113765017488185e-10
-1.286197455383342793e-10
-1.285281900964567265e-10
-1.284367487326059331e-10
-1.283453677715878157e-10
-1.282540714031347183e-10
-1.281628867401360076e-10
-1.280717804836503039e-10
-1.279807713978165337e-10
-1.278898719855754833e-10
-1.277990604523839793e-10
-1.277083407520429272e-10
-1.276176808752533507e-10
-1.275271550274020028e-10
-1.274366922076312565e-10
-1.273463271567625241e-10
-1.272560305080113230e-10
-1.271658502505206253e-10
-1.270757474131598326e-10
-1.269857295555242911e-10
-1.268957870163611676e-10
-1.268059532650888031e-10
-1.267162035074017789e-10
-1.266265316781140589e-10
-1.265369317687031331e-10
-1.264474463782244311e-10
-1.263580349859336646e-10
-1.262687028352741428e-10
-1.261794443075586890e-10
-1.260903019123484082e-10
-1.260012372359067031e-10
-1.259122576872936293e-10
-1.258233989265929574e-10
-1.257346072591553162e-10
-1.256459148248733025e-10
-1.255572822564580160e-10
-1.254687745523243510e-10
-1.253803260545231497e-10
-1.252919748360802779e-10
-1.252036880413917310e-10
-1.251155217843719440e-10
-1.250274204822358447e-10
-1.249394092079858523e-10
-1.248514676996690805e-10
-1.247636378058532242e-10
-1.246758816441742399e-10
-1.245882051076388650e-10
-1.245005985987103346e-10
-1.244131022682392735e-10
-1.243256794541945787e-10
-1.242383315534659290e-10
-1.241510571589496195e-10
-1.240638934300025528e-10
-1.239768064662717585e-10
-1.238898032599877464e-10
-1.238029118532730768e-10
-1.237160940909032922e-10
-1.236293660434326687e-10
-1.235426892569980777e-10
-1.234561419642308898e-10
-1.233696517897573800e-10
-1.232832502793542880e-10
-1.231969151255883844e-10
-1.231106843380126580e-10
-1.230245340428000040e-10
-1.229384530534030093e-10
-1.228524520996562011e-10
-1.227665334677991112e-10
-1.226807176982384355e-10
-1.225949508988536295e-10
-1.225092797966258558e-10
-1.224236774844054182e-10
-1.223381833793353925e-10
-1.222527388499870758e-10
-1.221673729579401200e-10
-1.220821048075577749e-10
-1.219969152258969005e-10
-1.219118034529853089e-10
-1.218267895579253442e-10
-1.217418721545277356e-10
-1.216570203400130126e-10
-1.215722507085258898e-10
-1.214875589132686442e-10
-1.214029701622147557e-10
-1.213184363222521210e-10
-1.212339974403887655e-10
-1.211496164907797001e-10
-1.210653548064635591e-10
-1.209811479038610066e-10
-1.208970305364393923e-10
-1.208129728461682114e-10
-1.207290265028877358e-10
-1.206451462032575029e-10
-1.205613399813386952e-10
-1.204775985080775223e-10
-1.203939603034850919e-10
-1.203103972045728669e-10
-1.202268982135097278e-10
-1.201434701848800218e-10
-1.200601461926733614e-10
-1.199768938620745468e-10
-1.198937213453356353e-10
-1.198106453124769649e-10
-1.197276577938829944e-10
-1.196447420154475952e-10
-1.195618953859695958e-10
-1.194791374152118097e-10
-1.193964735749739891e-10
-1.193138647034637131e-10
-1.192313477825083814e-10
-1.191488900729925264e-10
-1.190665500791559059e-10
-1.189842607609943400e-10
-1.189020623863333729e-10
-1.188199215236924752e-10
-1.187378898609080600e-10
-1.186559240603533268e-10
-1.185740292093428985e-10
-1.184922000393847827e-10
-1.184104676572957830e-10
-1.183288188303185702e-10
-1.182472246199281891e-10
-1.181657050295653864e-10
-1.180842840731353407e-10
-1.180029352805027626e-10
-1.179216616589687958e-10
-1.178404800067154880e-10
-1.177593934691765276e-10
-1.176783651374818452e-10
-1.175974216551619844e-10
-1.175165402772829270e-10
-1.174357671155523523e-10
-1.173550446440882983e-10
-1.172744105862078288e-10
-1.171938319873281617e-10
-1.171133610523099890e-10
-1.170329567866727595e-10
-1.169526209567134333e-10
-1.168723592922575194e-10
-1.167921703737985668e-10
-1.167120851508087372e-10
-1.166320399490486763e-10
-1.165520912224139768e-10
-1.164721935727196472e-10
-1.163924087962833670e-10
-1.163126651512442273e-10
-1.162330038008574028e-10
-1.161534051259240847e-10
-1.160739083181491993e-10
-1.159944749141851650e-10
-1.159151184588034927e-10
-1.158358596828295094e-10
-1.157566743573771043e-10
-1.156775643703387874e-10
-1.155985119490657729e-10
-1.155195527901204965e-10
-1.154406763951863585e-10
-1.153618546311873270e-10
-1.152831169587796493e-10
-1.152044366957653966e-10
-1.151258669528921089e-10
-1.150473484238757804e-10
-1.149689093366369718e-10
-1.148905307628827900e-10
-1.148122433994098436e-10
-1.147340367160434990e-10
-1.146558788642340970e-10
-1.145778062353410464e-10
-1.144997948799048102e-10
-1.144218881761651027e-10
-1.143440219751735420e-10
-1.142662326940677933e-10
-1.141885131137200505e-10
-1.141108861184128321e-10
-1.140333235796907372e-10
-1.139558343219860237e-10
-1.138784444273009852e-10
-1.138011228561827527e-10
-1.137238763080597516e-10
-1.136466844942280746e-10
-1.135695851720515395e-10
-1.134925667247776773e-10
-1.134155995181117953e-10
-1.133387171401494913e-10
-1.132618873996848465e-10
-1.131851678756154826e-10
-1.131084994832044861e-10
-1.130319058073679348e-10
-1.129553738142788193e-10
-1.128789216613142459e-10
-1.128025614292353024e-10
-1.127262401777714103e-10
-1.126500118216598863e-10
-1.125738295514777849e-10
-1.124977574405410560e-10
-1.124217252841997343e-10
-1.123457695885994276e-10
-1.122698702746669571e-10
-1.121940703563417690e-10
-1.121183309694973489e-10
-1.120426683271979577e-10
-1.119670909571827112e-10
-1.118915956213621116e-10
-1.118161568106920972e-10
-1.117407920363910211e-10
-1.116654862235289708e-10
-1.115902809923171981e-10
-1.115151206077330020e-10
-1.114400421834133585e-10
-1.113650185104084160e-10
-1.112900793810870823e-10
-1.112152225486067837e-10
-1.111404086537039260e-10
-1.110656855957839652e-10
-1.109910042174138845e-10
-1.109164320989684882e-10
-1.108419076654339976e-10
-1.107674496945680151e-10
-1.106930499813460149e-10
-1.106187309399621189e-10
-1.105444984580728733e-10
-1.104703062109351692e-10
-1.103961848165517122e-10
-1.103221342099904784e-10
-1.102481657652992191e-10
-1.101742592334141764e-10
-1.101004211880339768e-10
-1.100266761814888943e-10
-1.099529968056555666e-10
-1.098793856035833273e-10
-1.098058293398397450e-10
-1.097323504218095911e-10
-1.096589553589890416e-10
-1.095856045248474834e-10
-1.095123350626912066e-10
-1.094391131023229372e-10
-1.093659854215507776e-10
-1.092929242535444927e-10
-1.092199124406855891e-10
-1.091469820759307812e-10
-1.090740941421863527e-10
-1.090013157645733684e-10
-1.089285789089224314e-10
-1.088559086633138092e-10
-1.087832916748537692e-10
-1.087107562855194980e-10
-1.086383033294564690e-10
-1.085658886268671021e-10
-1.084935431778073080e-10
-1.084212631330483545e-10
-1.083490662744802890e-10
-1.082769268304126617e-10
-1.082048553682283449e-10
-1.081328710562498476e-10
-1.080609570806092963e-10
-1.079891020405079186e-10
-1.079173082047970830e-10
-1.078455759467751280e-10
-1.077739357615116451e-10
-1.077023368298488304e-10
-1.076308143893259184e-10
-1.075593451300759653e-10
-1.074879474702985320e-10
-1.074166374873572455e-10
-1.073453637628714314e-10
-1.072741737889014532e-10
-1.072030257939711949e-10
-1.071319682989609688e-10
-1.070609751655697417e-10
-1.069900235695831966e-10
-1.069191545704139086e-10
-1.068483284688171255e-10
-1.067776031032969685e-10
-1.067069126977134051e-10
-1.066362895159864931e-10
-1.065657165613686516e-10
-1.064952361530023541e-10
-1.064248122936193696e-10
-1.063544516371713876e-10
-1.062841643286183395e-10
-1.062139630653323477e-10
-1.061438064126569698e-10
-1.060737276672232704e-10
-1.060036856271086899e-10
-1.059337371670510198e-10
-1.058638561257676678e-10
-1.057940164576134099e-10
-1.057242556675197019e-10
-1.056545362850882242e-10
-1.055849116445591376e-10
-1.055153434295938806e-10
-1.054458237783105696e-10
-1.053763799473245115e-10
-1.053069749336506811e-10
-1.052376742796008681e-10
-1.051684140278612776e-10
-1.050992122274673805e-10
-1.050300702660675940e-10
-1.049609889025397458e-10
-1.048919987332425206e-10
-1.048230384872726105e-10
-1.047541480378779997e-10
-1.046853055582926684e-10
-1.046165521913437389e-10
-1.045478528485681212e-10
-1.044792161797868633e-10
-1.044106516812476372e-10
-1.043421677609179417e-10
-1.042737248733713958e-10
-1.042053602338988550e-10
-1.041370282480601100e-10
-1.040687890998158469e-10
-1.040006141126795206e-10
-1.039324785464557324e-10
-1.038644197154141157e-10
-1.037964008685156249e-10
-1.037284711379014023e-10
-1.036606002426316202e-10
-1.035927705186423191e-10
-1.035250208177788626e-10
-1.034573059473527389e-10
-1.033896870901104821e-10
-1.033221159339513391e-10
-1.032545907377486290e-10
-1.031871391083128428e-10
-1.031197299203446534e-10
-1.030524154588362202e-10
-1.029851332473859522e-10
-1.029179122602678965e-10
-1.028507407695912510e-10
-1.027836543290436803e-10
-1.027166211105035778e-10
-1.026496484318343363e-10
-1.025827342835478957e-10
-1.025159063945366795e-10
-1.024491300159539691e-10
-1.023824160958983038e-10
-1.023157500585895042e-10
-1.022491465311210719e-10
-1.021826242310608120e-10
-1.021161382649668611e-10
-1.020497215765999975e-10
-1.019833548239992665e-10
-1.019170448384026698e-10
-1.018508249147389340e-10
-1.017846408767187142e-10
-1.017185212188000169e-10
-1.016524520368964811e-10
-1.015864382612212790e-10
-1.015205154540953590e-10
-1.014546227506229547e-10
-1.013887953247488279e-10
-1.013230086225619623e-10
-1.012572969045813476e-10
-1.011916609784446272e-10
-1.011260539583668502e-10
-1.010605112296258442e-10
-1.009950136461510857e-10
-1.009296021191301741e-10
-1.008642391853389271e-10
-1.007989348606028020e-10
-1.007336992061023961e-10
-1.006685409802435836e-10
-1.006034238168372348e-10
-1.005383752057189216e-10
-1.004733669496101620e-10
-1.004084323542616865e-10
-1.003435682713215134e-10
-1.002787396150016550e-10
-1.002139806430244031e-10
-1.001492670743391560e-10
-1.000846139786472173e-10
-1.000200453429811490e-10
-9.995551008954941238e-11
-9.989104197826211757e-11
-9.982661997260272454e-11
-9.976225419309045910e-11
-9.969797652414566749e-11
-9.963372799302093768e-11
-9.956954308810532012e-11
-9.950539797168558838e-11
-9.944132359688177089e-11
-9.937732830721572511e-11
-9.931335801102860895e-11
-9.924945184579373327e-11
-9.918558795373821304e-11
-9.912180744765506962e-11
-9.905807686651605490e-11
-9.899440269112079519e-11
-9.893078572959332901e-11
-9.886724958095479222e-11
-9.880375846668736130e-11
-9.874032836152801901e-11
-9.867694401885393626e-11
-9.861361440402661345e-11
-9.855036491628933069e-11
-9.848714916633176795e-11
-9.842399599990147581e-11
-9.836089645637918036e-11
-9.829784263278370193e-11
-9.823487615820276739e-11
-9.817194788335026179e-11
-9.810906959727954865e-11
-9.804625447158539554e-11
-9.798347352725152901e-11
-9.792078449431883962e-11
-9.785813480617987394e-11
-9.779552559002538088e-11
-9.773298903779085275e-11
-9.767048339247004402e-11
-9.760806786039541836e-11
-9.754568667432145405e-11
-9.748335268556023981e-11
-9.742107306751965503e-11
-9.735885515058743419e-11
-9.729670085585167244e-11
-9.723459254028444043e-11
-9.717254219235580375e-11
-9.711055947356178682e-11
-9.704864476546922567e-11
-9.698676356911025700e-11
-9.692495263090329561e-11
-9.686317089629958860e-11
-9.680146674293989033e-11
-9.673982391775500401e-11
-9.667821298963640112e-11
-9.661666695171265321e-11
-9.655516337361743006e-11
-9.649371392134939857e-11
-9.643234634641775448e-11
-9.637101100050824545e-11
-9.630973148179086431e-11
-9.624850260603933489e-11
-9.618731178920858744e-11
-9.612621503833056839e-11
-9.606514658577693363e-11
-9.600412490616757929e-11
-9.594316329147686747e-11
-9.588223915630414167e-11
-9.582140069699119113e-11
-9.576059159400550582e-11
-9.569983088033374770e-11
-9.563912013769083173e-11
-9.557847097492551631e-11
-9.551788312294684917e-11
-9.545733865844915810e-11
-9.539685246788925293e-11
-9.533643072284927622e-11
-9.527607616701121919e-11
-9.521575539017377364e-11
-9.515550078174360513e-11
-9.509527985418643923e-11
-9.503512610099653590e-11
-9.497503790556105729e-11
-9.491498044182011047e-11
-9.485498557777864243e-11
-9.479503563332208102e-11
-9.473513235614326704e-11
-9.467531235854072358e-11
-9.461552742265024904e-11
-9.455578766400565167e-11
-9.449610910148309890e-11
-9.443645979959211348e-11
-9.437689508698306812e-11
-9.431737736546071996e-11
-9.425788862003635205e-11
-9.419847294916012155e-11
-9.413908196388288796e-11
-9.407976691660739980e-11
-9.402050806410738732e-11
-9.396127922211869933e-11
-9.390210662634040468e-11
-9.384297253756249393e-11
-9.378391545524642686e-11
-9.372490315426112603e-11
-9.366594195344094508e-11
-9.360702870309635119e-11
-9.354818979152882855e-11
-9.348940044948164182e-11
-9.343065421330013724e-11
-9.337196372089621323e-11
-9.331330071443680366e-11
-9.325472078740738924e-11
-9.319618998291306877e-11
-9.313769015379076238e-11
-9.307925501459544004e-11
-9.302085335442450723e-11
-9.296251014499129008e-11
-9.290423866574580906e-11
-9.284599577786998794e-11
-9.278781046147446011e-11
-9.272967037339494048e-11
-9.267156538143903042e-11
-9.261355027169775835e-11
-9.255556193085204209e-11
-9.249761310649296621e-11
-9.243972962636652917e-11
-9.238187226763934396e-11
-9.232409680740617185e-11
-9.226635813821698140e-11
-9.220865716401309165e-11
-9.215100886755498806e-11
-9.209340114206013484e-11
-9.203586643530106157e-11
-9.197837279938454490e-11
-9.192092859558539259e-11
-9.186353296410147027e-11
-9.180620873340293900e-11
-9.174892993603051331e-11
-9.169169444248132525e-11
-9.163451038068832204e-11
-9.157735155568694409e-11
-9.152027605342825692e-11
-9.146324780745616161e-11
-9.140624843848167326e-11
-9.134930901234389518e-11
-9.129240313308082355e-11
-9.123555084158463463e-11
-9.117877154949053321e-11
-9.112202087612509044e-11
-9.106531865882953183e-11
-9.100866572287285552e-11
-9.095204378235145906e-11
-9.089550244764178318e-11
-9.083899877581618277e-11
-9.078252357339990557e-11
