7.433832102276317379e-05
7.585840327125474602e-05
7.685261869357693616e-05
7.738960740800839911e-05
7.753151365012029455e-05
7.733401295117148212e-05
7.684802217610079279e-05
7.611872067664411288e-05
7.518703817985219388e-05
7.408873964730383968e-05
7.285658900262956933e-05
7.151891794920269539e-05
7.010070257952271387e-05
6.862385491403199254e-05
6.710761116274444266e-05
6.556849626068149428e-05
6.402002963993389949e-05
6.247481748949269668e-05
6.094222425300291346e-05
5.943085817400893848e-05
5.794752732538047059e-05
5.649752042075568200e-05
5.508517355637493839e-05
5.371384536485668786e-05
5.238601687492329596e-05
5.110343652073758833e-05
4.986721408359684693e-05
4.867796906709094442e-05
4.753554003492144241e-05
4.644016612666265401e-05
4.539080854513858135e-05
4.438641954899285572e-05
4.342640818942037544e-05
4.250866000531822750e-05
4.163236072482821268e-05
4.079504881675748542e-05
3.999565958067963055e-05
3.923163154556289335e-05
3.850141862720951304e-05
3.780279637483708937e-05
3.713387248644212140e-05
3.649265554636796458e-05
3.587718318912112831e-05
3.528540709304494140e-05
3.471556937797899846e-05
3.416578127160841810e-05
3.363452815279762982e-05
3.311989441835286394e-05
3.262044204594614195e-05
3.213484144258524003e-05
3.166171333386922141e-05
3.119983093468850526e-05
3.074803325827820240e-05
3.030534875349913144e-05
2.987089875953464381e-05
2.944385627638569609e-05
2.902351690443144506e-05
2.860928558934585283e-05
2.820060879849296278e-05
2.779703667761896166e-05
2.739820852668588611e-05
2.700382637104050741e-05
2.661367036167250794e-05
2.622750850241760054e-05
2.584524391701916525e-05
2.546686098496502463e-05
2.509226831065342229e-05
2.472147526303328683e-05
2.435449994944031743e-05
2.399145924854092048e-05
2.363242936053304872e-05
2.327758530912259159e-05
2.292699847522715106e-05
2.258085028883643843e-05
2.223925714241300607e-05
2.190242788469376283e-05
2.157059251304311402e-05
2.124376296800489599e-05
2.092223752963414250e-05
2.060612356623787829e-05
2.029558401329456719e-05
1.999071277894319518e-05
1.969168773753753108e-05
1.939866957055088971e-05
1.911145084484119000e-05
1.883060821349952053e-05
1.855586263719084369e-05
1.828710534934545776e-05
1.802490568380260138e-05
1.776884039590813041e-05
1.751874039604232124e-05
1.727522294765190675e-05
1.703772610669278061e-05
1.680604074353969445e-05
1.658074687262845452e-05
1.636120335156915630e-05
1.614737120594762936e-05
1.593938182766067347e-05
1.573663929385431780e-05
1.553970125103768454e-05
1.534785089943772283e-05
1.516098730955374419e-05
1.497923306954413828e-05
1.480197671437177454e-05
1.462963019968115133e-05
1.446152784708965701e-05
1.429769180519342013e-05
1.413792667403842965e-05
1.398194487079447566e-05
1.382975731093629293e-05
1.368097132641790269e-05
1.353565253003041973e-05
1.339341364715688365e-05
1.325427767960352740e-05
1.311791614910683228e-05
1.298432116376299472e-05
1.285322187231329775e-05
1.272453433876712528e-05
1.259813089197117162e-05
1.247383937190699070e-05
1.235160538927681757e-05
1.223122436363685979e-05
1.211268749813932194e-05
1.199579728597286285e-05
1.188056189899939710e-05
1.176680483540623912e-05
1.165452031886058736e-05
1.154356887010627368e-05
1.143395236168123515e-05
1.132553242871599836e-05
1.121836047393868456e-05
1.111226751522685692e-05
1.100732802122510107e-05
1.090342100417185455e-05
1.080057813395681833e-05
1.069872469845248094e-05
1.059785355209881133e-05
1.049797933285952255e-05
1.039901812544683051e-05
1.030101236262141628e-05
1.020394262003196518e-05
1.010778707623188728e-05
1.001262112976647964e-05
9.918320769092100255e-06
9.824994858567471140e-06
9.732546341812984615e-06
9.641013039750214616e-06
9.550478741972671801e-06
9.460821536842688829e-06
9.372230096790333130e-06
9.284500860781471696e-06
9.197749261763035988e-06
9.111975148605122262e-06
9.027101464549315852e-06
8.943376105945690933e-06
8.860515872079000323e-06
8.778667099543768567e-06
8.697818417904557676e-06
8.617898301280687006e-06
8.539131153863874444e-06
8.461252140831636661e-06
8.384337464058375691e-06
8.308511666834351929e-06
8.233600192655194481e-06
8.159756614509244417e-06
8.086837050845065028e-06
8.014835336948055361e-06
7.943948948183119605e-06
7.873926491140042255e-06
7.804835572505168840e-06
7.736753519957347802e-06
7.669547143876186574e-06
7.603291358615854681e-06
7.537898849893924506e-06
7.473395944449343351e-06
7.409819515786661033e-06
7.347042729886670294e-06
7.285095878886186631e-06
7.224040955609585271e-06
7.163734498401430205e-06
7.104224909245013740e-06
7.045535431676813226e-06
6.987555146839025466e-06
6.930317667495966784e-06
6.873837827690242325e-06
6.818024070900439277e-06
6.762897400106390694e-06
6.708473682733777283e-06
6.654670361724941146e-06
6.601501105506811481e-06
6.548988912309703103e-06
6.497044288700537268e-06
6.445683418061329164e-06
6.394937046580905663e-06
6.344708467705116718e-06
6.295015490735104262e-06
6.245902504821679950e-06
6.197265333202752870e-06
6.149117018183153752e-06
6.101511223098357145e-06
6.054341532139802034e-06
6.007645290116925751e-06
5.961425162692980324e-06
5.915633073245192073e-06
5.870281677639770618e-06
5.825336945678810111e-06
5.780859389477969639e-06
5.736761713392258622e-06
5.693037653304375002e-06
5.649786607058872929e-06
5.606869850072396069e-06
5.564326375403628024e-06
5.522202106203217662e-06
5.480416862883284734e-06
5.439006843290487706e-06
5.397931242162865862e-06
5.357272832215164220e-06
5.316926264344890910e-06
5.276908435281110365e-06
5.237296386005229627e-06
5.197972469552740681e-06
5.159010079843377047e-06
5.120358464938156142e-06
5.082083210245943521e-06
5.044105402643807321e-06
5.006441827365482268e-06
4.969147855863003805e-06
4.932137706243443147e-06
4.895459421936217941e-06
4.859077144299859703e-06
4.823062239024897223e-06
4.787313502818847876e-06
4.751886941593226450e-06
4.716772222564212587e-06
4.681969130065188353e-06
4.647456194498705144e-06
4.613236261241512252e-06
4.579352204473906029e-06
4.545731774454394859e-06
4.512410431689616559e-06
4.479361559085733969e-06
4.446651248948403625e-06
4.414178819161840417e-06
4.382005196821866261e-06
4.350090500067239088e-06
4.318503513183374761e-06
4.287137423797573756e-06
4.256062564847739312e-06
4.225231910012214781e-06
4.194720250521729332e-06
4.164417763413815884e-06
4.134390270449688341e-06
4.104591606985540508e-06
4.075104940661248005e-06
4.045813116602658029e-06
4.016784178888341276e-06
3.987967993177461893e-06
3.959455449959770090e-06
3.931123290270355905e-06
3.903044698847136163e-06
3.875163452016798948e-06
3.847576205432363089e-06
3.820160023573701140e-06
3.792983343992235753e-06
3.765992827548084474e-06
3.739279180161628074e-06
3.712738190016780871e-06
3.686415583507625009e-06
3.660279164812776541e-06
3.634390000906821643e-06
3.608685753120902679e-06
3.583180748129800912e-06
3.557866266185536727e-06
3.532750680045825016e-06
3.507860164062369397e-06
3.483128991099099018e-06
3.458603220911940282e-06
3.434242340891613076e-06
3.410120789904325087e-06
3.386142862382487803e-06
3.362361860324139092e-06
3.338746849509808287e-06
3.315342644674769682e-06
3.292102877909122532e-06
3.269035722958622492e-06
3.246146692591645001e-06
3.223420680757809858e-06
3.200906411387214115e-06
3.178524747527365913e-06
3.156328035203695237e-06
3.134288100675286250e-06
3.112439808241891045e-06
3.090744529376210072e-06
3.069205244445704235e-06
3.047835630646209625e-06
3.026617796477246028e-06
3.005592340115107358e-06
2.984695242421826521e-06
2.963961488678872314e-06
2.943383199295125119e-06
2.922957070520260476e-06
2.902710891353856040e-06
2.882582508244157049e-06
2.862619594004999668e-06
2.842795024450814513e-06
2.823134366949412189e-06
2.803621499137804947e-06
2.784231811817358255e-06
2.765001642442147834e-06
2.745894954474302402e-06
2.726959335879563120e-06
2.708149293191003749e-06
2.689465877208517946e-06
2.670928084445088643e-06
2.652506078765356777e-06
2.634254632942704989e-06
2.616115933762808140e-06
2.598100056323770240e-06
2.580220547989192159e-06
2.562448506805721251e-06
2.544842090840970495e-06
2.527342511811181935e-06
2.509957193928671828e-06
2.492702430172368664e-06
2.475548229530410963e-06
2.458549947430199850e-06
2.441658734164276403e-06
2.424869302057680922e-06
2.408210284905163244e-06
2.391644210352927043e-06
2.375217898179742146e-06
2.358907821532451133e-06
2.342684377148726710e-06
2.326588618245954962e-06
2.310586333884178973e-06
2.294696735797542442e-06
2.278943991314315632e-06
2.263265424390384290e-06
2.247701122487594235e-06
2.232237602098591054e-06
2.216865804025077625e-06
2.201637733365618167e-06
2.186481435997967276e-06
2.171428980175223762e-06
2.156478613511622984e-06
2.141614429049822157e-06
2.126878686887363887e-06
2.112232631219534181e-06
2.097666426114419138e-06
2.083211651568094659e-06
2.068843860212949445e-06
2.054569281734991710e-06
2.040420141572833650e-06
2.026336099994810295e-06
2.012350634594237090e-06
1.998457722848231669e-06
1.984647982798753140e-06
1.970956765542249349e-06
1.957348486375370487e-06
1.943815247037248553e-06
1.930382539549274665e-06
1.917036124194212572e-06
1.903771494494584682e-06
1.890626398044916879e-06
1.877544113116691977e-06
1.864546746447279406e-06
1.851645837568479307e-06
1.838820433240139962e-06
1.826085129009271756e-06
1.813457928161919389e-06
1.800889597616820664e-06
1.788409972951606645e-06
1.776013607530507893e-06
1.763691497090946897e-06
1.751467804915043738e-06
1.739335254360351531e-06
1.727262419344430605e-06
1.715276503777791721e-06
1.703368171789710332e-06
1.691529356385060119e-06
1.679791788918691362e-06
1.668134241020387210e-06
1.656536084077193254e-06
1.645022237810403654e-06
1.633581776810060043e-06
1.622206187665450475e-06
1.610929141905240886e-06
1.599728802869787628e-06
1.588584463447782477e-06
1.577519920197117889e-06
1.566525437722083521e-06
1.555592984708477356e-06
1.544750946916338827e-06
1.533989746472124431e-06
1.523277986408457782e-06
1.512640301902812718e-06
1.502070924084073492e-06
1.491562346115163695e-06
1.481129737712424457e-06
1.470787113106525523e-06
1.460487100929655544e-06
1.450254053202695611e-06
1.440092523682682370e-06
1.429987468881767792e-06
1.419944798775194212e-06
1.409997821679876590e-06
1.400092949404021894e-06
1.390243831358796076e-06
1.380467367149236251e-06
1.370749113519646694e-06
1.361081957329376028e-06
1.351502266175014013e-06
1.341979605404629809e-06
1.332502416870502354e-06
1.323089882548941320e-06
1.313734476708148908e-06
1.304433134283765859e-06
1.295194732952599146e-06
1.286039058045782837e-06
1.276918534861985307e-06
1.267850499659859495e-06
1.258849142846216286e-06
1.249899761159448204e-06
1.241186117519470492e-06
1.232362799077742901e-06
1.223592369490619248e-06
1.214862062001259356e-06
1.206190119916723044e-06
1.197573138619758493e-06
1.189005043675756263e-06
1.180489587056141332e-06
1.172054351636675568e-06
1.164439509813673066e-06
1.156081432465022378e-06
1.147782572356078395e-06
1.139531260829612185e-06
1.131326612678192862e-06
1.123179349655179823e-06
1.115105050249952462e-06
1.107061421910455473e-06
1.099063221575049060e-06
1.091530767808503493e-06
1.083634411973041045e-06
1.075779568019579097e-06
1.067986917524368302e-06
1.060257828565347007e-06
1.052558727762097338e-06
1.044903998769413644e-06
1.037305641546745188e-06
1.029751216843683498e-06
1.023081332694929376e-06
1.015622047535998954e-06
1.008223739471718758e-06
1.000853874058932942e-06
9.935258294336307755e-07
9.862520042086711696e-07
9.790198956639428887e-07
9.718246352116342074e-07
9.646853916640190922e-07
9.580476376656782008e-07
9.509952065072512452e-07
9.439823236154144570e-07
9.370205416763679441e-07
9.300969377748698729e-07
9.232123845716961381e-07
9.163741148815857907e-07
9.096029681190479516e-07
9.028574460694032055e-07
8.970579665340797311e-07
8.903907248470754049e-07
8.837621567317988325e-07
8.771719808675172164e-07
8.706207935702532995e-07
8.641328063144057232e-07
8.576798593688135565e-07
8.512551676232326600e-07
8.448704224147078767e-07
8.390006506043769180e-07
8.326944752513356999e-07
8.264194112155404957e-07
8.201975846380220848e-07
8.140273863085196656e-07
8.078793747734730700e-07
8.017653475700496476e-07
7.956955637133163655e-07
7.896575999327981737e-07
7.846300113246236754e-07
7.786604425131049524e-07
7.727493102099345412e-07
7.668676200709424832e-07
7.610116396057636321e-07
7.551915243526801115e-07
7.494118762957773019e-07
7.436653319832932237e-07
7.379468829479505494e-07
7.327772274370201646e-07
7.271549745156911684e-07
7.215520842638904033e-07
7.159786808834509822e-07
7.104421171484372341e-07
7.049387536693266931e-07
6.994673751651536995e-07
6.940243725055040161e-07
6.886299780424083646e-07
6.843198876429797354e-07
6.789827101801487070e-07
6.736749350215658076e-07
6.684046219899146573e-07
6.631626750935023585e-07
6.579513845209745260e-07
6.527694355062233149e-07
6.476361624850516655e-07
6.425381429413480195e-07
6.379972633101108254e-07
6.329446419849015906e-07
6.279288949967079539e-07
6.229390644237784560e-07
6.179785125593952038e-07
6.130462085509299316e-07
6.081605145564900313e-07
6.033088403956617898e-07
5.984755069581369352e-07
5.947784403131122292e-07
5.900017331460748575e-07
5.852504433646503789e-07
5.805269780564167557e-07
5.758292322788125499e-07
5.711739918154886167e-07
5.665570807357810538e-07
5.619559777561162975e-07
5.579541164509310045e-07
5.534060645606319897e-07
5.488845806501910860e-07
5.443900747472942057e-07
5.399178311625763276e-07
5.354825915464268339e-07
5.310916156120687159e-07
5.267151800831299109e-07
5.223602962131040021e-07
5.192149650840015408e-07
5.149117923161498977e-07
5.106325771457676383e-07
5.063760845290435385e-07
5.021482260001628986e-07
4.979643301626899663e-07
4.938023945889060524e-07
4.896567491309737048e-07
4.855351783011357474e-07
4.820534790866332850e-07
4.779806320513449788e-07
4.739319792928064668e-07
4.699048445768359367e-07
4.659139871772323580e-07
4.619604516902205567e-07
4.580197549723343480e-07
4.540989509910963896e-07
4.502012657042027883e-07
4.475853646130631947e-07
4.437319319667594996e-07
4.398989932661186557e-07
4.360914350564954037e-07
4.323227045022785843e-07
4.285775562855834236e-07
4.248468299928002046e-07
4.211368061238662125e-07
4.174518358478350959e-07
4.144328053951548427e-07
4.107887017429658314e-07
4.071627739817440629e-07
4.035643083864449703e-07
4.000050399088772546e-07
3.964623579977872539e-07
3.929335539790500562e-07
3.894252862793283445e-07
3.872739832908261109e-07
3.838044186289696299e-07
3.803558279608425729e-07
3.769245365065093503e-07
3.735212713842027401e-07
3.701554396421814692e-07
3.668034132196194652e-07
3.634647738460782382e-07
3.601457305101032265e-07
3.575353622419231658e-07
3.542552029240492687e-07
3.509949983516915936e-07
3.477510580081011821e-07
3.445337492598467020e-07
3.413520618135200701e-07
3.381842985115050403e-07
3.350289890891314126e-07
3.318919731959265024e-07
3.301819141872506791e-07
3.270790084212636201e-07
3.239953102965151295e-07
3.209272348692781244e-07
3.178824389378190912e-07
3.148713179445244007e-07
3.118765181241160878e-07
3.088934688133519416e-07
3.059272499775812256e-07
3.037001682786807486e-07
3.007691482236490895e-07
2.978551501154933435e-07
2.949567725597169683e-07
2.920779044339973143e-07
2.892275163975905343e-07
2.864019601163906250e-07
2.835855148840168340e-07
2.822663888116128608e-07
2.794745114614270801e-07
2.767056634839921757e-07
2.739497086832771669e-07
2.712103769456778670e-07
2.684854344242578370e-07
2.657839119055846168e-07
2.631136989577030949e-07
2.604545297990720333e-07
2.585662484967955309e-07
2.559301574962860567e-07
2.533121350291294089e-07
2.507098633621002114e-07
2.481234091282945805e-07
2.455506876370948014e-07
2.429956171728965517e-07
2.404655739486274192e-07
2.379600035511748793e-07
2.370203349360860554e-07
2.345284567835777988e-07
2.320514940773093686e-07
2.295945463246966930e-07
2.271492847168167351e-07
2.247192125995789059e-07
2.223019776916554703e-07
2.199034638054317901e-07
2.183326977398356997e-07
2.159747584609820865e-07
2.136254250748408288e-07
2.112879565562407181e-07
2.089636275183702815e-07
2.066594931953839645e-07
2.043659784711267841e-07
2.020864842596866789e-07
1.998189255891887231e-07
1.992100941487806939e-07
1.969821117692118636e-07
1.947675165149390478e-07
1.925615781709988577e-07
1.903668409577612253e-07
1.881844582627744819e-07
1.860214063219406124e-07
1.838683380550276254e-07
1.817283128780195479e-07
1.804386736240793935e-07
1.783249262464014343e-07
1.762356472436619782e-07
1.741602268662827951e-07
1.720924794336510050e-07
1.700351457414560047e-07
1.679895358408390103e-07
1.659621247058221926e-07
1.656662703571035809e-07
1.636551601913739556e-07
1.616547820415062330e-07
1.596700201656755875e-07
1.577063797611373159e-07
1.557611291072495175e-07
1.538219622368427540e-07
1.518915936694797542e-07
1.499731436574013335e-07
1.489502951987478687e-07
1.470544537387348516e-07
1.451706751435390328e-07
1.432973966426242795e-07
1.414363300976026563e-07
1.395926845903802866e-07
1.377720870458043612e-07
1.359580371073941766e-07
1.359572636795771596e-07
1.341555255205493631e-07
1.323641496914418799e-07
1.305885679169191971e-07
1.288217619238506501e-07
1.270654686433553884e-07
1.253187072213177791e-07
1.235868568299796203e-07
1.218752747610698622e-07
1.211001318101619914e-07
1.194053924024028493e-07
1.177184073143969411e-07
1.160419304687902509e-07
1.143786973295174099e-07
1.127250704001532281e-07
1.110819455562328523e-07
1.094483531287954344e-07
1.097151518285936011e-07
1.081008097072325465e-07
1.065076463291907286e-07
1.049219231314118050e-07
1.033430346213719801e-07
1.017721700495922315e-07
1.002104400575949879e-07
9.866308947358021704e-08
9.712303999762751537e-08
9.655803628142319777e-08
9.503381399193962400e-08
9.352029112254199333e-08
9.202104762185592088e-08
9.054191807201304518e-08
8.906832218284535343e-08
8.760135594120998329e-08
8.614218926808199908e-08
8.666683659636271012e-08
8.522412384769861474e-08
8.378784646571143922e-08
8.236108647208514404e-08
8.094229208833612463e-08
7.953379281632322765e-08
7.813870403990182364e-08
7.676276548696011992e-08
7.539202634668345773e-08
7.503530053503566637e-08
7.367492140359724409e-08
7.232249736574089260e-08
7.098282861577220614e-08
6.964964439003750697e-08
6.832545106857804350e-08
6.700885766830853094e-08
6.570114452230396096e-08
6.646747671389212810e-08
6.518395484154544608e-08
6.390737569662555980e-08
6.263610341274471155e-08
6.137099162568373773e-08
6.011393395336333568e-08
5.886712631387615913e-08
5.762824879377633757e-08
5.639775737501864118e-08
5.622526170536764903e-08
5.500587344234557820e-08
5.379787055324462652e-08
5.260416072992855495e-08
5.142292368478709020e-08
5.024543271332798556e-08
4.907335452876138185e-08
4.790856283627979953e-08
4.889883655513744673e-08
4.774667739704648584e-08
4.659967340488522166e-08
4.546014930303491347e-08
4.432699577219155675e-08
4.320284178209840765e-08
4.208967276045025486e-08
4.099271445382764362e-08
3.990063827517702774e-08
3.990789867519561444e-08
3.882301760768752738e-08
3.774510175671214386e-08
3.667590517874307279e-08
3.561430739642660543e-08
3.455992526609809932e-08
3.351146108116865220e-08
3.246919021541638562e-08
3.367211880435726008e-08
3.264443724154238489e-08
3.163043497990718970e-08
3.061968064150194724e-08
2.961377154805661077e-08
2.861345583934661855e-08
2.761912498276585820e-08
2.663452044451863484e-08
2.565531589394549143e-08
2.582146270450036247e-08
2.485198186077347307e-08
2.388834928259314445e-08
2.293402228534547396e-08
2.199084846690996096e-08
2.105956332708583336e-08
2.013114686499968433e-08
1.920724986642350126e-08
2.061256337641337213e-08
1.969309741477087254e-08
1.878296659862373635e-08
1.787771556107565475e-08
1.697915968082098931e-08
1.608596460587270562e-08
1.519820435136732257e-08
1.431903497921873679e-08
1.463566815019859326e-08
1.377523621842465417e-08
1.291748873883077731e-08
1.206417876953518333e-08
1.121546264793834422e-08
1.037185233669897239e-08
9.536379794995152434e-09
8.706441684586489035e-09
7.882753636547418000e-09
9.475869843462047805e-09
8.655082046102307676e-09
7.842062884347847121e-09
7.037382578978814376e-09
6.245533554064147145e-09
5.456848607425531081e-09
4.672028891909111206e-09
3.891291212162241771e-09
4.345634171721411019e-09
3.572059552015032682e-09
2.806869928177492545e-09
2.045305513366422328e-09
1.288875795859756622e-09
5.370850748243450277e-10
-2.088254164151093018e-10
-9.468818461613392363e-10
8.335531178656073811e-10
1.066718269171464554e-10
-6.177450807624139888e-10
-1.338466374365153679e-09
-2.054694285830574561e-09
-2.766714484823428243e-09
-3.470982644752225531e-09
-4.171203379736487958e-09
-4.865701254763134522e-09
-4.281737004052492255e-09
-4.971511275186701201e-09
-5.654489301765046435e-09
-6.330343428743045352e-09
-6.994848097563907092e-09
-7.656205394277177562e-09
-8.314269184364816344e-09
-8.968838144220647515e-09
-7.021621549128633956e-09
-7.674911097206087321e-09
-8.319958555244323671e-09
-8.962229203605129109e-09
-9.599518835311399417e-09
-1.023280778452753667e-08
-1.086197732659461866e-08
-1.148469481791330284e-08
-1.077717674226837631e-08
-1.138594077432272180e-08
-1.199255422890985199e-08
-1.259590644995954414e-08
-1.319592733051351935e-08
-1.379207485849810973e-08
-1.438452676042036471e-08
-1.496922587247914262e-08
-1.285713673280078127e-08
-1.344179968599713044e-08
-1.402265208272454054e-08
-1.459964568363080830e-08
-1.517061567315426904e-08
-1.573490349787445581e-08
-1.628965240952776804e-08
-1.684233827125996018e-08
-1.739204265656479554e-08
-1.705436751463447086e-08
-1.759740408456237467e-08
-1.813718040898500802e-08
-1.866973417726471825e-08
-1.919994002510237124e-08
-1.972571417108547384e-08
-2.024829319624203366e-08
-2.076743825173341803e-08
-1.948212147059879425e-08
-1.999013938419201975e-08
-2.048895500427252476e-08
-2.098460781987689173e-08
-2.147791604843148625e-08
-2.196863398235427432e-08
-2.245617194944169322e-08
-2.294069060813749587e-08
-2.250473000473702379e-08
-2.297999007891623139e-08
-2.345140132023463431e-08
-2.391995881844587476e-08
-2.438539175797377092e-08
-2.484652168309697990e-08
-2.530274996915130296e-08
-2.575221055351074116e-08
-2.433493610983330508e-08
-2.477674387575285491e-08
-2.521554411783843532e-08
-2.565207449049755354e-08
-2.608533659256480409e-08
-2.651547896641878326e-08
-2.693971171184785427e-08
-2.736220029705982267e-08
-2.778094154893495812e-08
-2.725137106288272953e-08
-2.766435600684559099e-08
-2.807284995673230088e-08
-2.847675017505905922e-08
-2.887280561593485441e-08
-2.926594463754290337e-08
-2.965764001798614013e-08
-3.004696561818454001e-08
-2.851200786758546360e-08
-2.889617231718522959e-08
-2.927627012970385262e-08
-2.965203226005458974e-08
-3.002579920676505612e-08
-3.039634260896552912e-08
-3.076441408353345919e-08
-3.112948083366895888e-08
-3.051410105577757642e-08
-3.087068982784948643e-08
-3.121971265148650926e-08
-3.156704899486434637e-08
-3.191266079899273921e-08
-3.225616551401948643e-08
-3.259781652144397036e-08
-3.293711921479959524e-08
-3.128847376701574705e-08
-3.162006619468529095e-08
-3.194969148164609717e-08
-3.227639282728425152e-08
-3.260080377691242516e-08
-3.292245323997505900e-08
-3.324054845265055021e-08
-3.355473340091369320e-08
-3.285435216044923319e-08
-3.315965961674896264e-08
-3.346358386089781500e-08
-3.376547408638571109e-08
-3.406572424800349145e-08
-3.436367976855745180e-08
-3.465871585406756713e-08
-3.495000111160525529e-08
-3.319332270164012062e-08
-3.348028679123710481e-08
-3.376517895413473995e-08
-3.404789323611454731e-08
-3.432714002847673010e-08
-3.460299273528706655e-08
-3.487320422784674373e-08
-3.514006087653577476e-08
-3.436740627766339189e-08
-3.463155119757270588e-08
-3.489421692888550364e-08
-3.515479006356569211e-08
-3.541338139182871288e-08
-3.566804303887843770e-08
-3.592149177535234290e-08
-3.617231308483703834e-08
-3.431204122351132152e-08
-3.455943005193831668e-08
-3.480397259325506973e-08
-3.504542844098231079e-08
-3.528323127719243515e-08
-3.551543867069478085e-08
-3.574700439005747812e-08
-3.597717079220836230e-08
-3.514214617235848422e-08
-3.536940128833539130e-08
-3.559476657110423580e-08
-3.581745693203126966e-08
-3.603706026854949930e-08
-3.625565244445210270e-08
-3.647203043603887000e-08
-3.668707235975101214e-08
-3.477678496046211861e-08
-3.498742631072757578e-08
-3.519532759712951490e-08
-3.539909918703908902e-08
-3.559880181350210854e-08
-3.579825699534086867e-08
-3.599617049459814328e-08
-3.619273296039091577e-08
-3.532827605747825197e-08
-3.552206490638900530e-08
-3.571302207514563697e-08
-3.590163570844390352e-08
-3.608914569497546827e-08
-3.627467879789712400e-08
-3.645890921431142891e-08
-3.664184758546152240e-08
-3.470757506102174478e-08
-3.488579695831688363e-08
-3.506013854515401989e-08
-3.523091154757249660e-08
-3.540152410494656369e-08
-3.557067385317081237e-08
-3.573857144577107864e-08
-3.590543996598410069e-08
-3.501629209927755649e-08
-3.517942644609170528e-08
-3.534029392764056792e-08
-3.550022899319292936e-08
-3.565826264336751953e-08
-3.581516378502768948e-08
-3.597087543328019742e-08
-3.612457117902184255e-08
-3.417296559351047027e-08
-3.432189895086452411e-08
-3.446702809168536334e-08
-3.461185717912085620e-08
-3.475545741964855653e-08
-3.489788757119225374e-08
-3.503950013329981246e-08
-3.517980509709359547e-08
-3.427007644936283654e-08
-3.440629756391070487e-08
-3.454189130368562495e-08
-3.467556178175839264e-08
-3.480818311968755391e-08
-3.493983062111617019e-08
-3.506979794048377011e-08
-3.519812909765854456e-08
-3.323509456345253328e-08
-3.335796140046206070e-08
-3.347968819724079933e-08
-3.360091537844362733e-08
-3.372084540279253695e-08
-3.383991260438302414e-08
-3.395780323947975126e-08
-3.407476077310796347e-08
-3.314874754854927344e-08
-3.326250337602447632e-08
-3.337520542365898882e-08
-3.348637404718267296e-08
-3.359653324359661021e-08
-3.370575100751770947e-08
-3.381319955998936363e-08
-3.391931542235790992e-08
-3.195025556939948587e-08
-3.205173457502375738e-08
-3.215291033518197634e-08
-3.225313038479942423e-08
-3.235232467074679078e-08
-3.245093832277682421e-08
-3.254822989882595958e-08
-3.264458738757140912e-08
-3.170685781577966625e-08
-3.180094406763278500e-08
-3.189351566941036503e-08
-3.198502034255835291e-08
-3.207567136972405135e-08
-3.216525374307639023e-08
-3.225333197256870331e-08
-3.234015699942491508e-08
-3.037065147433735101e-08
-3.045382152643405559e-08
-3.053683775764400033e-08
-3.061889011976066071e-08
-3.070003001453904914e-08
-3.078062963163901375e-08
-3.086005995765471762e-08
-3.093859410513572085e-08
-2.999321944700728762e-08
-3.006998394770625590e-08
-3.014540601548562177e-08
-3.021981566128496065e-08
-3.029342209109317317e-08
-3.036613706174308635e-08
-3.043739615190914896e-08
-3.050755185758696794e-08
-2.854282213114438975e-08
-2.861023232045938174e-08
-2.867737024691533997e-08
-2.874378527559592056e-08
-2.880930810671723005e-08
-2.887430991841238749e-08
-2.893821712262234304e-08
-2.900147153095947030e-08
-2.805209676195579947e-08
-2.811373291224842601e-08
-2.817461915818423023e-08
-2.823422411479254389e-08
-2.829314241965818518e-08
-2.835131989391745769e-08
-2.840830885983131821e-08
-2.645344337960807993e-08
-2.650868455680627091e-08
-2.656284562672276264e-08
-2.661615418707342797e-08
-2.666928108355850226e-08
-2.672136490827693832e-08
-2.677276689783673846e-08
-2.682360113378513605e-08
-2.587459026264522351e-08
-2.592378626703576478e-08
-2.597230430548770010e-08
-2.602070722858868332e-08
-2.606777524880827184e-08
-2.611415728964405305e-08
-2.615992959250514945e-08
-2.620484463509437378e-08
-2.426325425669824334e-08
-2.430645955848710418e-08
-2.434953219401059969e-08
-2.439117083861564776e-08
-2.443257730055783446e-08
-2.447344964558869087e-08
-2.451356640514392961e-08
-2.455316934404721634e-08
-2.360605214580572015e-08
-2.364454394566589157e-08
-2.368220431707504322e-08
-2.371947906658115320e-08
-2.375641317834644689e-08
-2.379219692824450930e-08
-2.382738502957099141e-08
-2.386206743771193556e-08
-2.193788575682969294e-08
-2.197110217271334132e-08
-2.200402094842969580e-08
-2.203673667246030976e-08
-2.206811949212553788e-08
-2.209939692823956960e-08
-2.213009499881517377e-08
-2.118840149278243041e-08
-2.121804498344178595e-08
-2.124714093067468791e-08
-2.127598808013760272e-08
-2.130408143244438558e-08
-2.133183169737519345e-08
-2.135929060062748883e-08
-2.138568627267606177e-08
-1.948306467066144448e-08
-1.950851294017545570e-08
-1.953362283699416756e-08
-1.955820330785736130e-08
-1.958248318676519764e-08
-1.960666489561588538e-08
-1.962963691018866764e-08
-1.965239455121247349e-08
-1.871829324647966251e-08
-1.874006924129032164e-08
-1.876159237244578856e-08
-1.878275190720711433e-08
-1.880366512384240743e-08
-1.882393609527903026e-08
-1.884372399857157941e-08
-1.696640233809493826e-08
-1.698520893909883403e-08
-1.700356490466227435e-08
-1.702186096021268915e-08
-1.703992043590604443e-08
-1.705738015599534525e-08
-1.707459860853020424e-08
-1.709171899799611680e-08
-1.616778603765148225e-08
-1.618354679800754258e-08
-1.619930755836624990e-08
-1.621459279397573542e-08
-1.622950661989976718e-08
-1.624429362358283723e-08
-1.625859425940175873e-08
-1.627265615681662166e-08
-1.442232693021818331e-08
-1.443565540959464034e-08
-1.444885681257525286e-08
-1.446146109183140881e-08
-1.447390852543820933e-08
-1.448619032579675660e-08
-1.449818560254369764e-08
-1.358651316166478419e-08
-1.359785912757654907e-08
-1.360915684365407962e-08
-1.361962761167195116e-08
-1.362994411077557332e-08
-1.364020287076132118e-08
-1.364995544242842178e-08
-1.365944000465214455e-08
-1.184002228104527303e-08
-1.184906147576996130e-08
-1.185777763840776397e-08
-1.186634911743937503e-08
-1.187492059646569212e-08
-1.188332806096342284e-08
-1.189114334769707187e-08
-1.189890653386823968e-08
-1.100123188645046212e-08
-1.100855116636824950e-08
-1.101555150991314767e-08
-1.102255185346334145e-08
-1.102947357218340935e-08
-1.103564468568777487e-08
-1.104169993428055744e-08
-9.255735273389553663e-09
-9.261333265782963957e-09
-9.266690701984025987e-09
-9.272048138187731687e-09
-9.277405574386146739e-09
-9.282486705267408022e-09
-9.287414700249516275e-09
-9.292342695230297731e-09
-8.410678677637739744e-09
-8.415002136034937460e-09
-8.419226728307130005e-09
-8.423451320576678879e-09
-8.427548705480557442e-09
-8.431273382579964072e-09
-8.434998059680694191e-09
-8.438722736780102476e-09
-6.688278677514836662e-09
-6.691201635969579917e-09
-6.694124594426970151e-09
-6.697047552883037722e-09
-6.699767351290063334e-09
-6.702444860843984379e-09
-6.705122370400551575e-09
-5.840785485787152203e-09
-5.843100590253770489e-09
-5.845415694720388775e-09
-5.847730799188330550e-09
-5.849858096006608282e-09
-5.851721241420706561e-09
-5.853584386833482178e-09
-5.855447532244932653e-09
-4.143315950152804319e-09
-4.144777340157166355e-09
-4.146238730162190134e-09
-4.147693764668575917e-09
-4.148800814292866864e-09
-4.149907863917819555e-09
-4.151014913542110502e-09
-3.305487751702312093e-09
-3.306397547014278057e-09
-3.307307342325582276e-09
-3.308217137635563006e-09
-3.309034775869408565e-09
-3.309799412489622921e-09
-3.310564049111822510e-09
-3.311328685732698610e-09
-1.743405638553303808e-09
-1.743807059563366027e-09
-1.744208480573428245e-09
-1.744609901583490464e-09
-1.745011322593221810e-09
-1.745412743603284029e-09
-1.745814164612353631e-09
-5.090142999829094236e-10
-5.091309563519866892e-10
-5.092476127210639548e-10
-5.093642690902239384e-10
-5.094809254593012040e-10
-5.095975818285439058e-10
-5.097142381974557352e-10
-5.098308945666984370e-10
0.000000000000000000e+00
0.000000000000000000e+00
0.000000000000000000e+00
0.000000000000000000e+00
0.000000000000000000e+00
0.000000000000000000e+00
0.000000000000000000e+00
0.000000000000000000e+00
0.000000000000000000e+00
0.000000000000000000e+00
0.000000000000000000e+00
0.000000000000000000e+00
0.000000000000000000e+00
0.000000000000000000e+00
0.000000000000000000e+00
0.000000000000000000e+00
0.000000000000000000e+00
0.000000000000000000e+00
0.000000000000000000e+00
0.000000000000000000e+00
0.000000000000000000e+00
0.000000000000000000e+00
0.000000000000000000e+00
0.000000000000000000e+00
0.000000000000000000e+00
0.000000000000000000e+00
0.000000000000000000e+00
0.000000000000000000e+00
0.000000000000000000e+00
0.000000000000000000e+00
0.000000000000000000e+00
0.000000000000000000e+00
0.000000000000000000e+00
0.000000000000000000e+00
0.000000000000000000e+00
0.000000000000000000e+00
0.000000000000000000e+00
0.000000000000000000e+00
0.000000000000000000e+00
0.000000000000000000e+00
0.000000000000000000e+00
0.000000000000000000e+00
0.000000000000000000e+00
0.000000000000000000e+00
0.000000000000000000e+00
0.000000000000000000e+00
0.000000000000000000e+00
0.000000000000000000e+00
0.000000000000000000e+00
0.000000000000000000e+00
0.000000000000000000e+00
0.000000000000000000e+00
0.000000000000000000e+00
0.000000000000000000e+00
0.000000000000000000e+00
0.000000000000000000e+00
0.000000000000000000e+00
0.000000000000000000e+00
0.000000000000000000e+00
0.000000000000000000e+00
0.000000000000000000e+00
0.000000000000000000e+00
0.000000000000000000e+00
0.000000000000000000e+00
0.000000000000000000e+00
0.000000000000000000e+00
0.000000000000000000e+00
0.000000000000000000e+00
0.000000000000000000e+00
0.000000000000000000e+00
0.000000000000000000e+00
0.000000000000000000e+00
0.000000000000000000e+00
0.000000000000000000e+00
0.000000000000000000e+00
0.000000000000000000e+00
0.000000000000000000e+00
0.000000000000000000e+00
0.000000000000000000e+00
0.000000000000000000e+00
0.000000000000000000e+00
0.000000000000000000e+00
0.000000000000000000e+00
0.000000000000000000e+00
0.000000000000000000e+00
0.000000000000000000e+00
0.000000000000000000e+00
0.000000000000000000e+00
0.000000000000000000e+00
0.000000000000000000e+00
0.000000000000000000e+00
0.000000000000000000e+00
0.000000000000000000e+00
0.000000000000000000e+00
0.000000000000000000e+00
0.000000000000000000e+00
0.000000000000000000e+00
0.000000000000000000e+00
0.000000000000000000e+00
0.000000000000000000e+00
0.000000000000000000e+00
0.000000000000000000e+00
0.000000000000000000e+00
0.000000000000000000e+00
0.000000000000000000e+00
0.000000000000000000e+00
0.000000000000000000e+00
0.000000000000000000e+00
0.000000000000000000e+00
0.000000000000000000e+00
0.000000000000000000e+00
0.000000000000000000e+00
0.000000000000000000e+00
0.000000000000000000e+00
0.000000000000000000e+00
0.000000000000000000e+00
0.000000000000000000e+00
0.000000000000000000e+00
0.000000000000000000e+00
0.000000000000000000e+00
0.000000000000000000e+00
0.000000000000000000e+00
0.000000000000000000e+00
0.000000000000000000e+00
0.000000000000000000e+00
0.000000000000000000e+00
0.000000000000000000e+00
0.000000000000000000e+00
0.000000000000000000e+00
0.000000000000000000e+00
0.000000000000000000e+00
0.000000000000000000e+00
0.000000000000000000e+00
0.000000000000000000e+00
0.000000000000000000e+00
0.000000000000000000e+00
0.000000000000000000e+00
0.000000000000000000e+00
0.000000000000000000e+00
0.000000000000000000e+00
0.000000000000000000e+00
0.000000000000000000e+00
0.000000000000000000e+00
0.000000000000000000e+00
0.000000000000000000e+00
0.000000000000000000e+00
0.000000000000000000e+00
0.000000000000000000e+00
0.000000000000000000e+00
0.000000000000000000e+00
0.000000000000000000e+00
0.000000000000000000e+00
0.000000000000000000e+00
0.000000000000000000e+00
0.000000000000000000e+00
0.000000000000000000e+00
0.000000000000000000e+00
0.000000000000000000e+00
0.000000000000000000e+00
0.000000000000000000e+00
0.000000000000000000e+00
0.000000000000000000e+00
0.000000000000000000e+00
0.000000000000000000e+00
0.000000000000000000e+00
0.000000000000000000e+00
0.000000000000000000e+00
0.000000000000000000e+00
0.000000000000000000e+00
0.000000000000000000e+00
0.000000000000000000e+00
0.000000000000000000e+00
0.000000000000000000e+00
0.000000000000000000e+00
0.000000000000000000e+00
0.000000000000000000e+00
0.000000000000000000e+00
0.000000000000000000e+00
0.000000000000000000e+00
0.000000000000000000e+00
0.000000000000000000e+00
0.000000000000000000e+00
0.000000000000000000e+00
0.000000000000000000e+00
0.000000000000000000e+00
0.000000000000000000e+00
0.000000000000000000e+00
0.000000000000000000e+00
0.000000000000000000e+00
0.000000000000000000e+00
0.000000000000000000e+00
0.000000000000000000e+00
0.000000000000000000e+00
0.000000000000000000e+00
0.000000000000000000e+00
0.000000000000000000e+00
0.000000000000000000e+00
0.000000000000000000e+00
0.000000000000000000e+00
0.000000000000000000e+00
0.000000000000000000e+00
0.000000000000000000e+00
0.000000000000000000e+00
0.000000000000000000e+00
0.000000000000000000e+00
0.000000000000000000e+00
0.000000000000000000e+00
0.000000000000000000e+00
0.000000000000000000e+00
0.000000000000000000e+00
0.000000000000000000e+00
0.000000000000000000e+00
0.000000000000000000e+00
0.000000000000000000e+00
0.000000000000000000e+00
0.000000000000000000e+00
0.000000000000000000e+00
0.000000000000000000e+00
0.000000000000000000e+00
0.000000000000000000e+00
0.000000000000000000e+00
0.000000000000000000e+00
0.000000000000000000e+00
0.000000000000000000e+00
0.000000000000000000e+00
0.000000000000000000e+00
0.000000000000000000e+00
0.000000000000000000e+00
0.000000000000000000e+00
0.000000000000000000e+00
0.000000000000000000e+00
0.000000000000000000e+00
0.000000000000000000e+00
0.000000000000000000e+00
0.000000000000000000e+00
0.000000000000000000e+00
0.000000000000000000e+00
0.000000000000000000e+00
0.000000000000000000e+00
0.000000000000000000e+00
0.000000000000000000e+00
0.000000000000000000e+00
0.000000000000000000e+00
0.000000000000000000e+00
0.000000000000000000e+00
0.000000000000000000e+00
0.000000000000000000e+00
0.000000000000000000e+00
0.000000000000000000e+00
0.000000000000000000e+00
0.000000000000000000e+00
0.000000000000000000e+00
0.000000000000000000e+00
0.000000000000000000e+00
0.000000000000000000e+00
0.000000000000000000e+00
0.000000000000000000e+00
0.000000000000000000e+00
0.000000000000000000e+00
0.000000000000000000e+00
0.000000000000000000e+00
0.000000000000000000e+00
0.000000000000000000e+00
0.000000000000000000e+00
0.000000000000000000e+00
0.000000000000000000e+00
0.000000000000000000e+00
0.000000000000000000e+00
0.000000000000000000e+00
0.000000000000000000e+00
0.000000000000000000e+00
0.000000000000000000e+00
0.000000000000000000e+00
0.000000000000000000e+00
0.000000000000000000e+00
0.000000000000000000e+00
0.000000000000000000e+00
0.000000000000000000e+00
0.000000000000000000e+00
0.000000000000000000e+00
0.000000000000000000e+00
0.000000000000000000e+00
0.000000000000000000e+00
0.000000000000000000e+00
0.000000000000000000e+00
0.000000000000000000e+00
0.000000000000000000e+00
0.000000000000000000e+00
0.000000000000000000e+00
0.000000000000000000e+00
0.000000000000000000e+00
0.000000000000000000e+00
0.000000000000000000e+00
0.000000000000000000e+00
0.000000000000000000e+00
0.000000000000000000e+00
0.000000000000000000e+00
0.000000000000000000e+00
0.000000000000000000e+00
0.000000000000000000e+00
0.000000000000000000e+00
0.000000000000000000e+00
0.000000000000000000e+00
0.000000000000000000e+00
0.000000000000000000e+00
0.000000000000000000e+00
0.000000000000000000e+00
0.000000000000000000e+00
0.000000000000000000e+00
0.000000000000000000e+00
0.000000000000000000e+00
0.000000000000000000e+00
0.000000000000000000e+00
0.000000000000000000e+00
0.000000000000000000e+00
0.000000000000000000e+00
0.000000000000000000e+00
0.000000000000000000e+00
0.000000000000000000e+00
0.000000000000000000e+00
0.000000000000000000e+00
0.000000000000000000e+00
0.000000000000000000e+00
0.000000000000000000e+00
0.000000000000000000e+00
0.000000000000000000e+00
0.000000000000000000e+00
0.000000000000000000e+00
0.000000000000000000e+00
0.000000000000000000e+00
0.000000000000000000e+00
0.000000000000000000e+00
0.000000000000000000e+00
0.000000000000000000e+00
0.000000000000000000e+00
0.000000000000000000e+00
0.000000000000000000e+00
0.000000000000000000e+00
0.000000000000000000e+00
0.000000000000000000e+00
0.000000000000000000e+00
0.000000000000000000e+00
0.000000000000000000e+00
0.000000000000000000e+00
0.000000000000000000e+00
0.000000000000000000e+00
0.000000000000000000e+00
0.000000000000000000e+00
0.000000000000000000e+00
0.000000000000000000e+00
0.000000000000000000e+00
0.000000000000000000e+00
0.000000000000000000e+00
0.000000000000000000e+00
0.000000000000000000e+00
0.000000000000000000e+00
0.000000000000000000e+00
0.000000000000000000e+00
0.000000000000000000e+00
0.000000000000000000e+00
0.000000000000000000e+00
0.000000000000000000e+00
0.000000000000000000e+00
0.000000000000000000e+00
0.000000000000000000e+00
0.000000000000000000e+00
0.000000000000000000e+00
0.000000000000000000e+00
0.000000000000000000e+00
0.000000000000000000e+00
0.000000000000000000e+00
0.000000000000000000e+00
0.000000000000000000e+00
0.000000000000000000e+00
0.000000000000000000e+00
0.000000000000000000e+00
0.000000000000000000e+00
0.000000000000000000e+00
0.000000000000000000e+00
0.000000000000000000e+00
0.000000000000000000e+00
0.000000000000000000e+00
0.000000000000000000e+00
0.000000000000000000e+00
0.000000000000000000e+00
0.000000000000000000e+00
0.000000000000000000e+00
0.000000000000000000e+00
0.000000000000000000e+00
0.000000000000000000e+00
0.000000000000000000e+00
0.000000000000000000e+00
0.000000000000000000e+00
0.000000000000000000e+00
0.000000000000000000e+00
0.000000000000000000e+00
0.000000000000000000e+00
0.000000000000000000e+00
0.000000000000000000e+00
0.000000000000000000e+00
0.000000000000000000e+00
0.000000000000000000e+00
0.000000000000000000e+00
0.000000000000000000e+00
0.000000000000000000e+00
0.000000000000000000e+00
0.000000000000000000e+00
0.000000000000000000e+00
0.000000000000000000e+00
0.000000000000000000e+00
0.000000000000000000e+00
0.000000000000000000e+00
0.000000000000000000e+00
0.000000000000000000e+00
0.000000000000000000e+00
0.000000000000000000e+00
0.000000000000000000e+00
0.000000000000000000e+00
0.000000000000000000e+00
0.000000000000000000e+00
0.000000000000000000e+00
0.000000000000000000e+00
0.000000000000000000e+00
0.000000000000000000e+00
0.000000000000000000e+00
0.000000000000000000e+00
0.000000000000000000e+00
0.000000000000000000e+00
0.000000000000000000e+00
0.000000000000000000e+00
0.000000000000000000e+00
0.000000000000000000e+00
0.000000000000000000e+00
0.000000000000000000e+00
0.000000000000000000e+00
0.000000000000000000e+00
0.000000000000000000e+00
0.000000000000000000e+00
0.000000000000000000e+00
0.000000000000000000e+00
0.000000000000000000e+00
0.000000000000000000e+00
0.000000000000000000e+00
0.000000000000000000e+00
0.000000000000000000e+00
0.000000000000000000e+00
0.000000000000000000e+00
0.000000000000000000e+00
0.000000000000000000e+00
0.000000000000000000e+00
0.000000000000000000e+00
0.000000000000000000e+00
0.000000000000000000e+00
0.000000000000000000e+00
0.000000000000000000e+00
0.000000000000000000e+00
0.000000000000000000e+00
0.000000000000000000e+00
0.000000000000000000e+00
0.000000000000000000e+00
0.000000000000000000e+00
0.000000000000000000e+00
0.000000000000000000e+00
0.000000000000000000e+00
0.000000000000000000e+00
0.000000000000000000e+00
0.000000000000000000e+00
0.000000000000000000e+00
0.000000000000000000e+00
0.000000000000000000e+00
0.000000000000000000e+00
0.000000000000000000e+00
0.000000000000000000e+00
0.000000000000000000e+00
0.000000000000000000e+00
0.000000000000000000e+00
0.000000000000000000e+00
0.000000000000000000e+00
0.000000000000000000e+00
0.000000000000000000e+00
0.000000000000000000e+00
0.000000000000000000e+00
0.000000000000000000e+00
0.000000000000000000e+00
0.000000000000000000e+00
0.000000000000000000e+00
0.000000000000000000e+00
0.000000000000000000e+00
0.000000000000000000e+00
0.000000000000000000e+00
0.000000000000000000e+00
0.000000000000000000e+00
0.000000000000000000e+00
0.000000000000000000e+00
0.000000000000000000e+00
0.000000000000000000e+00
0.000000000000000000e+00
0.000000000000000000e+00
0.000000000000000000e+00
0.000000000000000000e+00
0.000000000000000000e+00
0.000000000000000000e+00
0.000000000000000000e+00
0.000000000000000000e+00
0.000000000000000000e+00
0.000000000000000000e+00
0.000000000000000000e+00
0.000000000000000000e+00
0.000000000000000000e+00
0.000000000000000000e+00
0.000000000000000000e+00
0.000000000000000000e+00
0.000000000000000000e+00
0.000000000000000000e+00
0.000000000000000000e+00
0.000000000000000000e+00
0.000000000000000000e+00
0.000000000000000000e+00
0.000000000000000000e+00
0.000000000000000000e+00
0.000000000000000000e+00
0.000000000000000000e+00
0.000000000000000000e+00
0.000000000000000000e+00
0.000000000000000000e+00
0.000000000000000000e+00
0.000000000000000000e+00
0.000000000000000000e+00
0.000000000000000000e+00
0.000000000000000000e+00
0.000000000000000000e+00
0.000000000000000000e+00
0.000000000000000000e+00
0.000000000000000000e+00
0.000000000000000000e+00
0.000000000000000000e+00
0.000000000000000000e+00
0.000000000000000000e+00
0.000000000000000000e+00
0.000000000000000000e+00
0.000000000000000000e+00
0.000000000000000000e+00
0.000000000000000000e+00
0.000000000000000000e+00
0.000000000000000000e+00
0.000000000000000000e+00
0.000000000000000000e+00
0.000000000000000000e+00
0.000000000000000000e+00
0.000000000000000000e+00
0.000000000000000000e+00
0.000000000000000000e+00
0.000000000000000000e+00
0.000000000000000000e+00
0.000000000000000000e+00
0.000000000000000000e+00
0.000000000000000000e+00
0.000000000000000000e+00
0.000000000000000000e+00
0.000000000000000000e+00
0.000000000000000000e+00
0.000000000000000000e+00
0.000000000000000000e+00
0.000000000000000000e+00
0.000000000000000000e+00
0.000000000000000000e+00
0.000000000000000000e+00
0.000000000000000000e+00
0.000000000000000000e+00
0.000000000000000000e+00
0.000000000000000000e+00
0.000000000000000000e+00
0.000000000000000000e+00
0.000000000000000000e+00
0.000000000000000000e+00
0.000000000000000000e+00
0.000000000000000000e+00
0.000000000000000000e+00
0.000000000000000000e+00
0.000000000000000000e+00
0.000000000000000000e+00
0.000000000000000000e+00
0.000000000000000000e+00
0.000000000000000000e+00
0.000000000000000000e+00
0.000000000000000000e+00
0.000000000000000000e+00
0.000000000000000000e+00
0.000000000000000000e+00
0.000000000000000000e+00
0.000000000000000000e+00
0.000000000000000000e+00
0.000000000000000000e+00
0.000000000000000000e+00
0.000000000000000000e+00
0.000000000000000000e+00
0.000000000000000000e+00
0.000000000000000000e+00
0.000000000000000000e+00
0.000000000000000000e+00
0.000000000000000000e+00
0.000000000000000000e+00
0.000000000000000000e+00
0.000000000000000000e+00
0.000000000000000000e+00
0.000000000000000000e+00
0.000000000000000000e+00
0.000000000000000000e+00
0.000000000000000000e+00
0.000000000000000000e+00
0.000000000000000000e+00
0.000000000000000000e+00
0.000000000000000000e+00
0.000000000000000000e+00
0.000000000000000000e+00
0.000000000000000000e+00
0.000000000000000000e+00
0.000000000000000000e+00
0.000000000000000000e+00
0.000000000000000000e+00
0.000000000000000000e+00
0.000000000000000000e+00
0.000000000000000000e+00
0.000000000000000000e+00
0.000000000000000000e+00
0.000000000000000000e+00
0.000000000000000000e+00
0.000000000000000000e+00
0.000000000000000000e+00
0.000000000000000000e+00
0.000000000000000000e+00
0.000000000000000000e+00
0.000000000000000000e+00
0.000000000000000000e+00
0.000000000000000000e+00
0.000000000000000000e+00
0.000000000000000000e+00
0.000000000000000000e+00
0.000000000000000000e+00
0.000000000000000000e+00
0.000000000000000000e+00
0.000000000000000000e+00
0.000000000000000000e+00
0.000000000000000000e+00
0.000000000000000000e+00
0.000000000000000000e+00
0.000000000000000000e+00
0.000000000000000000e+00
0.000000000000000000e+00
0.000000000000000000e+00
0.000000000000000000e+00
0.000000000000000000e+00
0.000000000000000000e+00
0.000000000000000000e+00
0.000000000000000000e+00
0.000000000000000000e+00
0.000000000000000000e+00
0.000000000000000000e+00
0.000000000000000000e+00
0.000000000000000000e+00
0.000000000000000000e+00
0.000000000000000000e+00
0.000000000000000000e+00
0.000000000000000000e+00
0.000000000000000000e+00
0.000000000000000000e+00
0.000000000000000000e+00
0.000000000000000000e+00
0.000000000000000000e+00
0.000000000000000000e+00
0.000000000000000000e+00
0.000000000000000000e+00
0.000000000000000000e+00
0.000000000000000000e+00
0.000000000000000000e+00
0.000000000000000000e+00
0.000000000000000000e+00
0.000000000000000000e+00
0.000000000000000000e+00
0.000000000000000000e+00
0.000000000000000000e+00
0.000000000000000000e+00
0.000000000000000000e+00
0.000000000000000000e+00
0.000000000000000000e+00
0.000000000000000000e+00
0.000000000000000000e+00
0.000000000000000000e+00
0.000000000000000000e+00
0.000000000000000000e+00
0.000000000000000000e+00
0.000000000000000000e+00
0.000000000000000000e+00
0.000000000000000000e+00
0.000000000000000000e+00
0.000000000000000000e+00
0.000000000000000000e+00
0.000000000000000000e+00
0.000000000000000000e+00
0.000000000000000000e+00
0.000000000000000000e+00
0.000000000000000000e+00
0.000000000000000000e+00
0.000000000000000000e+00
0.000000000000000000e+00
0.000000000000000000e+00
0.000000000000000000e+00
0.000000000000000000e+00
0.000000000000000000e+00
0.000000000000000000e+00
0.000000000000000000e+00
0.000000000000000000e+00
0.000000000000000000e+00
0.000000000000000000e+00
0.000000000000000000e+00
0.000000000000000000e+00
0.000000000000000000e+00
0.000000000000000000e+00
0.000000000000000000e+00
0.000000000000000000e+00
0.000000000000000000e+00
0.000000000000000000e+00
0.000000000000000000e+00
0.000000000000000000e+00
0.000000000000000000e+00
0.000000000000000000e+00
0.000000000000000000e+00
0.000000000000000000e+00
0.000000000000000000e+00
0.000000000000000000e+00
0.000000000000000000e+00
0.000000000000000000e+00
0.000000000000000000e+00
0.000000000000000000e+00
0.000000000000000000e+00
0.000000000000000000e+00
0.000000000000000000e+00
0.000000000000000000e+00
0.000000000000000000e+00
0.000000000000000000e+00
0.000000000000000000e+00
0.000000000000000000e+00
0.000000000000000000e+00
0.000000000000000000e+00
0.000000000000000000e+00
0.000000000000000000e+00
0.000000000000000000e+00
0.000000000000000000e+00
0.000000000000000000e+00
0.000000000000000000e+00
