3.285057999391793293e-06
3.515252741130715843e-06
3.733243110574615712e-06
3.939526391955718131e-06
4.134576506328365332e-06
4.318845939753993091e-06
4.492766402695775190e-06
4.656745349478271114e-06
4.811174424389925015e-06
4.956428546314824034e-06
5.092858096326879768e-06
5.220802847255140626e-06
5.340588204222374249e-06
5.452524222711118761e-06
5.556902439659192548e-06
5.654005541698878495e-06
5.744106121462980857e-06
5.827454269396103656e-06
5.904303013253855960e-06
5.974886864953465980e-06
6.039428809207158785e-06
6.098154414975892420e-06
6.151274699411598399e-06
6.198999925000647882e-06
6.241529714528282042e-06
6.279057810265838540e-06
6.311776954420230315e-06
6.339863262452783998e-06
6.363502074586958937e-06
6.382863179885089144e-06
6.398116831070328675e-06
6.409419782325912833e-06
6.416940786371938797e-06
6.420824719986285155e-06
6.421231301933587401e-06
6.418298695641077790e-06
6.412179074372709212e-06
6.403006078590561284e-06
6.390916459879014974e-06
6.376049065497904626e-06
6.358526532427519850e-06
6.338480613324368135e-06
6.316037599399485178e-06
6.291314716622912933e-06
6.264434233715406239e-06
6.235509290849617544e-06
6.204663301804268620e-06
6.172001431717127052e-06
6.137631871685942950e-06
6.101668288193050363e-06
6.064204072210318122e-06
6.025352422557877435e-06
5.985210354132792708e-06
5.943866559285104823e-06
5.901422744350156930e-06
5.857968154019060741e-06
5.813586851458839831e-06
5.768371103738589444e-06
5.722399679348079556e-06
5.675750612067478808e-06
5.628506681827700662e-06
5.580740228407022641e-06
5.532524755531711468e-06
5.483930179073259475e-06
5.435023021800507147e-06
5.385869611527463885e-06
5.336533107489626961e-06
5.287074242498769538e-06
5.237546503685556345e-06
5.188011823700869294e-06
5.138523000376868266e-06
5.089125072216305541e-06
5.039865417780150414e-06
4.990798216912844042e-06
4.941964080538772677e-06
4.893399194214813337e-06
4.845146071157999107e-06
4.797244121729326557e-06
4.749727077980743338e-06
4.702624743702402236e-06
4.655970804171161165e-06
4.609793601418669196e-06
4.564121476438013902e-06
4.518978587201400499e-06
4.474381645098384683e-06
4.430358296703977858e-06
4.386928808842354552e-06
4.344110868590871210e-06
4.301911053319672372e-06
4.260352255951497551e-06
4.219450107987296063e-06
4.179207923940851788e-06
4.139641159000765769e-06
4.100755552481093008e-06
4.062554646226181392e-06
4.025055044883646569e-06
3.988248835386653180e-06
3.952145791564760502e-06
3.916748550906854918e-06
3.882052528432911997e-06
3.848064526582639145e-06
3.814774421838462406e-06
3.782187574298513048e-06
3.750301871722083328e-06
3.719103619223816382e-06
3.688600029687583370e-06
3.658771649292251763e-06
3.629623012280302670e-06
3.601141750634258443e-06
3.573322879730700422e-06
3.546159046868942214e-06
3.519627039087059400e-06
3.493733338024617447e-06
3.468457242135942036e-06
3.443798818607465891e-06
3.419735091888809011e-06
3.396262521383471177e-06
3.373357731483397310e-06
3.351020558241565338e-06
3.329228904864010090e-06
3.307975855120735763e-06
3.287242494658778856e-06
3.267017216527827311e-06
3.247280743033003732e-06
3.228026071443206677e-06
3.209232155945807981e-06
3.190891067373383677e-06
3.172981562464047188e-06
3.155493688446989112e-06
3.138403430348444202e-06
3.121704809129855321e-06
3.105375350305655754e-06
3.089407329189832180e-06
3.073776554559815489e-06
3.058477503152823216e-06
3.043485950853150878e-06
3.028791505271673230e-06
3.014374807877889172e-06
3.000225653732792634e-06
2.986326119900705704e-06
2.972662051508489568e-06
2.959221534975772165e-06
2.945983110039194516e-06
2.932940088063430544e-06
2.920073128250815918e-06
2.907373361429254840e-06
2.894821375098964724e-06
2.882407756519108694e-06
2.870119902459375021e-06
2.857940443395484394e-06
2.845863141798378693e-06
2.833869998697298589e-06
2.821954561975520290e-06
2.810101328982644772e-06
2.798299693767926008e-06
2.786541939617574801e-06
2.774812467026531724e-06
2.763106900685376182e-06
2.751411203171726733e-06
2.739717921652287262e-06
2.728020115932382302e-06
2.716304582611473973e-06
2.704566689162764671e-06
2.692798860275788812e-06
2.680990840704728928e-06
2.669142552177727606e-06
2.657239884714798391e-06
2.645282591559319528e-06
2.633263383856458412e-06
2.621175378678166592e-06
2.609015679295126337e-06
2.596780740967931946e-06
2.584464229557759480e-06
2.572068349595739205e-06
2.559584001159279790e-06
2.547011799530336701e-06
2.534352069553346210e-06
2.521596656572616157e-06
2.508749527399326476e-06
2.495808384258994955e-06
2.482771989798556939e-06
2.469643068877704423e-06
2.456418675962114635e-06
2.443101362591428073e-06
2.429692873137606100e-06
2.416191464161745390e-06
2.402601531989576974e-06
2.388924556440870316e-06
2.375160512447973331e-06
2.361316109922866581e-06
2.347393046536044102e-06
2.333391924518698733e-06
2.319319924380797460e-06
2.305178973133324501e-06
2.290971016408401236e-06
2.276703639472450748e-06
2.262379496902182718e-06
2.248001412192649544e-06
2.233577480850978570e-06
2.219112798806544887e-06
2.204608121367707331e-06
2.190072895397077229e-06
2.175512112921513046e-06
2.160926775784293391e-06
2.146326142386264240e-06
2.131717480034705637e-06
2.117102267589986707e-06
2.102486427835377547e-06
2.087881237492926978e-06
2.073287430600200823e-06
2.058708591242437996e-06
2.044158135058443281e-06
2.029637962639581741e-06
2.015148371429417973e-06
2.000702552369262010e-06
1.986306265835115730e-06
1.971960454126111602e-06
1.957672205628608334e-06
1.943451850975372563e-06
1.929300480972367081e-06
1.915218517468410107e-06
1.901219838627985008e-06
1.887307788525969767e-06
1.873482156048634730e-06
1.859750837227051872e-06
1.846124368506797685e-06
1.832601161999590478e-06
1.819182338123631419e-06
1.805879578679229552e-06
1.792697920514890448e-06
1.779634408889957782e-06
1.766692414968659859e-06
1.753884332750041716e-06
1.741209293272998178e-06
1.728666135829002940e-06
1.716262163558217849e-06
1.704005368377351804e-06
1.691892156355120023e-06
1.679922536902380845e-06
1.668106504940843590e-06
1.656444880349070002e-06
1.644937058881995588e-06
1.633581224059812583e-06
1.622388312480760312e-06
1.611356158177390441e-06
1.600481984087217969e-06
1.589764853524330009e-06
1.579219185327231787e-06
1.568838044454833885e-06
1.558619973666859429e-06
1.548564934761394047e-06
1.538681924854132621e-06
1.528964932583080485e-06
1.519411874408818010e-06
1.510022477688719369e-06
1.500804317899200630e-06
1.491750183166019598e-06
1.482857851768393262e-06
1.474126475752514027e-06
1.465565013697686032e-06
1.457163928509148766e-06
1.448922632260605514e-06
1.440838282189240281e-06
1.432916947541771629e-06
1.425151480770705639e-06
1.417539244098316845e-06
1.410079436749075920e-06
1.402774530405340075e-06
1.395616852167589030e-06
1.388603882665900702e-06
1.381732754283784476e-06
1.375007414554458627e-06
1.368422695500670961e-06
1.361973559408858521e-06
1.355658383262318178e-06
1.349477238963254309e-06
1.343426666120225616e-06
1.337499954672292112e-06
1.331696116695451094e-06
1.326013194446974514e-06
1.320451163622878256e-06
1.315000677483776439e-06
1.309659237319964341e-06
1.304424588906582748e-06
1.299297884919862900e-06
1.294273035551378380e-06
1.289344633326784994e-06
1.284510442770636631e-06
1.279768659837687775e-06
1.275117784600386489e-06
1.270548930973234492e-06
1.266060086746591876e-06
1.261650062248352427e-06
1.257318361209129068e-06
1.253057724547703866e-06
1.248861488940161968e-06
1.244729008280274418e-06
1.240659683854982783e-06
1.236650767113998328e-06
1.232693812292989828e-06
1.228786799513145545e-06
1.224928022043666582e-06
1.221116861162068863e-06
1.217348620586452527e-06
1.213616126480656430e-06
1.209918111959710565e-06
1.206254012707209235e-06
1.202622369315572576e-06
1.199017053217721987e-06
1.195433046519903148e-06
1.191869209797579756e-06
1.188325349038160175e-06
1.184798914270623797e-06
1.181284244119891627e-06
1.177778089428106974e-06
1.174280025233198959e-06
1.170790126314810645e-06
1.167305023659160973e-06
1.163819739646997972e-06
1.160331926145562096e-06
1.156841294252210370e-06
1.153348334806408009e-06
1.149849403323284465e-06
1.146340825043385353e-06
1.142820583677793974e-06
1.139288576119747697e-06
1.135745061113349598e-06
1.132187139339631175e-06
1.128612640021352417e-06
1.125019649278200820e-06
1.121408878556984290e-06
1.117778804281617382e-06
1.114129403516768756e-06
1.110458529732312727e-06
1.106765266448781703e-06
1.103048985798395672e-06
1.099308476507200833e-06
1.095545715408286246e-06
1.091759078159867166e-06
1.087947541882872789e-06
1.084109694731470270e-06
1.080247646046176940e-06
1.076360879120564178e-06
1.072449196163375549e-06
1.068511679344854356e-06
1.064549617334082527e-06
1.060563017828827722e-06
1.056552114469728381e-06
1.052516287710002057e-06
1.048457057661403319e-06
1.044375936726992351e-06
1.040271313189976608e-06
1.036144548788888099e-06
1.031995998466886166e-06
1.027826593119363183e-06
1.023638013845206498e-06
1.019431709093134524e-06
1.015207278869574792e-06
1.010965338929905574e-06
1.006705943488792532e-06
1.002432049966717675e-06
9.981456085622929527e-07
9.938468740162557385e-07
9.895358712351016271e-07
9.852123138165098951e-07
9.808786588762086612e-07
9.765382727426308556e-07
9.721916060504501571e-07
9.678392515868655590e-07
9.634821978659572229e-07
9.591197062623574114e-07
9.547538373605199782e-07
9.503906458990476385e-07
9.460291275665771798e-07
9.416691699055257511e-07
9.373131615641696813e-07
9.329593442965725064e-07
9.286105525831431601e-07
9.242723099440265995e-07
9.199438682100299386e-07
9.156238956368714040e-07
9.113155752372829652e-07
9.070170681016518252e-07
9.027316271048865117e-07
8.984641399329561735e-07
8.942141187077919743e-07
8.899795668086330724e-07
8.857642741423545320e-07
8.815659419780214758e-07
8.773874604789215287e-07
8.732352353916545643e-07
8.691068904332189974e-07
8.650006890335900853e-07
8.609219434890521173e-07
8.568660048020654828e-07
8.528355568787196343e-07
8.488379935225506079e-07
8.448695544755980325e-07
8.409291929133051034e-07
8.370214466297455618e-07
8.331414596397850084e-07
8.292935526366847594e-07
8.254814805344575926e-07
8.217018195150032715e-07
8.179588887376571608e-07
8.142492333179289984e-07
8.105719000506287955e-07
8.069323593628938170e-07
8.033300075062241652e-07
7.997639042055573036e-07
7.962376306949336965e-07
7.927477040950851500e-07
7.892954313188109753e-07
7.858806176294421027e-07
7.825029406346512907e-07
7.791680931422664619e-07
7.758717643561997130e-07
7.726127811453397472e-07
7.693944695503013656e-07
7.662126219083900106e-07
7.630720423135112051e-07
7.599721304115987655e-07
7.569091972245050420e-07
7.538875552408170332e-07
7.509037066007094969e-07
7.479591260013422707e-07
7.450519454115678356e-07
7.421837070049100843e-07
7.393559213824513084e-07
7.365644369273885514e-07
7.338115782776337208e-07
7.310954760587297465e-07
7.284150914012330359e-07
7.257737862750412221e-07
7.231670666163925271e-07
7.205987111292957843e-07
7.180644700221025054e-07
7.155635654201489333e-07
7.130980219186448390e-07
7.106661320387172356e-07
7.082691627715709999e-07
7.059050474992942435e-07
7.035729388780362687e-07
7.012721339537480745e-07
6.990006799207433694e-07
6.967607915210924565e-07
6.945506276439387262e-07
6.923708627944590966e-07
6.902200819876234479e-07
6.880957584222859384e-07
6.859987378521538433e-07
6.839267061500623944e-07
6.818814213808780344e-07
6.798617999587718020e-07
6.778676216531868835e-07
6.758972242967018234e-07
6.739488636323662388e-07
6.720219254642403353e-07
6.701156034055486871e-07
6.682299385180940373e-07
6.663659911186259782e-07
6.645217122541555583e-07
6.626958298182713434e-07
6.608877542957863827e-07
6.590951089388390448e-07
6.573177672639464897e-07
6.555560893987197719e-07
6.538101553086171781e-07
6.520791305585447159e-07
6.503618209786935709e-07
6.486566172921244018e-07
6.469624965215190517e-07
6.452784814856323252e-07
6.436060710922312659e-07
6.419433832685304938e-07
6.402906994958094313e-07
6.386487702374922654e-07
6.370139651827713345e-07
6.353854142440549822e-07
6.337633852514416532e-07
6.321477661477663819e-07
6.305369420399056327e-07
6.289337813881725004e-07
6.273347889886390659e-07
6.257408277622782738e-07
6.241498114964177835e-07
6.225614866564358448e-07
6.209744865151833868e-07
6.193908703248669624e-07
6.178088029461615240e-07
6.162285113938495730e-07
6.146507602266355422e-07
6.130731783599793780e-07
6.114954737985001622e-07
6.099172070874524770e-07
6.083387684971314562e-07
6.067590697939450772e-07
6.051797288288135756e-07
6.035989039155671998e-07
6.020180363292329280e-07
6.004349000069589819e-07
5.988500992383891982e-07
5.972626426973363821e-07
5.956734880326946642e-07
5.940810359932438362e-07
5.924874459658330534e-07
5.908907373041414659e-07
5.892926200877042591e-07
5.876916150316278651e-07
5.860881190506385761e-07
5.844812178303273639e-07
5.828718169386071621e-07
5.812590700850482683e-07
5.796440116793893633e-07
5.780258411261635949e-07
5.764058222426077552e-07
5.747832664463655626e-07
5.731581393526850946e-07
5.715303091919880567e-07
5.698998680848757573e-07
5.682668701056096765e-07
5.666313523285423947e-07
5.649935811990005430e-07
5.633542919704407508e-07
5.617136195164782510e-07
5.600710483499121180e-07
5.584272575275016337e-07
5.567813356178499313e-07
5.551342708676627521e-07
5.534850938942086616e-07
5.518351637951822755e-07
5.501845185524471683e-07
5.485345175765497868e-07
5.468840289964547317e-07
5.452341539678598641e-07
5.435837308740842469e-07
5.419342608286280107e-07
5.402841992110076628e-07
5.386349693950728149e-07
5.369859423618240363e-07
5.353395941325363414e-07
5.336948644556985096e-07
5.320522981737511548e-07
5.304119222691236293e-07
5.287729701106590476e-07
5.271366889178481810e-07
5.255016640260850033e-07
5.238700729341717148e-07
5.222413332400668865e-07
5.206175227654887381e-07
5.189965935164761735e-07
5.173810492451548251e-07
5.157681141656030474e-07
5.141606869360782320e-07
5.125560859398769875e-07
5.109566947237741842e-07
5.093611743697119085e-07
5.077725454750308674e-07
5.061895136256566401e-07
5.046125078258029716e-07
5.030421202958428773e-07
5.014765390505543208e-07
4.999185947357180753e-07
4.983649594422408909e-07
4.968194508857925276e-07
4.952794843789447062e-07
4.937486512196412690e-07
4.922240236987833664e-07
4.907082662383393363e-07
4.891994910026845316e-07
4.876982782164858519e-07
4.862050157776005778e-07
4.847183235467058420e-07
4.832409744413478580e-07
4.817708528133836360e-07
4.803111520728491621e-07
4.788587425845639370e-07
4.774164095199388857e-07
4.759819857121526436e-07
4.745568128741669184e-07
4.731402235625354138e-07
4.717316589988046634e-07
4.703330995297507855e-07
4.689428813637157731e-07
4.675637496383774251e-07
4.661925358958673133e-07
4.648321126253938053e-07
4.634802232960504890e-07
4.621381088123502304e-07
4.608053055391711171e-07
4.594809377920072980e-07
4.581674186018595088e-07
4.568621693074222000e-07
4.555680843379036049e-07
4.542821113247735516e-07
4.530067977332582437e-07
4.517402564963135252e-07
4.504829858391170767e-07
4.492355859019693768e-07
4.479966912416454259e-07
4.467682989341523933e-07
4.455484123096354079e-07
4.443384437844378845e-07
4.431370116708691985e-07
4.419445824450675298e-07
4.407613635512715995e-07
4.395865566717028793e-07
4.384213982536936403e-07
4.372646610861198575e-07
4.361167654618171145e-07
4.349776716901259337e-07
4.338467414150756519e-07
4.327247952309793230e-07
4.316102586099753396e-07
4.305046375842587459e-07
4.294062485372892246e-07
4.283163561429589151e-07
4.272341560400023844e-07
4.261594984213509590e-07
4.250933039668069736e-07
4.240342224362941063e-07
4.229829425898677867e-07
4.219381612963749004e-07
4.209004325694290648e-07
4.198694963352125330e-07
4.188454807767374020e-07
4.178283170065843704e-07
4.168179768263574681e-07
4.158139891359063637e-07
4.148170477347597225e-07
4.138259771995148638e-07
4.128413201879280834e-07
4.118615905591449052e-07
4.108880302039718296e-07
4.099193306419462716e-07
4.089566133476464880e-07
4.079988466367724202e-07
4.070469489919144143e-07
4.060999315370127786e-07
4.051586654787506295e-07
4.042219315617269117e-07
4.032901053103500831e-07
4.023620905772502228e-07
4.014388794234833699e-07
4.005193326577860946e-07
3.996045466320867743e-07
3.986933081897994512e-07
3.977867773727590554e-07
3.968837665767124344e-07
3.959854057441787376e-07
3.950904606984160409e-07
3.941991643977014581e-07
3.933106297766336284e-07
3.924256820382995815e-07
3.915433124979355917e-07
3.906646299428962605e-07
3.897883123790706593e-07
3.889156465535975464e-07
3.880454819073960647e-07
3.871787996293292152e-07
3.863147788503826886e-07
3.854533791443251256e-07
3.845938947390966723e-07
3.837370442719340426e-07
3.828819588591589188e-07
3.820294303301334575e-07
3.811786392751455923e-07
3.803303803063317620e-07
3.794839145287135892e-07
3.786398601953663256e-07
3.777979345995654736e-07
3.769580025255707224e-07
3.761196479105188597e-07
3.752830401241957549e-07
3.744479499396653101e-07
3.736144497086099367e-07
3.727826661191048130e-07
3.719523316277636762e-07
3.711236189405217727e-07
3.702964138292686929e-07
3.694710492392186008e-07
3.686474132413710858e-07
3.678253609894160445e-07
3.670042905962593026e-07
3.661849687583301047e-07
3.653666065627023755e-07
3.645497270177721617e-07
3.637340632304035595e-07
3.629197898555291630e-07
3.621065515835036732e-07
3.612949857706040581e-07
3.604849275286957723e-07
3.596765858437022039e-07
3.588694862747327260e-07
3.580634746420127190e-07
3.572591395239445754e-07
3.564557215816051076e-07
3.556537437125900353e-07
3.548530127405071176e-07
3.540534338241529823e-07
3.532553267574117929e-07
3.524586370667222674e-07
3.516634718934004887e-07
3.508704326922404257e-07
3.500784320176618002e-07
3.492879344547171402e-07
3.484992347901505071e-07
3.477115206085820449e-07
3.469256418936575719e-07
3.461410877609277868e-07
3.453576787731628444e-07
3.445763800253202268e-07
3.437963750781646510e-07
3.430181563803462664e-07
3.422424067030247652e-07
3.414678771021418251e-07
3.406951135020786545e-07
3.399245340743869878e-07
3.391551651002297377e-07
3.383878981405764463e-07
3.376223132264291133e-07
3.368580991745864074e-07
3.360962502776889002e-07
3.353359970109626924e-07
3.345777282691126766e-07
3.338223711413379612e-07
3.330685867705415409e-07
3.323166129401999995e-07
3.315676166868616422e-07
3.308200980530399642e-07
3.300746157315195196e-07
3.293316785599283741e-07
3.285903484864621899e-07
3.278513099196969901e-07
3.271145802548943026e-07
3.263798944003623789e-07
3.256481527367589728e-07
3.249184901457382676e-07
3.241910200066836598e-07
3.234665703704070008e-07
3.227441326870091506e-07
3.220235261404939139e-07
3.213063296283541147e-07
3.205909280563128336e-07
3.198774838308335527e-07
3.191673789229734048e-07
3.184590855493410709e-07
3.177534240247541435e-07
3.170510093247784824e-07
3.163505568462766551e-07
3.156526790184047830e-07
3.149578053923566075e-07
3.142650858661303962e-07
3.135751003176432771e-07
3.128877599220398471e-07
3.122026184254074454e-07
3.115202481992995725e-07
3.108406005385848428e-07
3.101633056272639400e-07
3.094890099039246090e-07
3.088172925664611241e-07
3.081480990305965268e-07
3.074819973264508281e-07
3.068182044603928872e-07
3.061569076585101344e-07
3.054987823782393380e-07
3.048430050746027084e-07
3.041894862019453215e-07
3.035391861794841529e-07
3.028913255381006256e-07
3.022458890421368845e-07
3.016036376652304132e-07
3.009635529374048879e-07
3.003261378494316976e-07
2.996917840744702021e-07
2.990596316653784904e-07
2.984299065352795421e-07
2.978032802220668063e-07
2.971790261967314807e-07
2.965569989618661759e-07
2.959379582054055353e-07
2.953214171083090758e-07
2.947072366878692119e-07
2.940959673091898440e-07
2.934867517584620302e-07
2.928801301954402607e-07
2.922762991382057491e-07
2.916745226838139428e-07
2.910752036541480862e-07
2.904785975341994705e-07
2.898842200070291634e-07
2.892920873968339484e-07
2.887025594310187532e-07
2.881155378320353011e-07
2.875307128754508727e-07
2.869483143914160794e-07
2.863681889763772945e-07
2.857901741865168297e-07
2.852147482472092282e-07
2.846411918134793969e-07
2.840700198060749782e-07
2.835011464425050387e-07
2.829342150317067163e-07
2.823696728509778787e-07
2.818072263387313370e-07
2.812471186691053470e-07
2.806889748491029813e-07
2.801329387736554074e-07
2.795793270746389154e-07
2.790273557407715706e-07
2.784773471066043912e-07
2.779295991823246649e-07
2.773835304618400623e-07
2.768395153587346232e-07
2.762975099545956719e-07
2.757574830204788784e-07
2.752191862353349331e-07
2.746828085462783255e-07
2.741486404981290579e-07
2.736162328258316341e-07
2.730857798612498196e-07
2.725569560448054713e-07
2.720297688877580665e-07
2.715046512081718988e-07
2.709808921561177691e-07
2.704589543849047599e-07
2.699387588683748307e-07
2.694200179658620300e-07
2.689032615106541970e-07
2.683879440937388495e-07
2.678743822146433796e-07
2.673625072386353549e-07
2.668523362569253563e-07
2.663440249532627641e-07
2.658369302477741680e-07
2.653312710876344116e-07
2.648274790616342830e-07
2.643248673219800403e-07
2.638237723278274401e-07
2.633243185027853090e-07
2.628260474093207165e-07
2.623294934200049473e-07
2.618342234543798418e-07
2.613405671987257101e-07
2.608482894228620848e-07
2.603575850508557634e-07
2.598685819601094614e-07
2.593806058370027088e-07
2.588938649198337334e-07
2.584088341269910454e-07
2.579248332443126029e-07
2.574421488423314024e-07
2.569609281036014707e-07
2.564807933912988830e-07
2.560021628115844302e-07
2.555245896276434976e-07
2.550485592024161100e-07
2.545737751985881101e-07
2.541003386943798630e-07
2.536285275296339051e-07
2.531576603304645644e-07
2.526878592000847305e-07
2.522196549774221090e-07
2.517523996199219552e-07
2.512862743279386050e-07
2.508213699572922401e-07
2.503577187918643749e-07
2.498952760631515975e-07
2.494337204089543614e-07
2.489735880344590250e-07
2.485147074901004314e-07
2.480570319212007823e-07
2.476007094509780739e-07
2.471456057843151651e-07
2.466914287555351638e-07
2.462384575088097015e-07
2.457868793536419601e-07
2.453361364116357887e-07
2.448864835747916529e-07
2.444382730129053601e-07
2.439909196499202292e-07
2.435446692293896694e-07
2.430995657485427719e-07
2.426557765304204032e-07
2.422129941756698732e-07
2.417714226211866967e-07
2.413314175270929953e-07
2.408921862468600469e-07
2.404539270995643987e-07
2.400171715005650880e-07
2.395813158970861202e-07
2.391464765129068209e-07
2.387126838819132244e-07
2.382802995864446503e-07
2.378488238043105585e-07
2.374181692095311686e-07
2.369889689654433045e-07
2.365608514750253531e-07
2.361337937661423916e-07
2.357078801956018479e-07
2.352834517951228488e-07
2.348597920278478095e-07
2.344370786919723846e-07
2.340158899343240503e-07
2.335954827316637475e-07
2.331761240827270836e-07
2.327579021588157798e-07
2.323408614368421559e-07
2.319248336535503035e-07
2.315095788204505298e-07
2.310958051492778053e-07
2.306830090956315364e-07
2.302712713875537722e-07
2.298606577583587580e-07
2.294514640438917353e-07
2.290430554105346706e-07
2.286355938087170307e-07
2.282296388737169302e-07
2.278244524426974430e-07
2.274203414007944976e-07
2.270173015080321842e-07
2.266155285237196549e-07
2.262146932133246546e-07
2.258146450706713966e-07
2.254160349373265296e-07
2.250184519876569652e-07
2.246218185980811094e-07
2.242262599408578591e-07
2.238321953820248110e-07
2.234388154245440144e-07
2.230464804125620265e-07
2.226554589265891914e-07
2.222653619284331821e-07
2.218763035911472668e-07
2.214881033043186166e-07
2.211013566579443661e-07
2.207154360966302546e-07
2.203304380534933754e-07
2.199465771783292659e-07
2.195639304094190172e-07
2.191821285676474391e-07
2.188014296705327177e-07
2.184220269397494751e-07
2.180435186921401503e-07
2.176659840881344464e-07
2.172893996691125377e-07
2.169142084541852002e-07
2.165397717798664591e-07
2.161662804292993146e-07
2.157940230153317833e-07
2.154226535386082612e-07
2.150523773354666874e-07
2.146828903166913671e-07
2.143146700673507571e-07
2.139474681752125043e-07
2.135811565274496615e-07
2.132158632126894446e-07
2.128519284823388182e-07
2.124886383397411844e-07
2.121263859984869348e-07
2.117653041873684078e-07
2.114051721561825205e-07
2.110459485796147917e-07
2.106875897560590991e-07
2.103305311603155158e-07
2.099742180004403196e-07
2.096189377549688856e-07
2.092645438634928866e-07
2.089112517234330205e-07
2.085589800362705482e-07
2.082076226269676326e-07
2.078572058254756764e-07
2.075080456862909610e-07
2.071595371539502215e-07
2.068119737435978305e-07
2.064655927017423053e-07
2.061199991760724659e-07
2.057753442492377822e-07
2.054315269479906824e-07
2.050889067001913626e-07
2.047469986696949726e-07
2.044060943807373469e-07
2.040660184908322282e-07
2.037269595568998026e-07
2.033889203182530919e-07
2.030517432982365468e-07
2.027154480784900793e-07
2.023803769564287384e-07
2.020458860698848949e-07
2.017122943591198485e-07
2.013797981307191561e-07
2.010481267117639249e-07
2.007172256431771363e-07
2.003872060304822400e-07
2.000582430492915059e-07
1.997299435271379655e-07
1.994026827404950623e-07
1.990760901914341950e-07
1.987505098032755657e-07
1.984259047271128833e-07
1.981020058069870304e-07
1.977790590208847249e-07
1.974572067552900398e-07
1.971359895724257515e-07
1.968155859804028479e-07
1.964960223436638869e-07
1.961775200839989378e-07
1.958596121585116053e-07
1.955425524416447874e-07
1.952263356971255078e-07
1.949110308258070101e-07
1.945964895572993236e-07
1.942826492609952998e-07
1.939696979790054402e-07
1.936576568251082627e-07
1.933463979762129102e-07
1.930359749360787620e-07
1.927263617247399589e-07
1.924177788026126452e-07
1.921097343267514618e-07
1.918024003363920222e-07
1.914961157175580617e-07
1.911905021734514642e-07
1.908855464582302929e-07
1.905813907903442246e-07
1.902781355664146822e-07
1.899754798397266488e-07
1.896737477156890972e-07
1.893725267040882350e-07
1.890722358463616929e-07
1.887728055835285674e-07
1.884740192185485693e-07
1.881760631863718857e-07
1.878789966362663707e-07
1.875826972652887659e-07
1.872869826789800379e-07
1.869919038069579689e-07
1.866978538563331752e-07
1.864043542995351690e-07
1.861115261436484436e-07
1.858193912887945533e-07
1.855281702297368287e-07
1.852374601856223014e-07
1.849476127588109369e-07
1.846582348029836738e-07
1.843697617579581246e-07
1.840820684629357479e-07
1.837949797395514168e-07
1.835086429216646536e-07
1.832231626530301929e-07
1.829383966129106589e-07
1.826541691516856741e-07
1.823705158065123997e-07
1.820878378467982662e-07
1.818057086750889182e-07
1.815241638734851116e-07
1.812432770669207142e-07
1.809632159834538664e-07
1.806836989404822491e-07
1.804049468056500367e-07
1.801266456614573110e-07
1.798491535972828050e-07
1.795724232837799270e-07
1.792962618488445523e-07
1.790208046516450805e-07
1.787460140915758313e-07
1.784721079526575349e-07
1.781985821603909681e-07
1.779256545842624855e-07
1.776534907533056415e-07
1.773820570717458229e-07
1.771110806625742937e-07
1.768407215096302458e-07
1.765709819769741646e-07
1.763020452730213941e-07
1.760335745057908118e-07
1.757657324134609958e-07
1.754984178268656534e-07
1.752319029662411140e-07
1.749660165014623099e-07
1.747006676503925083e-07
1.744359693653071861e-07
1.741721246413367459e-07
1.739087534345929148e-07
1.736459354844778263e-07
1.733836242203831219e-07
1.731221860540403511e-07
1.728611940010281830e-07
1.726007633091068190e-07
1.723408605427602793e-07
1.720817329717428779e-07
1.718230907383730974e-07
1.715651019260732813e-07
1.713075209276877358e-07
1.710506443654809722e-07
1.707944459340824837e-07
1.705387749528615779e-07
1.702837042556233497e-07
1.700291721994857703e-07
1.697755137855390216e-07
1.695221912321413755e-07
1.692694603743713635e-07
1.690172098549165222e-07
1.687658287647139199e-07
1.685147886613715796e-07
1.682643441741149884e-07
1.680143656496183784e-07
1.677651662750952714e-07
1.675163694480505889e-07
1.672682292948009991e-07
1.670204634512722690e-07
1.667733778047955153e-07
1.665269318089284627e-07
1.662809723729267521e-07
1.660355960830002115e-07
1.657907201018422873e-07
1.655466730315480581e-07
1.653029521223693602e-07
1.650597972036553362e-07
1.648170952777125763e-07
1.645751906020157804e-07
1.643336428253114948e-07
1.640926475810143116e-07
1.638521109120114973e-07
1.636122594044445303e-07
1.633728678808470158e-07
1.631340443955603209e-07
1.628956252733841399e-07
1.626577659334632306e-07
1.624205499031734183e-07
1.621838825172654850e-07
1.619476561005808329e-07
1.617119947369410216e-07
1.614770392961075179e-07
1.612425478110148377e-07
1.610084878667115885e-07
1.607748866577326430e-07
1.605419809688688589e-07
1.603095783563606727e-07
1.600775918580543393e-07
1.598461041563171983e-07
1.596151343344288304e-07
1.593848349690184774e-07
1.591548976982245001e-07
1.589255079930142994e-07
1.586965155481791258e-07
1.584681812229480265e-07
1.582403879608235854e-07
1.580130161296506004e-07
1.577861952845583100e-07
1.575598666765442795e-07
1.573342609577283625e-07
1.571089248288827746e-07
1.568841304038819179e-07
1.566597666399251325e-07
1.564361431803840848e-07
1.562128224478518759e-07
1.559900110999870210e-07
1.557676348662386696e-07
1.555458625390719750e-07
1.553245529181962737e-07
1.551037107253289677e-07
1.548833123547206080e-07
1.546633668837268289e-07
1.544440087246856611e-07
1.542251785793615661e-07
1.540067230321476383e-07
1.537888247526192122e-07
1.535714432922425512e-07
1.533546773054786526e-07
1.531381631712053038e-07
1.529221716488827540e-07
1.527066327519309010e-07
1.524917747608621024e-07
1.522771851229684750e-07
1.520630950582546417e-07
1.518494157564002849e-07
1.516363165751718765e-07
1.514236329616989820e-07
1.512114133106584713e-07
1.509996117719451513e-07
1.507882325265644716e-07
1.505774098448832706e-07
1.503671007983146342e-07
1.501571546610471324e-07
1.499477403080384572e-07
1.497387820800357114e-07
1.495304709396342953e-07
1.493223933054810707e-07
1.491148033668610824e-07
1.489076141756813583e-07
1.487010958754736697e-07
1.484948676678127941e-07
1.482890616624454576e-07
1.480836708249578510e-07
1.478787911457229458e-07
1.476744171405242813e-07
1.474703791526181662e-07
1.472668262530524647e-07
1.470635951160194916e-07
1.468609413619257484e-07
1.466587617122896159e-07
1.464569608815034159e-07
1.462556209956031954e-07
1.460546777495755461e-07
1.458543936104366338e-07
1.456544050815187968e-07
1.454548138126625847e-07
1.452555642090383549e-07
1.450569094518264726e-07
1.448586786846050460e-07
1.446607628926159304e-07
1.444632914754477044e-07
1.442661823218619863e-07
1.440696735886651317e-07
1.438734194790440545e-07
1.436776877771202514e-07
1.434822417545321994e-07
1.432872282276107606e-07
1.430927313007898962e-07
1.428986773496693695e-07
1.427049411569958932e-07
1.425116857348615599e-07
1.423188418296747252e-07
1.421265870160736646e-07
1.419345251217988156e-07
1.417429079037445899e-07
1.415516216124250148e-07
1.413609254288173484e-07
1.411705331315440453e-07
1.409804752027374269e-07
1.407908148354175780e-07
1.406015264188064196e-07
1.404128017163774741e-07
1.402242929250184759e-07
1.400362927255209337e-07
1.398485235480340629e-07
1.396612118175089721e-07
1.394743563951437449e-07
1.392879309424912381e-07
1.391017929944288399e-07
1.389161070807453371e-07
1.387308365000621667e-07
1.385460918434742586e-07
1.383615342942197617e-07
1.381773944024357628e-07
1.379935650479565918e-07
1.378103042330453714e-07
1.376273301714484134e-07
1.374446666812578299e-07
1.372623709961764645e-07
1.370804276608091748e-07
1.368990344682250478e-07
1.367178354908343682e-07
1.365371123779849418e-07
1.363566206021407992e-07
1.361765325367852254e-07
1.359969070637947135e-07
1.358176611939049992e-07
1.356387032704008382e-07
1.354601684486968546e-07
1.352819680827632416e-07
1.351043299004063650e-07
1.349268806746760520e-07
1.347498036933461633e-07
1.345729924853408468e-07
1.343966806882915742e-07
1.342207434405549008e-07
1.340450389124608020e-07
1.338697294037127804e-07
1.336947091183287130e-07
1.335201571705986635e-07
1.333459089490375174e-07
1.331719810805208646e-07
1.329984045099235956e-07
1.328250930571236304e-07
1.326522359216257600e-07
1.324797660223338540e-07
1.323075828062133857e-07
1.321357604604078711e-07
1.319642612349881916e-07
1.317932396203952411e-07
1.316225608402955203e-07
1.314520745361510853e-07
1.312819640554007977e-07
1.311121506402181845e-07
1.309428468894186154e-07
1.307737607423572838e-07
1.306049623650243140e-07
1.304364895054768816e-07
1.302683221370185268e-07
1.301006470986342055e-07
1.299331380107331520e-07
1.297660541921641771e-07
1.295991936660660058e-07
1.294326536987481602e-07
1.292665191977758314e-07
1.291007483171718559e-07
1.289352394288051385e-07
1.287700836171947567e-07
1.286052154031702309e-07
1.284408300893289654e-07
1.282767230015094976e-07
1.281128360468126434e-07
1.279492547367296150e-07
1.277860017154157076e-07
1.276232431901068161e-07
1.274606604754646765e-07
1.272983684439969537e-07
1.271363702750756965e-07
1.269746735666457341e-07
1.268134473201352477e-07
1.266523737917847381e-07
1.264917028797510470e-07
1.263312440679606626e-07
1.261710899651176290e-07
1.260113214636222684e-07
1.258519015339978057e-07
1.256927270482126140e-07
1.255338795941234168e-07
1.253753130577064951e-07
1.252171913701778628e-07
1.250593647053767241e-07
1.249017116758330298e-07
1.247444097053115468e-07
1.245873644232204086e-07
1.244307748473536403e-07
1.242744004081823583e-07
1.241182691744895512e-07
1.239624579133540375e-07
1.238068932326658956e-07
1.236517616422953771e-07
1.234968471723460964e-07
1.233422211820658422e-07
1.231878897578945603e-07
1.230337782276183767e-07
1.228800526025629093e-07
1.227266415444783693e-07
1.225735320483257899e-07
1.224206474446384295e-07
1.222681143191952970e-07
1.221158745868814411e-07
1.219640654780203343e-07
1.218123971209967672e-07
1.216610296536744028e-07
1.215098747398087938e-07
1.213590864008556317e-07
1.212086850829620655e-07
1.210584290715207809e-07
1.209084710958217679e-07
1.207587670068730418e-07
1.206093478556403700e-07
1.204603375713363883e-07
1.203114599879149563e-07
1.201629580420825244e-07
1.200146333232067542e-07
1.198665878743801815e-07
1.197188872102809074e-07
1.195715049727259209e-07
1.194243464957968480e-07
1.192774708869519963e-07
1.191308667480332188e-07
1.189846277939102965e-07
1.188387211138126308e-07
1.186929440705659424e-07
1.185474867681537440e-07
1.184022235038373443e-07
1.182573477219593868e-07
1.181127731987586541e-07
1.179683570589114187e-07
1.178242464719951627e-07
1.176803508290828679e-07
1.175367634157849582e-07
1.173935380341349948e-07
1.172504487235761398e-07
1.171077145416770672e-07
1.169651413713900238e-07
1.168228464215258904e-07
1.166808779184052684e-07
1.165392130206242999e-07
1.163977571998905241e-07
1.162565694661348751e-07
1.161156474813939526e-07
1.159750561693201483e-07
1.158348020559042153e-07
1.156946657694553375e-07
1.155548276188341443e-07
1.154151677881301058e-07
1.152758570348739910e-07
1.151368829795098690e-07
1.149980433241255670e-07
1.148594709746618408e-07
1.147211317359750933e-07
1.145830383406391767e-07
1.144453297612565734e-07
1.143077425362335011e-07
1.141704707077230467e-07
1.140334058783863213e-07
1.138965371433686961e-07
1.137600070431533043e-07
1.136237445430838529e-07
1.134877470265823810e-07
1.133519341438324879e-07
1.132164317643790499e-07
1.130811396476495242e-07
1.129462587816535120e-07
1.128115275438582257e-07
1.126769874446887268e-07
1.125426716065722066e-07
1.124086191068993483e-07
1.122749427769639392e-07
1.121414198853443891e-07
1.120080865004230687e-07
1.118750227758689858e-07
1.117421566486939679e-07
1.116095991332298977e-07
1.114773009656170463e-07
1.113451580428973346e-07
1.112133346664740559e-07
1.110816365756850341e-07
1.109502088338586842e-07
1.108190699191288647e-07
1.106882013805006527e-07
1.105575186321797331e-07
1.104270717752247295e-07
1.102968741270010408e-07
1.101669450469210150e-07
1.100373542570448086e-07
1.099078678620735272e-07
1.097786248970529087e-07
1.096495457518465442e-07
1.095207506985684251e-07
1.093923154638952710e-07
1.092639961127398374e-07
1.091358736684537400e-07
1.090079918807969242e-07
1.088803017034531331e-07
1.087529317404437197e-07
1.086257681244688991e-07
1.084987730263426797e-07
1.083720680165535196e-07
1.082454805097751938e-07
1.081191604432738099e-07
1.079931131553559334e-07
1.078673180220229074e-07
1.077416941927347781e-07
1.076162957151392504e-07
1.074911355739634146e-07
1.073662192324173145e-07
1.072416342973399155e-07
1.071171520835150409e-07
1.069928802603584053e-07
1.068687810140237838e-07
1.067449300100490581e-07
1.066214289232453088e-07
1.064980460559321530e-07
1.063748338485376890e-07
1.062518652073476212e-07
1.061290711401646593e-07
1.060065377112622137e-07
1.058842674314068629e-07
1.057621154629536506e-07
1.056402523409093200e-07
1.055185191698550758e-07
1.053969855562903697e-07
1.052757272899789351e-07
1.051547008831989393e-07
1.050338886916865787e-07
1.049132333140095455e-07
1.047928457790602185e-07
1.046726221635954990e-07
1.045527483263883527e-07
1.044330309801191039e-07
1.043134322243154683e-07
1.041940880929092322e-07
1.040748920358980132e-07
1.039559883978519485e-07
1.038373210574596232e-07
1.037187669482622803e-07
1.036004300815690339e-07
1.034822732789184841e-07
1.033643030910686272e-07
1.032466562267315766e-07
1.031291303131089764e-07
1.030117889083175228e-07
1.028946876090418341e-07
1.027776936468569532e-07
1.026609482100256758e-07
1.025444484898714520e-07
1.024281670621948825e-07
1.023120398272779609e-07
1.021961063544257412e-07
1.020803987143808373e-07
1.019648926359562465e-07
1.018496970324270961e-07
1.017346116058869379e-07
1.016196771064555895e-07
1.015049392731668137e-07
1.013903877031854687e-07
1.012761281097978510e-07
1.011620361923927883e-07
1.010480699146139919e-07
1.009343227945146670e-07
1.008207391009606557e-07
1.007073391603117075e-07
1.005942458076510596e-07
1.004812529961325960e-07
1.003684488773136998e-07
1.002558619660842021e-07
1.001433833048945636e-07
1.000311375306534474e-07
9.991912731136217155e-08
9.980732463343041434e-08
9.969566429423548289e-08
9.958418756582195635e-08
9.947293095109163728e-08
9.936185033514561734e-08
9.925107652048773453e-08
9.914041239137879820e-08
9.902987039247769138e-08
9.891954883401122177e-08
9.880936995838024243e-08
9.869945360790575711e-08
9.858974593460269362e-08
9.848013866932211632e-08
9.837072607321076482e-08
9.826147780117777846e-08
9.815239338987919444e-08
9.804358241154789156e-08
9.793491405725105173e-08
9.782638092175231161e-08
9.771809327804337759e-08
9.760989870982140428e-08
9.750189131366309996e-08
9.739411251985573897e-08
9.728652782915395547e-08
9.717913500536535770e-08
9.707186433444272079e-08
9.696482651745973233e-08
9.685792136137086814e-08
9.675129521823976138e-08
9.664485862913061525e-08
9.653850035687411950e-08
9.643234919711589086e-08
9.632630838623505035e-08
9.622048510428249746e-08
9.611495126824333531e-08
9.600950251164081947e-08
9.590418382131804453e-08
9.579907459491629060e-08
9.569409207906149878e-08
9.558930006358469824e-08
9.548477928925037286e-08
9.538032979055321393e-08
9.527606825473509454e-08
9.517199243650648910e-08
9.506801138425625983e-08
9.496424584705418054e-08
9.486068695104430909e-08
9.475731750848817643e-08
9.465408787284503855e-08
9.455100206132958406e-08
9.444813245788770956e-08
9.434539318146772813e-08
9.424293814383456451e-08
9.414061984562692884e-08
9.403838649130525694e-08
9.393636202859832488e-08
9.383443257335039194e-08
9.373272240301474956e-08
9.363127776595454201e-08
9.352990796722831002e-08
9.342866664623928900e-08
9.332761937480642253e-08
9.322669427092706822e-08
9.312595327932344556e-08
9.302546772039841226e-08
9.292504890332434358e-08
9.282480696392443042e-08
9.272474385573617004e-08
9.262477058321855040e-08
9.252499664636948057e-08
9.242541696741278900e-08
9.232602131276745750e-08
9.222676523049169769e-08
9.212763664984085075e-08
9.202871670405211670e-08
9.192991203792284465e-08
9.183136632165789083e-08
9.173298230078925363e-08
9.163466620954894234e-08
9.153653679855108954e-08
9.143850756082901193e-08
9.134066735335760168e-08
9.124308358837203628e-08
9.114558986934152435e-08
9.104820676245471089e-08
9.095100620682966993e-08
9.085393696936518460e-08
9.075700503335799870e-08
9.066032081396582849e-08
9.056374092831433411e-08
9.046727647871846512e-08
9.037102693170664618e-08
9.027485835660613210e-08
9.017882712933797132e-08
9.008300805622676432e-08
8.998734414960732750e-08
8.989185977448403260e-08
8.979648288573263223e-08
8.970126849997264172e-08
8.960620704312289563e-08
8.951131171096568362e-08
8.941666038203104654e-08
8.932209402110587157e-08
8.922761735116963962e-08
8.913333498349337171e-08
8.903914381881067966e-08
8.894515329897066069e-08
8.885138921588091914e-08
8.875769137044578035e-08
8.866411144138202442e-08
8.857070348854310110e-08
8.847740356151747510e-08
8.838427118831531246e-08
8.829137318999362868e-08
8.819853619070728978e-08
8.810584269443844397e-08
8.801333130220644483e-08
8.792088921988531078e-08
8.782861287583180995e-08
8.773652217346520067e-08
8.764457611000420739e-08
8.755280153415709111e-08
8.746112133928645226e-08
8.736960724862710406e-08
8.727821599522786777e-08
8.718700898851155120e-08
8.709602044070640602e-08
8.700510393850831700e-08
8.691427924713464679e-08
8.682363595873406380e-08
8.673307905983363500e-08
8.664271420452899441e-08
8.655256376453576029e-08
8.646247398730579099e-08
8.637249376967943923e-08
8.628268060127361316e-08
8.619297116774769889e-08
8.610340894698100647e-08
8.601407267815681377e-08
8.592480466267999875e-08
8.583565711846310473e-08
8.574669432298249892e-08
8.565780138258010373e-08
8.556904006562587901e-08
8.548046697619766786e-08
8.539203601744957966e-08
8.530376184958222590e-08
8.521558307731824900e-08
8.512754370492558408e-08
8.503965613012901856e-08
8.495189276005949565e-08
8.486436390071759569e-08
8.477692597763859649e-08
8.468955530362236107e-08
8.460235703804646025e-08
8.451522974861381639e-08
8.442826944784731281e-08
8.434153208946442539e-08
8.425486966989056174e-08
8.416829893815193295e-08
8.408187793467403210e-08
8.399557146022346573e-08
8.390937998486963825e-08
8.382336975062937210e-08
8.373750798980439061e-08
8.365170226629057980e-08
8.356607909165837890e-08
8.348056329779847499e-08
8.339512941937681656e-08
8.330985720258027116e-08
8.322474158968193710e-08
8.313976798443219039e-08
8.305492286847318405e-08
8.297016650192435590e-08
8.288557547928156140e-08
8.280108068360498149e-08
8.271676069168473739e-08
8.263263328901890613e-08
8.254857232810873660e-08
8.246458744917172678e-08
8.238077253496805809e-08
8.229702539410666619e-08
8.221344567671036707e-08
8.213007774056476670e-08
8.204676016198477726e-08
8.196353322499339657e-08
8.188046133990716896e-08
8.179748842071054254e-08
8.171462784156247533e-08
8.163196234202191885e-08
8.154940666637620011e-08
8.146691689899091162e-08
8.138460276828333730e-08
8.130237763384522333e-08
8.122023696981859627e-08
8.113825697411001533e-08
8.105642532427051109e-08
8.097472443999573802e-08
8.089314453226144998e-08
8.081164973510920972e-08
8.073030703996823978e-08
8.064905910987390977e-08
8.056797137063362384e-08
8.048707449908716676e-08
8.040623898476934728e-08
8.032547494448075116e-08
8.024487172203692733e-08
8.016432469288537817e-08
8.008393544891264569e-08
8.000375381466347425e-08
7.992362709053636569e-08
7.984358717034569175e-08
7.976368097017913933e-08
7.968387731022875958e-08
7.960417791242783096e-08
7.952462669640875651e-08
7.944523981692790186e-08
7.936589568544653693e-08
7.928669000047549085e-08
7.920761576855499724e-08
7.912860009303011654e-08
7.904971429961460302e-08
7.897097770647877043e-08
7.889236346123823480e-08
7.881388488064853132e-08
7.873548287339580026e-08
7.865719616746116367e-08
7.857905556225854411e-08
7.850099845175321887e-08
7.842313901416535698e-08
7.834539003876248058e-08
7.826768610902913695e-08
7.819010372079878383e-08
7.811262125712992160e-08
7.803524474661861608e-08
7.795801696480986843e-08
7.788095464767711204e-08
7.780393979127422763e-08
7.772700733845467621e-08
7.765021764385654734e-08
7.757351263568871793e-08
7.749690891745713872e-08
7.742048673444590080e-08
7.734415290881258210e-08
7.726787975592904666e-08
7.719176529781067154e-08
7.711573622440808727e-08
7.703977634533872243e-08
7.696395539964574419e-08
7.688826736830455904e-08
7.681268945454994545e-08
7.673724485090632888e-08
7.666186869336090746e-08
7.658660735593416318e-08
7.651146738431036516e-08
7.643642563565204061e-08
7.636157318068008712e-08
7.628681425551816948e-08
7.621209818043168205e-08
7.613750474585649353e-08
7.606299467672984190e-08
7.598859497842720206e-08
7.591433793079821147e-08
7.584023547688037148e-08
7.576617772983582602e-08
7.569219770172337348e-08
7.561835272565364432e-08
7.554458727786308671e-08
7.547091904039317347e-08
7.539742065201119306e-08
7.532401834765861740e-08
7.525066316428252824e-08
7.517745593585286998e-08
7.510434472413890813e-08
7.503128611010471151e-08
7.495835720794320034e-08
7.488556020422757629e-08
7.481286717395022332e-08
7.474029838199323964e-08
7.466779934614713702e-08
7.459539727129753074e-08
7.452313415592139616e-08
7.445093968041918409e-08
7.437891421970286279e-08
7.430701028204115442e-08
7.423515020328805708e-08
7.416336742451608661e-08
7.409171645904625142e-08
7.402011775661887498e-08
7.394865492351937208e-08
7.387737102323312397e-08
7.380612739219761906e-08
7.373495848266483530e-08
7.366390162951774706e-08
7.359293614120681990e-08
7.352205312608839332e-08
7.345128378032662240e-08
7.338068150116649324e-08
7.331011614513815245e-08
7.323963575220648267e-08
7.316929977099772213e-08
7.309901389539615203e-08
7.302880485569482733e-08
7.295872729743659950e-08
7.288877281281149784e-08
7.281892570406284274e-08
7.274917396523552554e-08
7.267948849511503896e-08
7.260991767668918503e-08
7.254044311223296929e-08
7.247106328329582494e-08
7.240185583072187749e-08
7.233272954354697105e-08
7.226364023621270880e-08
7.219465570752317793e-08
7.212576048514257710e-08
7.205694417878879289e-08
7.198825260821782789e-08
7.191972090831398257e-08
7.185122171662832763e-08
7.178279285416451617e-08
7.171448090848003618e-08
7.164624931208682285e-08
7.157809654561105671e-08
7.151005510244785156e-08
7.144216757027030085e-08
7.137431107509094409e-08
7.130653801474059294e-08
7.123890329489438728e-08
7.117131343802117800e-08
7.110379313042187439e-08
7.103640171195521389e-08
7.096912532868583649e-08
7.090194466538263277e-08
7.083486412875992180e-08
7.076784411834182389e-08
7.070092209571897199e-08
7.063410783119618409e-08
7.056736955752275143e-08
7.050079230510058302e-08
7.043430745085241971e-08
7.036786043374388716e-08
7.030149088861499175e-08
7.023523186542078592e-08
7.016902239013880775e-08
7.010293221168015821e-08
7.003700864316227758e-08
6.997112527570898791e-08
6.990530361212409918e-08
6.983957586706959323e-08
6.977393727937327353e-08
6.970836636386655608e-08
6.964289582597384200e-08
6.957757853961775162e-08
6.951231129240217631e-08
6.944709832097416001e-08
6.938201388643166539e-08
6.931700330675860225e-08
6.925204009415050780e-08
6.918718629287291348e-08
6.912244658566276489e-08
6.905779762771605330e-08
6.899325228302379262e-08
6.892876880034098413e-08
6.886436272123141873e-08
6.880007532190710412e-08
6.873584102527206821e-08
6.867173063744464446e-08
6.860776375420172475e-08
6.854384362534790231e-08
6.847996664721538437e-08
6.841619908962061469e-08
6.835248867136921848e-08
6.828887044128694874e-08
6.822536271726597115e-08
6.816199458486762414e-08
6.809865285767955726e-08
6.803537488411186103e-08
6.797220395912708055e-08
6.790910406640996011e-08
6.784607471205558816e-08
6.778314092589602641e-08
6.772035452760280768e-08
6.765759859195168204e-08
6.759490907518632855e-08
6.753234296910545160e-08
6.746982840303123930e-08
6.740737474435187730e-08
6.734502580953962599e-08
6.728277797545340514e-08
6.722062003174768309e-08
6.715856212164200324e-08
6.709655595638943599e-08
6.703463008343128838e-08
6.697281692540154178e-08
6.691105029534898566e-08
6.684940265990687292e-08
6.678789121574138664e-08
6.672642537042571033e-08
6.666499832792651697e-08
6.660367109913761268e-08
6.654240601447942432e-08
6.648121764622207317e-08
6.642013345643578830e-08
6.635918901674352810e-08
6.629826943519822152e-08
6.623741269939796174e-08
6.617664591178819942e-08
6.611595491374735309e-08
6.605532316596609906e-08
6.599478227506381799e-08
6.593437906780010214e-08
6.587402129215648149e-08
6.581370785121681900e-08
6.575351116921189827e-08
6.569338981757392182e-08
6.563330535261143570e-08
6.557330203020351201e-08
6.551341228283512528e-08
6.545360792263045462e-08
6.539389190219388820e-08
6.533424601265487100e-08
6.527465654505620226e-08
6.521515947345466393e-08
6.515574146010523115e-08
6.509639562810836790e-08
6.503718756101441083e-08
6.497805966349674001e-08
6.491896464793360686e-08
6.485992143545710146e-08
6.480099216450587831e-08
6.474208837826035019e-08
6.468329257163094245e-08
6.462461572686568436e-08
6.456601849482031233e-08
6.450745924294455454e-08
6.444895291618608839e-08
6.439054962464137895e-08
6.433220532958519081e-08
6.427392865743822804e-08
6.421574334199591006e-08
6.415768551010282187e-08
6.409965116922856977e-08
6.404167663054057839e-08
6.398381498622491791e-08
6.392600000354824697e-08
6.386823449444819223e-08
6.381056510940831931e-08
6.375299029380976782e-08
6.369549395766031126e-08
6.363808517152237960e-08
6.358073310997813877e-08
6.352343878299579376e-08
6.346624328261695209e-08
6.340910691264254068e-08
6.335204914022749838e-08
6.329512571326876519e-08
6.323826888639309223e-08
6.318144141109792511e-08
6.312466696274188023e-08
6.306800116851123228e-08
6.301135784537010797e-08
6.295481882246950643e-08
6.289839142945657081e-08
6.284204042549164926e-08
6.278572445226832731e-08
6.272945746483228788e-08
6.267329092058754262e-08
6.261718075542327868e-08
6.256113151830452830e-08
6.250516292859876069e-08
6.244932306244763568e-08
6.239350762268536007e-08
6.233774354506977085e-08
6.228208510156830841e-08
6.222648690000720194e-08
6.217092604260408060e-08
6.211543940622579320e-08
