2.169608863772842193e-06
2.329110037374793184e-06
2.481442929767095326e-06
2.626856566743735998e-06
2.765593086116188729e-06
2.897885335573948343e-06
3.023962008119676450e-06
3.144037925663436569e-06
3.258320886360438732e-06
3.367007991973393313e-06
3.470293902384763605e-06
3.568359955573587532e-06
3.661379881794073032e-06
3.749523441711466240e-06
3.832950400190308023e-06
3.911820337066823220e-06
3.986278449016999445e-06
4.056472962810259016e-06
4.122538581217659518e-06
4.184611096391403065e-06
4.242816771442613907e-06
4.297275128205561250e-06
4.348107578800663920e-06
4.395428476257815491e-06
4.439344224785481091e-06
4.479965008372134188e-06
4.517391771622516752e-06
4.551725577095699376e-06
4.583070621309919455e-06
4.611517523453646234e-06
4.637156882655769856e-06
4.660089058549502862e-06
4.680392716258109100e-06
4.698163369065438135e-06
4.713475972883089801e-06
4.726422621361295946e-06
4.737072068287232932e-06
4.745516497730642730e-06
4.751815945492335045e-06
4.756060218510281006e-06
4.758313613646291195e-06
4.758648973282239152e-06
4.757136759783619603e-06
4.753847027213158948e-06
4.748845565105577755e-06
4.742193058249553810e-06
4.733961700161139011e-06
4.724207570148092436e-06
4.712996419947323610e-06
4.700390140725582977e-06
4.686442279822254147e-06
4.671215915324015176e-06
4.654762657036778437e-06
4.637142633236991348e-06
4.618413026117895273e-06
4.598620291729227099e-06
4.577825901662855233e-06
4.556081213695241067e-06
4.533426637170856326e-06
4.509924546522923950e-06
4.485623195890486853e-06
4.460561138183012022e-06
4.434792213331144039e-06
4.408365109810918394e-06
4.381318698945027614e-06
4.353695126591463443e-06
4.325545705034666109e-06
4.296906106514738762e-06
4.267812718508715922e-06
4.238312233166724406e-06
4.208439992700040154e-06
4.178229816288911742e-06
4.147719090820895748e-06
4.116948023170919977e-06
4.085944766239759553e-06
4.054742774464799014e-06
4.023375832192330571e-06
3.991876315344298996e-06
3.960268671431777985e-06
3.928585217785011517e-06
3.896855363454582978e-06
3.865107067727602116e-06
3.833360637662871729e-06
3.801643194194866215e-06
3.769983016814980925e-06
3.738402933527014175e-06
3.706919055234622002e-06
3.675548676440239626e-06
3.644325945731539559e-06
3.613268010714144479e-06
3.582384162580320626e-06
3.551690389164453131e-06
3.521212418194943574e-06
3.490963996331042879e-06
3.460962032785709776e-06
3.431215295213508175e-06
3.401731458519266722e-06
3.372538646318686096e-06
3.343641168408202433e-06
3.315049882559017946e-06
3.286773965351193333e-06
3.258816398844708283e-06
3.231200362146035592e-06
3.203925187803364516e-06
3.177001057628950500e-06
3.150432081641333702e-06
3.124219731812824023e-06
3.098382280314562143e-06
3.072913476700397160e-06
3.047827001364188879e-06
3.023113412037946082e-06
2.998788304852388223e-06
2.974844588833373107e-06
2.951294150415573183e-06
2.928131424331064554e-06
2.905358766573789318e-06
2.882977899710095831e-06
2.860986320715237734e-06
2.839390270704182048e-06
2.818181952132470170e-06
2.797365825798722116e-06
2.776930358558747242e-06
2.756885367544514906e-06
2.737221531851783204e-06
2.717943950379645493e-06
2.699040942849008211e-06
2.680514147604897324e-06
2.662352213442005398e-06
2.644558294177202856e-06
2.627132051456333623e-06
2.610064120849920142e-06
2.593353556806235288e-06
2.576986768811139421e-06
2.560964594331361214e-06
2.545273386100094546e-06
2.529924033301419590e-06
2.514897854774981676e-06
2.500200345628233420e-06
2.485813405577570815e-06
2.471737313679356975e-06
2.457960807158574981e-06
2.444477724717931717e-06
2.431289841823229429e-06
2.418382288462632583e-06
2.405755199975838831e-06
2.393393631573547723e-06
2.381296062238242711e-06
2.369450774532050068e-06
2.357850641081077044e-06
2.346495445829354306e-06
2.335371036660866202e-06
2.324476672716014756e-06
2.313798617972137324e-06
2.303331848943396020e-06
2.293069080308044049e-06
2.282998590950960253e-06
2.273120496783780459e-06
2.263423754467224419e-06
2.253901923610281329e-06
2.244547277312097906e-06
2.235349475882254711e-06
2.226306331776942202e-06
2.217406722190738871e-06
2.208643885272774858e-06
2.200013067735465764e-06
2.191505718058721293e-06
2.183115393628839107e-06
2.174833637921614898e-06
2.166653277950787884e-06
2.158569729795289989e-06
2.150574862081482321e-06
2.142662958697486243e-06
2.134827369374464740e-06
2.127062015131705041e-06
2.119361046744171731e-06
2.111715737063008088e-06
2.104121856255020001e-06
2.096573743553644568e-06
2.089064322501725568e-06
2.081590426944850327e-06
2.074145401323803352e-06
2.066722879935916066e-06
2.059320745432867396e-06
2.051930364469353054e-06
2.044546692693883082e-06
2.037168322998478863e-06
2.029787764995350648e-06
2.022401488461218124e-06
2.015008766027094055e-06
2.007600937458922836e-06
2.000175154494734797e-06
1.992731369377842518e-06
1.985260842462447287e-06
1.977760809587556229e-06
1.970231789219069625e-06
1.962667965021686175e-06
1.955066051514544899e-06
1.947428003213027751e-06
1.939747915119189919e-06
1.932022246458251077e-06
1.924251966214833787e-06
1.916435047540730329e-06
1.908565279501243788e-06
1.900644667824671271e-06
1.892673746407204475e-06
1.884647000919732251e-06
1.876566297406395597e-06
1.868433301021709844e-06
1.860242122930954333e-06
1.851993838220023480e-06
1.843691177416703042e-06
1.835331206640437526e-06
1.826912099986008167e-06
1.818436828364254665e-06
1.809906546125774284e-06
1.801319420589804023e-06
1.792676905548331628e-06
1.783982376084490273e-06
1.775233420238471816e-06
1.766431839159076940e-06
1.757579164051257488e-06
1.748677280235397277e-06
1.739726031568283011e-06
1.730727044779165767e-06
1.721683332157304671e-06
1.712595948222066457e-06
1.703467620860454756e-06
1.694300177793227434e-06
1.685095718473822501e-06
1.675855823870250611e-06
1.666583021542498754e-06
1.657279246447717574e-06
1.647946243623818232e-06
1.638588570227379124e-06
1.629207250278831221e-06
1.619803842855192098e-06
1.610383071446768978e-06
1.600948801450042042e-06
1.591501811675750638e-06
1.582043750940946396e-06
1.572580044435585229e-06
1.563113305317120239e-06
1.553643847352298962e-06
1.544173854583118227e-06
1.534711018465176356e-06
1.525256606129793993e-06
1.515810593808990950e-06
1.506376159044090721e-06
1.496961672026854871e-06
1.487567597724071547e-06
1.478193125000410848e-06
1.468841963834624645e-06
1.459522095122226813e-06
1.450233658089074638e-06
1.440974835550710469e-06
1.431750242866049602e-06
1.422569143191207656e-06
1.413431091673426886e-06
1.404333968164909291e-06
1.395281745829357025e-06
1.386283827823623136e-06
1.377338924898533912e-06
1.368446828033762452e-06
1.359607385995763965e-06
1.350831537938878209e-06
1.342118728261429514e-06
1.333467106551034027e-06
1.324875134229184054e-06
1.316357065072098820e-06
1.307911008808309692e-06
1.299536366154441213e-06
1.291230941522944087e-06
1.283002914711448830e-06
1.274857186449108070e-06
1.266790077164379652e-06
1.258798989279027854e-06
1.250888528217422618e-06
1.243066394639323814e-06
1.235328435253250330e-06
1.227675174564196003e-06
1.220101682709184834e-06
1.212623697054736678e-06
1.205237376457929273e-06
1.197941428878992279e-06
1.190731607520185249e-06
1.183615522736740750e-06
1.176596070142406592e-06
1.169671121949611133e-06
1.162838160459147601e-06
1.156093425554667463e-06
1.149449542745591744e-06
1.142901742615757235e-06
1.136447591010179415e-06
1.130083548371433501e-06
1.123815581018408168e-06
1.117648263087600311e-06
1.111577856430567397e-06
1.105601709437300247e-06
1.099718210676758806e-06
1.093932312415132672e-06
1.088243508599702373e-06
1.082651452819920584e-06
1.077149589868597372e-06
1.071737063099942185e-06
1.066422682919816984e-06
1.061202051976983500e-06
1.056071472037929499e-06
1.051028568873568215e-06
1.046073856980276796e-06
1.041213596995439114e-06
1.036442189984486683e-06
1.031758689037734661e-06
1.027158861592003653e-06
1.022645368883258000e-06
1.018218513718903518e-06
1.013875683944925532e-06
1.009614899071173408e-06
1.005431487492549995e-06
1.001329206106083371e-06
9.973062846945885050e-07
9.933605863518321322e-07
9.894901036910279060e-07
9.856907402004804348e-07
9.819654323410491845e-07
9.783128774929238727e-07
9.747304777665577005e-07
9.712165107366561666e-07
9.677684648874915055e-07
9.643852775219252793e-07
9.610681427205724627e-07
9.578125837183813196e-07
9.546172229540044624e-07
9.514799270507917423e-07
9.483991599692159830e-07
9.453756271091110567e-07
9.424052546177656614e-07
9.394871488950617615e-07
9.366190825971763700e-07
9.337986433319411061e-07
9.310268542664424350e-07
9.282996148973076849e-07
9.256158941389011553e-07
9.229738451961518503e-07
9.203725327656714111e-07
9.178109456219545063e-07
9.152851040507024525e-07
9.127936404720251823e-07
9.103354774025129567e-07
9.079092467886052494e-07
9.055138365379909170e-07
9.031465119021834017e-07
9.008046755693774902e-07
8.984873210640187670e-07
8.961936226864408372e-07
8.939229112347630412e-07
8.916728861263056124e-07
8.894400128160829916e-07
8.872233841231271111e-07
8.850223383294100848e-07
8.828361523711769318e-07
8.806639983012331293e-07
8.785023762578974728e-07
8.763486727490429175e-07
8.742025957121180916e-07
8.720637645966321512e-07
8.699316366985921310e-07
8.678048411074555127e-07
8.656797871905775178e-07
8.635548273687180083e-07
8.614298632505999229e-07
8.593047050628694252e-07
8.571794016228780137e-07
8.550516167370663745e-07
8.529180617569705785e-07
8.507783379872467065e-07
8.486324511132793210e-07
8.464804586760214559e-07
8.443222079581956369e-07
8.421549501024371108e-07
8.399762112473451628e-07
8.377860522637157261e-07
8.355846203693230928e-07
8.333721470586984403e-07
8.311486682299129191e-07
8.289115008677918362e-07
8.266588894448625628e-07
8.243910836069606721e-07
8.221083531859648680e-07
8.198110597933726262e-07
8.174993730377332631e-07
8.151710866914042835e-07
8.128250026710620988e-07
8.104616011150023548e-07
8.080810901260120895e-07
8.056838226865935179e-07
8.032698945731134556e-07
8.008384357552205088e-07
7.983883927789243858e-07
7.959201384566189120e-07
7.934335315642914194e-07
7.909291917814679708e-07
7.884076977735049957e-07
7.858689808045528564e-07
7.833121823503351746e-07
7.807373771870163542e-07
7.781452920695101552e-07
7.755363666634579528e-07
7.729108206893461311e-07
7.702691722782543884e-07
7.676110505032047244e-07
7.649372852617057752e-07
7.622479643844155393e-07
7.595435584462494878e-07
7.568246147136508064e-07
7.540914212678469762e-07
7.513444147951609415e-07
7.485844917002457201e-07
7.458120845673700067e-07
7.430273549741391751e-07
7.402307633522500001e-07
7.374227609107197677e-07
7.346037887145636680e-07
7.317757398242941430e-07
7.289394334190876782e-07
7.260952004769300292e-07
7.232431385112488748e-07
7.203835805307604390e-07
7.175169710008098225e-07
7.146442210278563835e-07
7.117673934896351174e-07
7.088875539573510025e-07
7.060043205262325555e-07
7.031180176953508585e-07
7.002288034572952639e-07
6.973368287505073531e-07
6.944447151912974884e-07
6.915540331638937685e-07
6.886647278298511173e-07
6.857776342564185095e-07
6.828920111220893023e-07
6.800082628134722918e-07
6.771266807811824383e-07
6.742506703568670916e-07
6.713821577394557494e-07
6.685203834575179310e-07
6.656659909589982256e-07
6.628188414065541953e-07
6.599783353264290341e-07
6.571454217893133075e-07
6.543232385558310058e-07
6.515135627907614707e-07
6.487152595709457434e-07
6.459289505861578279e-07
6.431546016822109231e-07
6.403912770263334660e-07
6.376398651360498207e-07
6.349036415465250600e-07
6.321842860171111475e-07
6.294801985611967289e-07
6.267931752428377741e-07
6.241214839934477662e-07
6.214653122358300200e-07
6.188243338551934479e-07
6.162025415242365574e-07
6.136009361228378257e-07
6.110195443298137863e-07
6.084587506314345299e-07
6.059169951648383492e-07
6.033944930872119398e-07
6.008903801596904645e-07
5.984077862896588365e-07
5.959479808871869320e-07
5.935121459024804892e-07
5.910981597426378681e-07
5.887065286415073249e-07
5.863359269276381772e-07
5.839874156840157623e-07
5.816602901300302793e-07
5.793590217167140862e-07
5.770820083323839951e-07
5.748288670981667634e-07
5.726000868763447604e-07
5.703950017003662777e-07
5.682128085624030885e-07
5.660527763326588240e-07
5.639182735602766318e-07
5.618090202379420019e-07
5.597263623947341171e-07
5.576678084833750011e-07
5.556341902426253469e-07
5.536236603508188574e-07
5.516376494722666377e-07
5.496748705912519815e-07
5.477379901291436403e-07
5.458266631674101093e-07
5.439388451178201435e-07
5.420770222612070056e-07
5.402383728164168316e-07
5.384231229026598466e-07
5.366300027908954836e-07
5.348610419741357242e-07
5.331173636301936924e-07
5.313964773694120712e-07
5.296991112192277336e-07
5.280243791333842789e-07
5.263725912606131350e-07
5.247427562939335790e-07
5.231337995337360170e-07
5.215471826658274568e-07
5.199832923342708112e-07
5.184406955666294750e-07
5.169194092742063490e-07
5.154182123013953576e-07
5.139384706496678817e-07
5.124780336153432894e-07
5.110368385127370679e-07
5.096154280067620940e-07
5.082137677184162111e-07
5.068306436631350495e-07
5.054658517827605870e-07
5.041185410247361068e-07
5.027896380316760426e-07
5.014775696220384811e-07
5.001819992950381140e-07
4.989031411324364197e-07
4.976411187181783582e-07
4.963940569063867255e-07
4.951621060451244208e-07
4.939451039074556951e-07
4.927426686321357591e-07
4.915546703821687496e-07
4.903796741741130847e-07
4.892189429895536616e-07
4.880711636522824297e-07
4.869351923324185242e-07
4.858106420451183019e-07
4.846980908728329876e-07
4.835967743188968534e-07
4.825060139694758350e-07
4.814264129716573793e-07
4.803569730523495736e-07
4.792971141703312553e-07
4.782455070327767255e-07
4.772022045261044581e-07
4.761668803561333810e-07
4.751392414316394182e-07
4.741194284981993183e-07
4.731068747220063004e-07
4.721015825258501969e-07
4.711023207455748394e-07
4.701088103814850478e-07
4.691197328963882752e-07
4.681352610666225525e-07
4.671553808351458245e-07
4.661799099789352441e-07
4.652085887637199326e-07
4.642413861042606287e-07
4.632778897598728024e-07
4.623171575634153835e-07
4.613581551547110186e-07
4.604006394630650327e-07
4.594447712145038268e-07
4.584905239045832933e-07
4.575375912227047108e-07
4.565860015111259781e-07
4.556355532852760753e-07
4.546861704881304039e-07
4.537361037163994336e-07
4.527853015461977819e-07
4.518336264344368073e-07
4.508810723807572403e-07
4.499276405649344160e-07
4.489731175686215361e-07
4.480176778596864564e-07
4.470613250807565147e-07
4.461033546047007334e-07
4.451429658765870218e-07
4.441800126092292297e-07
4.432146305212297409e-07
4.422464266023902826e-07
4.412755993010158306e-07
4.403022366529465739e-07
4.393262676430395294e-07
4.383478605310325068e-07
4.373664780190369469e-07
4.363815464596706891e-07
4.353931299467929983e-07
4.344013023767814144e-07
4.334057245356301396e-07
4.324067683690078066e-07
4.314041908810739480e-07
4.303982597614720054e-07
4.293890822316476961e-07
4.283763717699688769e-07
4.273598582590110792e-07
4.263397065657753232e-07
4.253156314795426538e-07
4.242878606920612441e-07
4.232566288155535932e-07
4.222214230157826642e-07
4.211826388922108828e-07
4.201406315521864046e-07
4.190949153219901163e-07
4.180461316572520477e-07
4.169942357100636834e-07
4.159390255162102680e-07
4.148807231143921127e-07
4.138192547965157728e-07
4.127546748251699163e-07
4.116872748911563365e-07
4.106166722447483749e-07
4.095433058323541553e-07
4.084677679912155875e-07
4.073898073517637685e-07
4.063099736606432923e-07
4.052281042008009002e-07
4.041441391790297807e-07
4.030582615479933143e-07
4.019703946263322581e-07
4.008806265965159334e-07
3.997892397295685895e-07
3.986960089061341034e-07
3.976022498553127132e-07
3.965078393039526290e-07
3.954129234416465591e-07
3.943174873772026075e-07
3.932214595290724706e-07
3.921248565413454595e-07
3.910278080236005259e-07
3.899302519446338626e-07
3.888322271341272439e-07
3.877346932485849750e-07
3.866383821251295637e-07
3.855432573237892555e-07
3.844494269185710344e-07
3.833568439311054100e-07
3.822653113391293657e-07
3.811751751058032525e-07
3.800861394070498165e-07
3.789984119126187600e-07
3.779119945064125251e-07
3.768280347561831931e-07
3.757467726119474790e-07
3.746684561578080251e-07
3.735930023711331334e-07
3.725204778009349126e-07
3.714505321888696381e-07
3.703837098551146140e-07
3.693194470454701382e-07
3.682580719305063838e-07
3.671995959319923826e-07
3.661449636932486882e-07
3.650947110389181845e-07
3.640487667308214078e-07
3.630072317702207506e-07
3.619700594329380280e-07
3.609368848210539446e-07
3.599082653622568846e-07
3.588834922969501202e-07
3.578631678715269199e-07
3.568467608695778627e-07
3.558353811541651468e-07
3.548299172708484976e-07
3.538298856932948186e-07
3.528357562969120327e-07
3.518470168579261540e-07
3.508638705308937445e-07
3.498862313755371440e-07
3.489136656747640474e-07
3.479467120421947606e-07
3.469846647121133889e-07
3.460285510310104257e-07
3.450789903882202990e-07
3.441354583285282381e-07
3.431988003358679831e-07
3.422679153138413381e-07
3.413438988346001081e-07
3.404255863475932718e-07
3.395138273020294097e-07
3.386078826145184120e-07
3.377078003897490135e-07
3.368137416728243968e-07
3.359261593312251477e-07
3.350457178434032526e-07
3.341717210557930311e-07
3.333045635361972488e-07
3.324439018887902889e-07
3.315896983972405418e-07
3.307421150500624578e-07
3.299004377977059370e-07
3.290654035534626783e-07
3.282360280109769887e-07
3.274134837671684607e-07
3.265976881518407181e-07
3.257884305961822111e-07
3.249859550099356879e-07
3.241896450666478635e-07
3.234003041402151226e-07
3.226167957973565101e-07
3.218401842446291580e-07
3.210691385960804832e-07
3.203047742243775281e-07
3.195460585420058150e-07
3.187935582663025533e-07
3.180475637392447422e-07
3.173072999319549053e-07
3.165735637240696931e-07
3.158453343549516720e-07
3.151234711417970444e-07
3.144069421662670542e-07
3.136966705931504919e-07
3.129915785028938954e-07
3.122924023861721448e-07
3.115984679333820885e-07
3.109099875116445097e-07
3.102272131367525107e-07
3.095493165896387155e-07
3.088770510737489816e-07
3.082094835011119533e-07
3.075473569010252778e-07
3.068897782657937566e-07
3.062375832988286065e-07
3.055896958745581075e-07
3.049469984119565421e-07
3.043086728763393906e-07
3.036750676972765454e-07
3.030459440147385400e-07
3.024209235836520134e-07
3.018001954739339742e-07
3.011833724060494405e-07
3.005708611531710828e-07
2.999621213315910171e-07
2.993575210562919658e-07
2.987564599819070384e-07
2.981595224204423570e-07
2.975658884736737909e-07
2.969762569059091229e-07
2.963898580501184466e-07
2.958068471873829023e-07
2.952266708257796941e-07
2.946495486710074930e-07
2.940753664906548680e-07
2.935041470727463488e-07
2.929357649180403687e-07
2.923702660367117072e-07
2.918074905343351881e-07
2.912473879219146451e-07
2.906899524597069114e-07
2.901348487236397566e-07
2.895821661496040165e-07
2.890313516881391668e-07
2.884826069123829982e-07
2.879357337160853090e-07
2.873908150537666071e-07
2.868477054959660511e-07
2.863065138026849269e-07
2.857669959394941131e-07
2.852293665942506252e-07
2.846932529098393099e-07
2.841589709398680170e-07
2.836260569637090815e-07
2.830944813772936522e-07
2.825639377837792776e-07
2.820344928378687728e-07
2.815060892660747919e-07
2.809787690425182482e-07
2.804524420430705840e-07
2.799271275505456341e-07
2.794027042816103859e-07
2.788793302974560785e-07
2.783567852898195193e-07
2.778351831280838239e-07
2.773142586479798609e-07
2.767938670525319022e-07
2.762739304365344572e-07
2.757543892577066015e-07
2.752353304195826097e-07
2.747166456254773651e-07
2.741983677859660664e-07
2.736804414067685258e-07
2.731628723003317123e-07
2.726456759135934620e-07
2.721288018839829403e-07
2.716122826162013295e-07
2.710960886285032471e-07
2.705799935950095229e-07
2.700640379220817115e-07
2.695481039666779681e-07
2.690322938161716995e-07
2.685164879002644551e-07
2.680007725884482002e-07
2.674850612477872057e-07
2.669694182609783891e-07
2.664537823137149722e-07
2.659382040364717110e-07
2.654226508148385300e-07
2.649073282500290942e-07
2.643920076534543420e-07
2.638767548306140428e-07
2.633614738262821159e-07
2.628462305619235470e-07
2.623309493304401476e-07
2.618156949523051087e-07
2.613003660798739841e-07
2.607850871285204813e-07
2.602697244164789453e-07
2.597544049657899518e-07
2.592390428299900120e-07
2.587238973959456353e-07
2.582090066218746242e-07
2.576942630223432789e-07
2.571797678444558289e-07
2.566653687382639780e-07
2.561511408889961574e-07
2.556370298733639730e-07
2.551230490530302115e-07
2.546092319566259259e-07
2.540955723302375628e-07
2.535820740790599684e-07
2.530686981060650066e-07
2.525555896460843528e-07
2.520431131949825263e-07
2.515310880730711558e-07
2.510195919374705284e-07
2.505086709797899868e-07
2.499982169110435735e-07
2.494883886245811527e-07
2.489789529783729299e-07
2.484700299769760071e-07
2.479615760946251783e-07
2.474535514359169029e-07
2.469460863453803453e-07
2.464391224663507377e-07
2.459328495362346858e-07
2.454276941346140701e-07
2.449233583339639191e-07
2.444199749350679659e-07
2.439175277845117569e-07
2.434159404221406090e-07
2.429154930299736009e-07
2.424158012090863088e-07
2.419171240033746138e-07
2.414192297374437811e-07
2.409222200257005370e-07
2.404260915344261183e-07
2.399309019155211109e-07
2.394368160913805840e-07
2.389442787155540064e-07
2.384529544479161475e-07
2.379629348796289160e-07
2.374743027866191790e-07
2.369868694469184896e-07
2.365010711333652854e-07
2.360163492884075280e-07
2.355330670527530535e-07
2.350509100665541011e-07
2.345700137791551510e-07
2.340904158624717079e-07
2.336121072526526223e-07
2.331352618901209541e-07
2.326601525424415826e-07
2.321867579581678573e-07
2.317149144189853632e-07
2.312449495594308814e-07
2.307765154980477133e-07
2.303100328614346639e-07
2.298449643220880166e-07
2.293815556955822214e-07
2.289197350990269190e-07
2.284595191916973181e-07
2.280010778606926697e-07
2.275439727132798475e-07
2.270887272205364281e-07
2.266351730046754198e-07
2.261836516305052137e-07
2.257339323328033144e-07
2.252863417891950388e-07
2.248404292382624682e-07
2.243963232825754588e-07
2.239541266192404316e-07
2.235137003004853310e-07
2.230753844569660370e-07
2.226385808486748125e-07
2.222036907393388320e-07
2.217703752972816616e-07
2.213388977873521882e-07
2.209092900003372807e-07
2.204816907602915216e-07
2.200560717612891931e-07
2.196322166709612742e-07
2.192104864151161881e-07
2.187905054715115520e-07
2.183726541414248642e-07
2.179564862146315172e-07
2.175421440493217455e-07
2.171297729204690688e-07
2.167190741584698857e-07
2.163104228727726687e-07
2.159032793663671911e-07
2.154980629883376851e-07
2.150945985850209924e-07
2.146932575469901419e-07
2.142937015893809040e-07
2.138958575617174519e-07
2.135000451923057584e-07
2.131058949777407605e-07
2.127138686292382299e-07
2.123234179265101202e-07
2.119347623841965773e-07
2.115478703646309427e-07
2.111626613561532775e-07
2.107794076106978162e-07
2.103975784052644292e-07
2.100176292563989899e-07
2.096392493071413385e-07
2.092627644299848706e-07
2.088878712392114938e-07
2.085144952437508094e-07
2.081429229951952569e-07
2.077728343377103391e-07
2.074045680913574181e-07
2.070377262786720822e-07
2.066724459456699196e-07
2.063088184819410472e-07
2.059465893559684837e-07
2.055861121909697534e-07
2.052268921988124704e-07
2.048692525827609646e-07
2.045130452127711335e-07
2.041583274747114253e-07
2.038050439027885615e-07
2.034530129811997427e-07
2.031024604497993655e-07
2.027531609528277467e-07
2.024052796259995122e-07
2.020586772440413782e-07
2.017132864160525578e-07
2.013693897432976590e-07
2.010266054847051152e-07
2.006851335692193286e-07
2.003448243610681310e-07
2.000056903864503762e-07
1.996678537778488391e-07
1.993311714324459594e-07
1.989957413211849450e-07
1.986613028774106903e-07
1.983280039227631573e-07
1.979957106082591258e-07
1.976644327878020188e-07
1.973343415497708685e-07
1.970051950977202345e-07
1.966770639468395261e-07
1.963499436826218534e-07
1.960237580009265791e-07
1.956987030985881158e-07
1.953744674116387288e-07
1.950512478928632398e-07
1.947289347588972318e-07
1.944075461668855518e-07
1.940870563446928060e-07
1.937673130143710135e-07
1.934484697009180501e-07
1.931303787082962869e-07
1.928130689973637221e-07
1.924965677867402925e-07
1.921808307127940648e-07
1.918658945189495763e-07
1.915516686393992384e-07
1.912381358768166588e-07
1.909254264555180740e-07
1.906133273382646549e-07
1.903020644952614344e-07
1.899914470891983701e-07
1.896816161145471514e-07
1.893723914474449415e-07
1.890637598190966135e-07
1.887557909307719269e-07
1.884484094354673896e-07
1.881416314881239941e-07
1.878354360741900351e-07
1.875298225565342648e-07
1.872248129469607760e-07
1.869203409327683762e-07
1.866163835223564253e-07
1.863130612924351257e-07
1.860102063310426199e-07
1.857079509920668138e-07
1.854062416668423976e-07
1.851052253919350200e-07
1.848047019189783840e-07
1.845046672017372082e-07
1.842052481188221793e-07
1.839062833943016985e-07
1.836077981715030693e-07
1.833098581976913020e-07
1.830124035175525931e-07
1.827154048769710241e-07
1.824188842063653533e-07
1.821228396583111948e-07
1.818273062483314279e-07
1.815321713320042240e-07
1.812374975180493208e-07
1.809433525185946654e-07
1.806497911669616049e-07
1.803567261128394961e-07
1.800641520286420873e-07
1.797721329362680857e-07
1.794805069438671292e-07
1.791893582961782046e-07
1.788987571508448001e-07
1.786085474365609193e-07
1.783187455917689525e-07
1.780295179826670707e-07
1.777406664023054014e-07
1.774522017988755584e-07
1.771642596133592125e-07
1.768766872424927800e-07
1.765896076475327054e-07
1.763030148363631495e-07
1.760171149809039870e-07
1.757316463029325865e-07
1.754466362834108176e-07
1.751622627746733987e-07
1.748783126021312967e-07
1.745948037075523059e-07
1.743118790583418730e-07
1.740293997798699257e-07
1.737473614556383584e-07
1.734658274407862387e-07
1.731847464825484269e-07
1.729041508651343184e-07
1.726239602031501437e-07
1.723442526895372149e-07
1.720650916067041155e-07
1.717864594942525371e-07
1.715085388307374320e-07
1.712311527988288071e-07
1.709542831650805317e-07
1.706780707559501748e-07
1.704024020458880846e-07
1.701272335711204319e-07
1.698526830624462274e-07
1.695786723123222638e-07
1.693051891797329173e-07
1.690322300125464257e-07
1.687598098427164730e-07
1.684879740904903608e-07
1.682165686728278348e-07
1.679457296412664198e-07
1.676755054028193325e-07
1.674058367420346084e-07
1.671369592940065454e-07
1.668686625483839812e-07
1.666009255353099896e-07
1.663339685979595231e-07
1.660675688908143562e-07
1.658016975836896668e-07
1.655366176493577670e-07
1.652720730863216034e-07
1.650080801050224405e-07
1.647447829668937611e-07
1.644820275513951242e-07
1.642198661054643248e-07
1.639583042957556180e-07
1.636972737135139238e-07
1.634369277891172907e-07
1.631771704857286751e-07
1.629182489290524476e-07
1.626599616141678864e-07
1.624022545665275268e-07
1.621454594048323805e-07
1.618891721894492318e-07
1.616335142345473809e-07
1.613787318437212691e-07
1.611244537669737054e-07
1.608707823852415313e-07
1.606179786810402072e-07
1.603656452147573199e-07
1.601139277097755199e-07
1.598629961054819052e-07
1.596125659704573720e-07
1.593627867416369688e-07
1.591137106926931530e-07
1.588653074252967404e-07
1.586177033379633460e-07
1.583707876800497496e-07
1.581244767307575051e-07
1.578789853492630300e-07
1.576341483406477743e-07
1.573898871374067655e-07
1.571465114281009837e-07
1.569037105139878710e-07
1.566615103911419210e-07
1.564201353055567666e-07
1.561793265849398865e-07
1.559391269892034683e-07
1.556996776792270028e-07
1.554607710812346498e-07
1.552225668412212957e-07
1.549850399072406748e-07
1.547481813961459524e-07
1.545120727858802098e-07
1.542766355116597264e-07
1.540418003862657245e-07
1.538077237422310406e-07
1.535742845131131774e-07
1.533414627307146819e-07
1.531093960190050952e-07
1.528779305808082272e-07
1.526470684726467789e-07
1.524169462067860709e-07
1.521873921099505451e-07
1.519584487030601636e-07
1.517301831904839173e-07
1.515024569691593376e-07
1.512754215699646071e-07
1.510490034376344771e-07
1.508232139539155665e-07
1.505981429323554977e-07
1.503736850166675066e-07
1.501497768883764791e-07
1.499265755634210742e-07
1.497039717663683874e-07
1.494818898315098335e-07
1.492605947516491083e-07
1.490397945750629072e-07
1.488195365558034219e-07
1.486000496353104575e-07
1.483810309785145497e-07
1.481625433222996739e-07
1.479447620211838730e-07
1.477274572601790076e-07
1.475107279350555710e-07
1.472945915557253946e-07
1.470790259112020468e-07
1.468641563743017360e-07
1.466497839912171851e-07
1.464359139199144717e-07
1.462227471363427979e-07
1.460100313946638068e-07
1.457978441128993899e-07
1.455863095694978905e-07
1.453752565071237527e-07
1.451647179195161728e-07
1.449548077785632024e-07
1.447453226729416239e-07
1.445363716991454818e-07
1.443280298915264429e-07
1.441201048411921285e-07
1.439126530639936683e-07
1.437058210434056896e-07
1.434994488152459355e-07
1.432936134765613941e-07
1.430883314973343628e-07
1.428835322059101300e-07
1.426791863347655423e-07
1.424753699048851375e-07
1.422720352192633586e-07
1.420691061658931899e-07
1.418667944185868506e-07
1.416648609715621033e-07
1.414633632351122264e-07
1.412624564413358211e-07
1.410619054056716291e-07
1.408617828841334777e-07
1.406622297982634928e-07
1.404630073429218751e-07
1.402642161857720937e-07
1.400659650497667165e-07
1.398681161113556259e-07
1.396707904179193193e-07
1.394739026203156691e-07
1.392774464151043382e-07
1.390814241843758348e-07
1.388858397514220010e-07
1.386906822591666896e-07
1.384958918517080396e-07
1.383016267513221250e-07
1.381077023163245990e-07
1.379141542938831925e-07
1.377211334430363203e-07
1.375284202034931281e-07
1.373360863224930252e-07
1.371442473896348610e-07
1.369527040723397972e-07
1.367615378398959588e-07
1.365708445274491921e-07
1.363805145174721137e-07
1.361906576178204103e-07
1.360012006882130112e-07
1.358121438555531604e-07
1.356234456769877437e-07
1.354351683498230939e-07
1.352472638952913469e-07
1.350596784494206896e-07
1.348725856462080226e-07
1.346857867769578425e-07
1.344993427663334337e-07
1.343133361975174632e-07
1.341276168927573525e-07
1.339422871992995515e-07
1.337573151012366655e-07
1.335726883852872637e-07
1.333883839185314642e-07
1.332044569160489992e-07
1.330209032735954298e-07
1.328377319331496935e-07
1.326550138440138173e-07
1.324726144852280389e-07
1.322905133320658304e-07
1.321089122279052064e-07
1.319275595523973576e-07
1.317465773376440841e-07
1.315659737828820166e-07
1.313856913645607042e-07
1.312057713660014610e-07
1.310261213186712519e-07
1.308469244594514718e-07
1.306679844758345860e-07
1.304893388454520197e-07
1.303111251359234149e-07
1.301331365486844993e-07
1.299554862806108095e-07
1.297782209924687059e-07
1.296012732267198641e-07
1.294247587250346908e-07
1.292485917917428916e-07
1.290727960044300435e-07
1.288972860862065379e-07
1.287222212803884598e-07
1.285474298505141607e-07
1.283729509373509171e-07
1.281989166417368655e-07
1.280251271098606173e-07
1.278517234943980965e-07
1.276786025787626311e-07
1.275058749629463057e-07
1.273334294421622501e-07
1.271612550829268894e-07
1.269895118472719434e-07
1.268179869300614394e-07
1.266467907006049207e-07
1.264759749722055294e-07
1.263054611142650322e-07
1.261353715946173474e-07
1.259656159794421807e-07
1.257962281366641902e-07
1.256271130706104434e-07
1.254584430876920536e-07
1.252900311714881850e-07
1.251219395423229203e-07
1.249542716505450986e-07
1.247868538567152622e-07
1.246198163456583775e-07
1.244530332967464490e-07
1.242866767472522501e-07
1.241205682567719480e-07
1.239547423932290282e-07
1.237893381038910323e-07
1.236241476397335709e-07
1.234592769458822903e-07
1.232947655958366061e-07
1.231305852664803464e-07
1.229667523088439809e-07
1.228033113237861604e-07
1.226401850363830573e-07
1.224773207430840729e-07
1.223149424081337681e-07
1.221527881921942314e-07
1.219909953238437298e-07
1.218295043203370879e-07
1.216684131543829950e-07
1.215075879182589842e-07
1.213470352244067706e-07
1.211869346346910359e-07
1.210270294049785637e-07
1.208674821707645895e-07
1.207082407276955821e-07
1.205493321586475137e-07
1.203906866599253098e-07
1.202323493395226844e-07
1.200743733282532160e-07
1.199166872521403247e-07
1.197594220004015228e-07
1.196024762884722844e-07
1.194458805408588441e-07
1.192895626138156907e-07
1.191336615305266600e-07
1.189780278836719533e-07
1.188226877761451776e-07
1.186677755447636470e-07
1.185131211853612220e-07
1.183588173849145146e-07
1.182047490016496311e-07
1.180511516616874158e-07
1.178977489078709038e-07
1.177446528717124381e-07
1.175919484930912653e-07
1.174394867504017210e-07
1.172873189188028550e-07
1.171354813106198800e-07
1.169839674275576115e-07
1.168327571178602572e-07
1.166819516420657109e-07
1.165314262828474984e-07
1.163812437234212037e-07
1.162313466432284968e-07
1.160818253301907348e-07
1.159325804321902714e-07
1.157836094314323910e-07
1.156350516138013160e-07
1.154867342024943384e-07
1.153387618476267616e-07
1.151910174539910228e-07
1.150437179113612881e-07
1.148966026980295140e-07
1.147497923074754398e-07
1.146033515879024473e-07
1.144571472680688624e-07
1.143112288871346801e-07
1.141656157605952180e-07
1.140203187276592970e-07
1.138752963609650565e-07
1.137306492373525798e-07
1.135862993613902811e-07
1.134422632695121249e-07
1.132984645139882766e-07
1.131550637101897718e-07
1.130118828641307856e-07
1.128690020846463421e-07
1.127264462243544535e-07
1.125841978308877423e-07
1.124422080590717026e-07
1.123004658498602497e-07
1.121591253475019193e-07
1.120179719290382087e-07
1.118771320503035320e-07
1.117365337783763112e-07
1.115962858720897472e-07
1.114562452578166899e-07
1.113164626337046925e-07
1.111770339645108228e-07
1.110378526470975671e-07
1.108989754564720983e-07
1.107604496740849872e-07
1.106221733025498341e-07
1.104841404382644457e-07
1.103464650127228255e-07
1.102090437008201464e-07
1.100719158999841968e-07
1.099349932257757445e-07
1.097984669756352179e-07
1.096621384354644066e-07
1.095261201703970847e-07
1.093903058541731406e-07
1.092548795483990201e-07
1.091196212494854436e-07
1.089846271902261064e-07
1.088499559086406653e-07
1.087155147995360937e-07
1.085813157223117290e-07
1.084473640294167811e-07
1.083137186935145079e-07
1.081803146173074946e-07
1.080472214583662105e-07
1.079144140940847163e-07
1.077818641420634146e-07
1.076495111858227372e-07
1.075175351833751729e-07
1.073857465334694744e-07
1.072542424559834647e-07
1.071229335331059480e-07
1.069919865037669012e-07
1.068612111344422647e-07
1.067307324846857373e-07
1.066004493271188857e-07
1.064705030047193744e-07
1.063407220275310819e-07
1.062111843670784067e-07
1.060819417345445310e-07
1.059529119665230553e-07
1.058241032780338384e-07
1.056955221258099183e-07
1.055672285317361308e-07
1.054391553945988368e-07
1.053113686654383021e-07
1.051838598169943023e-07
1.050565744825140411e-07
1.049294804048014463e-07
1.048027166369476180e-07
1.046761484505537765e-07
1.045498351137048725e-07
1.044237002195297041e-07
1.042978952817692040e-07
1.041722614728082939e-07
1.040468871623383565e-07
1.039216816669937286e-07
1.037968156381072186e-07
1.036720813168844417e-07
1.035476127667034037e-07
1.034233254096644145e-07
1.032993321198495677e-07
1.031754894394042800e-07
1.030518603869748869e-07
1.029285048331712353e-07
1.028053647247546059e-07
1.026824547243849439e-07
1.025598545458777676e-07
1.024374322323823755e-07
1.023152696481533531e-07
1.021932953747581920e-07
1.020716203636816828e-07
1.019501056055055325e-07
1.018288333096849942e-07
1.017077652910367432e-07
1.015869962471837293e-07
1.014663767740716245e-07
1.013459883796702061e-07
1.012258077607358250e-07
1.011058968897197670e-07
1.009861440942180106e-07
1.008665891816115307e-07
1.007472954332469964e-07
1.006281934707410534e-07
1.005092793127170829e-07
1.003905547434398902e-07
1.002720958711731348e-07
1.001538328211373872e-07
1.000358057864277967e-07
9.991804780160238164e-08
9.980046778615205078e-08
9.968310089783480583e-08
9.956596009352399820e-08
9.944906341852775023e-08
9.933233395011848081e-08
9.921582182845450281e-08
9.909952842752880492e-08
9.898347821212130343e-08
9.886758922850800925e-08
9.875190120884390878e-08
9.863643912211032266e-08
9.852119885426635996e-08
9.840612356871160304e-08
9.829122920996137556e-08
9.817658514430608790e-08
9.806211630572132763e-08
9.794782372355694882e-08
9.783371195978510106e-08
9.771985238138673236e-08
9.760617534121178448e-08
9.749271351194491608e-08
9.737952269354905748e-08
9.726648755475831146e-08
9.715367171276157097e-08
9.704104018964240647e-08
9.692866878450376474e-08
9.681643588766167787e-08
9.670442285926224923e-08
9.659258220684510413e-08
9.648102351420739749e-08
9.636957792670593451e-08
9.625836556219486633e-08
9.614730058466695051e-08
9.603651723098330045e-08
9.592583187431379123e-08
9.581537963037752302e-08
9.570508281972664522e-08
9.559503757300837079e-08
9.548510751690048169e-08
9.537536807004845037e-08
9.526584917276164299e-08
9.515651631248414003e-08
9.504737253111037400e-08
9.493848169727287407e-08
9.482977691902881965e-08
9.472127928980647098e-08
9.461290519930343895e-08
9.450483449773085835e-08
9.439689899529371196e-08
9.428917646481194500e-08
9.418159093598269365e-08
9.407427414292554746e-08
9.396711629136453149e-08
9.386014049503798985e-08
9.375331947247172047e-08
9.364674368203034567e-08
9.354033563038635103e-08
9.343409381676297545e-08
9.332800415699851128e-08
9.322215576745588832e-08
9.311646198934094385e-08
9.301092820094813937e-08
9.290555499045274622e-08
9.280041449573303705e-08
9.269544418632187029e-08
9.259065054236835095e-08
9.248611116030223342e-08
9.238171853520311041e-08
9.227754253243888258e-08
9.217348803980063322e-08
9.206970980939808867e-08
9.196605320840526826e-08
9.186260812225054562e-08
9.175928706223772124e-08
9.165623673733358395e-08
9.155331711759744645e-08
9.145058324787815578e-08
9.134799121962993789e-08
9.124564321836396615e-08
9.114343940767272426e-08
9.104140087215698627e-08
9.093950546716248998e-08
9.083784109169702223e-08
9.073632188767803408e-08
9.063495345022401028e-08
9.053373952594057253e-08
9.043274479634448166e-08
9.033191258250863705e-08
9.023124833012163694e-08
9.013081878871854356e-08
9.003054738313532120e-08
8.993046666204724634e-08
8.983049126648908413e-08
8.973079444830108626e-08
8.963121966086093280e-08
8.953183152723820541e-08
8.943257433121817266e-08
8.933354376592388563e-08
8.923468343209323100e-08
8.913596243492134150e-08
8.903740567883616425e-08
8.893902246725188191e-08
8.884085338880084552e-08
8.874277861226298718e-08
8.864490003343573081e-08
8.854716309093703476e-08
8.844964662360055914e-08
8.835222766355915112e-08
8.825496813994976955e-08
8.815790249646074367e-08
8.806100046811751976e-08
8.796424857030980368e-08
8.786770639031869344e-08
8.777135714442150995e-08
8.767514776897314349e-08
8.757910767760797185e-08
8.748322537943720878e-08
8.738756194489034312e-08
8.729200627837570423e-08
8.719664849086695195e-08
8.710140245993519383e-08
8.700641048824389590e-08
8.691152235708899087e-08
8.681681516795107553e-08
8.672222575052384910e-08
8.662786635997062281e-08
8.653363367871315862e-08
8.643954855078031518e-08
8.634559286997431851e-08
8.625184064786785265e-08
8.615823644581380079e-08
8.606475440135771228e-08
8.597141779495108825e-08
8.587827553421121398e-08
8.578528197424809482e-08
8.569243787411831563e-08
8.559979287208848499e-08
8.550731759773238159e-08
8.541498900891375188e-08
8.532279851242519188e-08
8.523078228439657357e-08
8.513895569460169328e-08
8.504723414447258212e-08
8.495569626443487722e-08
8.486426969399867864e-08
8.477307966150163926e-08
8.468198327383511900e-08
8.459106212280997640e-08
8.450025110401369333e-08
8.440965362068420863e-08
8.431917895498226647e-08
8.422883826605618607e-08
8.413862438780243698e-08
8.404859292690869951e-08
8.395871830120942951e-08
8.386894303780928742e-08
8.377931429360513740e-08
8.368986288132627321e-08
8.360055315607090447e-08
8.351137817996216239e-08
8.342239340452336157e-08
8.333358269915865271e-08
8.324488803838609651e-08
8.315635721845063580e-08
8.306794519666859510e-08
8.297974731464373034e-08
8.289164103290020898e-08
8.280370868403991037e-08
8.271587404003753071e-08
8.262825319910051564e-08
8.254075471340396284e-08
8.245338426253135758e-08
8.236615194719697851e-08
8.227905547743460018e-08
8.219215754220766629e-08
8.210532687919516979e-08
8.201867874490163004e-08
8.193212149162951394e-08
8.184577370340294772e-08
8.175950188809430071e-08
8.167337701389509631e-08
8.158736799390665619e-08
8.150154084315182553e-08
8.141583760068881689e-08
8.133027415512116936e-08
8.124489768985475492e-08
8.115965365513590462e-08
8.107455617769730208e-08
8.098956357345025434e-08
8.090474793840558512e-08
8.082008828667096226e-08
8.073552511029307319e-08
8.065112301154054087e-08
8.056681794077115263e-08
8.048272832550389522e-08
8.039872262204037804e-08
8.031486588991239028e-08
8.023111386083802111e-08
8.014753206904147732e-08
8.006409415001733526e-08
7.998074053849344370e-08
7.989754372398684178e-08
7.981445131168293599e-08
7.973154965547625502e-08
7.964871713404122335e-08
7.956602094078216243e-08
7.948344628107840834e-08
7.940103335598972132e-08
7.931873963149435269e-08
7.923657538477640626e-08
7.915459317654064738e-08
7.907272945948787744e-08
7.899100714563870727e-08
7.890938029766820681e-08
7.882792258894395819e-08
7.874661224045495111e-08
7.866538825012157784e-08
7.858432143831168798e-08
7.850333927386642188e-08
7.842256477160448480e-08
7.834187163819662626e-08
7.826131131291327216e-08
7.818085669710849692e-08
7.810054531410416530e-08
7.802039400338874690e-08
7.794030313681674112e-08
7.786037948133174846e-08
7.778053288755726315e-08
7.770087482637870557e-08
7.762128549165133296e-08
7.754182321034518760e-08
7.746246207523126021e-08
7.738326222157105688e-08
7.730417734891850240e-08
7.722521434124311828e-08
7.714641369496001096e-08
7.706774925723729032e-08
7.698918979132163097e-08
7.691075991511312003e-08
7.683243144731927515e-08
7.675428822527448657e-08
7.667621776967721090e-08
7.659829612279082979e-08
7.652046111932686925e-08
7.644278047308587503e-08
7.636524480918430662e-08
7.628777595626499828e-08
7.621046842187478725e-08
7.613322633703140220e-08
7.605618168528037023e-08
7.597921089634912687e-08
7.590235365306499341e-08
7.582559464078278350e-08
7.574897137144821972e-08
7.567249757457093674e-08
7.559608746378996076e-08
7.551979767879326025e-08
7.544362311084954022e-08
7.536758792619754747e-08
7.529165899029648714e-08
7.521584637174989677e-08
7.514019476178852965e-08
7.506465545718098752e-08
7.498923785005427089e-08
7.491391496570548988e-08
7.483872308635350056e-08
7.476368276772054561e-08
7.468871292291401216e-08
7.461388841905474048e-08
7.453913635514591333e-08
7.446455363865244477e-08
7.439008374767004312e-08
7.431569162949432531e-08
7.424144164291491569e-08
7.416725693654085824e-08
7.409326718926996491e-08
7.401933807726727634e-08
7.394552171075759034e-08
7.387179344843806712e-08
7.379819971934385944e-08
7.372474516149615688e-08
7.365135007066351313e-08
7.357807028817188607e-08
7.350489624442886870e-08
7.343185744168873447e-08
7.335891757223248868e-08
7.328608625298902752e-08
7.321340626602549261e-08
7.314084085541291707e-08
7.306837913087584279e-08
7.299602013325947867e-08
7.292376141499065519e-08
7.285166515149951742e-08
7.277963300245616992e-08
7.270773318176080576e-08
7.263591536657286934e-08
7.256422078736837439e-08
7.249267588877696593e-08
7.242118323113664257e-08
7.234983285731013901e-08
7.227854681787492572e-08
7.220741624833590500e-08
7.213638641098721737e-08
7.206542113625653460e-08
7.199459353175663990e-08
7.192383451921173746e-08
7.185323738792417668e-08
7.178269611434317189e-08
7.171225959979390354e-08
7.164190818113787435e-08
7.157169879994939361e-08
7.150158758733335832e-08
7.143157014663691701e-08
7.136168388326548523e-08
7.129193326222178227e-08
7.122225785115005012e-08
7.115271393640035589e-08
7.108322708254854039e-08
7.101389995821415514e-08
7.094468533577432893e-08
7.087553488244626570e-08
7.080651766353670745e-08
7.073756054946370828e-08
7.066876833036094272e-08
7.060006518187752941e-08
7.053143720103402719e-08
7.046293382335718081e-08
7.039448929067044861e-08
7.032622131037003573e-08
7.025801157692867864e-08
7.018989496393933066e-08
7.012187445434485023e-08
7.005394898572885815e-08
6.998617027376128355e-08
6.991843730038763659e-08
6.985081230827286424e-08
6.978326517609789035e-08
6.971585235423128903e-08
6.964853393849514522e-08
6.958130620169102964e-08
6.951420539098011051e-08
6.944722781002691422e-08
6.938031889405118236e-08
6.931354013554182188e-08
6.924681141512392618e-08
6.918023663213946815e-08
6.911376738544250927e-08
6.904735742513590215e-08
6.898107632530746205e-08
6.891485159521886069e-08
6.884877720342337472e-08
6.878279539878099272e-08
6.871687428417698495e-08
6.865108456827510320e-08
6.858534459293235945e-08
6.851976267027193239e-08
6.845425166072755685e-08
6.838881057067076983e-08
6.832348710885498551e-08
6.825822756493302252e-08
6.819311580450043272e-08
6.812805423342106175e-08
6.806308291464786684e-08
6.799819381809989969e-08
6.793342813181493077e-08
6.786875112597495571e-08
6.780416300860306074e-08
6.773967168612918631e-08
6.767531456232599931e-08
6.761103699167832243e-08
6.754686213139816139e-08
6.748276209994220466e-08
6.741875865059568226e-08
6.735488901259948701e-08
6.729107192062655418e-08
6.722736676997040713e-08
6.716373599427354142e-08
6.710019326108072442e-08
6.703679725246536788e-08
6.697344962062415174e-08
6.691020322157733734e-08
6.684703279702809242e-08
6.678394781519225480e-08
6.672100698774514513e-08
6.665810470426175265e-08
6.659530447188623653e-08
6.653256520383793735e-08
6.646993801858494748e-08
6.640742752744035623e-08
6.634495815494823601e-08
6.628258436806984091e-08
6.622028024011591054e-08
6.615809881781998596e-08
6.609599930590716129e-08
6.603397927922475268e-08
6.597207604113791646e-08
6.591028529521550713e-08
6.584855841711587672e-08
6.578694033005315040e-08
6.572538209459131640e-08
6.566393861609186097e-08
6.560260704293558294e-08
6.554132504588191402e-08
6.548015440921758222e-08
6.541904667600438876e-08
6.535803376814038715e-08
6.529715373653836430e-08
6.523631780897413014e-08
6.517558459303849828e-08
6.511491831764322298e-08
6.505433710105252577e-08
6.499389308978340310e-08
6.493348475623040511e-08
6.487317366752437174e-08
6.481292043323311983e-08
6.475277012769976942e-08
6.469273973446650556e-08
6.463274378366053743e-08
6.457283979312429324e-08
6.451300022266557607e-08
6.445327665251562616e-08
6.439363456326893911e-08
6.433406843297550965e-08
6.427459575138337769e-08
6.421523972420921569e-08
6.415595155864599864e-08
6.409675867710220697e-08
6.403763455333718001e-08
6.397858988279801153e-08
6.391967150266772246e-08
6.386080108361055405e-08
6.380202460793837531e-08
6.374332812751222318e-08
6.368469440901884885e-08
6.362619967043482046e-08
6.356775607186322037e-08
6.350938476833874888e-08
6.345110815893277382e-08
6.339287760780804695e-08
6.333478856322810256e-08
6.327675186418821139e-08
6.321877231835635247e-08
6.316090057218960249e-08
6.310307180121921034e-08
6.304537257919029578e-08
6.298772364957700303e-08
6.293013778291999350e-08
6.287263557130008147e-08
6.281521617997008261e-08
6.275788799208334147e-08
6.270063029075315940e-08
6.264344997237390630e-08
6.258637727843770916e-08
6.252939805945958681e-08
6.247247015044598467e-08
6.241564786076452708e-08
6.235886588500177754e-08
6.230219992778682335e-08
6.224562671660623854e-08
6.218909578785779856e-08
6.213266395801788731e-08
6.207628877480847802e-08
6.201999273485449073e-08
6.196382190144160308e-08
6.190769068403273399e-08
6.185164090766410292e-08
6.179566318393885716e-08
6.173973782849270083e-08
6.168395447335907214e-08
6.162820458645800456e-08
6.157252103102815460e-08
6.151692376957222709e-08
6.146137868181928170e-08
6.140595375912423070e-08
6.135057069163811561e-08
6.129525084236563779e-08
6.124000690894443135e-08
6.118484369693188099e-08
6.112976668297246281e-08
6.107475472230584059e-08
6.101981900426635111e-08
6.096498450518933444e-08
6.091024049054785979e-08
6.085554677169371425e-08
6.080095068390512872e-08
6.074640114132919979e-08
6.069194880479919140e-08
6.063759484664344415e-08
6.058328069338638898e-08
6.052905918481369642e-08
6.047489889933931405e-08
6.042080222825293815e-08
6.036683238871951301e-08
6.031290705158852738e-08
6.025904390792755628e-08
6.020526893651458795e-08
6.015153162481791760e-08
6.009791882505299173e-08
6.004436839399339473e-08
5.999085472699999839e-08
5.993744653689117769e-08
5.988407053423474211e-08
5.983079896752450566e-08
5.977760568801708713e-08
5.972445207161126014e-08
5.967137526198113887e-08
5.961835264478447301e-08
5.956542999781447874e-08
5.951257645739475620e-08
5.945978727006994961e-08
5.940707076471440066e-08
5.935445637097141646e-08
5.930191065022361939e-08
5.924942915269404488e-08
5.919702616517805437e-08
5.914465910841472316e-08
5.909241378292883203e-08
5.904023787521144117e-08
5.898810188193305484e-08
5.893606104060712549e-08
5.888406066556343635e-08
5.883214533761629179e-08
5.878033307263120037e-08
5.872855476133663819e-08
5.867685677455952816e-08
5.862522045038274523e-08
5.857363012488515481e-08
5.852217035231150335e-08
5.847074113974916159e-08
5.841936468060926913e-08
5.836807938295226991e-08
5.831682810829143196e-08
5.826568681735878204e-08
5.821459581812493908e-08
5.816355308617800921e-08
5.811258271782719469e-08
5.806166647131658775e-08
5.801084316423504505e-08
5.796008298812779515e-08
5.790938234711999986e-08
5.785875525515179439e-08
5.780822332263607268e-08
5.775775301753025090e-08
5.770734614610806775e-08
5.765700963536134367e-08
5.760670558364788310e-08
5.755652096536065380e-08
5.750640191270485857e-08
5.745631897226272912e-08
5.740632270011924632e-08
5.735636701739130900e-08
5.730648636452831154e-08
5.725671009252276672e-08
5.720696693197381462e-08
5.715728998336013703e-08
5.710767998529572126e-08
5.705810907754264905e-08
5.700865271388374147e-08
5.695924301120350832e-08
5.690986873642851228e-08
