6.726704694612492427e-11
8.286084294165535901e-11
1.005908308944584294e-10
1.206031751593134154e-10
1.430452567691250588e-10
1.680640567560766594e-10
1.958055609309901408e-10
2.264144823953325035e-10
2.600311851599031485e-10
2.967923636346639578e-10
3.368320125026399826e-10
3.802776833001605195e-10
4.272517704669829782e-10
4.778705557025459142e-10
5.322463344845349644e-10
5.904824986614588998e-10
6.526732389535029327e-10
7.189124436900900022e-10
7.892772047278817180e-10
8.638432874064164049e-10
9.426811790123560467e-10
1.025845852852186012e-09
1.113391498239871823e-09
1.205358940596460186e-09
1.301785094274242977e-09
1.402699896848059600e-09
1.508118486088402525e-09
1.618062703057454476e-09
1.732529249917138404e-09
1.851518894651051761e-09
1.975020386544072436e-09
2.103024721911257030e-09
2.235496312028052357e-09
2.372418886937375963e-09
2.513743563838446623e-09
2.659442751797677833e-09
2.809454210791754111e-09
2.963735687047968971e-09
3.122225846825908848e-09
3.284852315564802188e-09
3.451561048475680195e-09
3.622268671089105093e-09
3.796898787047168882e-09
3.975372643567478472e-09
4.157605953672003662e-09
4.343514527770324054e-09
4.532992260946226600e-09
4.725956046879727147e-09
4.922311967002327260e-09
5.121950079147979592e-09
5.324787368158620934e-09
5.530703347324450985e-09
5.739597835030653539e-09
5.951374472682095658e-09
6.165924851856460927e-09
6.383136726881601940e-09
6.602909069003878598e-09
6.825137449797035398e-09
7.049707202684059211e-09
7.276520586076769163e-09
7.505476711299599635e-09
7.736459145902420751e-09
7.969363342726138588e-09
8.204100975207890889e-09
8.440563109743758117e-09
8.678650758717747302e-09
8.918262417555457744e-09
9.159313095775641591e-09
9.401701756175507580e-09
9.645333313313966658e-09
9.890126086109847544e-09
1.013599707763747618e-08
1.038285755088299990e-08
1.063061900407479130e-08
1.087920890967793187e-08
1.112855680886606518e-08
1.137858802846393326e-08
1.162922503058850381e-08
1.188040117987779267e-08
1.213205633258797183e-08
1.238413495287680290e-08
1.263657519160549769e-08
1.288931438629305620e-08
1.314230489349613269e-08
1.339550518918207975e-08
1.364887326949526114e-08
1.390235047551943450e-08
1.415590050079667672e-08
1.440949394271698041e-08
1.466310556454778432e-08
1.491669692441875367e-08
1.517022678912600512e-08
1.542367734829833585e-08
1.567703642670534447e-08
1.593029060575695640e-08
1.618340507760829210e-08
1.643636740199233438e-08
1.668916773475569770e-08
1.694180350201936195e-08
1.719427101194788148e-08
1.744655524150137301e-08
1.769865670074190155e-08
1.795057274063745204e-08
1.820230780144060980e-08
1.845386923747259432e-08
1.870525746274193110e-08
1.895648016597844060e-08
1.920754370517024359e-08
1.945845496815633307e-08
1.970923122055984105e-08
1.995988258824673000e-08
2.021042505301346958e-08
2.046086932972096344e-08
2.071122678514902309e-08
2.096151505312600599e-08
2.121175003651549904e-08
2.146195390856483725e-08
2.171213904283718991e-08
2.196233012019974996e-08
2.221253646340418431e-08
2.246277927426749789e-08
2.271306948688389361e-08
2.296343578790878517e-08
2.321388765284564031e-08
2.346445716913420976e-08
2.371515027052616267e-08
2.396598403831967709e-08
2.421696511466124847e-08
2.446812221444425139e-08
2.471946192356160566e-08
2.497101460804917915e-08
2.522278502989443760e-08
2.547478149550479910e-08
2.572700389859881124e-08
2.597947035015966317e-08
2.623219481419252884e-08
2.648518390927521523e-08
2.673845540442253821e-08
2.699200483158863724e-08
2.724582873773783035e-08
2.749992234242791817e-08
2.775430043545767073e-08
2.800895505372212013e-08
2.826389349484421134e-08
2.851911607366608755e-08
2.877461156926701740e-08
2.903036509312653754e-08
2.928637043200386997e-08
2.954262269539547504e-08
2.979910382234604372e-08
3.005581170901631745e-08
3.031272514469544534e-08
3.056983499073436494e-08
3.082711261428545039e-08
3.108454186279037994e-08
3.134210653299591654e-08
3.159977281783719578e-08
3.185753113975386436e-08
3.211534203897492062e-08
3.237318994148672821e-08
3.263104841522382743e-08
3.288887167377790278e-08
3.314664628788626786e-08
3.340432882156174460e-08
3.366187872931708083e-08
3.391928896411345436e-08
3.417648160096317814e-08
3.443345774114672646e-08
3.469016431397360779e-08
3.494655159039359870e-08
3.520260154435973550e-08
3.545826165237539848e-08
3.571347404262970822e-08
3.596824889568577314e-08
3.622247032873314533e-08
3.647613123358779184e-08
3.672921818565630861e-08
3.698160735102996522e-08
3.723332246293666902e-08
3.748431136341686871e-08
3.773448878872590138e-08
3.798387142749864659e-08
3.823236792126016068e-08
3.847991384098929424e-08
3.872652010410429237e-08
3.897208741481739673e-08
3.921657738284258069e-08
3.945999809090703351e-08
3.970224815494798195e-08
3.994330061571724121e-08
4.018316795750636594e-08
4.042173092562556386e-08
4.065894098680219903e-08
4.089481939643869820e-08
4.112926539637668335e-08
4.136223525157340649e-08
4.159374386188898124e-08
4.182376911744473157e-08
4.205216302464411321e-08
4.227901364345694790e-08
4.250428825609216672e-08
4.272782922246555939e-08
4.294963143372966830e-08
4.316976245154053123e-08
4.338808309610293656e-08
4.360461530519964127e-08
4.381934867147446529e-08
4.403222029453603123e-08
4.424322621106423932e-08
4.445238458496066544e-08
4.465966510688770962e-08
4.486491064749027169e-08
4.506822943664670242e-08
4.526961827568532051e-08
4.546896679153323506e-08
4.566633071414087554e-08
4.586171564974403410e-08
4.605504560265256220e-08
4.624632964481167109e-08
4.643562148415591436e-08
4.662291031688592889e-08
4.680808583752205960e-08
4.699122050444957609e-08
4.717232988056480727e-08
4.735135609161106608e-08
4.752830640119233673e-08
4.770326199611430042e-08
4.787620414682677909e-08
4.804707235205333271e-08
4.821591592728036143e-08
4.838279227227786448e-08
4.854767603980724142e-08
4.871052337742697777e-08
4.887140391928156292e-08
4.903034469665932720e-08
4.918731231428047350e-08
4.934234823080787989e-08
4.949552059444672430e-08
4.964682960619792511e-08
4.979622247308133046e-08
4.994380215470453618e-08
5.008958115603728873e-08
5.023358574772174392e-08
5.037577425341814413e-08
5.051624105817720851e-08
5.065501591947339605e-08
5.079211984879540843e-08
5.092752203163518932e-08
5.106134045175195854e-08
5.119358834318847735e-08
5.132427191318217773e-08
5.145338940030687006e-08
5.158103991291250932e-08
5.170724356798924117e-08
5.183200910818763067e-08
5.195534771618487826e-08
5.207735324095513867e-08
5.219804218325079581e-08
5.231742891730566790e-08
5.243552999256594542e-08
5.255245147637134394e-08
5.266819633481948652e-08
5.278278962832244182e-08
5.289622841701943234e-08
5.300861250209101229e-08
5.311996183332302352e-08
5.323028156091930730e-08
5.333959046957188655e-08
5.344798637179736191e-08
5.355548578035480933e-08
5.366210679422072926e-08
5.376784939494039138e-08
5.387279860056595768e-08
5.397699209476740764e-08
5.408044031313887556e-08
5.418314551805242401e-08
5.428515898230758651e-08
5.438653864019451026e-08
5.448728988004976175e-08
5.458742517438054974e-08
5.468696720538453690e-08
5.478598838253084011e-08
5.488450132218462632e-08
5.498251667116887770e-08
5.508003766061782647e-08
5.517712222571100444e-08
5.527380354138317543e-08
5.537009135795765021e-08
5.546599125832387534e-08
5.556150602203105516e-08
5.565669406296997952e-08
5.575156366375703192e-08
5.584612124263613944e-08
5.594036704174225794e-08
5.603433387625408273e-08
5.612805245906747355e-08
5.622152564199413305e-08
5.631475479424164465e-08
5.640774323610504618e-08
5.650052580477890882e-08
5.659311170583847913e-08
5.668550616597467353e-08
5.677770959897366805e-08
5.686970009062141071e-08
5.696150947910761300e-08
5.705314258400739314e-08
5.714459948892290303e-08
5.723587222141063652e-08
5.732695663093503668e-08
5.741787007694931355e-08
5.750861439469857811e-08
5.759919337674108796e-08
5.768958688162862111e-08
5.777978144274433816e-08
5.786979093382087670e-08
5.795961767526264407e-08
5.804926884973962641e-08
5.813870441693502791e-08
5.822789596256747360e-08
5.831685694169180313e-08
5.840558992107195658e-08
5.849410457120897737e-08
5.858235798263136744e-08
5.867031833315833142e-08
5.875800021803575925e-08
5.884540482259096941e-08
5.893253859708573437e-08
5.901935690397428874e-08
5.910581400087285448e-08
5.919192316718281382e-08
5.927769590553747507e-08
5.936311156487124354e-08
5.944815945211313815e-08
5.953276285895360392e-08
5.961694011916667428e-08
5.970068622018077397e-08
5.978396840418251406e-08
5.986683115885635575e-08
5.994918776564678548e-08
6.003103131914946451e-08
6.011232246142792725e-08
6.019311404949801638e-08
6.027340010113660236e-08
6.035311712606797542e-08
6.043218586011360179e-08
6.051065388268113971e-08
6.058853004336965177e-08
6.066580715661865190e-08
6.074243515274361695e-08
6.081835342040676991e-08
6.089360423294727754e-08
6.096812114132922991e-08
6.104193552926681727e-08
6.111507311865188731e-08
6.118748278832500636e-08
6.125905312930257033e-08
6.132986626513458467e-08
6.139993113813845595e-08
6.146922140007322251e-08
6.153771961655502221e-08
6.160535510841246698e-08
6.167217913977359055e-08
6.173809900141059620e-08
6.180321784770630597e-08
6.186752697291961547e-08
6.193092904057702832e-08
6.199340147476234091e-08
6.205499272225553737e-08
6.211571243087835394e-08
6.217549189166862581e-08
6.223442055314787967e-08
6.229243856551389767e-08
6.234945541587413948e-08
6.240556930918615813e-08
6.246081165428925865e-08
6.251507003408241221e-08
6.256845179595211219e-08
6.262089947965020030e-08
6.267232099473821153e-08
6.272282136619711657e-08
6.277243274528001082e-08
6.282106390202802455e-08
6.286878590872053664e-08
6.291556959643334359e-08
6.296135400296644583e-08
6.300621777415373769e-08
6.305020102035105181e-08
6.309322086736778490e-08
6.313533792520763704e-08
6.317655304078708848e-08
6.321679028756564290e-08
6.325615760103535688e-08
6.329468372121471316e-08
6.333226332340013268e-08
6.336900956132543477e-08
6.340486147056715837e-08
6.343979231022104327e-08
6.347388683219091818e-08
6.350718150257923927e-08
6.353959342295967304e-08
6.357120934835250141e-08
6.360196902828774663e-08
6.363190020333795327e-08
6.366108453902006054e-08
6.368946571727807581e-08
6.371708977465973179e-08
6.374397296555787970e-08
6.377006229910429536e-08
6.379540665498691434e-08
6.382008557353818702e-08
6.384404372280729004e-08
6.386732581527064089e-08
6.388993400368365083e-08
6.391186783068029207e-08
6.393314037043645165e-08
6.395375108220629603e-08
6.397376270406851409e-08
6.399319976213737929e-08
6.401202696096290810e-08
6.403027152571927249e-08
6.404791836821917093e-08
6.406500358369168367e-08
6.408160901241782275e-08
6.409768042617304675e-08
6.411325866427503666e-08
6.412834223389175042e-08
6.414294312581746573e-08
6.415705485465971864e-08
6.417072763496154815e-08
6.418399791603827623e-08
6.419686392923746341e-08
6.420932905288649235e-08
6.422140129900648364e-08
6.423307117519565894e-08
6.424437552076448497e-08
6.425532162855546449e-08
6.426595334000397764e-08
6.427627814017077272e-08
6.428628554143271000e-08
6.429597153644515229e-08
6.430535448788713234e-08
6.431445947451427609e-08
6.432331476463771193e-08
6.433193018940357567e-08
6.434031550825137020e-08
6.434846796608996754e-08
6.435638272833588443e-08
6.436407603781997236e-08
6.437155719828330255e-08
6.437886892219868532e-08
6.438600760077695494e-08
6.439298204214961728e-08
6.439979726822678584e-08
6.440643913734871392e-08
6.441292299240021633e-08
6.441924952020854626e-08
6.442544906679841818e-08
6.443152344039988604e-08
6.443748222402078376e-08
6.444332311693433813e-08
6.444903745175415540e-08
6.445464036402726674e-08
6.446013383352377979e-08
6.446552782646511567e-08
6.447083562970125258e-08
6.447606092706318144e-08
6.448119650797647445e-08
6.448624666827989669e-08
6.449121226156031285e-08
6.449608700776192726e-08
6.450087619027392424e-08
6.450559450172980687e-08
6.451024397581862381e-08
6.451481848946096035e-08
6.451932490870588692e-08
6.452376726580080938e-08
6.452811903696248169e-08
6.453237573313333559e-08
6.453656417870861009e-08
6.454065997697949027e-08
6.454469284217410920e-08
6.454863794589860433e-08
6.455251540981239042e-08
6.455630109368293501e-08
6.455999725521303154e-08
6.456358537797128544e-08
6.456708766877929356e-08
6.457049377119814388e-08
6.457380786055498891e-08
6.457702939221293752e-08
6.458015925122083443e-08
6.458317985455641713e-08
6.458605738414868684e-08
6.458882763661584613e-08
6.459145739922428594e-08
6.459398385480927264e-08
6.459637247167984333e-08
6.459865854539715460e-08
6.460079914314336282e-08
6.460280347605236828e-08
6.460461495436118469e-08
6.460629429813485575e-08
6.460777962721730714e-08
6.460913858553265167e-08
6.461030133404442396e-08
6.461133977716246422e-08
6.461217557544587097e-08
6.461284814497462765e-08
6.461328894065568099e-08
6.461356547745237756e-08
6.461360877224975122e-08
6.461349210055516787e-08
6.461314298997555056e-08
6.461263817594668439e-08
6.461188886264416202e-08
6.461093270272066193e-08
6.460970566715575617e-08
6.460827827614333650e-08
6.460657886474036481e-08
6.460468548856288384e-08
6.460251797803884251e-08
6.460016307451423459e-08
6.459752233134124350e-08
6.459465064478341428e-08
6.459146623592727191e-08
6.458805947747610998e-08
6.458433490210933078e-08
6.458039291134208988e-08
6.457613604518760534e-08
6.457166659265748865e-08
6.456687707695978791e-08
6.456184502930715426e-08
6.455647745353408615e-08
6.455086970545458772e-08
6.454493541059381049e-08
6.453875491295435914e-08
6.453225817416644604e-08
6.452550574497852267e-08
6.451845538940557527e-08
6.451111767500418401e-08
6.450345198702627803e-08
6.449550352899974411e-08
6.448724830266006569e-08
6.447870005188972956e-08
6.446986542139221515e-08
6.446072255643105203e-08
6.445131614958267737e-08
6.444157582039775382e-08
6.443155957109317699e-08
6.442120167981611614e-08
6.441059086145698051e-08
6.439963993620317117e-08
6.438843712789362804e-08
6.437690655934869983e-08
6.436511435531243864e-08
6.435301050268741615e-08
6.434062460997617174e-08
6.432793721388623684e-08
6.431498042197968862e-08
6.430174424368820268e-08
6.428822700997041415e-08
6.427444973031390937e-08
6.426037335417577326e-08
6.424604996569663579e-08
6.423142267583559458e-08
6.421654445878491266e-08
6.420137095348626048e-08
6.418597379631119608e-08
6.417029117336279745e-08
6.415437494554616132e-08
6.413819810736511057e-08
6.412177055144449114e-08
6.410510897720297078e-08
6.408817302759166491e-08
6.407101727324818392e-08
6.405359970164539341e-08
6.403599135159957692e-08
6.401813040120935108e-08
6.400007020854760458e-08
6.398177574286744386e-08
6.396327009192590674e-08
6.394455400158314887e-08
6.392560964890541336e-08
6.390647424529944668e-08
6.388712647032657360e-08
6.386761667438332994e-08
6.384790295344750189e-08
6.382802129046336461e-08
6.380795083736663568e-08
6.378770347700253762e-08
6.376728425907445253e-08
6.374667339755447703e-08
6.372589973051574543e-08
6.370495743482379756e-08
6.368388279525780537e-08
6.366264474372393663e-08
6.364127406304591485e-08
6.361974967658761680e-08
6.359808605563695456e-08
6.357627891424956667e-08
6.355432750056195147e-08
6.353224094221703043e-08
6.351003009293087703e-08
6.348771200354024697e-08
6.346527959698957474e-08
6.344274037746137742e-08
6.342008858341107801e-08
6.339733039250407071e-08
6.337445863996923436e-08
6.335148601121021507e-08
6.332840357091350994e-08
6.330523263896192882e-08
6.328197310874049344e-08
6.325863748132789267e-08
6.323522179773977663e-08
6.321173121929729405e-08
6.318816128006687611e-08
6.316451700618321317e-08
6.314079502654517238e-08
6.311699878640632716e-08
6.309312299192722418e-08
6.306918229371794444e-08
6.304518478784645272e-08
6.302112617158125335e-08
6.299701608629604427e-08
6.297284649339934011e-08
6.294862405026835079e-08
6.292434161458891618e-08
6.290000935580683728e-08
6.287561726656665544e-08
6.285117722248734338e-08
6.282668695986276164e-08
6.280216195665301034e-08
6.277758674401418146e-08
6.275297911819849406e-08
6.272832385116291910e-08
6.270363456260961934e-08
6.267890024495898641e-08
6.265413086154194152e-08
6.262931637609802671e-08
6.260446085078020481e-08
6.257956642122323366e-08
6.255464470601393811e-08
6.252968515860744903e-08
6.250469912655063607e-08
6.247967739904311817e-08
6.245462744891660542e-08
6.242954252262917862e-08
6.240442993170041704e-08
6.237927423552437352e-08
6.235407527434534027e-08
6.232883468941141357e-08
6.230356871365904129e-08
6.227825671303210911e-08
6.225291720196089623e-08
6.222754289816434193e-08
6.220213107412224067e-08
6.217668924246626319e-08
6.215120718539032114e-08
6.212568892902730129e-08
6.210013267281809183e-08
6.207452365453484517e-08
6.204888785499151232e-08
6.202320102011433271e-08
6.199748030001761742e-08
6.197172653261282764e-08
6.194592220135919933e-08
6.192008724703755531e-08
6.189421515712920151e-08
6.186829417585973934e-08
6.184232914003611356e-08
6.181630455780158977e-08
6.179024085076053724e-08
6.176413391529243644e-08
6.173796829066901375e-08
6.171176799727822751e-08
6.168551296115391186e-08
6.165921516052778708e-08
6.163288082587245771e-08
6.160648084507316120e-08
6.158003736080463053e-08
6.155352532855254664e-08
6.152695121614402774e-08
6.150033185440431543e-08
6.147363837969046832e-08
6.144689554546569685e-08
6.142010802700246879e-08
6.139323964546955199e-08
6.136632848942924939e-08
6.133935870938104646e-08
6.131232508296977669e-08
6.128523947536414378e-08
6.125806922691658343e-08
6.123084625908544641e-08
6.120357009882930147e-08
6.117620512496105729e-08
6.114879403872504371e-08
6.112131667632725079e-08
6.109377008078624758e-08
6.106617179454612444e-08
6.103849846036632465e-08
6.101076553797453765e-08
6.098296536031970571e-08
6.095507841141332301e-08
6.092713838047679518e-08
6.089913344392014831e-08
6.087104641727659137e-08
6.084290281132031713e-08
6.081468573852781607e-08
6.078640346094845296e-08
6.075806400483350192e-08
6.072964126318757256e-08
6.070115481992591913e-08
6.067260250417191925e-08
6.064396167808596690e-08
6.061526647647114963e-08
6.058650376723040869e-08
6.055765881303866515e-08
6.052875789498834377e-08
6.049977800225417419e-08
6.047073367594075916e-08
6.044163122100666301e-08
6.041244325052089061e-08
6.038319653206924001e-08
6.035389207321328384e-08
6.032450366768007632e-08
6.029506468373435753e-08
6.026556752814397785e-08
6.023598866123335232e-08
6.020635713697372560e-08
6.017666261671387756e-08
6.014689993557512112e-08
6.011707913926762554e-08
6.008719532894987060e-08
6.005724339099395648e-08
6.002723481747174944e-08
5.999716343749941282e-08
5.996704180818686492e-08
5.993685771039033340e-08
5.990661324127869234e-08
5.987631947168902940e-08
5.984597220683890406e-08
5.981556004848652479e-08
5.978509485279557628e-08
5.975458005612578597e-08
5.972400394050160058e-08
5.969337564412738363e-08
5.966269858690924758e-08
5.963196491635943348e-08
5.960119122472576543e-08
5.957036893989717437e-08
5.953949666087057762e-08
5.950857998309797915e-08
5.947761146398674504e-08
5.944660131923067522e-08
5.941554386599572931e-08
5.938443699644041807e-08
5.935328609445438501e-08
5.932209867689387768e-08
5.929087246793489153e-08
5.925961199643495544e-08
5.922831476155576240e-08
5.919697855673413318e-08
5.916561361144932891e-08
5.913420749277175530e-08
5.910277093701871932e-08
5.907129840932754254e-08
5.903978887834561443e-08
5.900825310240251068e-08
5.897667618041521387e-08
5.894506686237171199e-08
5.891343382010532177e-08
5.888177712498915694e-08
5.885008960069009660e-08
5.881837881309171409e-08
5.878664623835009031e-08
5.875488391280439200e-08
5.872309996220579481e-08
5.869129028360081760e-08
5.865945644697561604e-08
5.862760309325017791e-08
5.859571702940459972e-08
5.856381400832999442e-08
5.853189208094002290e-08
5.849995300799383635e-08
5.846799816636996032e-08
5.843602218829884707e-08
5.840403288980348716e-08
5.837202517993528794e-08
5.834000077720763235e-08
5.830796125549773364e-08
5.827590455121098616e-08
5.824383262555159410e-08
5.821174359113427462e-08
5.817964331478450610e-08
5.814753258760988546e-08
5.811541233990669867e-08
5.808328228407020245e-08
5.805114137618522885e-08
5.801899508674524630e-08
5.798683560350714876e-08
5.795467014271519080e-08
5.792249819664194196e-08
5.789031157839103573e-08
5.785812116691483345e-08
5.782591871250418162e-08
5.779370753578763730e-08
5.776148702297865714e-08
5.772925870704276303e-08
5.769702702723198593e-08
5.766478716597232295e-08
5.763254526802193830e-08
5.760029848823951379e-08
5.756804231188650101e-08
5.753578567271997980e-08
5.750352089557324477e-08
5.747125304193402389e-08
5.743898181374730488e-08
5.740669950760842147e-08
5.737441528529042896e-08
5.734212468986477757e-08
5.730982889187276690e-08
5.727753443896378251e-08
5.724523050654909639e-08
5.721292476067922185e-08
5.718061901403113579e-08
5.714830589505179880e-08
5.711599104121663694e-08
5.708367256391746353e-08
5.705135058666756415e-08
5.701902542708841216e-08
5.698669769529783947e-08
5.695436711002796802e-08
5.692203113608801086e-08
5.688969452901739540e-08
5.685735634651314366e-08
5.682501511408677083e-08
5.679267245497633515e-08
5.676032637862794081e-08
5.672798095164147362e-08
5.669563224126943586e-08
5.666328019948504620e-08
5.663092998516365233e-08
5.659857277572124872e-08
5.656621372169519588e-08
5.653384866943709079e-08
5.650147872000506159e-08
5.646910665539412024e-08
5.643673288661112253e-08
5.640435456829240414e-08
5.637197379138114699e-08
5.633959184904255168e-08
5.630720482653915192e-08
5.627481608285421542e-08
5.624242335583802578e-08
5.621003035778188093e-08
5.617763208122816703e-08
5.614523007926473243e-08
5.611282913533544620e-08
5.608041940906680735e-08
5.604800727790222465e-08
5.601559659743508885e-08
5.598317765925433818e-08
5.595075588693840369e-08
5.591833450517347931e-08
5.588590767570556675e-08
5.585347499731104077e-08
5.582104360185379252e-08
5.578860832567803873e-08
5.575616582214072294e-08
5.572372620721339739e-08
5.569128288655398530e-08
5.565883612786724963e-08
5.562638812226331232e-08
5.559393642771442268e-08
5.556148545990391992e-08
5.552902908596915877e-08
5.549657168246055629e-08
5.546411197811400753e-08
5.543165102218098800e-08
5.539918662733126030e-08
5.536671941046421389e-08
5.533425295146401516e-08
5.530178049200830270e-08
5.526930699664188366e-08
5.523683076541727850e-08
5.520435178666131443e-08
5.517187126504542484e-08
5.513938800545906072e-08
5.510690384681604452e-08
5.507441701557232150e-08
5.504192792217888207e-08
5.500943773951166038e-08
5.497694433704986002e-08
5.494444926765898321e-08
5.491195455657892496e-08
5.487945338156280610e-08
5.484695430660606128e-08
5.481445571369576674e-08
5.478195752212027052e-08
5.474945998968993199e-08
5.471696097776832032e-08
5.468446336629392594e-08
5.465196421518362521e-08
5.461946559292363905e-08
5.458696682502692552e-08
5.455446710493283038e-08
5.452196756082571190e-08
5.448946972689399579e-08
5.445696809584592605e-08
5.442446950415853533e-08
5.439197239841045606e-08
5.435947655525498193e-08
5.432698594179209723e-08
5.429449829965197006e-08
5.426201239403526388e-08
5.422952696157116204e-08
5.419704937292331935e-08
5.416457327966449944e-08
5.413209600986103392e-08
5.409962497575530741e-08
5.406715871653312324e-08
5.403469197837733488e-08
5.400222527034944966e-08
5.396976935211312019e-08
5.393731159285067986e-08
5.390485752953709553e-08
5.387240740753134225e-08
5.383996545341135978e-08
5.380752560324180895e-08
5.377508835774622316e-08
5.374265892271496759e-08
5.371023357929753956e-08
5.367781153171707304e-08
5.364539241966163412e-08
5.361298162324098180e-08
5.358057327629667612e-08
5.354817004575959713e-08
5.351576818898819760e-08
5.348337814224365691e-08
5.345098948015975697e-08
5.341861154827864494e-08
5.338624239384527025e-08
5.335387984687239512e-08
5.332152244276593837e-08
5.328917243711640501e-08
5.325683441203322651e-08
5.322450026233224599e-08
5.319217068773679324e-08
5.315985252850378549e-08
5.312754118851598388e-08
5.309523696471666995e-08
5.306293405120321004e-08
5.303064775706380437e-08
5.299836595998642831e-08
5.296609204452415666e-08
5.293382860545654424e-08
5.290157943623123322e-08
5.286933702677353358e-08
5.283710021087789565e-08
5.280487891040768388e-08
5.277266796815515331e-08
5.274046424403681959e-08
5.270826558007213694e-08
5.267608613626440933e-08
5.264391277195625130e-08
5.261174608837164882e-08
5.257958855121821737e-08
5.254744942921750977e-08
5.251531235602538894e-08
5.248318628140785744e-08
5.245107218446618087e-08
5.241897178215731915e-08
5.238687861021169243e-08
5.235479570076372993e-08
5.232272653241892733e-08
5.229066753118529117e-08
5.225861929150524988e-08
5.222657822148794502e-08
5.219455287000927312e-08
5.216253729364550758e-08
5.213053031952071426e-08
5.209853238632384444e-08
5.206655197711633465e-08
5.203457911433711019e-08
5.200262102645946381e-08
5.197067430969737883e-08
5.193874514127155716e-08
5.190682293539303445e-08
5.187491434643734762e-08
5.184301883932848994e-08
5.181113780261815976e-08
5.177926733468731356e-08
5.174740449967740451e-08
5.171556176620458377e-08
5.168372762196348554e-08
5.165190687552309370e-08
5.162009243815466992e-08
5.158829968587260517e-08
5.155651628836005275e-08
5.152474409431406565e-08
5.149298588617434812e-08
5.146124628418269613e-08
5.142951626375362810e-08
5.139779808125586057e-08
5.136609323385718550e-08
5.133440871667861263e-08
5.130273283609149194e-08
5.127106739187672371e-08
5.123941870066604506e-08
5.120778660159201744e-08
5.117616422571507046e-08
5.114455234724449375e-08
5.111295722989364104e-08
5.108137840017638878e-08
5.104980825174216457e-08
5.101825259983214033e-08
5.098671279197514996e-08
5.095518861683117918e-08
5.092367430507353577e-08
5.089217406993939059e-08
5.086069030598559819e-08
5.082921956128818747e-08
5.079776173089978288e-08
5.076631577123873573e-08
5.073488636969537885e-08
5.070346920575052469e-08
5.067206680503407579e-08
5.064067494463680385e-08
5.060929804713477867e-08
5.057793943582471112e-08
5.054659128623445697e-08
5.051526216336000853e-08
5.048394876569457752e-08
5.045265123164864147e-08
5.042136463736673843e-08
5.039009252271072806e-08
5.035883997184764547e-08
5.032759947314637762e-08
5.029637326763375678e-08
5.026515750260689215e-08
5.023396492405875533e-08
5.020278123846718009e-08
5.017161487419645039e-08
5.014045544078869346e-08
5.010932060642474675e-08
5.007819736096441405e-08
5.004708883581967993e-08
5.001599396083853091e-08
4.998492096071617880e-08
4.995386178863433072e-08
4.992281523113888039e-08
4.989178088144754884e-08
4.986077032101535412e-08
4.982977173025455297e-08
4.979878698765658230e-08
4.976781420461325545e-08
4.973686363606246758e-08
4.970592572656730718e-08
4.967500246846043928e-08
4.964409036835034930e-08
4.961319808317316201e-08
4.958232350664381122e-08
4.955145979839420665e-08
4.952061382680805330e-08
4.948978471850967926e-08
4.945897583826335212e-08
4.942817595269694956e-08
4.939739234409153231e-08
4.936662638865858747e-08
4.933587890618836511e-08
4.930514234469392621e-08
4.927442174843117221e-08
4.924371507926413146e-08
4.921302941869529246e-08
4.918235531645747202e-08
4.915169660524240758e-08
4.912104951750578327e-08
4.909042459456733370e-08
4.905981563586001136e-08
4.902922094132516364e-08
4.899864585738710800e-08
4.896809278649598065e-08
4.893755349950964682e-08
4.890702796051920351e-08
4.887651747825408169e-08
4.884603130542691147e-08
4.881555778620788808e-08
4.878509927646562960e-08
4.875465300387718153e-08
4.872423192232916447e-08
4.869382322257112752e-08
4.866343242178923031e-08
4.863305075565415826e-08
4.860269195003836009e-08
4.857235138214305915e-08
4.854202598581486548e-08
4.851171556538916826e-08
4.848142301014299620e-08
4.845115625116347178e-08
4.842089938125125490e-08
4.839065885300275259e-08
4.836043264151158906e-08
4.833023532156780858e-08
4.830004719352498654e-08
4.826987561070377817e-08
4.823971749683404375e-08
4.820958465682868071e-08
4.817946496470695297e-08
4.814936177055828230e-08
4.811927101534255194e-08
4.808920067305969108e-08
4.805915241108346849e-08
4.802911535413023425e-08
4.799909840438391511e-08
4.796909683632182034e-08
4.793912290210611215e-08
4.790915784150285060e-08
4.787921092901458836e-08
4.784927832149931902e-08
4.781937168323600097e-08
4.778947634782797669e-08
4.775959855908861961e-08
4.772973415803321915e-08
4.769989203561722154e-08
4.767006595391942630e-08
4.764025687803329166e-08
4.761046106287146276e-08
4.758068056446877620e-08
4.755092584587912229e-08
4.752118673865725769e-08
4.749146358855144356e-08
4.746176079490257717e-08
4.743208283520622705e-08
4.740242048965699310e-08
4.737277224574519910e-08
4.734313962598609796e-08
4.731353202906256637e-08
4.728394272088797312e-08
4.725436746343355177e-08
4.722480694486063241e-08
4.719526595739575700e-08
4.716575150872249265e-08
4.713624677546419376e-08
4.710676085224537872e-08
4.707728582810125148e-08
4.704784126704708600e-08
4.701841083675770593e-08
4.698899706797697528e-08
4.695959976704139855e-08
4.693022395074712784e-08
4.690087314294710009e-08
4.687153210459215191e-08
4.684220980912815069e-08
4.681290241296839771e-08
4.678362586211163602e-08
4.675435908525804995e-08
4.672511056569142218e-08
4.669587545415342362e-08
4.666666510841884678e-08
4.663747350913275527e-08
4.660829632154580801e-08
4.657913552242643961e-08
4.654999051922216391e-08
4.652087179188517849e-08
4.649176919275960494e-08
4.646268113573919182e-08
4.643361459270977633e-08
4.640456920991863598e-08
4.637554636602306548e-08
4.634653246967003606e-08
4.631753997146566082e-08
4.628856358979952463e-08
4.625961565320970501e-08
4.623067684859855677e-08
4.620175856964977539e-08
4.617285315109105911e-08
4.614397210178140840e-08
4.611510843215846725e-08
4.608626145294917484e-08
4.605743063219037050e-08
4.602861452040751116e-08
4.599982427092810562e-08
4.597105241492267442e-08
4.594229588345850077e-08
4.591356088721938196e-08
4.588484645055041768e-08
4.585615700714498518e-08
4.582747788226844636e-08
4.579881772985525298e-08
4.577017458758947009e-08
4.574156159635082932e-08
4.571295998578863434e-08
4.568437615113398582e-08
4.565580514896496074e-08
4.562726006413006124e-08
4.559873744670644480e-08
4.557022669867610890e-08
4.554173488253094632e-08
4.551325498358348623e-08
4.548480614650416622e-08
4.545637300861936424e-08
4.542795626998592933e-08
4.539955733349688642e-08
4.537117714067700198e-08
4.534282630944425887e-08
4.531448668946019627e-08
4.528616520058165261e-08
4.525785792106725792e-08
4.522957744982800648e-08
4.520131643031922390e-08
4.517306899560425873e-08
4.514484026909424133e-08
4.511662690036623069e-08
4.508844189956042304e-08
4.506026913268441326e-08
4.503211642843490916e-08
4.500397742459921976e-08
4.497585620600961507e-08
4.494776257323963546e-08
4.491968514061004681e-08
4.489162243240946048e-08
4.486358306066007923e-08
4.483556311507135976e-08
4.480756956497215856e-08
4.477958469437721622e-08
4.475162144305417291e-08
4.472367385168155239e-08
4.469575349159762293e-08
4.466784805149613354e-08
4.463995836017235333e-08
4.461208667143801814e-08
4.458423176394573340e-08
4.455640563338139209e-08
4.452858923968841958e-08
4.450079595921111890e-08
4.447301290921363702e-08
4.444525166336887677e-08
4.441751503613438782e-08
4.438979711299144289e-08
4.436209394651769184e-08
4.433441295384713457e-08
4.430675454220674232e-08
4.427912038919820669e-08
4.425149655816493004e-08
4.422389247680596146e-08
4.419630477957882184e-08
4.416874705338961699e-08
4.414120358970529065e-08
4.411367601876780474e-08
4.408616449755354021e-08
4.405867161450518663e-08
4.403120998732198782e-08
4.400375701240564467e-08
4.397632630790189688e-08
4.394890677173402291e-08
4.392150877056885764e-08
4.389413783004171432e-08
4.386678191433322017e-08
4.383944248903801404e-08
4.381212282097688502e-08
4.378482354494808754e-08
4.375755283695302682e-08
4.373029136232648127e-08
4.370305014654692420e-08
4.367582251622822298e-08
4.364862196589165865e-08
4.362144203882742046e-08
4.359427398893857801e-08
4.356712725392975707e-08
4.353999425757828840e-08
4.351288770763360604e-08
4.348579854660299842e-08
4.345872505119264037e-08
4.343166969544812799e-08
4.340462892272046739e-08
4.337761319850935651e-08
4.335061987589506870e-08
4.332363944379874911e-08
4.329668078016859430e-08
4.326974031768299525e-08
4.324282721088875743e-08
4.321593228656199889e-08
4.318904783318241892e-08
4.316218509490592805e-08
4.313533924982277348e-08
4.310852268950616587e-08
4.308171847673823147e-08
4.305493036583369032e-08
4.302816010899136687e-08
4.300140628886573655e-08
4.297468279619891730e-08
4.294796794312522323e-08
4.292127695657595263e-08
4.289459814814758997e-08
4.286793624658685176e-08
4.284130137175634785e-08
4.281468535087869215e-08
4.278808558973019524e-08
4.276150541360868331e-08
4.273494341261722776e-08
4.270841115987286603e-08
4.268189424478818461e-08
4.265539082211249584e-08
4.262890370330167636e-08
4.260243748514000346e-08
4.257600324646902612e-08
4.254957843538592480e-08
4.252317097319459145e-08
4.249677837206396878e-08
4.247040537319215762e-08
4.244406368243684617e-08
4.241773020670468904e-08
4.239141886386403433e-08
4.236512019575441058e-08
4.233883931366908306e-08
4.231258652357438804e-08
4.228635113428928670e-08
4.226013094825561881e-08
4.223392994591413759e-08
4.220774581030680099e-08
4.218159198103539133e-08
4.215545334678861425e-08
4.212932627298513753e-08
4.210322058198843074e-08
4.207713005144152379e-08
4.205106964190502889e-08
4.202502215423730918e-08
4.199898939789132240e-08
4.197297610872886183e-08
4.194697742303909872e-08
4.192100659932287732e-08
4.189505059809030981e-08
4.186911078932719113e-08
4.184318886820055860e-08
4.181728105571526970e-08
4.179139716600797989e-08
4.176553583720852865e-08
4.173969014245617389e-08
4.171386062416434525e-08
4.168805398073311708e-08
4.166226658647501636e-08
4.163650657681327619e-08
4.161075575393853304e-08
4.158502391175394284e-08
4.155930663902308936e-08
4.153361154320827572e-08
4.150794441731605898e-08
4.148228537592980730e-08
4.145664645820408572e-08
4.143102115017495020e-08
4.140541593645665316e-08
4.137983955803216356e-08
4.135427061208355811e-08
4.132872550119739609e-08
4.130319151328849358e-08
4.127767465514922954e-08
4.125218469222245287e-08
4.122671326118012809e-08
4.120125743038828518e-08
4.117581957350323411e-08
4.115040037901982419e-08
4.112500848553062293e-08
4.109963648713011095e-08
4.107427415589545017e-08
4.104893261369216933e-08
4.102360442615444204e-08
4.099830362376894068e-08
4.097302412381207651e-08
4.094775496183939402e-08
4.092250669973764658e-08
4.089726941253062365e-08
4.087205711002680576e-08
4.084687086460166790e-08
4.082169322252723298e-08
4.079653744085909531e-08
4.077139300040096204e-08
4.074626729282819905e-08
4.072116850425896133e-08
4.069608746291461689e-08
4.067102028340739108e-08
4.064597193150499486e-08
4.062094080464756182e-08
4.059593622025045130e-08
4.057095269870400280e-08
4.054597747700576434e-08
4.052102357885904720e-08
4.049608199346383101e-08
4.047116432195276795e-08
4.044627251641387014e-08
4.042138886353003196e-08
4.039652501290536601e-08
4.037167518365118034e-08
4.034684331396245992e-08
4.032204044132437009e-08
4.029724644118699617e-08
4.027247288522212563e-08
4.024771415941185111e-08
4.022296912356512231e-08
4.019824865885776206e-08
4.017354953215442279e-08
4.014886645539665105e-08
4.012419815276224587e-08
4.009955322026448729e-08
4.007492336027862676e-08
4.005032445999285100e-08
4.002573618874236551e-08
4.000116137099029663e-08
3.997660332036129778e-08
3.995206494069607037e-08
3.992755527492365324e-08
3.990305698671483582e-08
3.987857236023160324e-08
3.985410826697050659e-08
3.982965583320792614e-08
3.980522943217712243e-08
3.978082335803122869e-08
3.975642738017925304e-08
3.973205459391996663e-08
3.970769036187288431e-08
3.968334625960085119e-08
3.965902774436773983e-08
3.963472657835991566e-08
3.961044049987235457e-08
3.958617123364413168e-08
3.956192110730590417e-08
3.953769473909835266e-08
3.951349170044927563e-08
3.948929750250541524e-08
3.946512204567373261e-08
3.944095826635060424e-08
3.941681722381111803e-08
3.939270652807455781e-08
3.936860356131247097e-08
3.934451620180476969e-08
3.932044575905909647e-08
3.929638996403300430e-08
3.927236210757870206e-08
3.924835064103723525e-08
3.922435140709147619e-08
3.920037275128177509e-08
3.917640405068736075e-08
3.915245602261494447e-08
3.912853345662291441e-08
3.910462766887126179e-08
3.908073483711851819e-08
3.905686040395371035e-08
3.903300384930919658e-08
3.900916981977479145e-08
3.898536049890084782e-08
3.896155900438899067e-08
3.893777507288824265e-08
3.891400482490300203e-08
3.889025397750861610e-08
3.886653333272567876e-08
3.884282154999318833e-08
3.881912336728522649e-08
3.879544556927217327e-08
3.877177975371541718e-08
3.874813601412954945e-08
3.872451537163925777e-08
3.870090426813226259e-08
3.867731450918849976e-08
3.865373624865346845e-08
3.863017304184208562e-08
3.860663406564694468e-08
3.858311526036089044e-08
3.855961182764286185e-08
3.853612262518952021e-08
3.851265619031476232e-08
3.848920318848257538e-08
3.846578088186972938e-08
3.844237072035938825e-08
3.841897010505859343e-08
3.839559115416596582e-08
3.837222535971730024e-08
3.834888343435003883e-08
3.832556343375828470e-08
3.830225198660052315e-08
3.827895950612510718e-08
3.825568006536192518e-08
3.823241662184827349e-08
3.820918358250285415e-08
3.818596038920076260e-08
3.816275192644219246e-08
3.813956333320250452e-08
3.811638264336784356e-08
3.809322410632466532e-08
3.807008997455062875e-08
3.804697140967515176e-08
3.802386723915581942e-08
3.800077884820913785e-08
3.797770950699108838e-08
3.795466085019055592e-08
3.793163751428060528e-08
3.790862383953315982e-08
3.788562376080801227e-08
3.786263938038799815e-08
3.783967207392873920e-08
3.781673217463397489e-08
3.779380680388125594e-08
3.777089239701712713e-08
3.774799749369011983e-08
3.772511358804831727e-08
3.770224819605858241e-08
3.767941206159799128e-08
3.765658460252825528e-08
3.763377235860547168e-08
3.761097804812248087e-08
3.758819408996499833e-08
3.756543036986513937e-08
3.754269148683064276e-08
3.751996824740412702e-08
3.749725683123406597e-08
3.747456294950363394e-08
3.745188768615030562e-08
3.742923042983334529e-08
3.740660082070354708e-08
3.738397970186143523e-08
3.736136989865952069e-08
3.733878053062509052e-08
3.731620410313651203e-08
3.729365136173845737e-08
3.727111884094385363e-08
3.724859457675113402e-08
3.722608869402569673e-08
3.720359635596059701e-08
3.718111916178050906e-08
3.715866779677429875e-08
3.713623045236035721e-08
3.711380504426588695e-08
3.709140043698714252e-08
3.706900529087054255e-08
3.704662582182501881e-08
3.702426978005910189e-08
3.700193231153402050e-08
3.697961052597218829e-08
3.695730117678631569e-08
3.693501396393831080e-08
3.691273935100185785e-08
3.689049207241153587e-08
3.686826118795861953e-08
3.684603806683265653e-08
3.682383418832060959e-08
3.680164093384106457e-08
3.677946742192075086e-08
3.675732366892014612e-08
3.673518724367038949e-08
3.671306279665235317e-08
3.669095893088322088e-08
3.666886370893179060e-08
3.664678898440476630e-08
3.662474203402455501e-08
3.660270084152020926e-08
3.658067681780725108e-08
3.655866995310244992e-08
3.653667096545465713e-08
3.651469357873520610e-08
3.649273933391408008e-08
3.647080017472327488e-08
3.644887480232776314e-08
3.642696356614451746e-08
3.640507170787281930e-08
3.638319471210708178e-08
3.636134609337973934e-08
3.633950888979250235e-08
3.631768074936779711e-08
3.629587262332048991e-08
3.627407349139724192e-08
3.625229597874589296e-08
3.623054678943634417e-08
3.620880375444584399e-08
3.618707349824437233e-08
3.616536218259957379e-08
3.614366029732197812e-08
3.612197878439907982e-08
3.610032430810081943e-08
3.607867607339247099e-08
3.605704382081411474e-08
3.603542818972210115e-08
3.601382228282772587e-08
3.599223521587839144e-08
3.597067109938734802e-08
3.594912371466633699e-08
3.592758822513075974e-08
3.590606682778291112e-08
3.588456582613610548e-08
3.586307712523410876e-08
3.584161598502662234e-08
3.582016899326044015e-08
3.579872923230218528e-08
3.577730861423559880e-08
3.575589814838298679e-08
3.573450617739419292e-08
3.571314184214173451e-08
3.569178641852291416e-08
3.567044154033723218e-08
3.564911676102048474e-08
3.562780250356818391e-08
3.560650309272409409e-08
3.558523006380640747e-08
3.556396831317476520e-08
3.554271786851126277e-08
3.552148785590239862e-08
3.550026674180874976e-08
3.547905854013416478e-08
3.545787383511118499e-08
3.543670660805191246e-08
3.541555544661361094e-08
3.539441634967733540e-08
3.537329426978120097e-08
3.535218841548409151e-08
3.533110100980280126e-08
3.531003823507199356e-08
3.528898458687237660e-08
3.526794000183529800e-08
3.524691556158163363e-08
3.522590151034059206e-08
3.520490750916350538e-08
3.518393984188605380e-08
3.516297804732625354e-08
3.514202863400056802e-08
3.512109771342641223e-08
3.510017511126636988e-08
3.507927283665827596e-08
3.505839716698977233e-08
3.503752721017203916e-08
3.501667167439198847e-08
3.499583455843393075e-08
3.497500454020963037e-08
3.495419155547908609e-08
3.493340245972992630e-08
3.491262717945871315e-08
3.489186816291888946e-08
3.487112107280413343e-08
3.485039041807199363e-08
3.482967298248542977e-08
3.480897833782379527e-08
3.478830525895981104e-08
3.476764003602995106e-08
3.474698520266857925e-08
3.472634931942476495e-08
3.470572313303001268e-08
3.468511790031396344e-08
3.466453797559241940e-08
3.464396355827380445e-08
3.462340122646892653e-08
3.460285730281286876e-08
3.458232217739391325e-08
3.456180496540359714e-08
3.454131430988141092e-08
3.452083106737982084e-08
3.450036029438376651e-08
3.447990796222141619e-08
3.445946426609465268e-08
3.443903406871374704e-08
3.441862693363124519e-08
3.439823678068053911e-08
3.437786065187964017e-08
3.435749599513945412e-08
3.433714734665493273e-08
3.431681508608212483e-08
3.429649782898273582e-08
3.427620764519509926e-08
3.425592592545830351e-08
3.423565196348980738e-08
3.421539781901119466e-08
3.419515164219564589e-08
3.417492353445104058e-08
3.415472222742180946e-08
3.413452923691674953e-08
3.411434594226019397e-08
3.409418055502893180e-08
3.407402633157544741e-08
3.405388498663323922e-08
3.403376533022375536e-08
3.401366362481941003e-08
3.399356764582895021e-08
3.397349151456745002e-08
3.395342753018722389e-08
3.393337252125398047e-08
3.391333521374232373e-08
3.389331898275561714e-08
3.387331801371972725e-08
3.385333044137281301e-08
3.383335409061367520e-08
3.381339662126713495e-08
3.379345057417577030e-08
3.377352632467791590e-08
3.375362274314396350e-08
3.373372749847885489e-08
3.371384081625275789e-08
3.369397351416166989e-08
3.367411480185816977e-08
3.365427459509110292e-08
3.363446159626638153e-08
3.361465346293125805e-08
3.359485581321704363e-08
3.357507730317047844e-08
3.355530705150456657e-08
3.353555119041491482e-08
3.351582037228315908e-08
3.349610272237971123e-08
3.347639194564041059e-08
3.345670065520640492e-08
3.343701988685919203e-08
3.341734818022927416e-08
3.339769633177857827e-08
3.337806512994655413e-08
3.335844704742668518e-08
3.333884214780996994e-08
3.331924860418927799e-08
3.329967199300601759e-08
3.328010662242112933e-08
3.326056307244257769e-08
3.324104057408620757e-08
3.322152510920555783e-08
3.320201850315133585e-08
3.318253104365749370e-08
3.316305003631536628e-08
3.314358774029103271e-08
3.312415267399896716e-08
3.310472344540503453e-08
3.308530449264953502e-08
3.306590207166370718e-08
3.304651008538263569e-08
3.302713097705697503e-08
3.300777083285667924e-08
3.298843182866115904e-08
3.296909779812663810e-08
3.294977929680300454e-08
3.293047583397230828e-08
3.291118035881582936e-08
3.289189936139530083e-08
3.287263901126048249e-08
3.285339447171560265e-08
3.283416349261763694e-08
3.281494269497216425e-08
3.279573656216692606e-08
3.277654812411289007e-08
3.275737056756819614e-08
3.273821867310424915e-08
3.271907856576550769e-08
3.269994439918233905e-08
3.268082535958587487e-08
3.266171864530346905e-08
3.264262561598182060e-08
3.262355015689753111e-08
3.260449726049984938e-08
3.258544922225434267e-08
3.256641133299879128e-08
3.254739236306585582e-08
3.252838116235204662e-08
3.250938368951180150e-08
3.249041012421884427e-08
3.247144812681779000e-08
3.245249312220311090e-08
3.243355701456525979e-08
3.241463175953175141e-08
3.239571467916557138e-08
3.237681456169824526e-08
3.235793415343822815e-08
3.233906697499640212e-08
3.232021478980007214e-08
3.230137261040277775e-08
3.228254457677863382e-08
3.226373198931909075e-08
3.224493299699246099e-08
3.222615888931326940e-08
3.220739501633847344e-08
3.218863720629845898e-08
3.216989502630331032e-08
3.215116271781012346e-08
3.213244556809914033e-08
3.211374665788742361e-08
3.209506897317257664e-08
3.207639604199604175e-08
3.205773314018723422e-08
3.203908834258006163e-08
3.202045068217308776e-08
3.200182708671643932e-08
3.198322725795079361e-08
3.196464006622850666e-08
3.194605825595005559e-08
3.192749460501508434e-08
3.190894310607534856e-08
3.189039822260057369e-08
3.187186957884380423e-08
3.185336157781464891e-08
3.183486640404598252e-08
3.181638456193004330e-08
3.179791356452515854e-08
3.177945483896008337e-08
3.176101296701073005e-08
3.174258165305707251e-08
3.172417387599967306e-08
3.170577997145200736e-08
3.168739208926095105e-08
3.166901469691649594e-08
3.165065430071164397e-08
3.163230089729316717e-08
3.161396472659059567e-08
3.159565444709647729e-08
3.157734876071792474e-08
3.155905272182758922e-08
3.154077181214741965e-08
3.152250186257595570e-08
3.150424215137759883e-08
3.148599841052488828e-08
3.146777849217206376e-08
3.144956334181005099e-08
3.143135895722620991e-08
3.141317196277934738e-08
3.139499234788998560e-08
3.137682283841073401e-08
3.135867023012928008e-08
3.134053739053272992e-08
3.132241778720240915e-08
3.130430899578708592e-08
3.128621004485643675e-08
3.126812695565534028e-08
3.125005663534886873e-08
3.123199964035825910e-08
3.121396713223782769e-08
3.119594383892000803e-08
3.117792597496161929e-08
3.115992233092882158e-08
3.114193078830751052e-08
3.112395067916985557e-08
3.110598614193354854e-08
3.108804573559123573e-08
3.107010887466943629e-08
3.105218138574897570e-08
3.103427084438548477e-08
3.101636958074856565e-08
3.099847847977589000e-08
3.098060397383036531e-08
3.096275184913699108e-08
3.094490355824708502e-08
3.092706636276351603e-08
3.090924699132543469e-08
3.089143410716975956e-08
3.087362984948878684e-08
3.085584406699399810e-08
3.083807685518306419e-08
3.082032140148116341e-08
3.080257852578971893e-08
3.078484531759764486e-08
3.076712514400384335e-08
3.074941992963657715e-08
3.073172648471799767e-08
3.071405645940808286e-08
3.069639741488506549e-08
3.067874433112877432e-08
3.066110217401809339e-08
3.064347474733976081e-08
3.062585501984151767e-08
3.060825118898117258e-08
3.059067318251426293e-08
3.057310009979164215e-08
3.055553562041972433e-08
3.053798422889798167e-08
3.052044497703126985e-08
3.050291321211524197e-08
3.048539778741767870e-08
3.046790563180043746e-08
3.045042033233786306e-08
3.043294209047556616e-08
3.041548075959429746e-08
3.039802993946016794e-08
3.038058580783170917e-08
3.036315647900927012e-08
3.034574656300672393e-08
3.032834941489824499e-08
3.031096443557213575e-08
3.029358897866453492e-08
3.027622498092157036e-08
3.025887688559750371e-08
3.024153653492331390e-08
3.022421622141700237e-08
3.020691522267593213e-08
3.018962004073245684e-08
3.017233153628851794e-08
3.015505894693720741e-08
3.013779405565425558e-08
3.012054267445681522e-08
3.010330692463831754e-08
3.008609311682715366e-08
3.006888213336794306e-08
3.005168022852432816e-08
3.003449453693952698e-08
3.001731750095677369e-08
3.000015035548657791e-08
2.998299762549541091e-08
2.996586792489541770e-08
2.994874256527045773e-08
2.993162640032578307e-08
2.991452644130249922e-08
2.989743444816351014e-08
2.988035179033874537e-08
2.986328296678017680e-08
2.984623138627660945e-08
2.982919343125620469e-08
2.981216793284525907e-08
2.979515014306411422e-08
2.977814502990394260e-08
2.976115633356048378e-08
2.974417469137093718e-08
2.972721146900338353e-08
2.971026785789966041e-08
2.969333058510642391e-08
2.967639911332420580e-08
2.965948253795573600e-08
2.964257494992976788e-08
2.962567959650062946e-08
2.960879828856652845e-08
2.959194004248613894e-08
2.957508475383187268e-08
2.955823863717858455e-08
2.954140628919937877e-08
2.952458478259603522e-08
2.950777024454333664e-08
2.949097091407782142e-08
2.947419345780406465e-08
2.945742285935257083e-08
2.944065808003330651e-08
2.942391033409662522e-08
2.940717367089255053e-08
2.939044232609717858e-08
2.937372206169977866e-08
2.935702136743217177e-08
2.934033449497937675e-08
2.932365917685536962e-08
2.930699414068431471e-08
2.929033854077263561e-08
2.927369626139637624e-08
2.925706594557699136e-08
2.924044800987999047e-08
2.922385184020334672e-08
2.920726591601488681e-08
2.919068570545540887e-08
2.917411349201985958e-08
2.915755809662464834e-08
2.914100668122549802e-08
2.912447186385517166e-08
2.910795669988327100e-08
2.909145391303208133e-08
2.907495615175971661e-08
2.905846658794516048e-08
2.904199378680675140e-08
2.902552709629637270e-08
2.900907171753513372e-08
2.899263186909651286e-08
2.897621267283521746e-08
2.895979682377284390e-08
2.894338964787786397e-08
2.892699855261222008e-08
2.891061484879959591e-08
2.889423887462848356e-08
2.887787713116675045e-08
2.886153295449601099e-08
2.884520095783612174e-08
2.882888021033493135e-08
2.881256840114891687e-08
2.879626618353106303e-08
2.877997885932528450e-08
2.876369998149382797e-08
2.874743519885177308e-08
2.873119202814419431e-08
2.871495721420543964e-08
2.869872728799089775e-08
2.868250583683333105e-08
2.866630151255490289e-08
2.865010041151741870e-08
2.863391520233739034e-08
2.861774872882205911e-08
2.860159474093235941e-08
2.858544536694759044e-08
2.856930351104197284e-08
2.855317865461115060e-08
2.853706048601896066e-08
2.852095207975677353e-08
2.850485667207278288e-08
2.848878316737437693e-08
2.847271350314982362e-08
2.845665155878355158e-08
2.844060468826325448e-08
2.842456774861134088e-08
2.840853719062741287e-08
2.839251704844881858e-08
