5.120432371075494071e-12
6.606133945955757780e-12
8.331020147058406260e-12
1.030589241828524587e-11
1.254028890860381236e-11
1.504273742394265306e-11
1.782047675029523740e-11
2.087962644509285354e-11
2.422571308539553210e-11
2.786349993527534554e-11
3.179591910358008532e-11
3.602577197285396089e-11
4.055525325498482781e-11
4.538562169209123610e-11
5.051704491057074198e-11
5.594919478931160365e-11
6.168223828611607406e-11
6.771327895055331823e-11
7.404193507837255453e-11
8.066508210078803719e-11
8.757939464755355593e-11
9.478157189542242196e-11
1.022677012882699461e-10
1.100341270742492226e-10
1.180757321750135162e-10
1.263869334694416150e-10
1.349632790360144918e-10
1.437975287515480560e-10
1.528836601004457172e-10
1.622177803297393124e-10
1.717900596873891285e-10
1.815952271907737659e-10
1.916262865311350526e-10
2.018747980934506656e-10
2.123348983604582486e-10
2.229969772932745972e-10
2.338553102832741540e-10
2.449000473932060268e-10
2.561245361633327811e-10
2.675213023665953963e-10
2.790786314489149756e-10
2.907935430670672562e-10
3.026526616533386172e-10
3.146523056353676905e-10
3.267789313414751672e-10
3.390293149642275048e-10
3.513933364857032151e-10
3.638601525315227983e-10
3.764264942118254627e-10
3.890788921008499854e-10
4.018124064253604007e-10
4.146190376970808624e-10
4.274880265299387134e-10
4.404161010731512078e-10
4.533915200288266461e-10
4.664070007702214937e-10
4.794588438320902935e-10
4.925348730430437581e-10
5.056299580483426884e-10
5.187394696531949392e-10
5.318518420818989401e-10
5.449625755287758702e-10
5.580681907511425715e-10
5.711585224894612071e-10
5.842267782291941665e-10
5.972735194630570171e-10
6.102886942743371407e-10
6.232624957069112664e-10
6.361982590644419135e-10
6.490893424892029112e-10
6.619271636369905991e-10
6.747076526089153633e-10
6.874335368281441201e-10
7.000955243479756186e-10
7.126866534037432866e-10
7.252079335743769869e-10
7.376597621328471389e-10
7.500341688180446313e-10
7.623261388785441594e-10
7.745378468728604781e-10
7.866691665319920919e-10
7.987127932292256843e-10
8.106663887593829374e-10
8.225334982058667901e-10
8.343123921036170607e-10
8.459970915230840817e-10
8.575910391570737082e-10
8.690952901126732029e-10
8.805046428774985143e-10
8.918208401293270485e-10
9.030453305550230736e-10
9.141768641360453511e-10
9.252191896545033530e-10
9.361719049025566677e-10
9.470291405684501812e-10
9.577999815572014744e-10
9.684865823694659971e-10
9.790853887525333807e-10
9.896021517086253464e-10
1.000030024216767201e-09
1.010378866115787847e-09
1.020654296758307006e-09
1.030851662275181951e-09
1.040977199291700331e-09
1.051025092174759662e-09
1.061005493194045655e-09
1.070921912474977630e-09
1.080776916818656948e-09
1.090573191717772304e-09
1.100308759690238806e-09
1.109990830199369331e-09
1.119620797552942653e-09
1.129206946060840121e-09
1.138747516234888027e-09
1.148249105710007464e-09
1.157710643937743555e-09
1.167138421222036061e-09
1.176534528260444327e-09
1.185904809722210553e-09
1.195253480432218596e-09
1.204583550661292938e-09
1.213896629686525635e-09
1.223195974235710585e-09
1.232484143596211041e-09
1.241766929331697950e-09
1.251051514702915564e-09
1.260339503065112030e-09
1.269633779534435634e-09
1.278935003632410620e-09
1.288247180531532223e-09
1.297571587185182076e-09
1.306920195747663545e-09
1.316290947932371383e-09
1.325691412811386181e-09
1.335117808745913957e-09
1.344577667844265875e-09
1.354068139598060373e-09
1.363598287039697148e-09
1.373171259698853683e-09
1.382787292475351904e-09
1.392454753285325387e-09
1.402166949839858855e-09
1.411935406334392347e-09
1.421751435105040832e-09
1.431628283858622751e-09
1.441562811566172439e-09
1.451557031177164974e-09
1.461620880023810555e-09
1.471744297593171237e-09
1.481941643879971332e-09
1.492201840132441546e-09
1.502532956964664603e-09
1.512936277506569015e-09
1.523404778450881094e-09
1.533956557749558492e-09
1.544578705845824205e-09
1.555280790466029042e-09
1.566062680692842153e-09
1.576914466765650749e-09
1.587851809351775829e-09
1.598860432795016252e-09
1.609947194909386110e-09
1.621117946349647252e-09
1.632359170474473860e-09
1.643686797522451326e-09
1.655092003850142287e-09
1.666569416689247303e-09
1.678130365164563599e-09
1.689760784291091167e-09
1.701466158078654625e-09
1.713249854305546233e-09
1.725098293896372652e-09
1.737024368992594611e-09
1.749022533086644230e-09
1.761082864606058258e-09
1.773215676951993910e-09
1.785410674552502266e-09
1.797662737145449315e-09
1.809980409665538986e-09
1.822352731702373042e-09
1.834777971816943161e-09
1.847261549961275298e-09
1.859793668539580634e-09
1.872372316385304902e-09
1.884998080939029631e-09
1.897662968889025751e-09
1.910364827517559655e-09
1.923102281651413495e-09
1.935869191834485765e-09
1.948663227279822641e-09
1.961482126352328620e-09
1.974321685051995975e-09
1.987178135207450924e-09
2.000047053583097666e-09
2.012926157626357930e-09
2.025811293545549859e-09
2.038694905035578641e-09
2.051576401854130464e-09
2.064452915663615675e-09
2.077311467437020027e-09
2.090153061404511164e-09
2.102978582658937744e-09
2.115773796837820036e-09
2.128539370785392750e-09
2.141279873586545031e-09
2.153976965576192161e-09
2.166626549570388580e-09
2.179236564629128935e-09
2.191794604902612797e-09
2.204283380675108342e-09
2.216712855927125423e-09
2.229085084774506974e-09
2.241375390000827085e-09
2.253591971991335331e-09
2.265745668230404971e-09
2.277807574132603177e-09
2.289772400599559516e-09
2.301654107901511561e-09
2.313447793101642320e-09
2.325117902847974250e-09
2.336680801265616205e-09
2.348151329833435534e-09
2.359496647690660350e-09
2.370717464057732960e-09
2.381831802545179726e-09
2.392836222720683780e-09
2.403688648543698056e-09
2.414407938063542956e-09
2.425012806313816828e-09
2.435468713660396540e-09
2.445761355761157514e-09
2.455913787247204318e-09
2.465938203233459469e-09
2.475791334937166988e-09
2.485484890003587121e-09
2.495041479753289738e-09
2.504455944954586010e-09
2.513680166706931613e-09
2.522738191836881852e-09
2.531652969910562167e-09
2.540400155080121131e-09
2.548951000898836664e-09
2.557332018571930783e-09
2.565564484744530647e-09
2.573615329991777547e-09
2.581473409561994084e-09
2.589165701753825907e-09
2.596712969858546342e-09
2.604065007493677471e-09
2.611222347688876735e-09
2.618210044016059865e-09
2.625049475797491018e-09
2.631688988600584821e-09
2.638134181083344259e-09
2.644410616733047113e-09
2.650539004047988158e-09
2.656472608661176202e-09
2.662217319846711427e-09
2.667797680560713720e-09
2.673234247211962507e-09
2.678484789982987868e-09
2.683550058623843770e-09
2.688454621465433649e-09
2.693215057442991423e-09
2.697807980238459534e-09
2.702220312541311982e-09
2.706473724512776154e-09
2.710590041682896492e-09
2.714558963067285905e-09
2.718352819485469646e-09
2.721996245650315368e-09
2.725508249058115793e-09
2.728891111688366884e-09
2.732117862310430276e-09
2.735204690832577791e-09
2.738169054819803971e-09
2.741024277339171057e-09
2.743742797490808763e-09
2.746332353119357535e-09
2.748807323226752777e-09
2.751181831411516393e-09
2.753449970156447471e-09
2.755597278890982159e-09
2.757641636331489829e-09
2.759592924284931811e-09
2.761460573829510350e-09
2.763234335239813470e-09
2.764923124552783318e-09
2.766538507225743369e-09
2.768087836883892342e-09
2.769570598485970551e-09
2.770982950920038242e-09
2.772336414560991486e-09
2.773635916033024973e-09
2.774887640734289834e-09
2.776089428688016916e-09
2.777247597483203063e-09
2.778367060913380614e-09
2.779452020558878641e-09
2.780507758481898062e-09
2.781544689519057648e-09
2.782569131227516476e-09
2.783581920752288393e-09
2.784584231159777465e-09
2.785582513567016653e-09
2.786587624974995631e-09
2.787600490687795800e-09
2.788620240162475712e-09
2.789645636434021271e-09
2.790689636211098435e-09
2.791764431010951162e-09
2.792866530065586059e-09
2.793993742929390552e-09
2.795142361222514727e-09
2.796337306644406698e-09
2.797589014885491640e-09
2.798891587056630704e-09
2.800240702472014843e-09
2.801630573706896414e-09
2.803088244645938185e-09
2.804620506721190238e-09
2.806219905381398241e-09
2.807880635977526543e-09
2.809595120936781705e-09
2.811393013161947642e-09
2.813285616180170757e-09
2.815262415120239140e-09
2.817316431438926136e-09
2.819437187610842687e-09
2.821651809503173476e-09
2.823981850591344154e-09
2.826411882369798074e-09
2.828933105137177305e-09
2.831536562581631007e-09
2.834236741890183264e-09
2.837061060946982307e-09
2.840002150398920649e-09
2.843043593174508057e-09
2.846176799893370631e-09
2.849404980640818846e-09
2.852768602721551841e-09
2.856258548978786982e-09
2.859865823335170269e-09
2.863574763499649358e-09
2.867378305285121997e-09
2.871314121777264376e-09
2.875387856238937879e-09
2.879583693079735897e-09
2.883890760271192952e-09
2.888299780894084114e-09
2.892818206093010520e-09
2.897477957442020695e-09
2.902265792996950436e-09
2.907170768043473336e-09
2.912178569070157389e-09
2.917282148127216299e-09
2.922519965619069110e-09
2.927893631013835725e-09
2.933387677950729459e-09
2.938992272315922062e-09
2.944698950233932521e-09
2.950506393457659035e-09
2.956446360551243478e-09
2.962505471075777981e-09
2.968673173642009343e-09
2.974941073367126030e-09
2.981296457643429004e-09
2.987755392020460578e-09
2.994329889850731189e-09
3.001008428785396936e-09
3.007781533236909235e-09
3.014638845422116851e-09
3.021574849716187544e-09
3.028607348997678711e-09
3.035740911141640585e-09
3.042963800103429813e-09
3.050266805600488239e-09
3.057644297200616417e-09
3.065090399638376834e-09
3.072616673627249374e-09
3.080218507228569531e-09
3.087887707793689388e-09
3.095618287956024030e-09
3.103405317047968972e-09
3.111244842397679944e-09
3.119140595053571844e-09
3.127087702579508864e-09
3.135080470963060867e-09
3.143114732308366711e-09
3.151187467907566252e-09
3.159295581113688055e-09
3.167434574508893669e-09
3.175599170106228911e-09
3.183786254512002512e-09
3.191993604837808584e-09
3.200219940405235037e-09
3.208463693262748165e-09
3.216712274429106050e-09
3.224958187549928662e-09
3.233198306751077829e-09
3.241434620021136892e-09
3.249667743263744371e-09
3.257898109951532331e-09
3.266112338467590516e-09
3.274295132974776581e-09
3.282446631140050981e-09
3.290569411194310458e-09
3.298665745470175367e-09
3.306738515072223001e-09
3.314781697707720941e-09
3.322762342006642447e-09
3.330680074860962461e-09
3.338540055311343616e-09
3.346346173340858653e-09
3.354103698149208369e-09
3.361816414972866132e-09
3.369452874011375516e-09
3.376997415170497211e-09
3.384458183628610433e-09
3.391840378542097253e-09
3.399151167380116582e-09
3.406398100621431799e-09
3.413572348573409734e-09
3.420631057364445168e-09
3.427577293777585370e-09
3.434421438041682180e-09
3.441171840975932446e-09
3.447835405540452164e-09
3.454419554098406563e-09
3.460890519911860048e-09
3.467219789396288477e-09
3.473418127636744503e-09
3.479494032989124169e-09
3.485458988100444994e-09
3.491322430511997673e-09
3.497088712078868878e-09
3.502710785340430603e-09
3.508180783253955171e-09
3.513511794114035417e-09
3.518714554383474854e-09
3.523797719729097882e-09
3.528771734437554387e-09
3.533640433953643186e-09
3.538346673753919887e-09
3.542892247743298517e-09
3.547291288052851805e-09
3.551554418120937691e-09
3.555692207579909279e-09
3.559715072126008803e-09
3.563624815438376141e-09
3.567363152656496477e-09
3.570937693541250700e-09
3.574362028948044840e-09
3.577646658179372946e-09
3.580802174045559875e-09
3.583838956329727060e-09
3.586761468956270805e-09
3.589521011919802221e-09
3.592123362234085252e-09
3.594582627355841216e-09
3.596908649995123485e-09
3.599111793315684731e-09
3.601200640998919324e-09
3.603181534480389824e-09
3.605016180727372140e-09
3.606700665400820219e-09
3.608248733387766333e-09
3.609670604708888789e-09
3.610975415177963174e-09
3.612171617813755982e-09
3.613267391893007411e-09
3.614241831236073986e-09
3.615079852205231092e-09
3.615795231907437871e-09
3.616397420300755971e-09
3.616893820263571967e-09
3.617292611995925473e-09
3.617600738669165642e-09
3.617816342702634037e-09
3.617920786874492530e-09
3.617922553940079881e-09
3.617830945461134660e-09
3.617650987173149008e-09
3.617390016559519405e-09
3.617053677456189959e-09
3.616646178129443395e-09
3.616158932446368506e-09
3.615590072510836877e-09
3.614949214633791974e-09
3.614240949327011659e-09
3.613469794798464423e-09
3.612640339044735755e-09
3.611756478129932385e-09
3.610820877011315733e-09
3.609832395924896442e-09
3.608795955127294060e-09
3.607718078548756030e-09
3.606601301470890431e-09
3.605447825132348405e-09
3.604259765764662931e-09
3.603039218045126786e-09
3.601792070260867687e-09
3.600524557731819824e-09
3.599241466868188947e-09
3.597945042430998000e-09
3.596636059863463837e-09
3.595314974065106409e-09
3.593982094754746694e-09
3.592637936878131486e-09
3.591296381906764429e-09
3.589968716493721018e-09
3.588656589267703829e-09
3.587360108477479144e-09
3.586077838203168062e-09
3.584809625591146729e-09
3.583553133773427330e-09
3.582307217255202795e-09
3.581090788178339108e-09
3.579917657175074085e-09
3.578786567477237713e-09
3.577695862305631877e-09
3.576642643554256478e-09
3.575625927114479542e-09
3.574640539045514533e-09
3.573683962754584097e-09
3.572776116141939694e-09
3.571933612145662506e-09
3.571154205972890995e-09
3.570434670314025848e-09
3.569773146123866329e-09
3.569162428714780507e-09
3.568598857113510808e-09
3.568079770724583702e-09
3.567620117651900436e-09
3.567248367352693689e-09
3.566967251771108349e-09
3.566768445430893766e-09
3.566646495109447661e-09
3.566596369244948533e-09
3.566613994149799843e-09
3.566692675338272864e-09
3.566833246071160488e-09
3.567076472833648060e-09
3.567419116918176790e-09
3.567855382176422432e-09
3.568379528112661093e-09
3.568985095236499483e-09
3.569668394047945436e-09
3.570426225286565226e-09
3.571249339923109431e-09
3.572160106387020329e-09
3.573177731511510319e-09
3.574293437467838938e-09
3.575507286530884661e-09
3.576806869285005853e-09
3.578189006368439257e-09
3.579648949735615102e-09
3.581178517276221895e-09
3.582778151886901690e-09
3.584488828208847767e-09
3.586305656836337626e-09
3.588224225899895935e-09
3.590236234661298988e-09
3.592339241505959595e-09
3.594528050079228799e-09
3.596793168715432972e-09
3.599133094985378748e-09
3.601549587708645049e-09
3.604067871808575162e-09
3.606683813710534959e-09
3.609388250347530776e-09
3.612176141466001033e-09
3.615040822698844554e-09
3.617981407838886245e-09
3.620991997996987255e-09
3.624065625518474873e-09
3.627212367153601553e-09
3.630441652165812205e-09
3.633752325859154561e-09
3.637137201470718911e-09
3.640590558276099098e-09
3.644107150476431697e-09
3.647685459118667476e-09
3.651323092255299745e-09
3.655012618513045928e-09
3.658761940433860622e-09
3.662577609710615707e-09
3.666458034354183500e-09
3.670396849146110026e-09
3.674389661574346287e-09
3.678432590602260528e-09
3.682526169768916962e-09
3.686665392919115819e-09
3.690847707164905723e-09
3.695072299176001602e-09
3.699339369403647087e-09
3.703647853571448106e-09
3.707991273754882791e-09
3.712367722037616181e-09
3.716776766411560165e-09
3.721215716162614073e-09
3.725683678556838826e-09
3.730178809385483293e-09
3.734698241775499297e-09
3.739235598505556204e-09
3.743788790692851590e-09
3.748355123261498962e-09
3.752932963692758149e-09
3.757521090271956474e-09
3.762120331070313658e-09
3.766729543522107645e-09
3.771348599639091770e-09
3.775976467842365355e-09
3.780600646768513217e-09
3.785212833514335556e-09
3.789806599981581084e-09
3.794385665629679028e-09
3.798949536143825035e-09
3.803501268883055557e-09
3.808037505333900103e-09
3.812563285718081247e-09
3.817077740320441993e-09
3.821579683848834759e-09
3.826038610145500620e-09
3.830458117017357447e-09
3.834838670507181279e-09
3.839177170083778899e-09
3.843479336025825641e-09
3.847746505396605100e-09
3.851984104229177844e-09
3.856187795250202592e-09
3.860365668717729351e-09
3.864503229803643204e-09
3.868573746761781842e-09
3.872578803780994511e-09
3.876523530674777111e-09
3.880412057101704219e-09
3.884240826293874750e-09
3.888019078747988128e-09
3.891749942948888202e-09
3.895435351837477618e-09
3.899076646297584566e-09
3.902655382681634284e-09
3.906150438917370810e-09
3.909558383200539749e-09
3.912889616645638771e-09
3.916149674171248846e-09
3.919332762144237685e-09
3.922451619406711338e-09
3.925507903024408247e-09
3.928506748796343756e-09
3.931447667533611146e-09
3.934315920211616105e-09
3.937092453583042480e-09
3.939774635228934231e-09
3.942374405433885164e-09
3.944895823717638655e-09
3.947335906935237016e-09
3.949703802967009683e-09
3.952007897526460759e-09
3.954244527252493025e-09
3.956422783385859782e-09
3.958530290386416004e-09
3.960538706403121632e-09
3.962454835730526866e-09
3.964286522679118036e-09
3.966032443334652407e-09
3.967700075139814495e-09
3.969293397319232434e-09
3.970817971121410409e-09
3.972273976685028119e-09
3.973666431945300095e-09
3.974999867272261568e-09
3.976240772095496470e-09
3.977396025496717730e-09
3.978469516694889585e-09
3.979462983082702241e-09
3.980383566022260737e-09
3.981235112993078319e-09
3.982017811201843212e-09
3.982736344063245660e-09
3.983400178695958545e-09
3.984002346744875771e-09
3.984540053608920760e-09
3.985005511235126786e-09
3.985397483454427268e-09
3.985727348676644228e-09
3.985993170331359519e-09
3.986200390625272057e-09
3.986351952874158765e-09
3.986451243736171510e-09
3.986499369800236835e-09
3.986498453601786087e-09
3.986453510879219107e-09
3.986353390322254260e-09
3.986198972598278022e-09
3.985994981365048664e-09
3.985742017339540891e-09
3.985447577640242825e-09
3.985108309993907218e-09
3.984728588096401270e-09
3.984312742280408809e-09
3.983857816431326262e-09
3.983368708837642401e-09
3.982846779135693330e-09
3.982291923406662888e-09
3.981705661049331543e-09
3.981091895482353640e-09
3.980452388931960459e-09
3.979789411215579571e-09
3.979102261295102393e-09
3.978392605755791072e-09
3.977662305266577072e-09
3.976911119356011869e-09
3.976140150728801054e-09
3.975351556910197774e-09
3.974554988086642517e-09
3.973748465789076062e-09
3.972935511827415877e-09
3.972117625797285269e-09
3.971294599638187955e-09
3.970466379926174383e-09
3.969632935460130813e-09
3.968794474650767739e-09
3.967951439535105405e-09
3.967103008696037909e-09
3.966251311259435704e-09
3.965413388382763328e-09
3.964585599882892421e-09
3.963774018324555153e-09
3.962976343516992187e-09
3.962190156896236603e-09
3.961419918757167138e-09
3.960660818301769027e-09
3.959911698255222508e-09
3.959173941272644114e-09
3.958445495307652878e-09
3.957727824838697579e-09
3.957034221477022092e-09
3.956370771159265892e-09
3.955740696769562798e-09
3.955139988932819353e-09
3.954569640226542408e-09
3.954028326099729725e-09
3.953509500431139124e-09
3.953020398854812890e-09
3.952553709293977099e-09
3.952107871470023754e-09
3.951683609567196252e-09
3.951284771892793119e-09
3.950934733812643673e-09
3.950623483716780929e-09
3.950354034964303430e-09
3.950127030807583143e-09
3.949934065475255008e-09
3.949782248937282062e-09
3.949664105565738778e-09
3.949576683448620219e-09
3.949521497909457637e-09
3.949495052258414969e-09
3.949498243432029930e-09
3.949543338721680852e-09
3.949641541588084057e-09
3.949793818947420863e-09
3.949991432672777605e-09
3.950242374070097340e-09
3.950535446300942688e-09
3.950873301428236767e-09
3.951252867097304265e-09
3.951667296605547963e-09
3.952124661554026154e-09
3.952616003338559591e-09
3.953140952671666977e-09
3.953715241855883685e-09
3.954341446033831775e-09
3.955022529470610774e-09
3.955748678938036192e-09
3.956525346003142226e-09
3.957345594880964274e-09
3.958208160366296044e-09
3.959112641875029608e-09
3.960052473355412071e-09
3.961033127451148000e-09
3.962048447258981432e-09
3.963096471279439427e-09
3.964189151640803606e-09
3.965327882459825929e-09
3.966514710274935684e-09
3.967740922843411181e-09
3.969011603495453739e-09
3.970319080513682916e-09
3.971665207467185951e-09
3.973047459262472844e-09
3.974460620442171687e-09
3.975909080684762249e-09
3.977387790599214115e-09
3.978895827237446520e-09
3.980438226141016464e-09
3.982018977836997426e-09
3.983635557964171799e-09
3.985287075507846602e-09
3.986971821824929359e-09
3.988685033460320041e-09
3.990431278002529382e-09
3.992204434938989158e-09
3.994005782369244380e-09
3.995833737059582155e-09
3.997684581110628447e-09
3.999561131155268215e-09
4.001460313055906990e-09
4.003381416827990654e-09
4.005324477493180847e-09
4.007286484939840477e-09
4.009265936515913874e-09
4.011263646666009650e-09
4.013278320066296027e-09
4.015308320218298159e-09
4.017354350930021630e-09
4.019414202366588521e-09
4.021488693302561291e-09
4.023577856467272342e-09
4.025678284316926875e-09
4.027788077626929182e-09
4.029901586766843561e-09
4.032019587466428433e-09
4.034141663031609749e-09
4.036265529827324706e-09
4.038393002484940593e-09
4.040521990529762442e-09
4.042654101073909520e-09
4.044788324315584901e-09
4.046925779483350871e-09
4.049065299241621488e-09
4.051207847895871156e-09
4.053351466270791867e-09
4.055485821766988911e-09
4.057609507246020541e-09
4.059719329337459587e-09
4.061819439254121241e-09
4.063904551495314453e-09
4.065980902272435058e-09
4.068043128050165342e-09
4.070096750024966415e-09
4.072139815771157805e-09
4.074174102319581392e-09
4.076199669716463191e-09
4.078217159526768907e-09
4.080225414889571004e-09
4.082209678728201465e-09
4.084170267829489378e-09
4.086102640202575661e-09
4.088013527774526436e-09
4.089896829676741387e-09
4.091760973394013789e-09
4.093598916771049354e-09
4.095418764074561588e-09
4.097216461292759624e-09
4.098996175430042961e-09
4.100757591132286626e-09
4.102502076313673746e-09
4.104229351214819990e-09
4.105926802848729296e-09
4.107588663434620689e-09
4.109216645149589253e-09
4.110811837740327980e-09
4.112372602893605518e-09
4.113904887350881398e-09
4.115404949811947107e-09
4.116880332286690321e-09
4.118325365118654216e-09
4.119748369072083206e-09
4.121142647241570325e-09
4.122516222006821294e-09
4.123865834761608103e-09
4.125189334666631256e-09
4.126467234205997919e-09
4.127711256338983225e-09
4.128912866223490502e-09
4.130082216511260544e-09
4.131213118238298533e-09
4.132312811941682905e-09
4.133378486783019887e-09
4.134413195027288957e-09
4.135418720391283168e-09
4.136395184973242631e-09
4.137346133092462608e-09
4.138270019561486852e-09
4.139169053833137582e-09
4.140031774528097565e-09
4.140856954933146735e-09
4.141645131802974646e-09
4.142398745064760568e-09
4.143116325623564858e-09
4.143802709238294431e-09
4.144456291375699579e-09
4.145081815241992764e-09
4.145676402566167986e-09
4.146245912885755231e-09
4.146786616935258758e-09
4.147304490810657973e-09
4.147795869781826248e-09
4.148263867337968570e-09
4.148698604378345071e-09
4.149102758531689028e-09
4.149474691198227933e-09
4.149818730768537204e-09
4.150133553646750958e-09
4.150422878973921568e-09
4.150684917206921656e-09
4.150923891448484379e-09
4.151136718041488255e-09
4.151329100836267292e-09
4.151497178917724575e-09
4.151645993908451093e-09
4.151772876075502416e-09
4.151881012071517186e-09
4.151967599017570144e-09
4.152034072037591849e-09
4.152080378248877704e-09
4.152108601790384888e-09
4.152119220071007012e-09
4.152113196918653197e-09
4.152090785539920599e-09
4.152053288231137459e-09
4.151999869693887104e-09
4.151932903059493600e-09
4.151850966098362622e-09
4.151756958635741609e-09
4.151648536194390507e-09
4.151528804845290741e-09
4.151398908937086829e-09
4.151260568733692619e-09
4.151113556180430539e-09
4.150959425156494432e-09
4.150798843843309407e-09
4.150631058861303927e-09
4.150457337708011042e-09
4.150277188838521743e-09
4.150091290272163354e-09
4.149899422009238884e-09
4.149701576918064271e-09
4.149498648178308177e-09
4.149289615163300229e-09
4.149076358886371523e-09
4.148859601239439529e-09
4.148649340014831861e-09
4.148438479442278899e-09
4.148233245322191952e-09
4.148029419614059960e-09
4.147831452997726718e-09
4.147635040801832273e-09
4.147443559273542315e-09
4.147253453682577882e-09
4.147067090315122616e-09
4.146882595416877247e-09
4.146701012887998861e-09
4.146521331653177320e-09
4.146343551744250806e-09
4.146168806844175514e-09
4.146004247739065643e-09
4.145854580926066581e-09
4.145716114517347343e-09
4.145593174802182373e-09
4.145481352330773753e-09
4.145385238697388009e-09
4.145298482787746313e-09
4.145226560174639483e-09
4.145163162852269090e-09
4.145113646109942351e-09
4.145071921177450563e-09
4.145042211062011512e-09
4.145019781726718927e-09
4.145008030113357299e-09
4.145004882493951492e-09
4.145019911625238300e-09
4.145052588966698004e-09
4.145102464139791106e-09
4.145170828011047777e-09
4.145255197194593310e-09
4.145358163038527952e-09
4.145474752849255901e-09
4.145609340290806174e-09
4.145756095212006017e-09
4.145919893296454344e-09
4.146094731385982763e-09
4.146284485868890677e-09
4.146484729402498196e-09
4.146698111821076395e-09
4.146922832756624451e-09
4.147165859704624995e-09
4.147429141238376554e-09
4.147709900458657081e-09
4.148011323413185556e-09
4.148328517607965214e-09
4.148666880804024998e-09
4.149019471676612100e-09
4.149391112485375883e-09
4.149776104537718983e-09
4.150178245041154482e-09
4.150593160745546416e-09
4.151023357291443487e-09
4.151465739337225652e-09
4.151921686704440217e-09
4.152389391415833708e-09
4.152871378946949343e-09
4.153373530357717883e-09
4.153890760471339185e-09
4.154426004039206126e-09
4.154975954061523405e-09
4.155542420202951586e-09
4.156123173939782854e-09
4.156718891858641244e-09
4.157328484785916070e-09
4.157951551214199578e-09
4.158587964301408068e-09
4.159236131421657667e-09
4.159897285241848875e-09
4.160569025727655415e-09
4.161253062572818179e-09
4.161947263913411207e-09
4.162653868174718410e-09
4.163371878863177111e-09
4.164101334375260649e-09
4.164841876503068279e-09
4.165592462110551833e-09
4.166353928374563339e-09
4.167124631378406045e-09
4.167905401644815680e-09
4.168694827769075497e-09
4.169493735052512355e-09
4.170300608903864910e-09
4.171116468103208016e-09
4.171939668542818312e-09
4.172771226933307861e-09
4.173609708055233213e-09
4.174455235057483725e-09
4.175305160238924995e-09
4.176160122553815811e-09
4.177019580408110138e-09
4.177882770902713561e-09
4.178750089177457861e-09
4.179620389769374567e-09
4.180494717533757116e-09
4.181371964417134183e-09
4.182253068617928366e-09
4.183137362082064802e-09
4.184024777217740358e-09
4.184915739506280404e-09
4.185809253504769851e-09
4.186706470502509019e-09
4.187605845948799506e-09
4.188507254975506684e-09
4.189404718653080264e-09
4.190299820278909503e-09
4.191192545398599668e-09
4.192080801467995479e-09
4.192967194926349764e-09
4.193847465579809073e-09
4.194726424672120233e-09
4.195601036398484924e-09
4.196473687676025919e-09
4.197343121672897666e-09
4.198210079670279259e-09
4.199074877340675006e-09
4.199936533759240090e-09
4.200796774411300538e-09
4.201653660561461694e-09
4.202508312488935919e-09
4.203355904909474705e-09
4.204193040817620507e-09
4.205023686798366544e-09
4.205842221525145263e-09
4.206654490526820672e-09
4.207456609582975096e-09
4.208251570816844975e-09
4.209038194507911596e-09
4.209816741726726915e-09
4.210589457075124207e-09
4.211352490048993564e-09
4.212110583631681001e-09
4.212861325594955732e-09
4.213606617201036421e-09
4.214346066589390920e-09
4.215079680350459994e-09
4.215805868182521395e-09
4.216516352971054408e-09
4.217215811158252818e-09
4.217902791637573495e-09
4.218576765804823666e-09
4.219240877363350002e-09
4.219889277218445226e-09
4.220529119690229455e-09
4.221156486428084197e-09
4.221774611618589440e-09
4.222382166285280349e-09
4.222979442890851709e-09
4.223568725452423678e-09
4.224146402345440670e-09
4.224717249059716313e-09
4.225278963335030963e-09
4.225833189852190289e-09
4.226377482921360368e-09
4.226904941333507002e-09
4.227421713140957643e-09
4.227923544549271340e-09
4.228413135187153220e-09
4.228891443915803193e-09
4.229355458012879734e-09
4.229809491255375102e-09
4.230250667696447406e-09
4.230682370364729704e-09
4.231103008098879597e-09
4.231513137806958834e-09
4.231914611943727388e-09
4.232304258088079039e-09
4.232686561145567156e-09
4.233059203032548778e-09
4.233424250377153163e-09
4.233779568704744950e-09
4.234121981168752837e-09
4.234453943838157920e-09
4.234774342578459019e-09
4.235084176812302581e-09
4.235384773160152809e-09
4.235673457781981177e-09
4.235953793431209046e-09
4.236224151823535540e-09
4.236485615892347273e-09
4.236738463295729260e-09
4.236981632017776002e-09
4.237217631105686911e-09
4.237444622208880055e-09
4.237665090432475413e-09
4.237877660889796705e-09
4.238083625338836575e-09
4.238282105531888030e-09
4.238472944826618739e-09
4.238657238796051885e-09
4.238834699116416610e-09
4.239005727613498350e-09
4.239170463068583166e-09
4.239329177790991993e-09
4.239481576707324784e-09
4.239628382250741479e-09
4.239769180433388666e-09
4.239905102486707355e-09
4.240035305630378467e-09
4.240160926667471885e-09
4.240281191682986523e-09
4.240396690377992896e-09
4.240507683823044615e-09
4.240613764429700762e-09
4.240716133409043473e-09
4.240814132162847711e-09
4.240910877969025697e-09
4.241003843537276879e-09
4.241094433172470468e-09
4.241182765311492894e-09
4.241268709705607266e-09
4.241353405291019313e-09
4.241435428278080347e-09
4.241515734344203534e-09
4.241593703351311056e-09
4.241669780552048085e-09
4.241744144174822440e-09
4.241816674031667545e-09
4.241887086765520094e-09
4.241956008531813050e-09
4.242022610877272647e-09
4.242088061997108290e-09
4.242151991011945310e-09
4.242215088294207274e-09
4.242281217051317023e-09
4.242346868112990352e-09
4.242414291652689407e-09
4.242482771445639309e-09
4.242551841544579389e-09
4.242623893833340801e-09
4.242695973693698799e-09
4.242769607910820058e-09
4.242844139159991924e-09
4.242919353936444449e-09
4.242996407095318741e-09
4.243073773984585623e-09
4.243151831564654582e-09
4.243230817887295485e-09
4.243310112782593989e-09
4.243390745919178890e-09
4.243472012247367925e-09
4.243555072544146109e-09
4.243646467040750723e-09
4.243740802497132451e-09
4.243840220073876996e-09
4.243945070401472287e-09
4.244054140711686220e-09
4.244169562072501791e-09
4.244288607506480425e-09
4.244412009571227091e-09
4.244541047926341160e-09
4.244673424227661297e-09
4.244810541028974087e-09
4.244950918888031723e-09
4.245094767775601545e-09
4.245243723967291126e-09
4.245395301593870740e-09
4.245550296029065060e-09
4.245708472755108480e-09
4.245869952851427566e-09
4.246038926755097782e-09
4.246212391231463957e-09
4.246390422436716573e-09
4.246575229823677851e-09
4.246764233665071392e-09
4.246959263715255247e-09
4.247159615242924836e-09
4.247364315887624347e-09
4.247574484050130788e-09
4.247788568398280042e-09
4.248007264271200747e-09
4.248231313427643896e-09
4.248458546880720090e-09
4.248690075517470709e-09
4.248925088395450738e-09
4.249164040859908057e-09
4.249407079842624681e-09
4.249653015243933900e-09
4.249902703725466392e-09
4.250157243566462667e-09
4.250416156275541689e-09
4.250678795925949862e-09
4.250945804496543463e-09
4.251216555736375812e-09
4.251491428898181495e-09
4.251770681677697459e-09
4.252053127572938448e-09
4.252339731876354227e-09
4.252629205281468160e-09
4.252922249303958250e-09
4.253219059714901729e-09
4.253518545207550412e-09
4.253821353937307457e-09
4.254126580244058540e-09
4.254434901605887687e-09
4.254746246069203049e-09
4.255059792567117893e-09
4.255376272097177862e-09
4.255695548488804636e-09
4.256017883735849173e-09
4.256342763624835413e-09
4.256670255779403843e-09
4.257000469594484949e-09
4.257333172653610788e-09
4.257668807948935479e-09
4.258006625730404639e-09
4.258346901809506939e-09
4.258689489604677881e-09
4.259034266826649091e-09
4.259381789969591745e-09
4.259730996253490598e-09
4.260082464554538586e-09
4.260435968569140764e-09
4.260791344459605203e-09
4.261149078485756502e-09
4.261508302333303603e-09
4.261868671293602487e-09
4.262228639160386671e-09
4.262588366332856715e-09
4.262948500648037265e-09
4.263307253708966390e-09
4.263666572624399490e-09
4.264026130960632696e-09
4.264384189096323755e-09
4.264742668033172955e-09
4.265101056423113301e-09
4.265459167059455740e-09
4.265817050882795635e-09
4.266174751861236023e-09
4.266532374614023135e-09
4.266890293204320042e-09
4.267247459497532839e-09
4.267604734103187041e-09
4.267962453770458152e-09
4.268319324480864128e-09
4.268676096016299189e-09
4.269032124583145584e-09
4.269383162276971397e-09
4.269733233595859190e-09
4.270080897494035324e-09
4.270425175625521237e-09
4.270767881730225055e-09
4.271107636559682607e-09
4.271445260894240298e-09
4.271780905072330851e-09
4.272113748791176452e-09
4.272445023157620758e-09
4.272774476461447094e-09
4.273100981578299363e-09
4.273426465399885233e-09
4.273750234147128775e-09
4.274071529028020489e-09
4.274391587644331075e-09
4.274710310502710282e-09
4.275027239296986622e-09
4.275342066345961658e-09
4.275654422139290956e-09
4.275962296847609822e-09
4.276267871078629025e-09
4.276569743520237835e-09
4.276868093355982079e-09
4.277163757762712130e-09
4.277455693636220484e-09
4.277744431809349479e-09
4.278030559054086683e-09
4.278313253189218102e-09
4.278593495266939626e-09
4.278871103429325456e-09
4.279145273865613811e-09
4.279417830822210234e-09
4.279687851000818925e-09
4.279954693250368060e-09
4.280219929533964199e-09
4.280483175664001728e-09
4.280743826689069129e-09
4.281002299239563259e-09
4.281258198653220100e-09
4.281508675663335184e-09
4.281755881077369824e-09
4.282000102168446459e-09
4.282239431529636073e-09
4.282475934356362151e-09
4.282708719856797329e-09
4.282937317148809088e-09
4.283163265720873728e-09
4.283385815950289594e-09
4.283604561840508316e-09
4.283820683271238687e-09
4.284033718306792893e-09
4.284243793407198935e-09
4.284451112016460581e-09
4.284655305579368097e-09
4.284857380077172167e-09
4.285056881947544893e-09
4.285253225182608452e-09
4.285447799091595674e-09
4.285639792477358573e-09
4.285827453333622954e-09
4.286012438121209249e-09
4.286194298881253305e-09
4.286372543432088269e-09
4.286547755489263556e-09
4.286720202395393377e-09
4.286889420495543816e-09
4.287055450574029511e-09
4.287218990262306682e-09
4.287379412226941222e-09
4.287537352111052445e-09
4.287692711503776699e-09
4.287844960718434611e-09
4.287995442007882123e-09
4.288143315298021618e-09
4.288288151732713546e-09
4.288431440114540993e-09
4.288572463836675860e-09
4.288710890161514670e-09
4.288847624685495384e-09
4.288982479565171929e-09
4.289115763882609507e-09
4.289247558824381691e-09
4.289377847261713776e-09
4.289506899529977624e-09
4.289634098547534399e-09
4.289760027838906908e-09
4.289884917050667750e-09
4.290008097810363552e-09
4.290129857231927500e-09
4.290250614620136428e-09
4.290370044591937365e-09
4.290488062458588175e-09
4.290605040691357726e-09
4.290721023576726736e-09
4.290835548223868555e-09
4.290949002195203804e-09
4.291061667319577951e-09
4.291172900726673074e-09
4.291283444047885785e-09
4.291392991289427220e-09
4.291501466613484574e-09
4.291609948496143682e-09
4.291717876909230758e-09
4.291825061239404388e-09
4.291932146872174865e-09
4.292038729243697109e-09
4.292145009441974252e-09
4.292251281457918087e-09
4.292356872907504044e-09
4.292462220574502006e-09
4.292567514403658188e-09
4.292672217863147828e-09
4.292776774167992316e-09
4.292881045301014508e-09
4.292984833294324964e-09
4.293088471426771286e-09
4.293191709802892482e-09
4.293294661892865773e-09
4.293397455143695351e-09
4.293499634719535974e-09
4.293601636226156379e-09
4.293703601947009537e-09
4.293805566330671467e-09
4.293908460125500543e-09
4.294011393845022447e-09
4.294114442308235609e-09
4.294218548202700763e-09
4.294322691793206700e-09
4.294427123516456886e-09
4.294532684146982322e-09
4.294638212080013538e-09
4.294744075074811512e-09
4.294850779035168749e-09
4.294957446923216758e-09
4.295064433985934328e-09
4.295172161661236618e-09
4.295279839382917255e-09
4.295387770916115540e-09
4.295496228633829598e-09
4.295604760183569205e-09
4.295713378173131921e-09
4.295822533235762700e-09
4.295931668367885246e-09
4.296041188388045131e-09
4.296151976733524173e-09
4.296263769277332264e-09
4.296376216121253038e-09
4.296489700083864353e-09
4.296604442724918391e-09
4.296719916745573769e-09
4.296836298718671052e-09
4.296954128455335464e-09
4.297072505325834118e-09
4.297191759807282745e-09
4.297312420885928166e-09
4.297433404132004111e-09
4.297555206439182014e-09
4.297678393407262878e-09
4.297801844820711534e-09
4.297926008733903370e-09
4.298051324350287751e-09
4.298176990342456259e-09
4.298303266602960533e-09
4.298430534453997122e-09
4.298558137939882777e-09
4.298686357902490088e-09
4.298815611799999540e-09
4.298945472591030577e-09
4.299076030695140979e-09
4.299207382199027809e-09
4.299339493704763464e-09
4.299472374763710661e-09
4.299606093413402113e-09
4.299740669074939280e-09
4.299875961629846526e-09
4.300012020108447333e-09
4.300148866638062969e-09
4.300286307039510400e-09
4.300424507729347812e-09
4.300563439862462928e-09
4.300702838102027966e-09
4.300842980711047605e-09
4.300983730181750647e-09
4.301124949356582583e-09
4.301266852599939305e-09
4.301409244490959446e-09
4.301552091918256556e-09
4.301695465211690103e-09
4.301839251251299557e-09
4.301983059036176233e-09
4.302127200195412577e-09
4.302271563965052829e-09
4.302416092686708966e-09
4.302560980762429639e-09
4.302706069926151788e-09
4.302851470878157290e-09
4.302997204949820316e-09
4.303143145203544271e-09
4.303289416571140150e-09
4.303435922806719980e-09
4.303582655950815245e-09
4.303729716865805607e-09
4.303876949800819551e-09
4.304024380894751200e-09
4.304172113302305314e-09
4.304320062684959756e-09
4.304468137954561545e-09
4.304616500465445939e-09
4.304765066993416409e-09
4.304913756542925990e-09
4.305062448862330088e-09
4.305211177254043416e-09
4.305358593798066613e-09
4.305505974715511818e-09
4.305653105673821319e-09
4.305799318491569182e-09
4.305945337894243758e-09
4.306090933439324521e-09
4.306235922313749318e-09
4.306380591408584062e-09
4.306524865841154788e-09
4.306668778499982324e-09
4.306812108939639272e-09
4.306955255388232920e-09
4.307098167032518153e-09
4.307240323323283606e-09
4.307382408360890591e-09
4.307524238281627710e-09
4.307665511676356299e-09
4.307806621042368003e-09
4.307947449757534556e-09
4.308087959298032374e-09
4.308228229449567442e-09
4.308367940973796315e-09
4.308507300976077270e-09
4.308644850040181971e-09
4.308781785906867133e-09
4.308918012266569251e-09
4.309052940564379118e-09
4.309187029265659957e-09
4.309320349082325282e-09
4.309452694214368208e-09
4.309583925402935735e-09
4.309714679500987333e-09
4.309844653985060383e-09
4.309973285547680636e-09
4.310101621018088123e-09
4.310229155383953638e-09
4.310355734995704986e-09
4.310481857702151610e-09
4.310607180991462526e-09
4.310731897832983093e-09
4.310855890394746546e-09
4.310979303284369137e-09
4.311102320843132509e-09
4.311224366741870971e-09
4.311346067518074014e-09
4.311467123800228408e-09
4.311586568290098787e-09
4.311704998584546994e-09
4.311822482657431859e-09
4.311939047348078403e-09
4.312054036477938591e-09
4.312168213742056418e-09
4.312281511835169080e-09
4.312393538259987413e-09
4.312504578029142804e-09
4.312614794025191655e-09
4.312724056317775584e-09
4.312832090400761448e-09
4.312939636536515621e-09
4.313046332919459215e-09
4.313151661292706789e-09
4.313256671732961484e-09
4.313360786351003245e-09
4.313463940961682958e-09
4.313566591133113293e-09
4.313668378116151033e-09
4.313769568489299814e-09
4.313869978261496337e-09
4.313969733765417531e-09
4.314068824239862180e-09
4.314166403274995704e-09
4.314263168120221932e-09
4.314358992856755335e-09
4.314453807791493464e-09
4.314547446571553671e-09
4.314640176889766029e-09
4.314732054080352798e-09
4.314822821243523305e-09
4.314912566697533532e-09
4.315001539573734726e-09
4.315089634456932729e-09
4.315176549364908219e-09
4.315262960725095150e-09
4.315348518893980956e-09
4.315432871203453928e-09
4.315516807933180113e-09
4.315599880996945113e-09
4.315682105963468441e-09
4.315763712574835587e-09
4.315844555363809318e-09
4.315924798677485854e-09
4.316004189372942747e-09
4.316083068338277773e-09
4.316161271672125947e-09
4.316238505829303402e-09
4.316315075339060012e-09
4.316390818146623828e-09
4.316465922636686703e-09
4.316540249327530020e-09
4.316613725501453012e-09
4.316686651294077826e-09
4.316758805623219217e-09
4.316830162636525045e-09
4.316901026544865020e-09
4.316971141244394740e-09
4.317040488842229754e-09
4.317109326461026355e-09
4.317177529137136195e-09
4.317245113139711345e-09
4.317312026254642405e-09
4.317378474472962043e-09
4.317444355276721689e-09
4.317509507534450875e-09
4.317574345106649462e-09
4.317638560248445132e-09
4.317702159327412202e-09
4.317765430348943021e-09
4.317828220427575966e-09
4.317890592920675696e-09
4.317953075954867223e-09
4.318015350482833710e-09
4.318077476136909774e-09
4.318139259884075344e-09
4.318201309700339432e-09
4.318262966860124274e-09
4.318324439805980199e-09
4.318386073023685610e-09
4.318447333006014060e-09
4.318508600151863928e-09
4.318569641662712396e-09
4.318630714788568485e-09
4.318691606884282403e-09
4.318752276178566629e-09
4.318813008257134861e-09
4.318873510211561905e-09
4.318933979914225136e-09
4.318994244803855192e-09
4.319054511126189365e-09
4.319114665888619852e-09
4.319174576327218217e-09
4.319234529046510046e-09
4.319294362119078599e-09
4.319354101015221145e-09
4.319413669737936452e-09
4.319473454480614079e-09
4.319533138329075518e-09
4.319592619847857971e-09
4.319652290897495239e-09
4.319711979107744568e-09
4.319771524556974817e-09
4.319831143328824669e-09
4.319890892413086122e-09
4.319950526944683752e-09
4.320010116393853565e-09
4.320069876239315406e-09
4.320129578808445750e-09
4.320189181725034933e-09
4.320248902951158645e-09
4.320308566614408879e-09
4.320368190798696694e-09
4.320427826635646542e-09
4.320487469604279626e-09
4.320547044853758505e-09
4.320606578077246065e-09
4.320666200574126789e-09
4.320725648567630567e-09
4.320785148011135653e-09
4.320844595527070840e-09
4.320903859211131156e-09
4.320963110319232093e-09
4.321022039928498532e-09
4.321080898443796586e-09
4.321139639127129528e-09
4.321198085405656794e-09
4.321256544005441294e-09
4.321314840677807400e-09
4.321373101309701631e-09
4.321431162891218167e-09
4.321489179645011512e-09
4.321547090569716816e-09
4.321604853543829041e-09
4.321662559177934232e-09
4.321720083686383533e-09
4.321777592817139928e-09
4.321834902770168382e-09
4.321892099826101096e-09
4.321949216364055436e-09
4.322006214496962354e-09
4.322063048505637843e-09
4.322119785854532306e-09
4.322176444436531849e-09
4.322232908266266050e-09
4.322289277505681189e-09
4.322345543240174876e-09
4.322401761886454319e-09
4.322457980246193434e-09
4.322514168328116156e-09
4.322570386974395598e-09
4.322626451811914418e-09
4.322682666701325634e-09
4.322738843990208957e-09
4.322795099663934810e-09
4.322851298443382384e-09
4.322907620562746751e-09
4.322964007408506013e-09
4.323020331087926398e-09
4.323076739392411729e-09
4.323133226877685034e-09
4.323189730218219009e-09
4.323246154091423027e-09
4.323302788317450084e-09
4.323359376919806023e-09
4.323415975264550461e-09
4.323472618882749325e-09
4.323529317675981196e-09
4.323586048912005142e-09
4.323642723062723372e-09
4.323699527430339485e-09
4.323756335905041343e-09
4.323813034793786932e-09
4.323869636608859268e-09
4.323925833860089006e-09
4.323981566501248476e-09
4.324037035301960645e-09
4.324092382322811213e-09
4.324147098858276628e-09
4.324201668334609782e-09
4.324255893579868335e-09
4.324310158017547325e-09
4.324363699512660428e-09
4.324417242217612857e-09
4.324470525698609676e-09
4.324523636459148703e-09
4.324576321579173109e-09
4.324628852030814256e-09
4.324681311961568499e-09
4.324733376402273442e-09
4.324785252585638432e-09
4.324836888424906799e-09
4.324888597013712461e-09
4.324939691672827848e-09
4.324990763026619995e-09
4.325041689772795890e-09
4.325092458252909554e-09
4.325142869607609073e-09
4.325193210345908798e-09
4.325243233119377461e-09
4.325292905708088604e-09
4.325341414145000551e-09
4.325389708567734124e-09
4.325437529879686440e-09
4.325484720451550631e-09
4.325531110109899459e-09
4.325577251496520502e-09
4.325622933781022958e-09
4.325667993985339187e-09
4.325712484196227515e-09
4.325756672902465942e-09
4.325800423583256977e-09
4.325843554699054158e-09
4.325886252947138936e-09
4.325928649021978614e-09
4.325970643684924255e-09
4.326011928618021234e-09
4.326053065091119189e-09
4.326093686745822249e-09
4.326134070253241722e-09
4.326173789049562332e-09
4.326213385110886640e-09
4.326252486730053041e-09
4.326291331449428767e-09
4.326329676632588787e-09
4.326367787711873773e-09
4.326405702415161863e-09
4.326443144739939433e-09
4.326480634534984465e-09
4.326517750967300637e-09
4.326554927286655225e-09
4.326591492223348438e-09
4.326628207116420330e-09
4.326664554282066943e-09
4.326700800044090595e-09
4.326736723097440422e-09
4.326772555667556931e-09
4.326808259803697195e-09
4.326843663453998620e-09
4.326878976684743091e-09
4.326914078193636769e-09
4.326949193774870307e-09
4.326983890242352796e-09
4.327018603042663718e-09
4.327053165727406707e-09
4.327087646143087867e-09
4.327121838362349242e-09
4.327156043539624041e-09
4.327190154031067713e-09
4.327224088140698259e-09
4.327257888340238232e-09
4.327291665584671655e-09
4.327325406756796677e-09
4.327358759188500760e-09
4.327391998627596213e-09
4.327424669856184573e-09
4.327456980680059152e-09
4.327488845996587241e-09
4.327520594404447564e-09
4.327551722132988423e-09
4.327582526134043567e-09
4.327612917707301315e-09
4.327643221949275134e-09
4.327672859760906473e-09
4.327702236565660565e-09
4.327731235645898735e-09
4.327760212375950019e-09
4.327788427512258277e-09
4.327816507273933664e-09
4.327844236882689713e-09
4.327871925038535926e-09
4.327898868888604728e-09
4.327925742854542817e-09
4.327952344097267744e-09
4.327978746894534639e-09
4.328004626309018460e-09
4.328030351246146458e-09
4.328055961503258734e-09
4.328081164808687112e-09
4.328106067309898143e-09
4.328130793301945802e-09
4.328155230078760956e-09
4.328179267767847010e-09
4.328202521194625471e-09
4.328225554908247269e-09
4.328248119395307935e-09
4.328270294950920227e-09
4.328291780165947962e-09
4.328313014689569256e-09
4.328333866872182112e-09
4.328354289816600546e-09
4.328374123728544493e-09
4.328393672022936562e-09
4.328412872233870430e-09
4.328431694752125730e-09
4.328449918017948626e-09
4.328467928511271484e-09
4.328485556981964411e-09
4.328502860738197915e-09
4.328519607108801906e-09
4.328536190978905194e-09
4.328552342618054753e-09
4.328568222584639567e-09
4.328583586777693961e-09
4.328598832119970524e-09
4.328613597506322923e-09
4.328628148337254474e-09
4.328642245605857301e-09
4.328656174261088081e-09
4.328669856395673702e-09
4.328683354061627434e-09
4.328697067238139195e-09
4.328710819638908747e-09
4.328724515463780184e-09
4.328738105332211679e-09
4.328751890525989997e-09
4.328765667441922117e-09
4.328779495935206617e-09
4.328793097615489401e-09
4.328807009715026957e-09
4.328820788604906494e-09
4.328834702964932623e-09
4.328848369658150629e-09
4.328862304298901680e-09
4.328876203631451593e-09
4.328890172084023301e-09
4.328903934895777379e-09
4.328917939325144597e-09
4.328931911661936432e-09
4.328945981072400692e-09
4.328959832871007605e-09
4.328973918295921789e-09
4.328988019289555488e-09
4.329002145116729436e-09
4.329016118026602752e-09
4.329030304377572134e-09
4.329044533964371333e-09
4.329058720761071123e-09
4.329072632637743061e-09
4.329086762094434990e-09
4.329100290229232553e-09
4.329113796968979583e-09
4.329126885199896054e-09
4.329140220078808756e-09
4.329152949465066637e-09
4.329165672993156146e-09
4.329178079957281357e-09
4.329190690683788844e-09
4.329202804484786716e-09
4.329214870528975142e-09
4.329226630738563132e-09
4.329238627344352082e-09
4.329250139250374104e-09
4.329261570893119898e-09
4.329272751812621070e-09
4.329284125701466775e-09
4.329295060004809898e-09
4.329305877717864591e-09
4.329316516374725356e-09
4.329327314157271817e-09
4.329337642872445574e-09
4.329347922525458495e-09
4.329358035730075051e-09
4.329368236616192225e-09
4.329378040706907053e-09
4.329387759376610662e-09
4.329397407461751005e-09
4.329406845003041699e-09
4.329416015647450249e-09
4.329424493913648805e-09
4.329432896946955876e-09
4.329440952087833009e-09
4.329448737498255462e-09
4.329455951418870360e-09
4.329463048590008399e-09
4.329469861894676361e-09
4.329476439630927817e-09
4.329482563072579812e-09
4.329488494308996191e-09
4.329494206373500034e-09
4.329499658354425631e-09
4.329504742989980821e-09
4.329509573336449773e-09
4.329514244207016339e-09
4.329518619303749475e-09
4.329522708560065116e-09
4.329526490358048765e-09
4.329530160532451537e-09
4.329533492620488406e-09
4.329536644028600621e-09
4.329539437292487628e-09
4.329542165479763049e-09
4.329544508906353030e-09
4.329546760385166567e-09
4.329548625766104265e-09
4.329550425592861786e-09
4.329551909110358808e-09
4.329553368749451108e-09
4.329554569705831924e-09
4.329555847550673961e-09
4.329556856556522135e-09
4.329557929142601415e-09
4.329558669436807626e-09
4.329559564240207842e-09
4.329560171802324626e-09
4.329560873509030064e-09
4.329561203062845968e-09
4.329561708489068228e-09
4.329561997608786187e-09
4.329562331428877091e-09
4.329562378357901254e-09
4.329562503830955546e-09
4.329562529810659586e-09
4.329562543309917138e-09
4.329562323214706429e-09
4.329562161573828362e-09
4.329561908653771532e-09
4.329561675409519135e-09
4.329561211085990021e-09
4.329560796397703225e-09
4.329560325165355667e-09
4.329559864343991808e-09
4.329559208834039797e-09
4.329558566887020875e-09
4.329557922106431071e-09
4.329557260260742098e-09
4.329556347819160404e-09
4.329555371224266123e-09
4.329554134800496568e-09
4.329552522657995036e-09
4.329550714744417926e-09
4.329548668365177066e-09
4.329546557068514700e-09
4.329543931335511486e-09
4.329541259437593854e-09
4.329538288964110092e-09
4.329535378855232509e-09
4.329531958257909740e-09
4.329528465929861568e-09
4.329524733130364045e-09
4.329520997624646713e-09
4.329516940906636039e-09
4.329512667850283709e-09
4.329508239297762838e-09
4.329503735735215274e-09
