4.617134053031904274e-08
5.706401776801239932e-08
6.915397389899317064e-08
8.238970210816914101e-08
9.670760962099258938e-08
1.120360887314551028e-07
1.282968732750519432e-07
1.454103082215588401e-07
1.632948975721085562e-07
1.818729494884556346e-07
2.010673084422113795e-07
2.208064053376050837e-07
2.410231244300373305e-07
2.616551539515893396e-07
2.826445646603977415e-07
3.039381688181693257e-07
3.254897565573223212e-07
3.472527157320447219e-07
3.691886200239193726e-07
3.912583936393762208e-07
4.134280157130199102e-07
4.356651971604036653e-07
4.579398354709992019e-07
4.802234215502446894e-07
5.024895348071100597e-07
5.247132554898051067e-07
5.468715433638474609e-07
5.689428922887687980e-07
5.909069527701345812e-07
6.127466594509594227e-07
6.344463070293895724e-07
6.559895844149900939e-07
6.773675527302203247e-07
6.985648170602405928e-07
7.195784027009214204e-07
7.403938139996597501e-07
7.610130027054753657e-07
7.814229333396050659e-07
8.016265882973022877e-07
8.216205239060459569e-07
8.413947678877058545e-07
8.609561742901333941e-07
8.803021525781909754e-07
8.994261897406019279e-07
9.183267645123832057e-07
9.370067140659668090e-07
9.554615969186767143e-07
9.736890179564316597e-07
9.916843971920084051e-07
1.009443311143875016e-06
1.026963311356767391e-06
1.044240542048813019e-06
1.061271026093242911e-06
1.078049382458758633e-06
1.094571158739673274e-06
1.110831946178559065e-06
1.126825635123314108e-06
1.142548662322974286e-06
1.157997071757919399e-06
1.173166149454452627e-06
1.188053108440429232e-06
1.202653717211402982e-06
1.216965370995924939e-06
1.230986077555400083e-06
1.244712340296871070e-06
1.258142341806703839e-06
1.271278350937838303e-06
1.284116639660289735e-06
1.296654721118587346e-06
1.308896682774500995e-06
1.320840396794543925e-06
1.332483842441501728e-06
1.343836508387894748e-06
1.354888778108062232e-06
1.365650202286523394e-06
1.376118191499186869e-06
1.386295117057466038e-06
1.396188253730542544e-06
1.405793468521523451e-06
1.415117049783136935e-06
1.424162487253920821e-06
1.432933556712182168e-06
1.441432911721008774e-06
1.449662007953269725e-06
1.457636573604946938e-06
1.465343826082839742e-06
1.472799912697210399e-06
1.480014745983489356e-06
1.486975755163627229e-06
1.493703344482574412e-06
1.500204530404176351e-06
1.506469139381884873e-06
1.512516581611224301e-06
1.518355043550368356e-06
1.523975348249939390e-06
1.529396071179707951e-06
1.534620757107173497e-06
1.539651219941111018e-06
1.544500764920209194e-06
1.549162925179937544e-06
1.553652854786366881e-06
1.557975446078589864e-06
1.562132464468607708e-06
1.566132579610402482e-06
1.569975928417206852e-06
1.573670683652040376e-06
1.577222342043506428e-06
1.580632304897078228e-06
1.583908021114547622e-06
1.587052867953982753e-06
1.590068782774845278e-06
1.592960791863704887e-06
1.595731639206696499e-06
1.598386526987744236e-06
1.600925451599709377e-06
1.603354397281203751e-06
1.605673794229266146e-06
1.607888482416024288e-06
1.609998302895452340e-06
1.612008779018171568e-06
1.613917540869444392e-06
1.615731412815279657e-06
1.617447456131260200e-06
1.619071145875449344e-06
1.620601648531314587e-06
1.622041090438175935e-06
1.623391568468674027e-06
1.624651414998986661e-06
1.625827605044216220e-06
1.626911969741979206e-06
1.627916087425211732e-06
1.628828876300292139e-06
1.629664671023081753e-06
1.630408796264081394e-06
1.631078010151261872e-06
1.631658409705599607e-06
1.632163403292663788e-06
1.632584641795416161e-06
1.632927336261524515e-06
1.633193826390595199e-06
1.633375133701817413e-06
1.633486286470810054e-06
1.633508425956757249e-06
1.633463803848998059e-06
1.633337579401050135e-06
1.633140278065000965e-06
1.632871047855561903e-06
1.632521428934154576e-06
1.632106681042501359e-06
1.631610210978057672e-06
1.631051455923697179e-06
1.630420940977309400e-06
1.629721349354406719e-06
1.628959271092786264e-06
1.628119970159713297e-06
1.627223782827210407e-06
1.626261370862845198e-06
1.625235907551855348e-06
1.624152541248162179e-06
1.623001823022422348e-06
1.621797732273004339e-06
1.620536698590082449e-06
1.619214723150350080e-06
1.617842707602237050e-06
1.616413565023140167e-06
1.614934582458142830e-06
1.613407446066184606e-06
1.611826308558145904e-06
1.610201144577920389e-06
1.608529681276152354e-06
1.606810050737898518e-06
1.605050512167860907e-06
1.603247090472198520e-06
1.601403945283161682e-06
1.599522548791544822e-06
1.597600860438829461e-06
1.595644012030225744e-06
1.593653337955621209e-06
1.591624997095332581e-06
1.589567018029795649e-06
1.587476857999902759e-06
1.585354858034019422e-06
1.583205671685841380e-06
1.581027347087308319e-06
1.578820345007712268e-06
1.576589849778633971e-06
1.574333921357065282e-06
1.572050481737633344e-06
1.569747520193737599e-06
1.567422098698443175e-06
1.565071853715610620e-06
1.562703804526381973e-06
1.560316294958445456e-06
1.557904865231747486e-06
1.555478429119580268e-06
1.553035759771310965e-06
1.550569216731204536e-06
1.548090040821347653e-06
1.545596662846794757e-06
1.543082063777483644e-06
1.540554694346747437e-06
1.538014168663950876e-06
1.535455502173817833e-06
1.532882803426452875e-06
1.530298776317270158e-06
1.527701325617622375e-06
1.525085096231008071e-06
1.522460588293866015e-06
1.519825920677392200e-06
1.517170928979622036e-06
1.514507955679736972e-06
1.511835576208357144e-06
1.509146138959600824e-06
1.506446130105340972e-06
1.503736895593359500e-06
1.501017320458118454e-06
1.498279997928829949e-06
1.495536595783667888e-06
1.492784272331099927e-06
1.490016028149257623e-06
1.487239186536935225e-06
1.484453870767455357e-06
1.481657960252224077e-06
1.478847473247197754e-06
1.476030858237276433e-06
1.473206059033349374e-06
1.470367649066259151e-06
1.467521029423439263e-06
1.464667024860300610e-06
1.461803902527948747e-06
1.458928870986620409e-06
1.456047035709756180e-06
1.453158513795612836e-06
1.450259754194556929e-06
1.447351788472309093e-06
1.444438422917001603e-06
1.441517999707027349e-06
1.438588056796298806e-06
1.435651597563046666e-06
1.432710221228695273e-06
1.429761659987042618e-06
1.426805796014298657e-06
1.423844127781888185e-06
1.420878818033695449e-06
1.417906933906347132e-06
1.414928475036564141e-06
1.411946446189503835e-06
1.408961318887973492e-06
1.405971099666368707e-06
1.402975662577740177e-06
1.399977552189211524e-06
1.396977718148196236e-06
1.393973542694467985e-06
1.390965565477009383e-06
1.387955721814144231e-06
1.384945687127032385e-06
1.381932610335489824e-06
1.378915737459964152e-06
1.375898973378408805e-06
1.372882569967448842e-06
1.369864941915463881e-06
1.366844638576488419e-06
1.363824693750837397e-06
1.360806276305886320e-06
1.357787640299460028e-06
1.354767428657575541e-06
1.351747588768189588e-06
1.348730418284567404e-06
1.345714493890847888e-06
1.342697496594009060e-06
1.339680928689829053e-06
1.336667836609594421e-06
1.333657321086621522e-06
1.330647237478567848e-06
1.327637120887857583e-06
1.324630381265310812e-06
1.321627183817878929e-06
1.318625721283226627e-06
1.315624352818953999e-06
1.312625727477771243e-06
1.309631371126201032e-06
1.306640039836913221e-06
1.303649552090601258e-06
1.300660765265132083e-06
1.297676658968051414e-06
1.294696487126435478e-06
1.291718475539624417e-06
1.288741934609076946e-06
1.285768761593099574e-06
1.282800303297217680e-06
1.279834886959359821e-06
1.276871488582639364e-06
1.273910501831938470e-06
1.270953898935725596e-06
1.268001911326239209e-06
1.265052350229360551e-06
1.262105108354862606e-06
1.259161173728814703e-06
1.256222217165706700e-06
1.253287202879174972e-06
1.250354363896690327e-06
1.247425003136753124e-06
1.244498879227396335e-06
1.241578168857371093e-06
1.238660501042455058e-06
1.235745740078293998e-06
1.232834217577407332e-06
1.229926768499525800e-06
1.227024712939388898e-06
1.224125525347652189e-06
1.221229934228814737e-06
1.218337476225646658e-06
1.215449785981537235e-06
1.212567399235597608e-06
1.209687709462410561e-06
1.206812383868129739e-06
1.203940301805418006e-06
1.201072843197062305e-06
1.198211173367094974e-06
1.195352207845079456e-06
1.192497776888731529e-06
1.189646621505230205e-06
1.186800689040286234e-06
1.183960434361441090e-06
1.181123670478988770e-06
1.178291579068126921e-06
1.175462973365864926e-06
1.172639649285819775e-06
1.169822486680606267e-06
1.167009000981840403e-06
1.164200411554957476e-06
1.161395892901910661e-06
1.158595876564077866e-06
1.155802871214389067e-06
1.153014104740434417e-06
1.150229737765755897e-06
1.147450100176098428e-06
1.144675024026061356e-06
1.141906512001430360e-06
1.139143513250864272e-06
1.136384785155625160e-06
1.133631484185067280e-06
1.130882342253609021e-06
1.128139697084199682e-06
1.125403370847639001e-06
1.122671244780624022e-06
1.119945044222906449e-06
1.117223328410096927e-06
1.114506780517156718e-06
1.111797685876638082e-06
1.109093623163781815e-06
1.106394229695589423e-06
1.103700748743640589e-06
1.101011677468777499e-06
1.098329488833770063e-06
1.095653671785402959e-06
1.092982437727642260e-06
1.090317486520910305e-06
1.087657280340566768e-06
1.085002537731542949e-06
1.082355004628659219e-06
1.079713153716893297e-06
1.077075722042584423e-06
1.074445225656620661e-06
1.071818832135541759e-06
1.069198740255964622e-06
1.066586028435877452e-06
1.063978040374940470e-06
1.061375341199413717e-06
1.058778943051029380e-06
1.056187017624441757e-06
1.053602013624969239e-06
1.051023551385103914e-06
1.048449807059592933e-06
1.045882285059410490e-06
1.043320494821735507e-06
1.040763440359480989e-06
1.038213347843335750e-06
1.035669538436311674e-06
1.033130125111274524e-06
1.030597484545363337e-06
1.028070221183488963e-06
1.025547700130248881e-06
1.023032350901462885e-06
1.020523122853597696e-06
1.018018321801188457e-06
1.015520302526093660e-06
1.013027421664337180e-06
1.010539590759779385e-06
1.008058758282005680e-06
1.005584041469941691e-06
1.003113922623497220e-06
1.000650469231243182e-06
9.981926811489031555e-07
9.957393787189856679e-07
9.932928599547858257e-07
9.908528514545190185e-07
9.884174926192851244e-07
9.859880311284197845e-07
9.835651656696330629e-07
9.811461068571270162e-07
9.787337078642177936e-07
9.763283464961789737e-07
9.739278668984363870e-07
9.715323849954302448e-07
9.691440632609799859e-07
9.667597043256553104e-07
9.643812889987756414e-07
9.620101600251408588e-07
9.596445967602659411e-07
9.572833239904937431e-07
9.549293582820896479e-07
9.525803941009854092e-07
9.502361557589942413e-07
9.478986992620476449e-07
9.455675560241892935e-07
9.432411515252832610e-07
9.409203314399211927e-07
9.386065818406510278e-07
9.362964764451570683e-07
9.339923118050649328e-07
9.316955936601235995e-07
9.294041757544419245e-07
9.268346051911086560e-07
9.245561707896663094e-07
9.222826615092630369e-07
9.200138720879731671e-07
9.177517311243064806e-07
9.154960061441615958e-07
9.132452482164608801e-07
9.109993059653807728e-07
9.087609249741858369e-07
9.053511199926222142e-07
9.031278304111231418e-07
9.009114860269109538e-07
8.987008692795735438e-07
8.964947716191056967e-07
8.942944126255919721e-07
8.921010803486467032e-07
8.899111964456464833e-07
8.877268244416711316e-07
8.849388162137497981e-07
8.827698806545988648e-07
8.806052330480227591e-07
8.784470388580543117e-07
8.762950167667878033e-07
8.741466272410157831e-07
8.720038803243858445e-07
8.698682012425410871e-07
8.677376353566460915e-07
8.643427611640585617e-07
8.622288613201087424e-07
8.601212730735518023e-07
8.580170867555659030e-07
8.559182260962210115e-07
8.538265577377002314e-07
8.517398898044121518e-07
8.496571824125810611e-07
8.475804798445104440e-07
8.448524600611232489e-07
8.427886809815339650e-07
8.407302360560043832e-07
8.386785399117064379e-07
8.366318276539361215e-07
8.345896922826862400e-07
8.325525984843894243e-07
8.305226119672224723e-07
8.284958850263795598e-07
8.251104439279848657e-07
8.231012377415366274e-07
8.210975628509925195e-07
8.190985518274993687e-07
8.171037559028129722e-07
8.151161450192633834e-07
8.131328621475389335e-07
8.111532517307213424e-07
8.091791492719284733e-07
8.065053817583648636e-07
8.045456454320372737e-07
8.025895435462663960e-07
8.006397806112535945e-07
7.986959618212239970e-07
7.967551707871149462e-07
7.948194080089639274e-07
7.928898849558393098e-07
7.909650085883091075e-07
7.875835210910074727e-07
7.856741722713010135e-07
7.837718252629999044e-07
7.818734020779983459e-07
7.799787216424674424e-07
7.780893558604693688e-07
7.762061634607090465e-07
7.743275665948709056e-07
7.724523043612924853e-07
7.698272056915674922e-07
7.679675304326099553e-07
7.661106885270329823e-07
7.642582814648759282e-07
7.624114358990451906e-07
7.605700715628376505e-07
7.587330005125194088e-07
7.568993091736885953e-07
7.550719299751171472e-07
7.516889035533312814e-07
7.498765521289879521e-07
7.480690080302858773e-07
7.462672207664418374e-07
7.444701325835491589e-07
7.426774593841182956e-07
7.408883037850796843e-07
7.391056328970140746e-07
7.373275229786488538e-07
7.347464980838002917e-07
7.329794654326023391e-07
7.312183330019913682e-07
7.294616205130760949e-07
7.277091593467468230e-07
7.259601884158996529e-07
7.242176178331931111e-07
7.224797014208510947e-07
7.207444074108955561e-07
7.173507237868383161e-07
7.156326169964045835e-07
7.139190537138875559e-07
7.122096239811355262e-07
7.105034995164133329e-07
7.088034442525292084e-07
7.071085239400537607e-07
7.054160512817981684e-07
7.028669603323457419e-07
7.011872438217814645e-07
6.995124239353476693e-07
6.978418488482059695e-07
6.961743005296823661e-07
6.945122118268549449e-07
6.928561953700670930e-07
6.912025511918982635e-07
6.895524558498217393e-07
6.861328470561606348e-07
6.844998379018249800e-07
6.828708381537029646e-07
6.812453011931150846e-07
6.796237901881355772e-07
6.780087543553082994e-07
6.763971178438725806e-07
6.747880631455339028e-07
6.731832441612526916e-07
6.706703784882351948e-07
6.690783270594565505e-07
6.674902650055558068e-07
6.659051914204648629e-07
6.643258182212482788e-07
6.627518309991634491e-07
6.611800439698697106e-07
6.596118641911062504e-07
6.580477861023847984e-07
6.546089753242048226e-07
6.530610327619124200e-07
6.515165726765042567e-07
6.499757710332354679e-07
6.484410953373901668e-07
6.469101738169564544e-07
6.453817457397678213e-07
6.438571969449851500e-07
6.423370518422428862e-07
6.398542140693655815e-07
6.383456381471077600e-07
6.368399304782805297e-07
6.353385906265412621e-07
6.338435037464422971e-07
6.323512731457497334e-07
6.308614607296040329e-07
6.293756699994222221e-07
6.258997652396872499e-07
6.244295413612012288e-07
6.229630914825949608e-07
6.214993887117782002e-07
6.200403917317209268e-07
6.185873673504544954e-07
6.171368295329579654e-07
6.156888388083520724e-07
6.142448248096939902e-07
6.117807597974887097e-07
6.103480243976988446e-07
6.089190614506870779e-07
6.074927231961416757e-07
6.060709918585296411e-07
6.046551915364462827e-07
6.032419882333710822e-07
6.018311614688105672e-07
6.004241144002104881e-07
5.969172292228608082e-07
5.955251470939803283e-07
5.941367157518613247e-07
5.927509940394636519e-07
5.913692849732904385e-07
5.899934507098624455e-07
5.886206420900664812e-07
5.872500098060038365e-07
5.858830316970015343e-07
5.834399911013015496e-07
5.820838809781209054e-07
5.807310638539952711e-07
5.793813047249518449e-07
5.780347639875683274e-07
5.766934757487331495e-07
5.753565684557562710e-07
5.740215470255898723e-07
5.704665736930102314e-07
5.691458874438699277e-07
5.678294219943206350e-07
5.665152272047864845e-07
5.652045997673912689e-07
5.638963255320851567e-07
5.625926192767114048e-07
5.612945284685031143e-07
5.599987349082915333e-07
5.575655830953815751e-07
5.562792575336888913e-07
5.549963484643255356e-07
5.537162778059479902e-07
5.524395379465824567e-07
5.511656016132892908e-07
5.498947300718578961e-07
5.486288083300067101e-07
5.473675103348964233e-07
5.437723797765147598e-07
5.425232719226017565e-07
5.412773157211854387e-07
5.400353097973002421e-07
5.387954418986505128e-07
5.375589432385570701e-07
5.363249677814579785e-07
5.350945795961471844e-07
5.326692453739392436e-07
5.314514897364045275e-07
5.302353347981266184e-07
5.290218545521487073e-07
5.278111666373709124e-07
5.266045539655869237e-07
5.253999601250834135e-07
5.241986653453893542e-07
5.229996391544708298e-07
5.193468619323211153e-07
5.181652275379384861e-07
5.169862829234102110e-07
5.158089558157117655e-07
5.146342126819728304e-07
5.134621591366995669e-07
5.122941491417986151e-07
5.111281169764364932e-07
5.099652375726506929e-07
5.075470775446791368e-07
5.063941631552314240e-07
5.052461459610017000e-07
5.041009813541205789e-07
5.029572690386517990e-07
5.018160301031088191e-07
5.006774643804942074e-07
4.995428574316848086e-07
4.958287876881633491e-07
4.947076599864807679e-07
4.935887734367429566e-07
4.924729211491159913e-07
4.913614888222550350e-07
4.902538099415102999e-07
4.891474088298636194e-07
4.880430727244640980e-07
4.869416865121857548e-07
4.845239235517623871e-07
4.834322593406846160e-07
4.823432913034522435e-07
4.812568666270306146e-07
4.801726136355450663e-07
4.790922944427480330e-07
4.780167483404427617e-07
4.769427356409971090e-07
4.731638583673269040e-07
4.721028862321285709e-07
4.710442952566530780e-07
4.699891511855855863e-07
4.689357824195543325e-07
4.678851633848260926e-07
4.668364213448031352e-07
4.657909033570310417e-07
4.647498441086470558e-07
4.623293325864614162e-07
4.612970258378927630e-07
4.602664715503459873e-07
4.592385856134449016e-07
4.582136632071806304e-07
4.571907721165053329e-07
4.561703465693370326e-07
4.551525043053159111e-07
4.513035600433432263e-07
4.503000732194175875e-07
4.493012648784670934e-07
4.483040991674941517e-07
4.473083972339934424e-07
4.463146585903038123e-07
4.453232748564072045e-07
4.443352948244633267e-07
4.433488453519139747e-07
4.409188382639642924e-07
4.399417297794853844e-07
4.389666151493742823e-07
4.379948217620087707e-07
4.370275898361562291e-07
4.360616854149854485e-07
4.350972075923597909e-07
4.341347008529487706e-07
4.302136289447474794e-07
4.292658897204044283e-07
4.283195329176764046e-07
4.273755645445350965e-07
4.264336863139585501e-07
4.254938232742572822e-07
4.245571837317966923e-07
4.236250074556918494e-07
4.226941205519898236e-07
4.202543747656701445e-07
4.193313520693360699e-07
4.184105495894319428e-07
4.174926158729008815e-07
4.165760774738049244e-07
4.156619065464607481e-07
4.147499139870938489e-07
4.138396502285531064e-07
4.098427084070580929e-07
4.089491044702436266e-07
4.080571996985067982e-07
4.071664774399558390e-07
4.062772559880626137e-07
4.053904251093440247e-07
4.045059881769620890e-07
4.036234131293253111e-07
4.027428890312122273e-07
4.002896554175132986e-07
3.994175447804204206e-07
3.985481350507515041e-07
3.976821221114907841e-07
3.968191897800010878e-07
3.959571590045052335e-07
3.950963301991935740e-07
3.942376872739948717e-07
3.901610892715487845e-07
3.893166700079550542e-07
3.884734942487205899e-07
3.876324649123935850e-07
3.867931052402572146e-07
3.859556860141741081e-07
3.851211502735156600e-07
3.842905350895497961e-07
3.834612481329762265e-07
3.809929047683332350e-07
3.801709434628905107e-07
3.793512547970278955e-07
3.785335274419245888e-07
3.777175447968564705e-07
3.769034277572397097e-07
3.760913062139315653e-07
3.752806097455843356e-07
3.711214251748948715e-07
3.703256256440921842e-07
3.695333122496491948e-07
3.687419222207916735e-07
3.679515264897038790e-07
3.671627795250908475e-07
3.663760076439561597e-07
3.655914870674334850e-07
3.648082448906167414e-07
3.623211244873617728e-07
3.615467111579560659e-07
3.607735674552468996e-07
3.600027018821008508e-07
3.592345971528617804e-07
3.584697226147651879e-07
3.577056553770513758e-07
3.569425121095335614e-07
3.526983889390785923e-07
3.519485860499204468e-07
3.512010235122608832e-07
3.504546583919061841e-07
3.497100804401229765e-07
3.489674125424966668e-07
3.482259759221583635e-07
3.474867219292653546e-07
3.449731581395400147e-07
3.442447020075720783e-07
3.435170836415141684e-07
3.427904174032263734e-07
3.420650533916854451e-07
3.413413967283728358e-07
3.406197299641466459e-07
3.398994914802148734e-07
3.391809248315983796e-07
3.348486972038700264e-07
3.341430998115943773e-07
3.334394448753384538e-07
3.327380287625927559e-07
3.320400557921582238e-07
3.313431095302501452e-07
3.306470812600348916e-07
3.299521415087367206e-07
3.274153689334061497e-07
3.267286087422488252e-07
3.260440926815339795e-07
3.253605685260587509e-07
3.246785670508856725e-07
3.239979278442147500e-07
3.233187152600767118e-07
3.226417057498653775e-07
3.182087122857189584e-07
3.175469082874745533e-07
3.168858120055619119e-07
3.162255671202333951e-07
3.155667601929436355e-07
3.149092707781853725e-07
3.142538425693509422e-07
3.135995452828538343e-07
3.129469143230888944e-07
3.103851546563418616e-07
3.097400297071641624e-07
3.090967686820733971e-07
3.084555729693405628e-07
3.078174747589232649e-07
3.071802698427155126e-07
3.065439230863058088e-07
3.059085309937806962e-07
3.013815418491388773e-07
3.007590295580962175e-07
3.001388372933869106e-07
2.995194104279287230e-07
2.989016140348172774e-07
2.982849894656006045e-07
2.976694196121870818e-07
2.970557522394357103e-07
2.944615187009330039e-07
2.938580137194097031e-07
2.932552369793760718e-07
2.926533148755526203e-07
2.920523704822196080e-07
2.914525594017442835e-07
2.908537327910395950e-07
2.902572141773995746e-07
2.856232031134781268e-07
2.850393623167770131e-07
2.844566464865295876e-07
2.838749712383530529e-07
2.832951719071015145e-07
2.827173968290840116e-07
2.821422594813978341e-07
2.815678366702123159e-07
2.809942082577314743e-07
2.780617341863681396e-07
2.774956940001699762e-07
2.769305344897808243e-07
2.763676252142621652e-07
2.758054197391747744e-07
2.752443979066634682e-07
2.746843591677283575e-07
2.741253124785578075e-07
2.687646974990761776e-07
2.682203499974463029e-07
2.676787097247123908e-07
2.671380282290958253e-07
2.665980781009846257e-07
2.660587887613401979e-07
2.655206080233445389e-07
2.649832820295253203e-07
2.620041252359624398e-07
2.614753622826439294e-07
2.609476977063010447e-07
2.604208634900310650e-07
2.598950657347743305e-07
2.593704799232949396e-07
2.588474731312966286e-07
2.583266451772383259e-07
2.528363930836717388e-07
2.523293012543575776e-07
2.518230303218931340e-07
2.513175075264516886e-07
2.508130064157536873e-07
2.503094602440935832e-07
2.498078637283207655e-07
2.493068161293886679e-07
2.488068450024027737e-07
2.457857053072774176e-07
2.452932886241127856e-07
2.448022884717451100e-07
2.443128503708541693e-07
2.438259785353348831e-07
2.433399358034616614e-07
2.428543074627236573e-07
2.423693108123540461e-07
2.367565791069860997e-07
2.362848583990622774e-07
2.358144471769311571e-07
2.353455655051706405e-07
2.348773093142491460e-07
2.344099577790405758e-07
2.339434668348569434e-07
2.334779296123660444e-07
2.304071312450892267e-07
2.299503345706240323e-07
2.294960567164540276e-07
2.290422578055517583e-07
2.285889948348130554e-07
2.281363317320909024e-07
2.276842751444661352e-07
2.272329619914570921e-07
2.214850178540854592e-07
2.210480531521055599e-07
2.206117486113625232e-07
2.201763130722295132e-07
2.197417187928769356e-07
2.193080196232329826e-07
2.188755006235458122e-07
2.184444262575412450e-07
2.153244224872846858e-07
2.149022673687771977e-07
2.144805625908861070e-07
2.140594519410602146e-07
2.136389021447707553e-07
2.132190843086674735e-07
2.128002235612617537e-07
2.123827059922310094e-07
2.064978767030303325e-07
2.060935827493744803e-07
2.056900160857377761e-07
2.052872218803719902e-07
2.048856303433573852e-07
2.044853412000202268e-07
2.040872237112176807e-07
2.036901247991014895e-07
2.005167532798794311e-07
2.001264465598569132e-07
1.997366460350860867e-07
1.993475575154477392e-07
1.989591714553650844e-07
1.985721947159497036e-07
1.981856948693856971e-07
1.977999197151536579e-07
1.917765039711453045e-07
1.914039405129525437e-07
1.910324015444426410e-07
1.906620277810102583e-07
1.902932216911625561e-07
1.899264200766451173e-07
1.895597907188201018e-07
1.891935878680712644e-07
1.859846971006256283e-07
1.856254561883748692e-07
1.852669028058201116e-07
1.849092959230696553e-07
1.845529106565388003e-07
1.841968655513090275e-07
1.838414594934968359e-07
1.834864880654076752e-07
1.774544802700283228e-07
1.771129311006363752e-07
1.767725375403325397e-07
1.764339818017895169e-07
1.760968674842837678e-07
1.757598311196273657e-07
1.754232739460691309e-07
1.750871147035744988e-07
1.719179237522036680e-07
1.715886423541143928e-07
1.712604333337663137e-07
1.709332459334674728e-07
1.706064192115888538e-07
1.702801544053343717e-07
1.699543318957684675e-07
1.696289484263752493e-07
1.636500451903218090e-07
1.633381408727886597e-07
1.630280663953882005e-07
1.627192747872788797e-07
1.624105374509568195e-07
1.621022560335312089e-07
1.617943732319953388e-07
1.614868508593388873e-07
1.583598677181758008e-07
1.580595116272687934e-07
1.577601998446548080e-07
1.574612005931556469e-07
1.571627814688840237e-07
1.568647777658943978e-07
1.565672046964261222e-07
1.562703221515709732e-07
1.503505832671041540e-07
1.500672965613678612e-07
1.497855250640769435e-07
1.495038478482234396e-07
1.492225997151551982e-07
1.489417392526882096e-07
1.486611722973568442e-07
1.483810873897585131e-07
1.452988623625433747e-07
1.450261116077374014e-07
1.447536422738007520e-07
1.444818262778107003e-07
1.442103784453101949e-07
1.439392965457397192e-07
1.436688195497274196e-07
1.433989770873775846e-07
1.375443582347347523e-07
1.372882157869814254e-07
1.370324605851909561e-07
1.367768928919911398e-07
1.365217721400771505e-07
1.362669604536498286e-07
1.360125910260053545e-07
1.357585858961488094e-07
1.327235000096670851e-07
1.324764355448063681e-07
1.322297673319751501e-07
1.319835931823132061e-07
1.317378315146240857e-07
1.314924463893253009e-07
1.312477331055982701e-07
1.310036182674282501e-07
1.252199642741005573e-07
1.249888505589428212e-07
1.247578376432784857e-07
1.245271854739140837e-07
1.242969006018084908e-07
1.240668456273254274e-07
1.238373314592438026e-07
1.236082000618102061e-07
1.206222665458441961e-07
1.203995541567808119e-07
1.201774183206664896e-07
1.199556599297105886e-07
1.197342749725107074e-07
1.195133456292936788e-07
1.192930236518405165e-07
1.190733015005215527e-07
1.133659407626800246e-07
1.131584838018021869e-07
1.129510831328974313e-07
1.127440775252302761e-07
1.125374214289045584e-07
1.123309911335376779e-07
1.121250638105364516e-07
1.119195264294879236e-07
1.089847500187004353e-07
1.087852637264292253e-07
1.085863326679383294e-07
1.083877740756769724e-07
1.081895869136831625e-07
1.079918035457643633e-07
1.077946256405829035e-07
1.075980097264094879e-07
1.019721616115511803e-07
1.017871384749671949e-07
1.016022183855609757e-07
1.014176120457478763e-07
1.012333616030576037e-07
1.010493364306885349e-07
1.008658041806819497e-07
1.006825762813546984e-07
9.780096286427821831e-08
9.762358465735445156e-08
9.744654196700623228e-08
9.726998894186321533e-08
9.709377366573658894e-08
9.691790523331073293e-08
9.674257593103156514e-08
9.119307060460890552e-08
9.102875802876691608e-08
9.086487275679132654e-08
9.070132241606504812e-08
9.053786317271519856e-08
9.037485139205290782e-08
9.021214494272336474e-08
9.004971773477913313e-08
8.721778725838037495e-08
8.706109493635131228e-08
8.690471731168718907e-08
8.674839511804619792e-08
8.659267155795165108e-08
8.643724376982338252e-08
8.628213495206131469e-08
8.612746822903767372e-08
8.067016748908169818e-08
8.052615786051297665e-08
8.038220376772662214e-08
8.023885145395781555e-08
8.009559736623950877e-08
7.995261019002153447e-08
7.980996582397415947e-08
7.966757469789692722e-08
7.689302581034495633e-08
7.675602663947501868e-08
7.661939164087432113e-08
7.648295161303618297e-08
7.634668716451160406e-08
7.621095608922845493e-08
7.607552014082984677e-08
7.594035545870916501e-08
7.058008149061775209e-08
7.045517747411452746e-08
7.033042394471301930e-08
7.020576185629825028e-08
7.008169994767635499e-08
6.995768496888638113e-08
6.983397434182333563e-08
6.711356144772755748e-08
6.699506744263558572e-08
6.687685027598707337e-08
6.675874999095783278e-08
6.664100541542549505e-08
6.652344893761555396e-08
6.640605155830953043e-08
6.628917572167672153e-08
6.102099742145002093e-08
6.091389586164962737e-08
6.080695520788836036e-08
6.070025353453630000e-08
6.059371666076098747e-08
6.048722631310970290e-08
6.038130838797496661e-08
6.027549111274169639e-08
5.761602267120040021e-08
5.751528839844292362e-08
5.741466799866202708e-08
5.731424694061620311e-08
5.721396039989512602e-08
5.711397812374769933e-08
5.701427324804500373e-08
5.184305795458089730e-08
5.175288461787597510e-08
5.166291430801561334e-08
5.157297684381246870e-08
5.148316908454030981e-08
5.139364556979457648e-08
5.130425628391153031e-08
5.121492409656222047e-08
4.861351475027414196e-08
4.852929613330327820e-08
4.844507751633242104e-08
4.836111960588640631e-08
4.827734571627513139e-08
4.819363927838255497e-08
4.811021603475153311e-08
4.802690905228714329e-08
4.296691178503138452e-08
4.289273810561968962e-08
4.281863409587228136e-08
4.274482494173641230e-08
4.267109012208702865e-08
4.259745174460927564e-08
4.252396643139612324e-08
3.998247116395228113e-08
3.991362956049762951e-08
3.984481440995980797e-08
3.977642946589977163e-08
3.970811763507931203e-08
3.963983942365929254e-08
3.957185381227740670e-08
3.950400370674132058e-08
3.455024026627825238e-08
3.449110757253936606e-08
3.443214324606013581e-08
3.437325278994119325e-08
3.431436233382224406e-08
3.425556737739450074e-08
3.419707945438064738e-08
3.413861787347399971e-08
3.166306962502148500e-08
3.160901882217730255e-08
3.155514287625686037e-08
3.150126693032573102e-08
3.144743676475039689e-08
3.139401978814450279e-08
3.134066139293942828e-08
2.649752536480575228e-08
2.645261409921009854e-08
2.640783471856924775e-08
2.636305533793908744e-08
2.631827595731961431e-08
2.627364985106047460e-08
2.622910710468679100e-08
2.618456435830241691e-08
2.377218516584684627e-08
2.373200286766763037e-08
2.369187477285615203e-08
2.365174667805002059e-08
2.361169265145482746e-08
2.357185563899798373e-08
2.353201862654114331e-08
2.349218161408430289e-08
1.877190193062778934e-08
1.874042420480327961e-08
1.870894647896273582e-08
1.867746875312753561e-08
1.864610931997585967e-08
1.861477451007272474e-08
1.858343970017493670e-08
1.623593881558578105e-08
1.620869345100988378e-08
1.618144808643398650e-08
1.615420272186343281e-08
1.612706671082208916e-08
1.610008450550026540e-08
1.607310230017844494e-08
1.604612009486197139e-08
1.144403355501710325e-08
1.142491511906263940e-08
1.140579668311619259e-08
1.138668194773923268e-08
1.136776983125509623e-08
1.134885771476828964e-08
1.132994559828415319e-08
9.048748651829112009e-09
9.033697497502613899e-09
9.018646343173443995e-09
9.003595188846945885e-09
8.988597694222455528e-09
8.973631060503136253e-09
8.958664426778471738e-09
8.943697793059152463e-09
4.740869492490845955e-09
4.733012268476990461e-09
4.725155044463134966e-09
4.717297820449278645e-09
4.709440596436759874e-09
4.701583372422903553e-09
4.693726148407712162e-09
1.379696443618649618e-09
1.377413067307470578e-09
1.375129690995623382e-09
1.372846314684110368e-09
1.370562938372597146e-09
1.368279562061418106e-09
1.365996185749570910e-09
1.363712809438057896e-09
0.000000000000000000e+00
0.000000000000000000e+00
0.000000000000000000e+00
0.000000000000000000e+00
0.000000000000000000e+00
0.000000000000000000e+00
0.000000000000000000e+00
0.000000000000000000e+00
0.000000000000000000e+00
0.000000000000000000e+00
0.000000000000000000e+00
0.000000000000000000e+00
0.000000000000000000e+00
0.000000000000000000e+00
0.000000000000000000e+00
0.000000000000000000e+00
0.000000000000000000e+00
0.000000000000000000e+00
0.000000000000000000e+00
0.000000000000000000e+00
0.000000000000000000e+00
0.000000000000000000e+00
0.000000000000000000e+00
0.000000000000000000e+00
0.000000000000000000e+00
0.000000000000000000e+00
0.000000000000000000e+00
0.000000000000000000e+00
0.000000000000000000e+00
0.000000000000000000e+00
0.000000000000000000e+00
0.000000000000000000e+00
0.000000000000000000e+00
0.000000000000000000e+00
0.000000000000000000e+00
0.000000000000000000e+00
0.000000000000000000e+00
0.000000000000000000e+00
0.000000000000000000e+00
0.000000000000000000e+00
0.000000000000000000e+00
0.000000000000000000e+00
0.000000000000000000e+00
0.000000000000000000e+00
0.000000000000000000e+00
0.000000000000000000e+00
0.000000000000000000e+00
0.000000000000000000e+00
0.000000000000000000e+00
0.000000000000000000e+00
0.000000000000000000e+00
0.000000000000000000e+00
0.000000000000000000e+00
0.000000000000000000e+00
0.000000000000000000e+00
0.000000000000000000e+00
0.000000000000000000e+00
0.000000000000000000e+00
0.000000000000000000e+00
0.000000000000000000e+00
0.000000000000000000e+00
0.000000000000000000e+00
0.000000000000000000e+00
0.000000000000000000e+00
0.000000000000000000e+00
0.000000000000000000e+00
0.000000000000000000e+00
0.000000000000000000e+00
0.000000000000000000e+00
0.000000000000000000e+00
0.000000000000000000e+00
0.000000000000000000e+00
0.000000000000000000e+00
0.000000000000000000e+00
0.000000000000000000e+00
0.000000000000000000e+00
0.000000000000000000e+00
0.000000000000000000e+00
0.000000000000000000e+00
0.000000000000000000e+00
0.000000000000000000e+00
0.000000000000000000e+00
0.000000000000000000e+00
0.000000000000000000e+00
0.000000000000000000e+00
0.000000000000000000e+00
0.000000000000000000e+00
0.000000000000000000e+00
0.000000000000000000e+00
0.000000000000000000e+00
0.000000000000000000e+00
0.000000000000000000e+00
0.000000000000000000e+00
0.000000000000000000e+00
0.000000000000000000e+00
0.000000000000000000e+00
0.000000000000000000e+00
0.000000000000000000e+00
0.000000000000000000e+00
0.000000000000000000e+00
0.000000000000000000e+00
0.000000000000000000e+00
0.000000000000000000e+00
0.000000000000000000e+00
0.000000000000000000e+00
0.000000000000000000e+00
0.000000000000000000e+00
0.000000000000000000e+00
0.000000000000000000e+00
0.000000000000000000e+00
0.000000000000000000e+00
0.000000000000000000e+00
0.000000000000000000e+00
0.000000000000000000e+00
0.000000000000000000e+00
0.000000000000000000e+00
0.000000000000000000e+00
0.000000000000000000e+00
0.000000000000000000e+00
0.000000000000000000e+00
0.000000000000000000e+00
0.000000000000000000e+00
0.000000000000000000e+00
0.000000000000000000e+00
0.000000000000000000e+00
0.000000000000000000e+00
0.000000000000000000e+00
0.000000000000000000e+00
0.000000000000000000e+00
0.000000000000000000e+00
0.000000000000000000e+00
0.000000000000000000e+00
0.000000000000000000e+00
0.000000000000000000e+00
0.000000000000000000e+00
0.000000000000000000e+00
0.000000000000000000e+00
0.000000000000000000e+00
0.000000000000000000e+00
0.000000000000000000e+00
0.000000000000000000e+00
0.000000000000000000e+00
0.000000000000000000e+00
0.000000000000000000e+00
0.000000000000000000e+00
0.000000000000000000e+00
0.000000000000000000e+00
0.000000000000000000e+00
0.000000000000000000e+00
0.000000000000000000e+00
0.000000000000000000e+00
0.000000000000000000e+00
0.000000000000000000e+00
0.000000000000000000e+00
0.000000000000000000e+00
0.000000000000000000e+00
0.000000000000000000e+00
0.000000000000000000e+00
0.000000000000000000e+00
0.000000000000000000e+00
0.000000000000000000e+00
0.000000000000000000e+00
0.000000000000000000e+00
0.000000000000000000e+00
0.000000000000000000e+00
0.000000000000000000e+00
0.000000000000000000e+00
0.000000000000000000e+00
0.000000000000000000e+00
0.000000000000000000e+00
0.000000000000000000e+00
0.000000000000000000e+00
0.000000000000000000e+00
0.000000000000000000e+00
0.000000000000000000e+00
0.000000000000000000e+00
0.000000000000000000e+00
0.000000000000000000e+00
0.000000000000000000e+00
0.000000000000000000e+00
0.000000000000000000e+00
0.000000000000000000e+00
0.000000000000000000e+00
0.000000000000000000e+00
0.000000000000000000e+00
0.000000000000000000e+00
0.000000000000000000e+00
0.000000000000000000e+00
0.000000000000000000e+00
0.000000000000000000e+00
0.000000000000000000e+00
0.000000000000000000e+00
0.000000000000000000e+00
0.000000000000000000e+00
0.000000000000000000e+00
0.000000000000000000e+00
0.000000000000000000e+00
0.000000000000000000e+00
0.000000000000000000e+00
0.000000000000000000e+00
0.000000000000000000e+00
0.000000000000000000e+00
0.000000000000000000e+00
0.000000000000000000e+00
0.000000000000000000e+00
0.000000000000000000e+00
0.000000000000000000e+00
0.000000000000000000e+00
0.000000000000000000e+00
0.000000000000000000e+00
0.000000000000000000e+00
0.000000000000000000e+00
0.000000000000000000e+00
0.000000000000000000e+00
0.000000000000000000e+00
0.000000000000000000e+00
0.000000000000000000e+00
0.000000000000000000e+00
0.000000000000000000e+00
0.000000000000000000e+00
0.000000000000000000e+00
0.000000000000000000e+00
0.000000000000000000e+00
0.000000000000000000e+00
0.000000000000000000e+00
0.000000000000000000e+00
0.000000000000000000e+00
0.000000000000000000e+00
0.000000000000000000e+00
0.000000000000000000e+00
0.000000000000000000e+00
0.000000000000000000e+00
0.000000000000000000e+00
0.000000000000000000e+00
0.000000000000000000e+00
0.000000000000000000e+00
0.000000000000000000e+00
0.000000000000000000e+00
0.000000000000000000e+00
0.000000000000000000e+00
0.000000000000000000e+00
0.000000000000000000e+00
0.000000000000000000e+00
0.000000000000000000e+00
0.000000000000000000e+00
0.000000000000000000e+00
0.000000000000000000e+00
0.000000000000000000e+00
0.000000000000000000e+00
0.000000000000000000e+00
0.000000000000000000e+00
0.000000000000000000e+00
0.000000000000000000e+00
0.000000000000000000e+00
0.000000000000000000e+00
0.000000000000000000e+00
0.000000000000000000e+00
0.000000000000000000e+00
0.000000000000000000e+00
0.000000000000000000e+00
0.000000000000000000e+00
0.000000000000000000e+00
0.000000000000000000e+00
0.000000000000000000e+00
0.000000000000000000e+00
0.000000000000000000e+00
0.000000000000000000e+00
0.000000000000000000e+00
0.000000000000000000e+00
0.000000000000000000e+00
0.000000000000000000e+00
0.000000000000000000e+00
0.000000000000000000e+00
0.000000000000000000e+00
0.000000000000000000e+00
0.000000000000000000e+00
0.000000000000000000e+00
0.000000000000000000e+00
0.000000000000000000e+00
0.000000000000000000e+00
0.000000000000000000e+00
0.000000000000000000e+00
0.000000000000000000e+00
0.000000000000000000e+00
0.000000000000000000e+00
0.000000000000000000e+00
0.000000000000000000e+00
0.000000000000000000e+00
0.000000000000000000e+00
0.000000000000000000e+00
0.000000000000000000e+00
0.000000000000000000e+00
0.000000000000000000e+00
0.000000000000000000e+00
0.000000000000000000e+00
0.000000000000000000e+00
0.000000000000000000e+00
0.000000000000000000e+00
0.000000000000000000e+00
0.000000000000000000e+00
0.000000000000000000e+00
0.000000000000000000e+00
0.000000000000000000e+00
0.000000000000000000e+00
0.000000000000000000e+00
0.000000000000000000e+00
0.000000000000000000e+00
0.000000000000000000e+00
0.000000000000000000e+00
0.000000000000000000e+00
0.000000000000000000e+00
0.000000000000000000e+00
0.000000000000000000e+00
0.000000000000000000e+00
0.000000000000000000e+00
0.000000000000000000e+00
0.000000000000000000e+00
0.000000000000000000e+00
0.000000000000000000e+00
0.000000000000000000e+00
0.000000000000000000e+00
0.000000000000000000e+00
0.000000000000000000e+00
0.000000000000000000e+00
0.000000000000000000e+00
0.000000000000000000e+00
0.000000000000000000e+00
0.000000000000000000e+00
0.000000000000000000e+00
0.000000000000000000e+00
0.000000000000000000e+00
0.000000000000000000e+00
0.000000000000000000e+00
0.000000000000000000e+00
0.000000000000000000e+00
0.000000000000000000e+00
0.000000000000000000e+00
0.000000000000000000e+00
0.000000000000000000e+00
0.000000000000000000e+00
0.000000000000000000e+00
0.000000000000000000e+00
0.000000000000000000e+00
0.000000000000000000e+00
0.000000000000000000e+00
0.000000000000000000e+00
0.000000000000000000e+00
0.000000000000000000e+00
0.000000000000000000e+00
0.000000000000000000e+00
0.000000000000000000e+00
0.000000000000000000e+00
0.000000000000000000e+00
0.000000000000000000e+00
0.000000000000000000e+00
0.000000000000000000e+00
0.000000000000000000e+00
0.000000000000000000e+00
0.000000000000000000e+00
0.000000000000000000e+00
0.000000000000000000e+00
0.000000000000000000e+00
0.000000000000000000e+00
0.000000000000000000e+00
0.000000000000000000e+00
0.000000000000000000e+00
0.000000000000000000e+00
0.000000000000000000e+00
0.000000000000000000e+00
0.000000000000000000e+00
0.000000000000000000e+00
0.000000000000000000e+00
0.000000000000000000e+00
0.000000000000000000e+00
0.000000000000000000e+00
0.000000000000000000e+00
0.000000000000000000e+00
0.000000000000000000e+00
0.000000000000000000e+00
0.000000000000000000e+00
0.000000000000000000e+00
0.000000000000000000e+00
0.000000000000000000e+00
0.000000000000000000e+00
0.000000000000000000e+00
0.000000000000000000e+00
0.000000000000000000e+00
0.000000000000000000e+00
0.000000000000000000e+00
0.000000000000000000e+00
0.000000000000000000e+00
0.000000000000000000e+00
0.000000000000000000e+00
0.000000000000000000e+00
0.000000000000000000e+00
0.000000000000000000e+00
0.000000000000000000e+00
0.000000000000000000e+00
0.000000000000000000e+00
0.000000000000000000e+00
0.000000000000000000e+00
0.000000000000000000e+00
0.000000000000000000e+00
0.000000000000000000e+00
0.000000000000000000e+00
0.000000000000000000e+00
0.000000000000000000e+00
0.000000000000000000e+00
0.000000000000000000e+00
0.000000000000000000e+00
0.000000000000000000e+00
0.000000000000000000e+00
0.000000000000000000e+00
0.000000000000000000e+00
0.000000000000000000e+00
0.000000000000000000e+00
0.000000000000000000e+00
0.000000000000000000e+00
0.000000000000000000e+00
0.000000000000000000e+00
0.000000000000000000e+00
0.000000000000000000e+00
0.000000000000000000e+00
0.000000000000000000e+00
0.000000000000000000e+00
0.000000000000000000e+00
0.000000000000000000e+00
0.000000000000000000e+00
0.000000000000000000e+00
0.000000000000000000e+00
0.000000000000000000e+00
0.000000000000000000e+00
0.000000000000000000e+00
0.000000000000000000e+00
0.000000000000000000e+00
0.000000000000000000e+00
0.000000000000000000e+00
0.000000000000000000e+00
0.000000000000000000e+00
0.000000000000000000e+00
0.000000000000000000e+00
0.000000000000000000e+00
0.000000000000000000e+00
0.000000000000000000e+00
0.000000000000000000e+00
0.000000000000000000e+00
0.000000000000000000e+00
0.000000000000000000e+00
0.000000000000000000e+00
0.000000000000000000e+00
0.000000000000000000e+00
0.000000000000000000e+00
0.000000000000000000e+00
0.000000000000000000e+00
0.000000000000000000e+00
0.000000000000000000e+00
0.000000000000000000e+00
0.000000000000000000e+00
0.000000000000000000e+00
0.000000000000000000e+00
0.000000000000000000e+00
0.000000000000000000e+00
0.000000000000000000e+00
0.000000000000000000e+00
0.000000000000000000e+00
0.000000000000000000e+00
0.000000000000000000e+00
0.000000000000000000e+00
0.000000000000000000e+00
0.000000000000000000e+00
0.000000000000000000e+00
0.000000000000000000e+00
0.000000000000000000e+00
0.000000000000000000e+00
0.000000000000000000e+00
0.000000000000000000e+00
0.000000000000000000e+00
0.000000000000000000e+00
0.000000000000000000e+00
0.000000000000000000e+00
0.000000000000000000e+00
0.000000000000000000e+00
0.000000000000000000e+00
0.000000000000000000e+00
0.000000000000000000e+00
0.000000000000000000e+00
0.000000000000000000e+00
0.000000000000000000e+00
0.000000000000000000e+00
0.000000000000000000e+00
0.000000000000000000e+00
0.000000000000000000e+00
0.000000000000000000e+00
0.000000000000000000e+00
0.000000000000000000e+00
0.000000000000000000e+00
0.000000000000000000e+00
0.000000000000000000e+00
0.000000000000000000e+00
0.000000000000000000e+00
0.000000000000000000e+00
0.000000000000000000e+00
0.000000000000000000e+00
0.000000000000000000e+00
0.000000000000000000e+00
0.000000000000000000e+00
0.000000000000000000e+00
0.000000000000000000e+00
0.000000000000000000e+00
0.000000000000000000e+00
0.000000000000000000e+00
0.000000000000000000e+00
0.000000000000000000e+00
0.000000000000000000e+00
0.000000000000000000e+00
0.000000000000000000e+00
0.000000000000000000e+00
0.000000000000000000e+00
0.000000000000000000e+00
0.000000000000000000e+00
0.000000000000000000e+00
0.000000000000000000e+00
0.000000000000000000e+00
0.000000000000000000e+00
0.000000000000000000e+00
0.000000000000000000e+00
0.000000000000000000e+00
0.000000000000000000e+00
0.000000000000000000e+00
0.000000000000000000e+00
0.000000000000000000e+00
0.000000000000000000e+00
0.000000000000000000e+00
0.000000000000000000e+00
0.000000000000000000e+00
0.000000000000000000e+00
0.000000000000000000e+00
0.000000000000000000e+00
0.000000000000000000e+00
0.000000000000000000e+00
0.000000000000000000e+00
0.000000000000000000e+00
0.000000000000000000e+00
0.000000000000000000e+00
0.000000000000000000e+00
0.000000000000000000e+00
0.000000000000000000e+00
0.000000000000000000e+00
0.000000000000000000e+00
0.000000000000000000e+00
0.000000000000000000e+00
0.000000000000000000e+00
0.000000000000000000e+00
0.000000000000000000e+00
0.000000000000000000e+00
0.000000000000000000e+00
0.000000000000000000e+00
0.000000000000000000e+00
0.000000000000000000e+00
0.000000000000000000e+00
0.000000000000000000e+00
0.000000000000000000e+00
0.000000000000000000e+00
0.000000000000000000e+00
0.000000000000000000e+00
0.000000000000000000e+00
0.000000000000000000e+00
0.000000000000000000e+00
0.000000000000000000e+00
0.000000000000000000e+00
0.000000000000000000e+00
0.000000000000000000e+00
0.000000000000000000e+00
0.000000000000000000e+00
0.000000000000000000e+00
0.000000000000000000e+00
0.000000000000000000e+00
0.000000000000000000e+00
0.000000000000000000e+00
0.000000000000000000e+00
0.000000000000000000e+00
0.000000000000000000e+00
0.000000000000000000e+00
0.000000000000000000e+00
0.000000000000000000e+00
0.000000000000000000e+00
0.000000000000000000e+00
0.000000000000000000e+00
0.000000000000000000e+00
0.000000000000000000e+00
0.000000000000000000e+00
0.000000000000000000e+00
0.000000000000000000e+00
0.000000000000000000e+00
0.000000000000000000e+00
0.000000000000000000e+00
0.000000000000000000e+00
0.000000000000000000e+00
0.000000000000000000e+00
0.000000000000000000e+00
0.000000000000000000e+00
0.000000000000000000e+00
0.000000000000000000e+00
0.000000000000000000e+00
0.000000000000000000e+00
0.000000000000000000e+00
0.000000000000000000e+00
0.000000000000000000e+00
0.000000000000000000e+00
0.000000000000000000e+00
0.000000000000000000e+00
0.000000000000000000e+00
0.000000000000000000e+00
0.000000000000000000e+00
0.000000000000000000e+00
0.000000000000000000e+00
0.000000000000000000e+00
0.000000000000000000e+00
0.000000000000000000e+00
0.000000000000000000e+00
0.000000000000000000e+00
0.000000000000000000e+00
0.000000000000000000e+00
0.000000000000000000e+00
0.000000000000000000e+00
0.000000000000000000e+00
0.000000000000000000e+00
0.000000000000000000e+00
0.000000000000000000e+00
0.000000000000000000e+00
0.000000000000000000e+00
0.000000000000000000e+00
0.000000000000000000e+00
0.000000000000000000e+00
0.000000000000000000e+00
0.000000000000000000e+00
0.000000000000000000e+00
0.000000000000000000e+00
0.000000000000000000e+00
0.000000000000000000e+00
0.000000000000000000e+00
0.000000000000000000e+00
0.000000000000000000e+00
0.000000000000000000e+00
0.000000000000000000e+00
0.000000000000000000e+00
0.000000000000000000e+00
0.000000000000000000e+00
0.000000000000000000e+00
0.000000000000000000e+00
0.000000000000000000e+00
0.000000000000000000e+00
0.000000000000000000e+00
0.000000000000000000e+00
0.000000000000000000e+00
0.000000000000000000e+00
0.000000000000000000e+00
0.000000000000000000e+00
0.000000000000000000e+00
0.000000000000000000e+00
0.000000000000000000e+00
0.000000000000000000e+00
0.000000000000000000e+00
0.000000000000000000e+00
0.000000000000000000e+00
0.000000000000000000e+00
0.000000000000000000e+00
0.000000000000000000e+00
0.000000000000000000e+00
0.000000000000000000e+00
0.000000000000000000e+00
0.000000000000000000e+00
0.000000000000000000e+00
0.000000000000000000e+00
0.000000000000000000e+00
0.000000000000000000e+00
0.000000000000000000e+00
0.000000000000000000e+00
0.000000000000000000e+00
0.000000000000000000e+00
0.000000000000000000e+00
0.000000000000000000e+00
0.000000000000000000e+00
0.000000000000000000e+00
0.000000000000000000e+00
0.000000000000000000e+00
0.000000000000000000e+00
0.000000000000000000e+00
0.000000000000000000e+00
0.000000000000000000e+00
0.000000000000000000e+00
0.000000000000000000e+00
0.000000000000000000e+00
0.000000000000000000e+00
0.000000000000000000e+00
0.000000000000000000e+00
0.000000000000000000e+00
0.000000000000000000e+00
0.000000000000000000e+00
0.000000000000000000e+00
0.000000000000000000e+00
0.000000000000000000e+00
0.000000000000000000e+00
0.000000000000000000e+00
0.000000000000000000e+00
0.000000000000000000e+00
0.000000000000000000e+00
0.000000000000000000e+00
0.000000000000000000e+00
0.000000000000000000e+00
0.000000000000000000e+00
0.000000000000000000e+00
0.000000000000000000e+00
0.000000000000000000e+00
0.000000000000000000e+00
0.000000000000000000e+00
0.000000000000000000e+00
0.000000000000000000e+00
0.000000000000000000e+00
0.000000000000000000e+00
0.000000000000000000e+00
0.000000000000000000e+00
0.000000000000000000e+00
0.000000000000000000e+00
0.000000000000000000e+00
0.000000000000000000e+00
0.000000000000000000e+00
0.000000000000000000e+00
0.000000000000000000e+00
0.000000000000000000e+00
0.000000000000000000e+00
0.000000000000000000e+00
0.000000000000000000e+00
0.000000000000000000e+00
0.000000000000000000e+00
0.000000000000000000e+00
0.000000000000000000e+00
0.000000000000000000e+00
0.000000000000000000e+00
0.000000000000000000e+00
0.000000000000000000e+00
0.000000000000000000e+00
0.000000000000000000e+00
0.000000000000000000e+00
0.000000000000000000e+00
0.000000000000000000e+00
0.000000000000000000e+00
0.000000000000000000e+00
0.000000000000000000e+00
0.000000000000000000e+00
