1.046860537564126380e-05
1.063544631825848010e-05
1.079557890837155668e-05
1.094919810454054851e-05
1.109651263102680537e-05
1.123770633844972951e-05
1.137298793914960865e-05
1.150253656904854894e-05
1.162654544013839509e-05
1.174517581341853173e-05
1.185860299499499087e-05
1.196698897537175881e-05
1.207048191798651072e-05
1.216923534342659574e-05
1.226340168464201619e-05
1.235312010499585285e-05
1.243850478214839613e-05
1.251971187986835887e-05
1.259683939637583657e-05
1.267003075993428339e-05
1.273940255331465982e-05
1.280505243493065167e-05
1.286708643828455156e-05
1.292562419033762844e-05
1.298075981575765732e-05
1.303257629231374728e-05
1.308119297975972445e-05
1.312669044441858218e-05
1.316915488710469199e-05
1.320867768471304017e-05
1.324532389051908646e-05
1.327921576986688463e-05
1.331037742271185593e-05
1.333894543610168923e-05
1.336494578632957671e-05
1.338849961430542345e-05
1.340963223341371529e-05
1.342846241536769275e-05
1.344501877799038719e-05
1.345939296563111582e-05
1.347165005948060513e-05
1.348185491556207124e-05
1.349004171485618337e-05
1.349632932427136217e-05
1.350073662311846068e-05
1.350333799325866525e-05
1.350418720019191518e-05
1.350332907177218071e-05
1.350085788020168054e-05
1.349679204110818848e-05
1.349120806902589469e-05
1.348415706239497728e-05
1.347566850023806632e-05
1.346582614715592011e-05
1.345465441605461407e-05
1.344220557153603020e-05
1.342855230010212404e-05
1.341371280902833853e-05
1.339774595687445893e-05
1.338071175812186278e-05
1.336262601250709628e-05
1.334354733691753488e-05
1.332353874398732451e-05
1.330262135417590638e-05
1.328083317177453637e-05
1.325824898305947345e-05
1.323488505361764965e-05
1.321075767709398201e-05
1.318594859870444907e-05
1.316048773806586001e-05
1.313439730531369087e-05
1.310771454042940219e-05
1.308050811909222227e-05
1.305278575908649085e-05
1.302456691526088291e-05
1.299590856282422054e-05
1.296685946676923935e-05
1.293742567600744835e-05
1.290763162550826438e-05
1.287752868335703870e-05
1.284715391438575226e-05
1.281650947636176278e-05
1.278562888864368977e-05
1.275455461104019216e-05
1.272331521481370150e-05
1.269191776696532094e-05
1.266039538741762816e-05
1.262878071880074158e-05
1.259709497202949118e-05
1.256535381432757853e-05
1.253357416124365191e-05
1.250179632109041737e-05
1.247003885757378421e-05
1.243831510200940453e-05
1.240663770431090124e-05
1.237502514516570690e-05
1.234351698621147708e-05
1.231212610050216989e-05
1.228084962779341570e-05
1.224970442389177520e-05
1.221871002455367193e-05
1.218790303322297222e-05
1.215729241954939761e-05
1.212686365909457068e-05
1.209664400691049023e-05
1.206663238283954915e-05
1.203687464449565047e-05
1.200736915176401781e-05
1.197811065583420118e-05
1.194912248119035985e-05
1.192038543113519538e-05
1.189195924356146287e-05
1.186381368166083032e-05
1.183598288954833687e-05
1.180843529157394582e-05
1.178121142953637749e-05
1.175428952084239412e-05
1.172770995763158840e-05
1.170145148451836244e-05
1.167553328943150422e-05
1.164994098329152180e-05
1.162469517701329972e-05
1.159978520779198397e-05
1.157523389204806855e-05
1.155102255633341684e-05
1.152717148097843256e-05
1.150365917748480281e-05
1.148051812475700999e-05
1.145771286887870107e-05
1.143528635982275760e-05
1.141318905560335687e-05
1.139147162472508444e-05
1.137007794598217084e-05
1.134907109137481606e-05
1.132839090469171068e-05
1.130808749617989514e-05
1.128811568083890873e-05
1.126849840473933558e-05
1.124922405637718444e-05
1.123027922700884726e-05
1.121170163825077677e-05
1.119343723011721835e-05
1.117553700873568578e-05
1.115793979544247813e-05
1.114068665397144820e-05
1.112374577109909102e-05
1.110711541430090267e-05
1.109082803507324963e-05
1.107483031936462970e-05
1.105916895231932375e-05
1.104378959830644614e-05
1.102871119868465264e-05
1.101392722017029573e-05
1.099940490130044510e-05
1.098519845387686257e-05
1.097125640172035834e-05
1.095759923132724799e-05
1.094421646826138017e-05
1.093107173559605783e-05
1.091820528905354937e-05
1.090556914383956022e-05
1.089317921370558272e-05
1.088104669616726071e-05
1.086912893862147526e-05
1.085745859997786912e-05
1.084600592254975074e-05
1.083475424428604943e-05
1.082372925831142380e-05
1.081289215293055438e-05
1.080225514121420077e-05
1.079182361339817045e-05
1.078156174143743434e-05
1.077149243425070354e-05
1.076159804847425896e-05
1.075185458074987691e-05
1.074228692510620221e-05
1.073286962619027400e-05
1.072359079099599128e-05
1.071447087383398798e-05
1.070548316325204423e-05
1.069662169009904771e-05
1.068789518721732006e-05
1.067928056885309876e-05
1.067077638572949925e-05
1.066238788232493842e-05
1.065409567665926287e-05
1.064589888342596723e-05
1.063779918434316400e-05
1.062978015898826688e-05
1.062183931972929844e-05
1.061397557015261039e-05
1.060617605913216071e-05
1.059843834530139603e-05
1.059076334432280882e-05
1.058314031940475701e-05
1.057556503115533389e-05
1.056803640814380948e-05
1.056054595255833254e-05
1.055308857755025143e-05
1.054565961893461228e-05
1.053825328637935104e-05
1.053086628140747729e-05
1.052349570033163308e-05
1.051613734287503938e-05
1.050878966913113063e-05
1.050144537828122343e-05
1.049409984443816749e-05
1.048675347706224996e-05
1.047939994334922861e-05
1.047203027055044581e-05
1.046464636025764812e-05
1.045724822251421870e-05
1.044982633361444703e-05
1.044238212912846783e-05
1.043491914101645839e-05
1.042742504075484917e-05
1.041989628061846537e-05
1.041233783433948408e-05
1.040474730487598978e-05
1.039710969769481845e-05
1.038943094609481880e-05
1.038171685456163663e-05
1.037395559327045790e-05
1.036614724669893963e-05
1.035829865954276844e-05
1.035040871166956089e-05
1.034246160930611479e-05
1.033446432518474295e-05
1.032642396454367068e-05
1.031832872002338314e-05
1.031017386423143231e-05
1.030196778990306899e-05
1.029371537968978997e-05
1.028540415277805784e-05
1.027703859875382001e-05
1.026862643277417751e-05
1.026016682916645160e-05
1.025164582283846755e-05
1.024307137724813667e-05
1.023445080592698541e-05
1.022577857949884047e-05
1.021704813210697378e-05
1.020826747212999998e-05
1.019944287285358200e-05
1.019056885629177743e-05
1.018164477799773214e-05
1.017267767214044603e-05
1.016367300562538645e-05
1.015462158987471018e-05
1.014552498219724929e-05
1.013638908373513095e-05
1.012721886490452195e-05
1.011800793598565839e-05
1.010875906104782955e-05
1.009947736698616646e-05
1.009016692039015167e-05
1.008082582264209330e-05
1.007145709966453500e-05
1.006206454302561047e-05
1.005265109532485626e-05
1.004321563267825633e-05
1.003376053515025185e-05
1.002428851267150457e-05
1.001480125505770605e-05
1.000530178688514442e-05
9.995793184482907801e-06
9.986277178657842644e-06
9.976754293078148140e-06
9.967228429919063512e-06
9.957705958069352711e-06
9.948186976307665317e-06
9.938670854449343955e-06
9.929159630307095224e-06
9.919661775942355508e-06
9.910177862607500452e-06
9.900705954489151495e-06
9.891244797893275896e-06
9.881807652636554791e-06
9.872396813301879048e-06
9.863009696710069277e-06
9.853643068797223110e-06
9.844303894243532842e-06
9.835004822938818057e-06
9.825741044426700496e-06
9.816508900016282984e-06
9.807306460002114439e-06
9.798152338515669593e-06
9.789046660101037543e-06
9.779983146971364699e-06
9.770957276239376326e-06
9.761978270520755047e-06
9.753063053449846038e-06
9.744203250174115623e-06
9.735394269867133317e-06
9.726629964856994088e-06
9.717934322865945864e-06
9.709307034648515788e-06
9.700742676796753438e-06
9.692232223451869875e-06
9.683778677808697064e-06
9.675405096059778079e-06
9.667107124518261512e-06
9.658874397221185027e-06
9.650701307561285075e-06
9.642597833800620506e-06
9.634585822329681814e-06
9.626654087218687478e-06
9.618794707546191080e-06
9.610999033747849791e-06
9.603285862164297060e-06
9.595668145211341758e-06
9.588132847008699856e-06
9.580673386787846773e-06
9.573280159450520751e-06
9.565977765212208963e-06
9.558771986612650130e-06
9.551651460466693196e-06
9.544608661759220228e-06
9.537634656128552810e-06
9.530757608447699096e-06
9.523981463283242723e-06
9.517294706180104175e-06
9.510690107382301607e-06
9.504157766660987979e-06
9.497721544213157474e-06
9.491387306512839267e-06
9.485142933155337190e-06
9.478981052900834454e-06
9.472890999075740451e-06
9.466891402235981566e-06
9.460995309231614759e-06
9.455188346562210059e-06
9.449462635982819100e-06
9.443810345059374309e-06
9.438241515963510610e-06
9.432775631093707187e-06
9.427404722896297781e-06
9.422116059204170395e-06
9.416902791265748180e-06
9.411765173653454595e-06
9.406726495981780799e-06
9.401778146380119220e-06
9.396913237184262096e-06
9.392121117587209493e-06
9.387396782576482661e-06
9.382760951370795971e-06
9.378215222144783980e-06
9.373748807956985710e-06
9.369354699898778743e-06
9.365026995810408832e-06
9.360769651374682842e-06
9.356601295109623486e-06
9.352512440614850256e-06
9.348496440126241946e-06
9.344544636432389764e-06
9.340652600945119569e-06
9.336838528316637129e-06
9.333101281440647228e-06
9.329431783321755396e-06
9.325824673568872160e-06
9.322275055072468244e-06
9.318781811927467852e-06
9.315361060457038209e-06
9.312004707447630846e-06
9.308706954067624511e-06
9.305463456965116636e-06
9.302267406819730107e-06
9.299127337240053369e-06
9.296049369738845940e-06
9.293026720574179230e-06
9.290054458997215245e-06
9.287127213789133926e-06
9.284242093141221669e-06
9.281406905235872989e-06
9.278623006154189859e-06
9.275884266762193160e-06
9.273186030375974990e-06
9.270525509023499770e-06
9.267899838154385593e-06
9.265316233076598837e-06
9.262772612971984526e-06
9.260264424720393686e-06
9.257788657222582837e-06
9.255342616954067986e-06
9.252924580035222778e-06
9.250539012388846831e-06
9.248183559541880009e-06
9.245854778839972853e-06
9.243550382082358396e-06
9.241268567434181408e-06
9.239007724609176394e-06
9.236769175686635304e-06
9.234551017558742894e-06
9.232350877873904545e-06
9.230166986034135895e-06
9.227998313848595420e-06
9.225843658122900683e-06
9.223702144032274109e-06
9.221572470456235895e-06
9.219452310732755075e-06
9.217341272374870138e-06
9.215238545558825586e-06
9.213143613914210768e-06
9.211054590655753867e-06
9.208969154287537155e-06
9.206885923074241345e-06
9.204804604678726358e-06
9.202725187597093844e-06
9.200647741004688236e-06
9.198570923828864077e-06
9.196489858987601677e-06
9.194403713755729392e-06
9.192312579321390619e-06
9.190216845357022401e-06
9.188117120126249008e-06
9.186013745512530324e-06
9.183901861385151112e-06
9.181778803664222266e-06
9.179645130420963705e-06
9.177501515921014817e-06
9.175348961947147263e-06
9.173188487697760289e-06
9.171018708443943990e-06
9.168833178974734242e-06
9.166631953632685130e-06
9.164416335456900949e-06
9.162187570433014824e-06
9.159946639331120055e-06
9.157694646473023709e-06
9.155426889235206719e-06
9.153139317735230402e-06
9.150833238323135649e-06
9.148509828119267558e-06
9.146170760237013806e-06
9.143817395896454054e-06
9.141450413584670492e-06
9.139063587530513286e-06
9.136655881898551673e-06
9.134228977129780816e-06
9.131784362277469561e-06
9.129323242674123261e-06
9.126847078207533560e-06
9.124356531424923623e-06
9.121845020402492163e-06
9.119312874062590640e-06
9.116761877897747553e-06
9.114193384183662632e-06
9.111608752906156397e-06
9.109009334541744198e-06
9.106395597805851667e-06
9.103761759388883694e-06
9.101108854349694295e-06
9.098438503093287562e-06
9.095751901204876224e-06
9.093050271383609307e-06
9.090334818291152236e-06
9.087606282963970667e-06
9.084861151546987874e-06
9.082100223945848981e-06
9.079325045283995481e-06
9.076536548843641702e-06
9.073735768379414209e-06
9.070923505353492976e-06
9.068100583617076785e-06
9.065265486405778546e-06
9.062418407883539439e-06
9.059560638179943031e-06
9.056692993525031183e-06
9.053816151390491789e-06
9.050930724850633779e-06
9.048037383598111350e-06
9.045136371283224021e-06
9.042227995504919328e-06
9.039313379454489442e-06
9.036393012759134704e-06
9.033467188533444384e-06
9.030536324913076348e-06
9.027600708006263173e-06
9.024661392245667395e-06
9.021720889912555416e-06
9.018779846837014983e-06
9.015838600409124942e-06
9.012897111588035612e-06
9.009955349517426008e-06
9.007013231099818325e-06
9.004070877681853930e-06
9.001131710681939592e-06
8.998197298326714828e-06
8.995267832622824461e-06
8.992343052276967246e-06
8.989422446669547532e-06
8.986505686613558414e-06
8.983592406071916098e-06
8.980683451932398249e-06
8.977784779863822614e-06
8.974896564788804580e-06
8.972018132700871430e-06
8.969148775384219046e-06
8.966287787656012493e-06
8.963434493424231469e-06
8.960588265410951073e-06
8.957753013881051209e-06
8.954934159777099733e-06
8.952131082392402524e-06
8.949342867396119810e-06
8.946568891762691277e-06
8.943807854878245832e-06
8.941058623259712346e-06
8.938320374810949386e-06
8.935598647138768042e-06
8.932897817932973413e-06
8.930216585984333583e-06
8.927553811243257837e-06
8.924908145677373192e-06
8.922278913205470877e-06
8.919664449819811444e-06
8.917063723736481961e-06
8.914482963850706612e-06
8.911926699069572466e-06
8.909393097355196105e-06
8.906880843718969481e-06
8.904388517513265957e-06
8.901915380119826095e-06
8.899459237650143026e-06
8.897018876548344542e-06
8.894600611603495019e-06
8.892209659220078386e-06
8.889844326090345445e-06
8.887502960053095174e-06
8.885184795760113895e-06
8.882887274055645307e-06
8.880609039953208116e-06
8.878349074129259039e-06
8.876110615750906240e-06
8.873900227294645435e-06
8.871717854351201756e-06
8.869560740321513436e-06
8.867427363909934730e-06
8.865316159787705404e-06
8.863225824438526515e-06
8.861154464748019832e-06
8.859102067992849245e-06
8.857078520018286895e-06
8.855082742602948128e-06
8.853112633844242369e-06
8.851166614516912311e-06
8.849242985711840861e-06
8.847340739862119086e-06
8.845459015111745176e-06
8.843595408485737592e-06
8.841755217924513868e-06
8.839943023153912403e-06
8.838156228873314229e-06
8.836394561869718048e-06
8.834655009414256756e-06
8.832936791566063550e-06
8.831238718831188654e-06
8.829558789691585919e-06
8.827896868992242212e-06
8.826260943333863942e-06
8.824649645742603692e-06
8.823061492263212875e-06
8.821494689938890127e-06
8.819948614196452765e-06
8.818422020466223845e-06
8.816912916494805386e-06
8.815420952154040670e-06
8.813946464182243796e-06
8.812495071624608367e-06
8.811065692411384283e-06
8.809656065916326900e-06
8.808265119181580367e-06
8.806891374457339092e-06
8.805534658063515565e-06
8.804193695727664004e-06
8.802866940545422264e-06
8.801556680055214817e-06
8.800265208108848229e-06
8.798992164922562776e-06
8.797735724154209181e-06
8.796494655565540355e-06
8.795267810319122421e-06
8.794054874997633500e-06
8.792855335917205810e-06
8.791667559765672669e-06
8.790493269436676813e-06
8.789333844158470776e-06
8.788188865788159644e-06
8.787056902997426031e-06
8.785936938411751160e-06
8.784828122024045035e-06
8.783730547422889906e-06
8.782643118322036330e-06
8.781565279572936327e-06
8.780497251216641723e-06
8.779440437041086394e-06
8.778394376527387725e-06
8.777357509013154361e-06
8.776329305435708712e-06
8.775309662259741990e-06
8.774297978797660321e-06
8.773293802149054605e-06
8.772296780123085350e-06
8.771306377352527421e-06
8.770323351617322926e-06
8.769347101581215074e-06
8.768376813457015188e-06
8.767412109396434180e-06
8.766452544961714918e-06
8.765498077012202238e-06
8.764548228373725058e-06
8.763602863971208136e-06
8.762661850047994869e-06
8.761724338728111523e-06
8.760789981988952488e-06
8.759857835970467902e-06
8.758927857883280714e-06
8.757999752729118967e-06
8.757073563575999668e-06
8.756149096808935221e-06
8.755226404793633562e-06
8.754305409038932824e-06
8.753385834885524648e-06
8.752465788388872446e-06
8.751545345541521332e-06
8.750624212241419500e-06
8.749701959773060995e-06
8.748778895753220008e-06
8.747855055446993519e-06
8.746930702493279635e-06
8.746005586745129304e-06
8.745080106784222881e-06
8.744153284220904088e-06
8.743223336187477555e-06
8.742290264920144144e-06
8.741354093818172084e-06
8.740415080851354361e-06
8.739472960884216095e-06
8.738528301861240571e-06
8.737581276257751540e-06
8.736631998891924585e-06
8.735680563412383040e-06
8.734725810986472165e-06
8.733766424374895398e-06
8.732802117291841399e-06
8.731833359345332341e-06
8.730860487092900082e-06
8.729883158235843775e-06
8.728902140394509100e-06
8.727917538450170689e-06
8.726929674027642181e-06
8.725938528619870321e-06
8.724943297088713078e-06
8.723942926957115564e-06
8.722937207495621770e-06
8.721926724908126300e-06
8.720911689035208786e-06
8.719891979157035631e-06
8.718868083569764356e-06
8.717840527521007361e-06
8.716809103951334687e-06
8.715774347456497248e-06
8.714735705793302258e-06
8.713692058886964505e-06
8.712643654900085568e-06
8.711590867529566440e-06
8.710533633469082825e-06
8.709472327394258571e-06
8.708407172318849985e-06
8.707338445482395493e-06
8.706266189956459478e-06
8.705190625746574287e-06
8.704112106078677391e-06
8.703029633861936244e-06
8.701943548882421625e-06
8.700854014220523589e-06
8.699761153625992205e-06
8.698665215920776440e-06
8.697566337315394122e-06
8.696464608495308471e-06
8.695360143343967108e-06
8.694253346962734137e-06
8.693144024737854919e-06
8.692032634797141401e-06
8.690919481998083407e-06
8.689804565911863731e-06
8.688688232513450206e-06
8.687570319392325395e-06
8.686451101112680940e-06
8.685330562279762481e-06
8.684208742086018269e-06
8.683085749456981691e-06
8.681961535492253162e-06
8.680836392943859663e-06
8.679711322377188301e-06
8.678586334587338563e-06
8.677461901129419119e-06
8.676337794110296323e-06
8.675213990189531774e-06
8.674090642329256349e-06
8.672967561973871233e-06
8.671844703564052562e-06
8.670722193531153380e-06
8.669599833737885657e-06
8.668477946638181235e-06
8.667358629272126248e-06
8.666241416999977053e-06
8.665126540263504729e-06
8.664014054634093019e-06
8.662903645371088611e-06
8.661795341628576115e-06
8.660688923723544532e-06
8.659584239110164431e-06
8.658481368871120393e-06
8.657379984375687624e-06
8.656280560501038014e-06
8.655186124350306367e-06
8.654095839939593865e-06
8.653009939218459691e-06
8.651928448448052456e-06
8.650850755182629438e-06
8.649777111091449326e-06
8.648707034974212178e-06
8.647640097063219241e-06
8.646576775353882391e-06
8.645516327910735858e-06
8.644458940486892025e-06
8.643407990239804860e-06
8.642362598708658785e-06
8.641323283613401389e-06
8.640289665139893615e-06
8.639260860812353221e-06
8.638237738744886741e-06
8.637219276925326016e-06
8.636205106683356636e-06
8.635195438633902200e-06
8.634189853763675371e-06
8.633188277647558726e-06
8.632192888786116615e-06
8.631204527610519808e-06
8.630223522025506241e-06
8.629248836713173811e-06
8.628280681862368216e-06
8.627318704147922076e-06
8.626361808583047990e-06
8.625411108144637325e-06
8.624465431075520436e-06
8.623524304401883006e-06
8.622588019469479116e-06
8.621657001960345790e-06
8.620734738193755310e-06
8.619819754761442297e-06
8.618912232198452282e-06
8.618012174080229922e-06
8.617118222827688701e-06
8.616231522183274614e-06
8.615350814080928292e-06
8.614475689365916190e-06
8.613606346221733680e-06
8.612742230000703690e-06
8.611883371115347681e-06
8.611031247654978992e-06
8.610187059759209945e-06
8.609350986537207749e-06
8.608521682622157897e-06
8.607699971922171312e-06
8.606884546290728151e-06
8.606075657374376455e-06
8.605272913325347797e-06
8.604475343544227536e-06
8.603683986047336044e-06
8.602897750020454924e-06
8.602116440147932299e-06
8.601342130704934134e-06
8.600575188954785350e-06
8.599815857630118446e-06
8.599062790880288609e-06
8.598316643625966487e-06
8.597576502790175179e-06
8.596842221324967745e-06
8.596113727705833492e-06
8.595390123888402636e-06
8.594672210922858326e-06
8.593959087222909993e-06
8.593250543548393920e-06
8.592548295508926895e-06
8.591852575534157904e-06
8.591163611031919840e-06
8.590480128487788567e-06
8.589802826485594026e-06
8.589130642606626829e-06
8.588463836684769086e-06
8.587802068311052153e-06
8.587144636003212842e-06
8.586492162726712786e-06
8.585843936965968393e-06
8.585199855088441659e-06
8.584560658340008502e-06
8.583926947919296412e-06
8.583298366501121473e-06
8.582674709396648224e-06
8.582055753734604855e-06
8.581440795826434355e-06
8.580830513826565359e-06
8.580224024934878242e-06
8.579621508525232926e-06
8.579022759779514698e-06
8.578427247834613062e-06
8.577835355846762623e-06
8.577246877002291561e-06
8.576662500080902977e-06
8.576081955079938537e-06
8.575505174525106027e-06
8.574931528698896910e-06
8.574361280745362480e-06
8.573794157298415483e-06
8.573229864244682669e-06
8.572668583448639639e-06
8.572109795224261831e-06
8.571553880083255511e-06
8.571000508621588686e-06
8.570449405471802960e-06
8.569900940696291065e-06
8.569355034155746282e-06
8.568811581036565137e-06
8.568270394969859237e-06
8.567731288633951788e-06
8.567194083807347477e-06
8.566658846121425215e-06
8.566125357491901257e-06
8.565593746981411087e-06
8.565063861648633734e-06
8.564535558021258343e-06
8.564008899995389780e-06
8.563483708661916464e-06
8.562959895970252423e-06
8.562437412841302918e-06
8.561916126334395455e-06
8.561395915817676054e-06
8.560876572403209486e-06
8.560358143752518171e-06
8.559840624325215506e-06
8.559323935669106527e-06
8.558808114259623760e-06
8.558293146877857526e-06
8.557778899886894577e-06
8.557265485965308659e-06
8.556752774586711736e-06
8.556240463791782951e-06
8.555728599411857246e-06
8.555216974850894367e-06
8.554705626922606384e-06
8.554194327523426177e-06
8.553683239400317748e-06
8.553172252923411015e-06
8.552661446450465237e-06
8.552150791304944511e-06
8.551640323720976919e-06
8.551130013206831564e-06
8.550619901326628620e-06
8.550109931275494307e-06
8.549599891887034060e-06
8.549089640419697760e-06
8.548579185853899813e-06
8.548068440826687452e-06
8.547557326069249719e-06
8.547045954115963166e-06
8.546534216164187027e-06
8.546022302458002371e-06
8.545510079004601503e-06
8.544997671243221329e-06
8.544485005913496044e-06
8.543972199048383698e-06
8.543459169237120133e-06
8.542945935755297010e-06
8.542432154401311618e-06
8.541918041228196626e-06
8.541403396629241410e-06
8.540888315338392950e-06
8.540372702209248350e-06
8.539856680817846469e-06
8.539340201644044209e-06
8.538823294335903935e-06
8.538306028255144436e-06
8.537788383226492924e-06
8.537270413503648031e-06
8.536752111065599077e-06
8.536233530584993968e-06
8.535714633672126047e-06
8.535195493638147521e-06
8.534676079552742302e-06
8.534156374360063433e-06
8.533636347312055989e-06
8.533116039641043784e-06
8.532595442394927030e-06
8.532074604752746963e-06
8.531553501785597192e-06
8.531032184970698912e-06
8.530510630860091358e-06
8.529988877695228398e-06
8.529466921171656308e-06
8.528944837074612276e-06
8.528422891384112160e-06
8.527901056542164332e-06
8.527379408060695555e-06
8.526857824895389156e-06
8.526336403146181817e-06
8.525815036906682365e-06
8.525293816974489325e-06
8.524772658246083210e-06
8.524251620256369035e-06
8.523730647755334132e-06
8.523209789844975314e-06
8.522688976686247013e-06
8.522168282316913400e-06
8.521647750711999446e-06
8.521127985561298889e-06
8.520608848943426263e-06
8.520090520370699188e-06
8.519572775109616813e-06
8.519055778402790196e-06
8.518539324065384777e-06
8.518023555289246944e-06
8.517508293234267810e-06
8.516993644972042481e-06
8.516479468683609125e-06
8.515965849720049546e-06
8.515452667996423693e-06
8.514939984349185714e-06
8.514427831138655068e-06
8.513916899590398397e-06
8.513407401433451899e-06
8.512899219415584091e-06
8.512392406673611209e-06
8.511886831470147292e-06
8.511382528652044783e-06
8.510879369143307098e-06
8.510377380517614610e-06
8.509876453242919378e-06
8.509376597784743757e-06
8.508877710458265790e-06
8.508379807327782110e-06
8.507882773707323731e-06
8.507386652037085147e-06
8.506891724568166696e-06
8.506399190454510485e-06
8.505908166731135475e-06
8.505419329646536058e-06
8.504931971667675965e-06
8.504446630261820644e-06
8.503962682973737394e-06
8.503480575360769473e-06
8.502999772654151018e-06
8.502520639638708926e-06
8.502042735675769441e-06
8.501566339057448342e-06
8.501091090665038907e-06
8.500617197166323387e-06
8.500144532523907151e-06
8.499673905689066186e-06
8.499205684258988533e-06
8.498739519497353542e-06
8.498275707791462172e-06
8.497813743277527555e-06
8.497354061081650018e-06
8.496896010567631132e-06
8.496440148181963039e-06
8.495985753923960418e-06
8.495533416175556369e-06
8.495082417442114192e-06
8.494633273006196733e-06
8.494185401633810834e-06
8.493739171213908422e-06
8.493294376877910255e-06
8.492852002280717506e-06
8.492412062618807673e-06
8.491974447032108820e-06
8.491539239714925103e-06
8.491106076751397339e-06
8.490675277743285677e-06
8.490246274647710403e-06
8.489819573889743071e-06
8.489394467080290177e-06
8.488971561211657463e-06
8.488550104943170954e-06
8.488130621269430277e-06
8.487712530373877370e-06
8.487296201810835968e-06
8.486881356423262927e-06
8.486468752515947378e-06
8.486058558894513980e-06
8.485650508208110446e-06
8.485244843479347615e-06
8.484841022651074842e-06
8.484439579301934349e-06
8.484039815454361719e-06
8.483642212816710644e-06
8.483246194170279889e-06
8.482852149057317536e-06
8.482459605782115917e-06
8.482068844923129248e-06
8.481679513105616695e-06
8.481291790402519884e-06
8.480905452501169342e-06
8.480520831050239453e-06
8.480138610204916334e-06
8.479758204761854581e-06
8.479379941661563703e-06
8.479003385333113858e-06
8.478628736607201995e-06
8.478255744772279084e-06
8.477884474382755528e-06
8.477514825319264116e-06
8.477146720720962869e-06
8.476780189016764388e-06
8.476415007934255929e-06
8.476051364121487617e-06
8.475688943726018441e-06
8.475327972769571168e-06
8.474968266055711940e-06
8.474610305528793076e-06
8.474254080718498014e-06
8.473899487855328605e-06
8.473546598566986178e-06
8.473195069435961337e-06
8.472845231589349295e-06
8.472496646440152724e-06
8.472149564204662183e-06
8.471803706988613269e-06
8.471459222152713059e-06
8.471115911662403374e-06
8.470773860588747092e-06
8.470432930735594812e-06
8.470093144803610784e-06
8.469754444069784626e-06
8.469416865060443685e-06
8.469080689738471787e-06
8.468745772271825932e-06
8.468412124810406006e-06
8.468079659742699117e-06
8.467748235484046296e-06
8.467417976724702343e-06
8.467088681763098465e-06
8.466760485849183246e-06
8.466433192743881350e-06
8.466106913882223901e-06
8.465781486232652295e-06
8.465457007152240717e-06
8.465133336612490659e-06
8.464810538179648640e-06
8.464488528427293302e-06
8.464167363034610274e-06
8.463847130277425142e-06
8.463527799788998578e-06
8.463209345301791954e-06
8.462891712970722107e-06
8.462574779728224055e-06
8.462258638068437247e-06
8.461943154657393157e-06
8.461628380345156232e-06
8.461314253466765682e-06
8.461000772576366760e-06
8.460687930899157868e-06
8.460375690395224767e-06
8.460064069877419940e-06
8.459752990810473126e-06
8.459442509458075201e-06
8.459132555161926939e-06
8.458823221094585279e-06
8.458514525251061895e-06
8.458206437158321601e-06
8.457898946937583457e-06
8.457591939423972824e-06
8.457285418862302143e-06
8.456979375637173677e-06
8.456673776975207263e-06
8.456368662708884496e-06
8.456063932954675853e-06
8.455759702323992788e-06
8.455455825270194968e-06
8.455152401715897403e-06
8.454849325430147916e-06
8.454546670534028230e-06
8.454244354651927428e-06
8.453942464536629624e-06
8.453641014142907758e-06
8.453340015834576499e-06
8.453039433900105069e-06
8.452739226490666886e-06
8.452439328913024543e-06
8.452139794057831254e-06
8.451840554313997292e-06
8.451541632148792062e-06
8.451243011395619372e-06
8.450944678391141522e-06
8.450646658934257526e-06
8.450348885634741496e-06
8.450051442343217361e-06
8.449754222848612808e-06
8.449457305994922970e-06
8.449160619102026717e-06
8.448864261763602284e-06
8.448568351792266293e-06
8.448272798617594456e-06
8.447977637662729938e-06
8.447682805164577458e-06
8.447388245482118693e-06
8.447094033081882505e-06
8.446800077545273569e-06
8.446506428311895704e-06
8.446213038613949585e-06
8.445919906715632617e-06
8.445627062779139226e-06
8.445334426868645418e-06
8.445042113014023706e-06
8.444749986802595554e-06
8.444458130566556356e-06
8.444166483006600976e-06
8.443875170291817342e-06
8.443584433734346756e-06
8.443294103641287384e-06
8.443004246301830703e-06
8.442714816754915607e-06
8.442425703278692061e-06
8.442137100014607438e-06
8.441848779005878649e-06
8.441560844416080839e-06
8.441273247157811570e-06
8.440985955862388099e-06
8.440699063020195826e-06
8.440412437196469946e-06
8.440126169821568006e-06
8.439840159727047080e-06
8.439554441623314460e-06
8.439269011578536377e-06
8.438983939261043995e-06
8.438699508052375966e-06
8.438415629779221408e-06
8.438132222557877011e-06
8.437849527038936099e-06
8.437567220619480513e-06
8.437285466178904469e-06
8.437004169483516952e-06
8.436723290844073031e-06
8.436442965155865206e-06
8.436162997455475169e-06
8.435883507030139531e-06
8.435604373205227453e-06
8.435325628138793706e-06
8.435047307287781457e-06
8.434769325161846519e-06
8.434491755587037180e-06
8.434214509892493710e-06
8.433937737568184445e-06
8.433661904494639408e-06
8.433386619071478005e-06
8.433112074318365969e-06
8.432838179713231041e-06
8.432564806283023330e-06
8.432292219303547359e-06
8.432020084602387302e-06
8.431748553382300207e-06
8.431477594673496555e-06
8.431207088196428782e-06
8.430937257550772987e-06
8.430667808285814886e-06
8.430398865304314596e-06
8.430130372747115706e-06
8.429862292622713606e-06
8.429594776871725910e-06
8.429327653648321730e-06
8.429061137827531134e-06
8.428795684564160045e-06
8.428530857343124875e-06
8.428266924743899199e-06
8.428003721117352049e-06
8.427741112725419196e-06
8.427479452956073821e-06
8.427218308148814684e-06
8.426957868191435385e-06
8.426698097925917460e-06
8.426438862240520996e-06
8.426180410816482781e-06
8.425922406273915466e-06
8.425664987829717696e-06
8.425408118515458360e-06
8.425151743963499339e-06
8.424895996933549623e-06
8.424640690970916379e-06
8.424386018603982845e-06
8.424132467533398337e-06
8.423879623017450810e-06
8.423627653298022144e-06
8.423376503143390501e-06
8.423126049852480032e-06
8.422876470992464958e-06
8.422627530151047324e-06
8.422379296105525373e-06
8.422131866624651630e-06
8.421885001978481351e-06
8.421638856236329283e-06
8.421393254906719809e-06
8.421148252613442281e-06
8.420903978269908693e-06
8.420660166390387571e-06
8.420416945827672149e-06
8.420174200900443332e-06
8.419932090175676111e-06
8.419690969696566648e-06
8.419450626499568879e-06
8.419211005580828076e-06
8.418972365853852208e-06
8.418734369996465672e-06
8.418497161472990109e-06
8.418260732973297401e-06
8.418024935710775042e-06
8.417789885708059139e-06
8.417555446354503665e-06
8.417321605398510567e-06
8.417088575632967405e-06
8.416856009584508451e-06
8.416624066929064563e-06
8.416392662607141638e-06
8.416161803119924222e-06
8.415931578517031619e-06
8.415701799908817244e-06
8.415472649710363688e-06
8.415244418972230662e-06
8.415016924358163528e-06
8.414790115155869441e-06
8.414564121805561000e-06
8.414338728687888099e-06
8.414114047436406057e-06
8.413890058588184936e-06
8.413666625531375921e-06
8.413443927941857003e-06
8.413221720534812571e-06
8.413000101136249495e-06
8.412779149254131708e-06
8.412558663132863271e-06
8.412338757632146404e-06
8.412119297874271317e-06
8.411900354659847240e-06
8.411681992460161845e-06
8.411464034709623488e-06
8.411246640664290489e-06
8.411030014923731200e-06
8.410814032256778972e-06
8.410598633308807894e-06
8.410383925127655494e-06
8.410169727794128484e-06
8.409956133328834240e-06
8.409743134540808630e-06
8.409530618187433584e-06
8.409318683419658461e-06
8.409107204451925078e-06
8.408896200694887887e-06
8.408685814467652879e-06
8.408475785261212024e-06
8.408266232982884261e-06
8.408057129072973410e-06
8.407848441813886914e-06
8.407640239686979869e-06
8.407432366332314800e-06
8.407224974678986602e-06
8.407018216980981199e-06
8.406811969786699034e-06
8.406606217652911746e-06
8.406401051472166865e-06
8.406196363483394631e-06
8.405992102591460245e-06
8.405788386245853920e-06
8.405585042233627136e-06
8.405382144607046965e-06
8.405179722468591688e-06
8.404977670491474448e-06
8.404776055723858734e-06
8.404574807264807650e-06
8.404373914630069249e-06
8.404173505140965622e-06
8.403973364715176036e-06
8.403773584202545703e-06
8.403574176350681616e-06
8.403375112961995874e-06
8.403176441677217933e-06
8.402978329820416957e-06
8.402780639681028897e-06
8.402583381104802103e-06
8.402386576555738126e-06
8.402190123430482957e-06
8.401994074052484364e-06
8.401798431201906072e-06
8.401603123303874504e-06
8.401408187520801479e-06
8.401213598098826419e-06
8.401019316580371612e-06
8.400825445555548554e-06
8.400631828121237868e-06
8.400438521070505694e-06
8.400245592875945418e-06
8.400052910530990464e-06
8.399860536883040982e-06
8.399668426821075458e-06
8.399476651455566411e-06
8.399285221342851681e-06
8.399094257926972953e-06
8.398903652145767038e-06
8.398713444355539336e-06
8.398523609715354604e-06
8.398334078625792890e-06
8.398144892141260436e-06
8.397956053410563258e-06
8.397767501811688847e-06
8.397579272527136613e-06
8.397391338023687255e-06
8.397203667804798726e-06
8.397016346631665536e-06
8.396829245991254610e-06
8.396642401798858974e-06
8.396455912208731094e-06
8.396269611924881589e-06
8.396083564879239737e-06
8.395897779651644512e-06
8.395712254573363081e-06
8.395527019084246946e-06
8.395342267964092919e-06
8.395157854430534465e-06
8.394973755982104070e-06
8.394790088105455721e-06
8.394606676170146187e-06
8.394423591876758899e-06
8.394240858352801729e-06
8.394058369339336530e-06
8.393876172186353783e-06
8.393694298739627537e-06
8.393512670622053996e-06
8.393331317113231110e-06
8.393150238191193622e-06
8.392969400057963213e-06
8.392788845519793216e-06
8.392608489307496359e-06
8.392428377716479996e-06
8.392248547469578033e-06
8.392068891324660528e-06
8.391889524658541620e-06
8.391710590361485005e-06
8.391531995408663068e-06
8.391353749535652277e-06
8.391175901117124277e-06
8.390998370006259169e-06
8.390821122234935127e-06
8.390644219428200747e-06
8.390467616522785153e-06
8.390291280515801219e-06
8.390115276952799702e-06
8.389939521648509204e-06
8.389764016349874194e-06
8.389588849865077077e-06
8.389413875455041479e-06
8.389239141262568858e-06
8.389064752277931739e-06
8.388890522103085160e-06
8.388716508562408698e-06
8.388542795672917430e-06
8.388369269262157789e-06
8.388196023776634428e-06
8.388023263342927419e-06
8.387850838621621757e-06
8.387678738452775451e-06
8.387507071878085683e-06
8.387335731508516502e-06
8.387164666384582049e-06
8.386993986579951933e-06
8.386823594100611991e-06
8.386653474236996532e-06
8.386483722732188952e-06
8.386314207766021068e-06
8.386144953292555828e-06
8.385976059890911291e-06
8.385807355210048852e-06
8.385638900549834384e-06
8.385470802757516152e-06
8.385302864581351969e-06
8.385135143024992222e-06
8.384967753271507513e-06
8.384800530789916434e-06
8.384633600391199694e-06
8.384467169446920587e-06
8.384301083921726999e-06
8.384135362511726554e-06
8.383970077631891965e-06
8.383805134979143279e-06
8.383640509970351589e-06
8.383476252559408625e-06
8.383312343171321989e-06
8.383148727915500827e-06
8.382985438791367577e-06
8.382822470956084209e-06
8.382659782126592699e-06
8.382497401917416298e-06
8.382335298906807341e-06
8.382173469260022366e-06
8.382011931643084079e-06
8.381850622550591728e-06
8.381689575903934636e-06
8.381528815672293598e-06
8.381368242554065973e-06
8.381207991599778296e-06
8.381048061527574951e-06
8.380888628079231805e-06
8.380729531939882737e-06
8.380570761955186338e-06
8.380412470821169615e-06
8.380254460813266423e-06
8.380096752068301032e-06
8.379939498999727511e-06
8.379782479782205577e-06
8.379625754062048793e-06
8.379469457589326184e-06
8.379313360970756238e-06
8.379157549016034572e-06
8.379002130636081561e-06
8.378846887069473298e-06
8.378691916573862951e-06
8.378537313670128054e-06
8.378382868741869797e-06
8.378228674580271920e-06
8.378074802722062719e-06
8.377921096454464674e-06
8.377767694450703249e-06
8.377614702043867224e-06
8.377462092070978787e-06
8.377309813808972528e-06
8.377157914023365863e-06
8.377006398037457628e-06
8.376855153790889542e-06
8.376704251609085354e-06
8.376553736829315852e-06
8.376403449475297380e-06
8.376253457984749281e-06
8.376103871970678907e-06
8.375954473100364361e-06
8.375805345556495285e-06
8.375656607614070034e-06
8.375508030036238837e-06
8.375359710553009239e-06
8.375211748639905154e-06
8.375063934214095528e-06
8.374916368330498849e-06
8.374769104149670299e-06
8.374621998350426642e-06
8.374475195330775628e-06
8.374328740261098841e-06
8.374182696618021629e-06
8.374036974777941604e-06
8.373891563827508397e-06
8.373746578876331133e-06
8.373601865465402314e-06
8.373457424680863815e-06
8.373313389055753528e-06
8.373169596145484656e-06
8.373026074554388630e-06
8.372882907207009618e-06
8.372739974916287904e-06
8.372597304131137281e-06
8.372454942808062780e-06
8.372312810052932744e-06
8.372170933782550428e-06
8.372029324543214638e-06
8.371887928518641331e-06
8.371746781209590688e-06
8.371605873575422565e-06
8.371465169925795561e-06
8.371324720688160586e-06
8.371184522511141999e-06
8.371044745526174307e-06
8.370905253078667416e-06
8.370766041173731035e-06
8.370627198235170796e-06
8.370488631328313884e-06
8.370350323603694616e-06
8.370212314364375273e-06
8.370074612185834305e-06
8.369937120671881866e-06
8.369799893761699705e-06
8.369662987768565702e-06
8.369526261823528152e-06
8.369389767322071266e-06
8.369253607875247209e-06
8.369117585495763933e-06
8.368981794761485654e-06
8.368846307694192393e-06
8.368710943409601852e-06
8.368575817156187434e-06
8.368440934972799384e-06
8.368306190506104514e-06
8.368171714300281941e-06
8.368037457466522878e-06
8.367903581785050604e-06
8.367769975823437773e-06
8.367636593389881020e-06
8.367503545393392150e-06
8.367370752450868356e-06
8.367238171662918256e-06
8.367105852675598091e-06
8.366973807943456701e-06
8.366841958593501625e-06
8.366710330501057967e-06
8.366578987183149465e-06
8.366447808993610993e-06
8.366316826475615455e-06
8.366186145798308726e-06
8.366055585963662149e-06
8.365925229962700122e-06
8.365795141965532504e-06
8.365665166857943011e-06
8.365535396753836307e-06
8.365405845552963766e-06
8.365276421344651031e-06
8.365147228354123692e-06
8.365018235411035159e-06
8.364889605145114994e-06
8.364761208970121064e-06
8.364633044184541734e-06
8.364505186317024198e-06
8.364377558939470528e-06
8.364250138935452045e-06
8.364122964407670149e-06
8.363996054298058366e-06
8.363869308982330077e-06
8.363742762544216944e-06
8.363616521875341593e-06
8.363490419031362799e-06
8.363364510488073569e-06
8.363238839682970072e-06
8.363113335354272599e-06
8.362988023409031026e-06
8.362862893764858022e-06
8.362737955782511198e-06
8.362613184165620941e-06
8.362488567167561444e-06
8.362364160308946991e-06
8.362239886801138385e-06
8.362115812459390145e-06
8.361992031902630646e-06
8.361868496978246400e-06
8.361745192230735538e-06
8.361622095008854793e-06
8.361499299651229007e-06
8.361376699570962433e-06
8.361254277344856700e-06
8.361132092860885568e-06
8.361010119327525662e-06
8.360888329223416143e-06
8.360766722645093354e-06
8.360645356188390120e-06
8.360524129945390843e-06
8.360403069699851280e-06
8.360282273031112145e-06
8.360161577643855871e-06
8.360041064978497851e-06
8.359920757710357416e-06
8.359800568682234571e-06
8.359680557145910180e-06
8.359560705719937821e-06
8.359441003227038435e-06
8.359321460561082329e-06
8.359202090570414122e-06
8.359083021797274280e-06
8.358964163297431015e-06
8.358845527578418467e-06
8.358727104177343469e-06
8.358608950350124845e-06
8.358490978124666083e-06
8.358373176472256008e-06
8.358255606620010526e-06
8.358138230461108269e-06
8.358021029414329774e-06
8.357903998337724266e-06
8.357787200101607524e-06
8.357670530629418402e-06
8.357554016234025344e-06
8.357437754358537364e-06
8.357321592204494068e-06
8.357205599476538922e-06
8.357089786941766809e-06
8.356974108836007418e-06
8.356858589298900145e-06
8.356743201298989372e-06
8.356627992253365834e-06
8.356512895899212965e-06
8.356397986928980258e-06
8.356283330673510866e-06
8.356168933902258220e-06
8.356054748766788529e-06
8.355940742853005903e-06
8.355827031815476750e-06
8.355713508625550536e-06
8.355600155462077565e-06
8.355487015806115216e-06
8.355374104172630137e-06
8.355261329645735652e-06
8.355148728153511593e-06
8.355036394863579033e-06
8.354924177305536826e-06
8.354812131993406271e-06
8.354700266834436443e-06
8.354588587138341463e-06
8.354477045376374714e-06
8.354365634800971788e-06
8.354254463095021305e-06
8.354143372724903057e-06
8.354032436258138696e-06
8.353921688905061136e-06
8.353811034950745743e-06
8.353700572280835590e-06
8.353590263352269027e-06
8.353480265272666288e-06
8.353370444490307005e-06
8.353260833064985044e-06
8.353151452777646117e-06
8.353042309336587557e-06
8.352933337710466899e-06
8.352824533598540420e-06
8.352715953614506565e-06
8.352607564006602826e-06
8.352499333158673925e-06
8.352391268098670812e-06
8.352283441773313154e-06
8.352175724199139011e-06
8.352068177351058855e-06
8.351960830430477640e-06
8.351853615006711476e-06
8.351746566122262167e-06
8.351639644971800932e-06
8.351532926773716958e-06
8.351426304952566383e-06
8.351319820399737178e-06
8.351213527520611249e-06
8.351107315730673419e-06
8.351001295177452874e-06
8.350895420887052571e-06
8.350789847273346706e-06
8.350684441877873561e-06
8.350579239546470831e-06
8.350474251763438218e-06
8.350369497133491880e-06
8.350264911466923309e-06
8.350160482931520795e-06
8.350056262911482679e-06
8.349952243603868607e-06
8.349848359377985764e-06
8.349744635119191188e-06
8.349641156814944235e-06
8.349537780591664049e-06
8.349434567624716211e-06
8.349331521885758591e-06
8.349228650326004340e-06
8.349125899820039978e-06
8.349023267219488086e-06
8.348920872615560150e-06
8.348818537256308164e-06
8.348716360002576093e-06
8.348614336172372380e-06
8.348512427065334258e-06
8.348410657807801336e-06
8.348309032047244869e-06
8.348207669785114563e-06
8.348106509277306261e-06
8.348005542452409126e-06
8.347904733351123384e-06
8.347804182033783131e-06
8.347703794805251066e-06
8.347603561194060355e-06
8.347503515482517674e-06
8.347403685898397484e-06
8.347303983132397441e-06
8.347204443513484519e-06
8.347105074159205424e-06
8.347005888080377554e-06
8.346906823933375621e-06
8.346807888203527714e-06
8.346709189686722053e-06
8.346610570359982084e-06
8.346512108520700722e-06
8.346413776893939340e-06
8.346315614287462786e-06
8.346217553554634909e-06
8.346119608100985380e-06
8.346021848591449080e-06
8.345924159157621050e-06
8.345826641785715564e-06
8.345729255786763501e-06
8.345632131553065890e-06
8.345535162100558313e-06
8.345438378740316804e-06
8.345341748402809685e-06
8.345245358187245688e-06
8.345149125012081391e-06
8.345053021963722421e-06
8.344957097318303387e-06
8.344861365522049132e-06
8.344765747071730637e-06
8.344670285359537970e-06
8.344574987938604529e-06
8.344479850104716002e-06
8.344384831148737107e-06
8.344289928985143979e-06
8.344195246330469475e-06
8.344100635888413207e-06
8.344006172965608256e-06
8.343911829121493628e-06
8.343817645345906239e-06
8.343723550068885304e-06
8.343629570675978400e-06
8.343535754755753000e-06
8.343442009263389819e-06
8.343348418185463265e-06
8.343254946974667323e-06
8.343161713364851328e-06
8.343068639587663897e-06
8.342975738718252888e-06
8.342882974158530323e-06
8.342790433179410372e-06
8.342698035157589996e-06
8.342605762537316948e-06
8.342513654379674832e-06
8.342421738055825220e-06
8.342329934838734674e-06
8.342238272387960849e-06
8.342146738140978533e-06
8.342055391928407190e-06
8.341964134070213574e-06
8.341873012071796689e-06
8.341782039949280068e-06
8.341691198706125361e-06
8.341600461671028582e-06
8.341509819748820992e-06
8.341419382197730193e-06
8.341328991738528769e-06
8.341238737061715757e-06
8.341148585524613262e-06
8.341058569642097154e-06
8.340968631164018276e-06
8.340878843722173157e-06
8.340789180012349709e-06
8.340699770813898972e-06
8.340610482493197574e-06
8.340521344197462380e-06
8.340432384304641712e-06
8.340343601270035464e-06
8.340254955596265219e-06
8.340166426892579784e-06
8.340078056412256874e-06
8.339989855918356431e-06
8.339901752668608823e-06
8.339813787659362956e-06
8.339725968000820066e-06
8.339638291839773709e-06
8.339550715036276517e-06
8.339463249372995550e-06
8.339375963237129720e-06
8.339288754864563569e-06
8.339201675559840461e-06
8.339114680982904882e-06
8.339027866381807072e-06
8.338941098301598479e-06
8.338854459236444143e-06
8.338767932053830459e-06
8.338681513479773494e-06
8.338595177906403880e-06
8.338508982769604448e-06
8.338422912485351327e-06
8.338337073501643804e-06
8.338251352193531773e-06
8.338165765511738623e-06
8.338080350533944081e-06
8.337995099210968538e-06
8.337909978062001774e-06
8.337824964755340313e-06
8.337740099255098057e-06
8.337655394875247188e-06
8.337570782614440781e-06
8.337486300647068023e-06
8.337401943992497257e-06
8.337317736578834954e-06
8.337233610250874361e-06
8.337149605833548636e-06
8.337065739203711103e-06
8.336981981143695472e-06
8.336898315789916341e-06
8.336814736925102749e-06
8.336731334575682239e-06
8.336647976429016588e-06
8.336564742633746817e-06
8.336481583083391598e-06
8.336398567525235727e-06
8.336315600155026477e-06
8.336232776978988194e-06
8.336150051980565240e-06
8.336067539891674753e-06
8.335985149981018863e-06
8.335902908321555789e-06
8.335820780876616716e-06
8.335738846813880255e-06
8.335657030606440714e-06
8.335575322715336606e-06
8.335493742149139234e-06
8.335412319280422288e-06
8.335331012626546776e-06
8.335249806609687414e-06
8.335168700743457554e-06
8.335087779149651945e-06
8.335006927701202738e-06
8.334926191455429556e-06
8.334845537690843171e-06
8.334765060454694176e-06
8.334684635239707217e-06
8.334604327984703674e-06
8.334524102521995032e-06
8.334444026521958243e-06
8.334363994624299521e-06
8.334284077167700375e-06
8.334204259003828656e-06
8.334124539626795632e-06
8.334044889055040043e-06
8.333965367659642581e-06
8.333885948699967919e-06
8.333806748385126466e-06
8.333727646963739745e-06
8.333648688099082249e-06
8.333569841014162711e-06
8.333491184098329639e-06
8.333412632599492432e-06
8.333334179905508616e-06
8.333255852323263193e-06
8.333177686598681883e-06
8.333099613905839976e-06
8.333021647014829801e-06
8.332943771653627312e-06
8.332866073699020233e-06
8.332788440207581165e-06
8.332710917449775732e-06
8.332633472270027259e-06
8.332556198226114799e-06
8.332478972151946496e-06
8.332401860119388888e-06
8.332324819462338713e-06
8.332247932710868429e-06
8.332171082557950296e-06
8.332094345533725994e-06
8.332017687346468147e-06
8.331941145369111838e-06
8.331864654194425096e-06
8.331788290863098708e-06
8.331712017708602422e-06
8.331635941845926536e-06
8.331559973879357791e-06
8.331484140880170827e-06
8.331408408885088846e-06
8.331332851398135148e-06
8.331257404243690775e-06
8.331182062227509135e-06
8.331106826835087812e-06
8.331031722622215185e-06
8.330956751422078922e-06
8.330881852941572795e-06
8.330807068234488097e-06
8.330732401472484117e-06
8.330657854068730295e-06
8.330583375963257576e-06
8.330509004531057638e-06
8.330434746109842750e-06
8.330360594639893470e-06
8.330286506615729069e-06
8.330212513332999419e-06
8.330138639703793917e-06
8.330064841150874275e-06
8.329991123714483261e-06
8.329917479288879794e-06
8.329843955289053967e-06
8.329770487502291857e-06
8.329697108734187983e-06
8.329623832982161697e-06
8.329550668011792425e-06
8.329477697070160932e-06
8.329404812226201332e-06
8.329332055501692476e-06
8.329259401080659167e-06
8.329186920799469299e-06
8.329114534692230905e-06
8.329042237779848846e-06
8.328970055127403612e-06
8.328898009678376696e-06
8.328826066928411736e-06
8.328754200777997724e-06
8.328682439293756020e-06
8.328610808276535509e-06
8.328539270897023465e-06
8.328467809766368707e-06
8.328396439005814945e-06
8.328325193191816293e-06
8.328254032434109959e-06
8.328182942526713361e-06
8.328111933322188381e-06
8.328041049904105888e-06
8.327970229491971172e-06
8.327899489992426655e-06
8.327828818054644055e-06
8.327758262477995643e-06
8.327687761558926421e-06
8.327617341064603854e-06
8.327547023215163628e-06
8.327476799647681740e-06
8.327406768538072679e-06
8.327336815116863562e-06
8.327266984359416797e-06
8.327197247319521520e-06
8.327127670954801868e-06
8.327058187048087240e-06
8.326988793982242662e-06
8.326919500911708849e-06
8.326850325160533881e-06
8.326781268520839574e-06
8.326712275627269397e-06
8.326643387069447363e-06
8.326574596346897046e-06
8.326505924118433546e-06
8.326437310493626709e-06
8.326368792882294821e-06
8.326300362281976899e-06
8.326232052360204802e-06
8.326163784192742269e-06
8.326095616956351842e-06
8.326027519860947128e-06
8.325959540553464638e-06
8.325891594376339262e-06
8.325823747611513567e-06
8.325755965595055266e-06
8.325688286854879687e-06
8.325620643794535525e-06
8.325553113340348875e-06
8.325485651050118827e-06
8.325418345900035080e-06
8.325351146989350121e-06
8.325284061568975994e-06
8.325217056390670620e-06
8.325150181387669986e-06
8.325083423504921245e-06
8.325016761625850668e-06
8.324950171845607922e-06
8.324883684159459259e-06
8.324817326805599341e-06
8.324751046474088560e-06
8.324684841271886207e-06
8.324618723080020195e-06
8.324552723206588389e-06
8.324486805939160461e-06
8.324420951056650999e-06
8.324355184108131732e-06
8.324289513100179900e-06
8.324223935183229284e-06
8.324158401833913298e-06
8.324092961707615389e-06
8.324027599098599828e-06
8.323962330588776612e-06
8.323897100069475448e-06
8.323831958129569703e-06
8.323766886640163979e-06
8.323701901584685286e-06
8.323636954162812678e-06
8.323572113207540200e-06
8.323507337943828325e-06
8.323442714044809257e-06
8.323378192062009048e-06
8.323313777553024317e-06
8.323249440239444331e-06
8.323185224423121722e-06
8.323121127012547170e-06
8.323057118445367878e-06
8.322993179446854463e-06
8.322929340579595520e-06
8.322865620676272568e-06
8.322801985889820037e-06
8.322738414173854111e-06
8.322674932449524696e-06
8.322611548684809741e-06
8.322548261807512918e-06
8.322485029273269928e-06
8.322421882109493942e-06
