4.506317721146844543e-09
5.450517028779113383e-09
6.447568491600276840e-09
7.485908645507610047e-09
8.554836531586876368e-09
9.644869885462535218e-09
1.074765116545063882e-08
1.185619122203796110e-08
1.296479829588277552e-08
1.406903553227484366e-08
1.516542080767862062e-08
1.625154774939955238e-08
1.732579841163057402e-08
1.838718130716277963e-08
1.943524666636307019e-08
2.046992307373164314e-08
2.149122783679071410e-08
2.249961111289873989e-08
2.349515881173820305e-08
2.447831947395704575e-08
2.544936411340588495e-08
2.640843805566098139e-08
2.735569526909150709e-08
2.829128035976076188e-08
2.921536683462613945e-08
3.012819193676988898e-08
3.103009478561831133e-08
3.192136116327224883e-08
3.280250297783636687e-08
3.367424089872526174e-08
3.453722816541806355e-08
3.539203109192034978e-08
3.624003896328773400e-08
3.708121998343651255e-08
3.791743533852261783e-08
3.874829336671350587e-08
3.957561511293761883e-08
4.039894314395367456e-08
4.121933762810178226e-08
4.203692756536276268e-08
4.285122793449303041e-08
4.366269699354139163e-08
4.447080529572646810e-08
4.527486048065705996e-08
4.607427394944286075e-08
4.686825027557472491e-08
4.765565841402483770e-08
4.843548664237920525e-08
4.920652106824487017e-08
4.996773465515329232e-08
5.071813181639920332e-08
5.145631526261955318e-08
5.218126704105978144e-08
5.289208667398833379e-08
5.358792698631223514e-08
5.426801959358322209e-08
5.493176678097797291e-08
5.557870287485759101e-08
5.620842480455737396e-08
5.682073961488214332e-08
5.741549244232169655e-08
5.799265333495557955e-08
5.855233193199811092e-08
5.909440219282196367e-08
5.961909448146920681e-08
6.012675396919950043e-08
6.061800297268145851e-08
6.109276684765574283e-08
6.155140497315792935e-08
6.199474786374464493e-08
6.242270572966925764e-08
6.283588415337151169e-08
6.323548503229983710e-08
6.362114937678918202e-08
6.399383615797194691e-08
6.435401289687217952e-08
6.470271301591012252e-08
6.504044873215049324e-08
6.536716723741424531e-08
6.568445072862781191e-08
6.599321027673325557e-08
6.629353205293570217e-08
6.658595887478287619e-08
6.687248501769375456e-08
6.715315813020741005e-08
6.742810284244251781e-08
6.769923185222603389e-08
6.796696536657264011e-08
6.823133087847272241e-08
6.849384558245092805e-08
6.875466377784141092e-08
6.901447077166960299e-08
6.927398166555646854e-08
6.953297074041787801e-08
6.979300948391270332e-08
7.005343831818461727e-08
7.031479905403901138e-08
7.057801019322635531e-08
7.084147811737463171e-08
7.110790922154840705e-08
7.137505746420373816e-08
7.164374441273711973e-08
7.191486700716048537e-08
7.218592291741645214e-08
7.246017797853922798e-08
7.273419421462468595e-08
7.301012813467414017e-08
7.328631356151953735e-08
7.356297112884589635e-08
7.384039776812009113e-08
7.411703611322182148e-08
7.439409928321846202e-08
7.466994242837262698e-08
7.494521186103462506e-08
7.521908723909135941e-08
7.549130845226804391e-08
7.576178743090373448e-08
7.602972849628956657e-08
7.629550670723612007e-08
7.655791531126202847e-08
7.681769556335195052e-08
7.707348376448456701e-08
7.732612594782763509e-08
7.757416221199516354e-08
7.781867727483374611e-08
7.805796313152079891e-08
7.829350430595581817e-08
7.852323921449689403e-08
7.874918032011077455e-08
7.896858792520316416e-08
7.918418632615099182e-08
7.939267648749731002e-08
7.959730735289393358e-08
7.979488668989685185e-08
7.998839492226694419e-08
8.017525622258262021e-08
8.035738851110369132e-08
8.053369952311801087e-08
8.070480964139746399e-08
8.087082599272213489e-08
8.103104029644840812e-08
8.118656562993421532e-08
8.133661835167704148e-08
8.148213947778708154e-08
8.162290303893418167e-08
8.175931092320701458e-08
8.189144534322127215e-08
8.201925656668836521e-08
8.214313090845046402e-08
8.226368100112549059e-08
8.238052461462907191e-08
8.249412926395279296e-08
8.260471340676227643e-08
8.271220463904999445e-08
8.281806526423455342e-08
8.292076817515676261e-08
8.302155717232585702e-08
8.312043996089199960e-08
8.321731706812040970e-08
8.331379944643464365e-08
8.340811916033339392e-08
8.350111423356996156e-08
8.359395568304401646e-08
8.368537268832747830e-08
8.377694411167571398e-08
8.386771810270790952e-08
8.395754313327045632e-08
8.404868247431549947e-08
8.413888717008651564e-08
8.422880300598106452e-08
8.431978937789290233e-08
8.441043980330306193e-08
8.450149777590564484e-08
8.459315067398492017e-08
8.468487854653447102e-08
8.477718864809787515e-08
8.487009184184005710e-08
8.496320010979958600e-08
8.505685751750592553e-08
8.515106996621979180e-08
8.524576496902108253e-08
8.534048706478249752e-08
8.543586827235518145e-08
8.553193279225169294e-08
8.562735224413850256e-08
8.572346442254825712e-08
8.582032696183293879e-08
8.591596816269785317e-08
8.601222677789813342e-08
8.610919917493820518e-08
8.620430096065505707e-08
8.629999190035521212e-08
8.639627500264616385e-08
8.649026729499673825e-08
8.658459574354696562e-08
8.667913317702100290e-08
8.677135598725332963e-08
8.686352612839687116e-08
8.695527431639064325e-08
8.704503169943634731e-08
8.713422189153577926e-08
8.722240922550293435e-08
8.730909811810879446e-08
8.739441515126063392e-08
8.747853239405529962e-08
8.756137315491880770e-08
8.764221856572108461e-08
8.772164949055387076e-08
8.779977335059019512e-08
8.787572292288230875e-08
8.795024443035156804e-08
8.802299499631698347e-08
8.809397079031119232e-08
8.816322234540316606e-08
8.823058479317826571e-08
8.829602053048132126e-08
8.836000915602223605e-08
8.842194710977465163e-08
8.848176943413491202e-08
8.854025527599743651e-08
8.859688245752286580e-08
8.865153780071471737e-08
8.870428245536547026e-08
8.875605801031311857e-08
8.880577958428507431e-08
8.885347691575062706e-08
8.890018443546613757e-08
8.894537995162493798e-08
8.898894476093865138e-08
8.903063113256335264e-08
8.907202960303382184e-08
8.911164527551207094e-08
8.914995570638046262e-08
8.918715169159265558e-08
8.922366953102758212e-08
8.925901002963278786e-08
8.929314869603316307e-08
8.932672611252479508e-08
8.935960458809107789e-08
8.939170362663730898e-08
8.942294850323654388e-08
8.945381704362579608e-08
8.948414351202974740e-08
8.951391352290216345e-08
8.954331689979853845e-08
8.957226256720959169e-08
8.960095205683447545e-08
8.962935557957885847e-08
8.965767407451714436e-08
8.968535400857873553e-08
8.971312904553012076e-08
8.974071997799491727e-08
8.976849545862654102e-08
8.979542228957835642e-08
8.982267640278240309e-08
8.984973893536196956e-08
8.987716737662919150e-08
8.990369420122163396e-08
8.993056433978293209e-08
8.995727503222336447e-08
8.998438026833562616e-08
9.001050472114243576e-08
9.003695897369135286e-08
9.006319726866966962e-08
9.008975016349038303e-08
9.011542908681029352e-08
9.014124181816930732e-08
9.016672697483683986e-08
9.019234284322475435e-08
9.021737581986336314e-08
9.024214838823530397e-08
9.026664754835036319e-08
9.029088564358148717e-08
9.031477301064183956e-08
9.033812470697263267e-08
9.036123250087032035e-08
9.038379849835836497e-08
9.040600732109045173e-08
9.042758451835219540e-08
9.044883178726987645e-08
9.046941397987709844e-08
9.048946638759149701e-08
9.050888873067687573e-08
9.052790942359752658e-08
9.054618604337828639e-08
9.056378167607335187e-08
9.058060075836908576e-08
9.059702540736037754e-08
9.061275722527107001e-08
9.062774429606401542e-08
9.064190914824157808e-08
9.065540324601625232e-08
9.066845275605984862e-08
9.068062757378722566e-08
9.069208033100848640e-08
9.070260935218702122e-08
9.071275030082026327e-08
9.072215444607824120e-08
9.073079976626126753e-08
9.073863216897002793e-08
9.074575974757306476e-08
9.075236737285609361e-08
9.075829614534235648e-08
9.076353274334814813e-08
9.076802808595798036e-08
9.077194674741634357e-08
9.077528702955680381e-08
9.077801265023929231e-08
9.078011803006792344e-08
9.078164445356642746e-08
9.078260234829138349e-08
9.078303311398388728e-08
9.078292431169352845e-08
9.078228080546772545e-08
9.078125391149991216e-08
9.077960568136784072e-08
9.077748318690280733e-08
9.077499811910671239e-08
9.077201188066521164e-08
9.076879100449678534e-08
9.076497768889369768e-08
9.076075226293892044e-08
9.075623400293996930e-08
9.075131364472591762e-08
9.074621061536144714e-08
9.074057748436350150e-08
9.073458871538945486e-08
9.072837567696546097e-08
9.072178595424583580e-08
9.071506756573227996e-08
9.070793030283858274e-08
9.070038072777857005e-08
9.069273598246011696e-08
9.068470584618056378e-08
9.067652428011831445e-08
9.066809502687924277e-08
9.065921141719767647e-08
9.065022107104916537e-08
9.064092990632606553e-08
9.063142136368663683e-08
9.062170712354560354e-08
9.061155332931648121e-08
9.060127755748717908e-08
9.059072770553108668e-08
9.057990766634851241e-08
9.056887195502523135e-08
9.055745325653862906e-08
9.054582952772456548e-08
9.053400898808969914e-08
9.052183006286260340e-08
9.050941182573073237e-08
9.049669193479695293e-08
9.048367389688142825e-08
9.047045812664616520e-08
9.045691159100577294e-08
9.044307670607508003e-08
9.042891008807109746e-08
9.041437181135971857e-08
9.039963362675477096e-08
9.038460055254774533e-08
9.036921916329067450e-08
9.035352252442907005e-08
9.033748010737299768e-08
9.032108212603331275e-08
9.030446800409143661e-08
9.028750143288199514e-08
9.027017110098402095e-08
9.025252141650618122e-08
9.023453782598616540e-08
9.021621825547723555e-08
9.019761890878867889e-08
9.017865724131153685e-08
9.015937382864771000e-08
9.013976173282019435e-08
9.011977911721135516e-08
9.009945122563096872e-08
9.007885652744159545e-08
9.005791442850326483e-08
9.003666162128609561e-08
9.001511637246300496e-08
8.999317035195828172e-08
8.997088823818384775e-08
8.994835591549255533e-08
8.992547882032082993e-08
8.990229924974441464e-08
8.987886692703745638e-08
8.985506382828780024e-08
8.983092069461112183e-08
8.980653904088122468e-08
8.978184774076422386e-08
8.975687991494072886e-08
8.973168016152604933e-08
8.970612322284995347e-08
8.968020488663225885e-08
8.965410451250544740e-08
8.962773819287504293e-08
8.960111196188819465e-08
8.957426842018228525e-08
8.954712659154746325e-08
8.951958683413322172e-08
8.949192027673334595e-08
8.946400465750027351e-08
8.943582269403577864e-08
8.940743540028109348e-08
8.937882564704984116e-08
8.934984083576208001e-08
8.932070431400891209e-08
8.929136499535929427e-08
8.926177640397884168e-08
8.923197580919571075e-08
8.920200173316185854e-08
8.917167997254296703e-08
8.914113919195045597e-08
8.911046715883747960e-08
8.907957726813859117e-08
8.904849120169397536e-08
8.901721104270477413e-08
8.898568828860446056e-08
8.895384857811288540e-08
8.892192129211139373e-08
8.888980125123835313e-08
8.885744301466188070e-08
8.882491044842843463e-08
8.872847767170146359e-08
8.869560721654356870e-08
8.866256423668069688e-08
8.862936723872334565e-08
8.859596222446147033e-08
8.856237862914546481e-08
8.852859473920452259e-08
8.849462235883960990e-08
8.846033425531018935e-08
8.816081429394216906e-08
8.812684185709966702e-08
8.809265425135907418e-08
8.805829404890051025e-08
8.802375697435103493e-08
8.798899360135730998e-08
8.795394367555063706e-08
8.791879723837635253e-08
8.788346425889062668e-08
8.771016602049429556e-08
8.767476165014433661e-08
8.763917326062826628e-08
8.760333689665462041e-08
8.756726874846454237e-08
8.753106872869419912e-08
8.749468419123658278e-08
8.745810316502863790e-08
8.742134913228676799e-08
8.709836964192802714e-08
8.706182026322772850e-08
8.702500348046941822e-08
8.698807966967894527e-08
8.695101642430743100e-08
8.691373925627216021e-08
8.687629738816676645e-08
8.683871578537191270e-08
8.680089753889756240e-08
8.661441399686852267e-08
8.657653841991233512e-08
8.653850094419481712e-08
8.650028149577749019e-08
8.646192429271948474e-08
8.642339159946767102e-08
8.638465539224857811e-08
8.634563826962386979e-08
8.630652013002099905e-08
8.595960922957100341e-08
8.592079551204575304e-08
8.588185284637293007e-08
8.584274877301356583e-08
8.580348395287795526e-08
8.576393138073827972e-08
8.572422575186556908e-08
8.568442825627469420e-08
8.564448560048724751e-08
8.544505824710270529e-08
8.540512406585792596e-08
8.536507071971841561e-08
8.532479045054789955e-08
8.528428396994168170e-08
8.524369954082459323e-08
8.520297868833032470e-08
8.516210535309045085e-08
8.512112569996558305e-08
8.475021238808492922e-08
8.470956001902032422e-08
8.466865671587901242e-08
8.462764855673184875e-08
8.458653440874525666e-08
8.454528568060217832e-08
8.450389884874735593e-08
8.446239198088394679e-08
8.442075923937526759e-08
8.420840299170999736e-08
8.416666119160674365e-08
8.412485536906614911e-08
8.408295468361622191e-08
8.404091805843468373e-08
8.399876866340168564e-08
8.395649218716050476e-08
8.391409177155636133e-08
8.387148221902478543e-08
8.347623033534075381e-08
8.343404400125053032e-08
8.339174503949252536e-08
8.334932190901652921e-08
8.330681363235513617e-08
8.326416776156560958e-08
8.322139094480782627e-08
8.317839367508301065e-08
8.313525344995537711e-08
8.291003287185519769e-08
8.286705426759106948e-08
8.282394672409956527e-08
8.278076393401540164e-08
8.273746237273436360e-08
8.269402822467024313e-08
8.265038449283654384e-08
8.260658460634870027e-08
8.256272196188390806e-08
8.214308805218579055e-08
8.209970431588079309e-08
8.205624234798291415e-08
8.201267002630201606e-08
8.196897963645922074e-08
8.192510830686260188e-08
8.188106823524817994e-08
8.183696175137452312e-08
8.159866347895332096e-08
8.155470357263998499e-08
8.151067476326107420e-08
8.146653141413406527e-08
8.142229061769334311e-08
8.137788022713536953e-08
8.133327338018320982e-08
8.128860950760478797e-08
8.124386241565121532e-08
8.079890082189568512e-08
8.075467744414145170e-08
8.071037542654650555e-08
8.066597651083544062e-08
8.062144356640196852e-08
8.057670779281016298e-08
8.053187885457828059e-08
8.048699637120809631e-08
8.044202339732709236e-08
8.019084703162633825e-08
8.014606385525995199e-08
8.010118635216568399e-08
8.005620714463652254e-08
8.001107627106311494e-08
7.996578203740619869e-08
7.992043608617629526e-08
7.987501251227631112e-08
7.982950349122564496e-08
7.935955466525074390e-08
7.931461809118642849e-08
7.926959304699389123e-08
7.922445767508491351e-08
7.917914614854145219e-08
7.913373667722566585e-08
7.908827179279536653e-08
7.904273952157397859e-08
7.899711643799410617e-08
7.873309943990813225e-08
7.868770004619529088e-08
7.864222325163534226e-08
7.859662195490745087e-08
7.855084177717125003e-08
7.850499752688681567e-08
7.845911307966849212e-08
7.841315595707432787e-08
7.791728757122641108e-08
7.787192856549953857e-08
7.782649299436709842e-08
7.778097665675705989e-08
7.773534511775170961e-08
7.768955554285992513e-08
7.764371375255094316e-08
7.759781996219535779e-08
7.755186048451757650e-08
7.727464390985651816e-08
7.722891860003033445e-08
7.718311618297879119e-08
7.713724818042926488e-08
7.709126411123169499e-08
7.704512516374258883e-08
7.699893124789888405e-08
7.695269704998074106e-08
7.690641546498623778e-08
7.638506347107572816e-08
7.633940208546163600e-08
7.629367792739774027e-08
7.624789253335540577e-08
7.620200376825387440e-08
7.615596805854338380e-08
7.610986908612235204e-08
7.606374278334852616e-08
7.601756118218911917e-08
7.572744731928150635e-08
7.568150625005756972e-08
7.563551232070133121e-08
7.558945655995701974e-08
7.554331039454509117e-08
7.549705254303267131e-08
7.545070252881533087e-08
7.540432000835856168e-08
7.485650542528138350e-08
7.481081614066551904e-08
7.476504167502313237e-08
7.471921144342483824e-08
7.467332417051920073e-08
7.462737958793699920e-08
7.458134293585374302e-08
7.453517060518450686e-08
7.448895835852116663e-08
7.418554305283997653e-08
7.413966689310535250e-08
7.409371757134165030e-08
7.404769428828521924e-08
7.400162341472686446e-08
7.395551444525049323e-08
7.390932075215521159e-08
7.386303407037351754e-08
7.381664602317670558e-08
7.324283090460790240e-08
7.319720462006597159e-08
7.315152318683704089e-08
7.310576493716820852e-08
7.305996168741718308e-08
7.301411604013727009e-08
7.296821547373961904e-08
7.292223857235397889e-08
7.260546263148221539e-08
7.255974401546240814e-08
7.251398353088871382e-08
7.246817991189544641e-08
7.242233100584771154e-08
7.237641487120782872e-08
7.233045466946701412e-08
7.228445524546981400e-08
7.223841198232144338e-08
7.163763135692286986e-08
7.159224307022856522e-08
7.154679883794863188e-08
7.150131761467539653e-08
7.145581749875435977e-08
7.141028032162649538e-08
7.136466594197003437e-08
7.131901077836754785e-08
7.127333346801950126e-08
7.094360193618399715e-08
7.089823111528796848e-08
7.085276104689911495e-08
7.080723771427747952e-08
7.076169169832608218e-08
7.071611455821230076e-08
7.067049959731913142e-08
7.062482628658841251e-08
6.999678987978477677e-08
6.995190272503019125e-08
6.990697030828514759e-08
6.986196969961567776e-08
6.981688939772266944e-08
6.977174952722104711e-08
6.972658463654067995e-08
6.968138875368460101e-08
6.963616092250981686e-08
6.929294890526592683e-08
6.924806338240594393e-08
6.920314163483462021e-08
6.915818863021449259e-08
6.911318277512779426e-08
6.906811821434590728e-08
6.902295719236728187e-08
6.897777315460293616e-08
6.832218547310497595e-08
6.827783668799045278e-08
6.823345635451040610e-08
6.818901173679613835e-08
6.814453046422061028e-08
6.810003609397802018e-08
6.805550296300827899e-08
6.801091569315294359e-08
6.796625715644243963e-08
6.760949688028485950e-08
6.756521224980859587e-08
6.752090074366223169e-08
6.747656023662276458e-08
6.743217938491309799e-08
6.738776388861344543e-08
6.734331794487128252e-08
6.729884944911768131e-08
6.661552502080891601e-08
6.657184410800093467e-08
6.652809396345884851e-08
6.648432288504683801e-08
6.644052209654572092e-08
6.639669331077474092e-08
6.635284402615092650e-08
6.630895357496277825e-08
6.626503318762095306e-08
6.589474039233263004e-08
6.585122771187315858e-08
6.580766548389616359e-08
6.576405566393481811e-08
6.572037044633689220e-08
6.567666384765842304e-08
6.563293793680765248e-08
6.558919961525811731e-08
6.487786072096494616e-08
6.483496689151887309e-08
6.479204454457676789e-08
6.474910199910445363e-08
6.470614798417504694e-08
6.466314193623448656e-08
6.462009643614267408e-08
6.457698894504140173e-08
6.453386518782140404e-08
6.414990154456858610e-08
6.410719654561165650e-08
6.406447698473491150e-08
6.402171660085512092e-08
6.397893159794939087e-08
6.393612594506978569e-08
6.389330466041816159e-08
6.385044407689566456e-08
6.311083928925580911e-08
6.306880693684225404e-08
6.302675868581272754e-08
6.298468783027013281e-08
6.294259524967443236e-08
6.290049504199975453e-08
6.285835969051126226e-08
6.281619511667516619e-08
6.277401052847154530e-08
6.237637103261696039e-08
6.233462071771436913e-08
6.229283193795142208e-08
6.225099173033839583e-08
6.220911113267429469e-08
6.216721861800828801e-08
6.212531066371917033e-08
6.208339911930306092e-08
6.131534360359728322e-08
6.127431441570539797e-08
6.123326806028133227e-08
6.119221438458755903e-08
6.115115006011402517e-08
6.111004347193202300e-08
6.106891074719852748e-08
6.102772543951077571e-08
6.098653006323457416e-08
6.057507598624837629e-08
6.053432215591698892e-08
6.049356779486252361e-08
6.045278167333668361e-08
6.041196847549151539e-08
6.037113710548835737e-08
6.033030458501682036e-08
6.028944853044424722e-08
5.949270003052977304e-08
5.945273415105806676e-08
5.941273445775928792e-08
5.937272999527074205e-08
5.933270108905012880e-08
5.929266340703877979e-08
5.925262960927315356e-08
5.921255539281063857e-08
5.917245928455288966e-08
5.874717932563955742e-08
5.870756254874216669e-08
5.866791933715571770e-08
5.862824401293344432e-08
5.858853054972589664e-08
5.854878812498218195e-08
5.850903925401316414e-08
5.846927313177672394e-08
5.764362725241831315e-08
5.760483590091664611e-08
5.756600882138250329e-08
5.752716316424455749e-08
5.748830251189208167e-08
5.744945124624112871e-08
5.741057651241820714e-08
5.737167427090922871e-08
5.693200262101100367e-08
5.689353640311120254e-08
5.685506724918244214e-08
5.681657768894490105e-08
5.677807671127202683e-08
5.673957677199067973e-08
5.670105093486581897e-08
5.666251007135706496e-08
5.662395318937063944e-08
5.576924404936169169e-08
5.573166958724964573e-08
5.569407282390771570e-08
5.565644811020204643e-08
5.561879223707297762e-08
5.558113704446839646e-08
5.554346505279839169e-08
5.550578329910498356e-08
5.505215719333995799e-08
5.501496284602486663e-08
5.497774172153913108e-08
5.494051184885021183e-08
5.490327926745653430e-08
5.486604104249021625e-08
5.482877898566661419e-08
5.479150058491014924e-08
5.390649583470257819e-08
5.387018324346782913e-08
5.383386714447889103e-08
5.379753941477053916e-08
5.376120882369828896e-08
5.372487496453526272e-08
5.368851764606479193e-08
5.365214927220765046e-08
5.361577407551799920e-08
5.314812438024020411e-08
5.311224369808843787e-08
5.307634472705748875e-08
5.304042935163155836e-08
5.300448691294957938e-08
5.296853984507215001e-08
5.293258151781693986e-08
5.289661253323450005e-08
5.198216528515851033e-08
5.194721324779224290e-08
5.191224663207104082e-08
5.187727244099698631e-08
5.184229683136810885e-08
5.180730969277545391e-08
5.177231205041444364e-08
5.173730393355641913e-08
5.125504775918875821e-08
5.122051415757378051e-08
5.118598069875943226e-08
5.115143504065381178e-08
5.111688611528430470e-08
5.108233211511111615e-08
5.104776695576479960e-08
5.101318421820916763e-08
5.006807808201755222e-08
5.003453163160505642e-08
5.000098295774859045e-08
4.996742210927070008e-08
4.993385183326906997e-08
4.990027267938259873e-08
4.986666424931015003e-08
4.983305549800269277e-08
4.979944271568147361e-08
4.922738911633695405e-08
4.919426031711202322e-08
4.916112281441782298e-08
4.912797361791572599e-08
4.909482118161306519e-08
4.906165899186874842e-08
4.902849098931611704e-08
4.899531362075584459e-08
4.786650990353666896e-08
4.783431394936808699e-08
4.780210103670979509e-08
4.776988652285496938e-08
4.773766794805524171e-08
4.770543871337474477e-08
4.767320865818401973e-08
4.764097087430863894e-08
4.705151504509900300e-08
4.701977294578839313e-08
4.698802005736951178e-08
4.695625950318737379e-08
4.692449485420891359e-08
4.689272581592121876e-08
4.686095065000401367e-08
4.682916738647695926e-08
4.566406590314072932e-08
4.563328161877437889e-08
4.560248708260802642e-08
4.557169470588884403e-08
4.554090126027287820e-08
4.551010200270976557e-08
4.547929517011514364e-08
4.544848501606694791e-08
4.541766740659615655e-08
4.481124569378376147e-08
4.478093701516799654e-08
4.475061941077155514e-08
4.472030185563768969e-08
4.468997370425138910e-08
4.465963873346441872e-08
4.462930358770490613e-08
4.459896384990895430e-08
4.339841792787370538e-08
4.336910002387755592e-08
4.333977890116460443e-08
4.331045642550027953e-08
4.328113463996189160e-08
4.325180599648851918e-08
4.322247541984677358e-08
4.319313914906305143e-08
4.256917609418344504e-08
4.254035338380580795e-08
4.251152936811985963e-08
4.248270322064713152e-08
4.245387246339607824e-08
4.242503452020987240e-08
4.239619444764903809e-08
4.236735098809115436e-08
4.113015113129965930e-08
4.110235218305305067e-08
4.107455086895601714e-08
4.104674191388125436e-08
4.101893189013249104e-08
4.099112225712962158e-08
4.096331299535269231e-08
4.093550662598048735e-08
4.029394543859785128e-08
4.026665632117157575e-08
4.023936491818542619e-08
4.021206953486624218e-08
4.018477563884156280e-08
4.015748156804998491e-08
4.013018371382144358e-08
4.010288428241926838e-08
3.882886566653099030e-08
3.880261720902341272e-08
3.877637326782466352e-08
3.875013085362438028e-08
3.872388458919260353e-08
3.869764316782731192e-08
3.867140691411825417e-08
3.864516533140067706e-08
3.798593952411083822e-08
3.796023009232075894e-08
3.793451916776921926e-08
3.790880513237898047e-08
3.788309160544125220e-08
3.785737762955769847e-08
3.783166557266099601e-08
3.780595010441444471e-08
3.649495234370779996e-08
3.647030318357299941e-08
3.644565391424476626e-08
3.642100810106027676e-08
3.639637183344890744e-08
3.637174144972054615e-08
3.634710925668719317e-08
3.632247234156729082e-08
3.564974808423686810e-08
3.562564107842158480e-08
3.560153507765625599e-08
3.557743077576428954e-08
3.555333433295841576e-08
3.552923583026735167e-08
3.550512883923769682e-08
3.548101930650676126e-08
3.416280942086859727e-08
3.413976288183946025e-08
3.411672526158164326e-08
3.409370248483464954e-08
3.407067660724884903e-08
3.404765011905645875e-08
3.402461966754029603e-08
3.400158841505097822e-08
3.333274921554683734e-08
3.331024503281463921e-08
3.328774235708540392e-08
3.326524626464950133e-08
3.324274813153988330e-08
3.322024751606000954e-08
3.319774842742008084e-08
3.317524873889753549e-08
3.186400609528342634e-08
3.184254809988263220e-08
3.182110828721382985e-08
3.179967120923067516e-08
3.177823431208975616e-08
3.175679801940724491e-08
3.173535900648196387e-08
3.171391857874646021e-08
3.104975214791353584e-08
3.102882817056812727e-08
3.100791370149972750e-08
3.098700024515043103e-08
3.096608329340329010e-08
3.094516517098660350e-08
3.092424623979477442e-08
3.090332554386049598e-08
2.960063066174150492e-08
2.958074666068407800e-08
2.956087209698319925e-08
2.954099694425220761e-08
2.952111966515854732e-08
2.950124015349505006e-08
2.948136050209430073e-08
2.946148136237224827e-08
2.880275255952261200e-08
2.878338866387022013e-08
2.876402668809155280e-08
2.874466103465035906e-08
2.872529465466114580e-08
2.870592885934047756e-08
2.868656587354189984e-08
2.866720539100454369e-08
2.737460420363304823e-08
2.735626177457760740e-08
2.733791745176428758e-08
2.731957333645746645e-08
2.730122845252506969e-08
2.728288517726556289e-08
2.726454383251806778e-08
2.724620379568810934e-08
2.659366511621694264e-08
2.657582624512027387e-08
2.655798792069552929e-08
2.654014981133933217e-08
2.652231510770750389e-08
2.650448217946498171e-08
2.648664899663202642e-08
2.646882076050420306e-08
2.518781303999085759e-08
2.517097543029647226e-08
2.515413797863821199e-08
2.513730278134691434e-08
2.512046791969922477e-08
2.510363317483700351e-08
2.508680010192253554e-08
2.506996957979452111e-08
2.442434798117277298e-08
2.440800658413985536e-08
2.439166814955166834e-08
2.437532851691845284e-08
2.435899044680392073e-08
2.434265513944459314e-08
2.432632269848339500e-08
2.430999627464509223e-08
2.304203941672825033e-08
2.302667591837232917e-08
2.301131238674552955e-08
2.299594952207651256e-08
2.298058693262540439e-08
2.296522571874539663e-08
2.294986818052065564e-08
2.293451351852256444e-08
2.229650777713996017e-08
2.228162951842305259e-08
2.226675257505719980e-08
2.225187549879635760e-08
2.223700221564676309e-08
2.222213294204584506e-08
2.220726866430337757e-08
2.219241179621704171e-08
2.093891808362126647e-08
2.092499358655359520e-08
2.091106909137965467e-08
2.089714698099339360e-08
2.088322682568187877e-08
2.086930896531747400e-08
2.085539588590149652e-08
2.084148586253471252e-08
2.021177408275720016e-08
2.019832481420094833e-08
2.018487852282364132e-08
2.017143511090559932e-08
2.015799617751184405e-08
2.014456092736753200e-08
2.013112895058601509e-08
1.889256201880859672e-08
1.888004216786218151e-08
1.886752444045284223e-08
1.885500879598329888e-08
1.884249439668556307e-08
1.882998420577770649e-08
1.881747560627855736e-08
1.880496976703678206e-08
1.818376171857897059e-08
1.817170687430082491e-08
1.815965539539612231e-08
1.814760461887301023e-08
1.813555939555283507e-08
1.812351528935090330e-08
1.811147454091537386e-08
1.809943989425485849e-08
1.687805306556617116e-08
1.686690355121408900e-08
1.685575452529543296e-08
1.684460955133505303e-08
1.683346505261200751e-08
1.682232295517604916e-08
1.681118310570394758e-08
1.680004655831757139e-08
1.618843228049182166e-08
1.617773417211897316e-08
1.616703913184318390e-08
1.615634679498728607e-08
1.614565622089657483e-08
1.613496968582510926e-08
1.612428705966707685e-08
1.611360879762358845e-08
1.491067613482939720e-08
1.490085801350999017e-08
1.489104197881500218e-08
1.488122642368035494e-08
1.487141473483745543e-08
1.486160337155043339e-08
1.485179666518565973e-08
1.424995809699246072e-08
1.424057719455522836e-08
1.423120013069365442e-08
1.422182418314913162e-08
1.421245100696512709e-08
1.420308009254732494e-08
1.419371184209393794e-08
1.418435077483793254e-08
1.300026307674596454e-08
1.299173611003582508e-08
1.298321065959911304e-08
1.297468648384655201e-08
1.296616428971089180e-08
1.295764261576069856e-08
1.294912789782613304e-08
1.294061447387822627e-08
1.234956556868724524e-08
1.234146669358104470e-08
1.233336841568503547e-08
1.232527253475739351e-08
1.231717826848694418e-08
1.230908769434867334e-08
1.230100229645694506e-08
1.113697710178516996e-08
1.112970165554470192e-08
1.112242728122905587e-08
1.111515330186447982e-08
1.110788088212337232e-08
1.110061164037753935e-08
1.109334473700918673e-08
1.108607891954044904e-08
1.050597285563020354e-08
1.049911007590982440e-08
1.049224729619051564e-08
1.048538765131245893e-08
1.047853011367129854e-08
1.047167363964313006e-08
1.046482255140311694e-08
1.045797276294661785e-08
9.315961429579617833e-09
9.309895583137848892e-09
9.303830574430863646e-09
9.297768936180816196e-09
9.291708129032157846e-09
9.285649156015794483e-09
9.279592626141288196e-09
8.710977535994649037e-09
8.705309091604479214e-09
8.699640965293827390e-09
8.693977887274696005e-09
8.688315626701348279e-09
8.682654005498226136e-09
8.676997876418958305e-09
8.671343626230536502e-09
7.551648006716103412e-09
7.546751627484041910e-09
7.541857225756880388e-09
7.536963682933958607e-09
7.532070140108892774e-09
7.527178413499636361e-09
7.522291242630047875e-09
7.517404437011741839e-09
6.961173276581213304e-09
6.956660698189015497e-09
6.952150222350813773e-09
6.947639746510469652e-09
6.943130141322319340e-09
6.938627583364610939e-09
6.934125837683500545e-09
5.837800074763138761e-09
5.834031616519800676e-09
5.830264744115391576e-09
5.826497871709375265e-09
5.822730999304966165e-09
5.818966783349517700e-09
5.815203955460765118e-09
5.811441127569870965e-09
5.267699628119800397e-09
5.264299755857455788e-09
5.260900535358100451e-09
5.257501314860352326e-09
5.254103502990898319e-09
5.250709818295337903e-09
5.247316133601383871e-09
5.243922448905823454e-09
4.172670130466786070e-09
4.169987351554683038e-09
4.167304572642579180e-09
4.164621793730476149e-09
4.161941264507253836e-09
4.159261203569845934e-09
4.156581142632438858e-09
3.625792906579365064e-09
3.623461887091672422e-09
3.621130867604515380e-09
3.618799848117893937e-09
3.616470908315423256e-09
3.614144893590338322e-09
3.611818878865252975e-09
3.609492864140703227e-09
2.563517467071850481e-09
2.561875109669560143e-09
2.560232752266466613e-09
2.558590465241580430e-09
2.556952031621629369e-09
2.555313598002213908e-09
2.553675164383066039e-09
2.036273395193740555e-09
2.034970624400860103e-09
2.033667853607176459e-09
2.032365082813760822e-09
2.031063332520818401e-09
2.029762169140131048e-09
2.028461005759712115e-09
2.027159842379024762e-09
1.070622160705242068e-09
1.069939072420389535e-09
1.069255984135403205e-09
1.068572895850417082e-09
1.067889807565698346e-09
1.067206719280846019e-09
1.066523630995859690e-09
3.121199886173126095e-10
3.119214773357292817e-10
3.117229660542129555e-10
3.115244547726630768e-10
3.113259434911132498e-10
3.111274322095299737e-10
3.109289209279466459e-10
3.107304096464637689e-10
-0.000000000000000000e+00
-0.000000000000000000e+00
-0.000000000000000000e+00
-0.000000000000000000e+00
-0.000000000000000000e+00
-0.000000000000000000e+00
-0.000000000000000000e+00
-0.000000000000000000e+00
-0.000000000000000000e+00
-0.000000000000000000e+00
-0.000000000000000000e+00
-0.000000000000000000e+00
-0.000000000000000000e+00
-0.000000000000000000e+00
-0.000000000000000000e+00
-0.000000000000000000e+00
-0.000000000000000000e+00
-0.000000000000000000e+00
-0.000000000000000000e+00
-0.000000000000000000e+00
-0.000000000000000000e+00
-0.000000000000000000e+00
-0.000000000000000000e+00
-0.000000000000000000e+00
-0.000000000000000000e+00
-0.000000000000000000e+00
-0.000000000000000000e+00
-0.000000000000000000e+00
-0.000000000000000000e+00
-0.000000000000000000e+00
-0.000000000000000000e+00
-0.000000000000000000e+00
-0.000000000000000000e+00
-0.000000000000000000e+00
-0.000000000000000000e+00
-0.000000000000000000e+00
-0.000000000000000000e+00
-0.000000000000000000e+00
-0.000000000000000000e+00
-0.000000000000000000e+00
-0.000000000000000000e+00
-0.000000000000000000e+00
-0.000000000000000000e+00
-0.000000000000000000e+00
-0.000000000000000000e+00
-0.000000000000000000e+00
-0.000000000000000000e+00
-0.000000000000000000e+00
-0.000000000000000000e+00
-0.000000000000000000e+00
-0.000000000000000000e+00
-0.000000000000000000e+00
-0.000000000000000000e+00
-0.000000000000000000e+00
-0.000000000000000000e+00
-0.000000000000000000e+00
-0.000000000000000000e+00
-0.000000000000000000e+00
-0.000000000000000000e+00
-0.000000000000000000e+00
-0.000000000000000000e+00
-0.000000000000000000e+00
-0.000000000000000000e+00
-0.000000000000000000e+00
-0.000000000000000000e+00
-0.000000000000000000e+00
-0.000000000000000000e+00
-0.000000000000000000e+00
-0.000000000000000000e+00
-0.000000000000000000e+00
-0.000000000000000000e+00
-0.000000000000000000e+00
-0.000000000000000000e+00
-0.000000000000000000e+00
-0.000000000000000000e+00
-0.000000000000000000e+00
-0.000000000000000000e+00
-0.000000000000000000e+00
-0.000000000000000000e+00
-0.000000000000000000e+00
-0.000000000000000000e+00
-0.000000000000000000e+00
-0.000000000000000000e+00
-0.000000000000000000e+00
-0.000000000000000000e+00
-0.000000000000000000e+00
-0.000000000000000000e+00
-0.000000000000000000e+00
-0.000000000000000000e+00
-0.000000000000000000e+00
-0.000000000000000000e+00
-0.000000000000000000e+00
-0.000000000000000000e+00
-0.000000000000000000e+00
-0.000000000000000000e+00
-0.000000000000000000e+00
-0.000000000000000000e+00
-0.000000000000000000e+00
-0.000000000000000000e+00
-0.000000000000000000e+00
-0.000000000000000000e+00
-0.000000000000000000e+00
-0.000000000000000000e+00
-0.000000000000000000e+00
-0.000000000000000000e+00
-0.000000000000000000e+00
-0.000000000000000000e+00
-0.000000000000000000e+00
-0.000000000000000000e+00
-0.000000000000000000e+00
-0.000000000000000000e+00
-0.000000000000000000e+00
-0.000000000000000000e+00
-0.000000000000000000e+00
-0.000000000000000000e+00
-0.000000000000000000e+00
-0.000000000000000000e+00
-0.000000000000000000e+00
-0.000000000000000000e+00
-0.000000000000000000e+00
-0.000000000000000000e+00
-0.000000000000000000e+00
-0.000000000000000000e+00
-0.000000000000000000e+00
-0.000000000000000000e+00
-0.000000000000000000e+00
-0.000000000000000000e+00
-0.000000000000000000e+00
-0.000000000000000000e+00
-0.000000000000000000e+00
-0.000000000000000000e+00
-0.000000000000000000e+00
-0.000000000000000000e+00
-0.000000000000000000e+00
-0.000000000000000000e+00
-0.000000000000000000e+00
-0.000000000000000000e+00
-0.000000000000000000e+00
-0.000000000000000000e+00
-0.000000000000000000e+00
-0.000000000000000000e+00
-0.000000000000000000e+00
-0.000000000000000000e+00
-0.000000000000000000e+00
-0.000000000000000000e+00
-0.000000000000000000e+00
-0.000000000000000000e+00
-0.000000000000000000e+00
-0.000000000000000000e+00
-0.000000000000000000e+00
-0.000000000000000000e+00
-0.000000000000000000e+00
-0.000000000000000000e+00
-0.000000000000000000e+00
-0.000000000000000000e+00
-0.000000000000000000e+00
-0.000000000000000000e+00
-0.000000000000000000e+00
-0.000000000000000000e+00
-0.000000000000000000e+00
-0.000000000000000000e+00
-0.000000000000000000e+00
-0.000000000000000000e+00
-0.000000000000000000e+00
-0.000000000000000000e+00
-0.000000000000000000e+00
-0.000000000000000000e+00
-0.000000000000000000e+00
-0.000000000000000000e+00
-0.000000000000000000e+00
-0.000000000000000000e+00
-0.000000000000000000e+00
-0.000000000000000000e+00
-0.000000000000000000e+00
-0.000000000000000000e+00
-0.000000000000000000e+00
-0.000000000000000000e+00
-0.000000000000000000e+00
-0.000000000000000000e+00
-0.000000000000000000e+00
-0.000000000000000000e+00
-0.000000000000000000e+00
-0.000000000000000000e+00
-0.000000000000000000e+00
-0.000000000000000000e+00
-0.000000000000000000e+00
-0.000000000000000000e+00
-0.000000000000000000e+00
-0.000000000000000000e+00
-0.000000000000000000e+00
-0.000000000000000000e+00
-0.000000000000000000e+00
-0.000000000000000000e+00
-0.000000000000000000e+00
-0.000000000000000000e+00
-0.000000000000000000e+00
-0.000000000000000000e+00
-0.000000000000000000e+00
-0.000000000000000000e+00
-0.000000000000000000e+00
-0.000000000000000000e+00
-0.000000000000000000e+00
-0.000000000000000000e+00
-0.000000000000000000e+00
-0.000000000000000000e+00
-0.000000000000000000e+00
-0.000000000000000000e+00
-0.000000000000000000e+00
-0.000000000000000000e+00
-0.000000000000000000e+00
-0.000000000000000000e+00
-0.000000000000000000e+00
-0.000000000000000000e+00
-0.000000000000000000e+00
-0.000000000000000000e+00
-0.000000000000000000e+00
-0.000000000000000000e+00
-0.000000000000000000e+00
-0.000000000000000000e+00
-0.000000000000000000e+00
-0.000000000000000000e+00
-0.000000000000000000e+00
-0.000000000000000000e+00
-0.000000000000000000e+00
-0.000000000000000000e+00
-0.000000000000000000e+00
-0.000000000000000000e+00
-0.000000000000000000e+00
-0.000000000000000000e+00
-0.000000000000000000e+00
-0.000000000000000000e+00
-0.000000000000000000e+00
-0.000000000000000000e+00
-0.000000000000000000e+00
-0.000000000000000000e+00
-0.000000000000000000e+00
-0.000000000000000000e+00
-0.000000000000000000e+00
-0.000000000000000000e+00
-0.000000000000000000e+00
-0.000000000000000000e+00
-0.000000000000000000e+00
-0.000000000000000000e+00
-0.000000000000000000e+00
-0.000000000000000000e+00
-0.000000000000000000e+00
-0.000000000000000000e+00
-0.000000000000000000e+00
-0.000000000000000000e+00
-0.000000000000000000e+00
-0.000000000000000000e+00
-0.000000000000000000e+00
-0.000000000000000000e+00
-0.000000000000000000e+00
-0.000000000000000000e+00
-0.000000000000000000e+00
-0.000000000000000000e+00
-0.000000000000000000e+00
-0.000000000000000000e+00
-0.000000000000000000e+00
-0.000000000000000000e+00
-0.000000000000000000e+00
-0.000000000000000000e+00
-0.000000000000000000e+00
-0.000000000000000000e+00
-0.000000000000000000e+00
-0.000000000000000000e+00
-0.000000000000000000e+00
-0.000000000000000000e+00
-0.000000000000000000e+00
-0.000000000000000000e+00
-0.000000000000000000e+00
-0.000000000000000000e+00
-0.000000000000000000e+00
-0.000000000000000000e+00
-0.000000000000000000e+00
-0.000000000000000000e+00
-0.000000000000000000e+00
-0.000000000000000000e+00
-0.000000000000000000e+00
-0.000000000000000000e+00
-0.000000000000000000e+00
-0.000000000000000000e+00
-0.000000000000000000e+00
-0.000000000000000000e+00
-0.000000000000000000e+00
-0.000000000000000000e+00
-0.000000000000000000e+00
-0.000000000000000000e+00
-0.000000000000000000e+00
-0.000000000000000000e+00
-0.000000000000000000e+00
-0.000000000000000000e+00
-0.000000000000000000e+00
-0.000000000000000000e+00
-0.000000000000000000e+00
-0.000000000000000000e+00
-0.000000000000000000e+00
-0.000000000000000000e+00
-0.000000000000000000e+00
-0.000000000000000000e+00
-0.000000000000000000e+00
-0.000000000000000000e+00
-0.000000000000000000e+00
-0.000000000000000000e+00
-0.000000000000000000e+00
-0.000000000000000000e+00
-0.000000000000000000e+00
-0.000000000000000000e+00
-0.000000000000000000e+00
-0.000000000000000000e+00
-0.000000000000000000e+00
-0.000000000000000000e+00
-0.000000000000000000e+00
-0.000000000000000000e+00
-0.000000000000000000e+00
-0.000000000000000000e+00
-0.000000000000000000e+00
-0.000000000000000000e+00
-0.000000000000000000e+00
-0.000000000000000000e+00
-0.000000000000000000e+00
-0.000000000000000000e+00
-0.000000000000000000e+00
-0.000000000000000000e+00
-0.000000000000000000e+00
-0.000000000000000000e+00
-0.000000000000000000e+00
-0.000000000000000000e+00
-0.000000000000000000e+00
-0.000000000000000000e+00
-0.000000000000000000e+00
-0.000000000000000000e+00
-0.000000000000000000e+00
-0.000000000000000000e+00
-0.000000000000000000e+00
-0.000000000000000000e+00
-0.000000000000000000e+00
-0.000000000000000000e+00
-0.000000000000000000e+00
-0.000000000000000000e+00
-0.000000000000000000e+00
-0.000000000000000000e+00
-0.000000000000000000e+00
-0.000000000000000000e+00
-0.000000000000000000e+00
-0.000000000000000000e+00
-0.000000000000000000e+00
-0.000000000000000000e+00
-0.000000000000000000e+00
-0.000000000000000000e+00
-0.000000000000000000e+00
-0.000000000000000000e+00
-0.000000000000000000e+00
-0.000000000000000000e+00
-0.000000000000000000e+00
-0.000000000000000000e+00
-0.000000000000000000e+00
-0.000000000000000000e+00
-0.000000000000000000e+00
-0.000000000000000000e+00
-0.000000000000000000e+00
-0.000000000000000000e+00
-0.000000000000000000e+00
-0.000000000000000000e+00
-0.000000000000000000e+00
-0.000000000000000000e+00
-0.000000000000000000e+00
-0.000000000000000000e+00
-0.000000000000000000e+00
-0.000000000000000000e+00
-0.000000000000000000e+00
-0.000000000000000000e+00
-0.000000000000000000e+00
-0.000000000000000000e+00
-0.000000000000000000e+00
-0.000000000000000000e+00
-0.000000000000000000e+00
-0.000000000000000000e+00
-0.000000000000000000e+00
-0.000000000000000000e+00
-0.000000000000000000e+00
-0.000000000000000000e+00
-0.000000000000000000e+00
-0.000000000000000000e+00
-0.000000000000000000e+00
-0.000000000000000000e+00
-0.000000000000000000e+00
-0.000000000000000000e+00
-0.000000000000000000e+00
-0.000000000000000000e+00
-0.000000000000000000e+00
-0.000000000000000000e+00
-0.000000000000000000e+00
-0.000000000000000000e+00
-0.000000000000000000e+00
-0.000000000000000000e+00
-0.000000000000000000e+00
-0.000000000000000000e+00
-0.000000000000000000e+00
-0.000000000000000000e+00
-0.000000000000000000e+00
-0.000000000000000000e+00
-0.000000000000000000e+00
-0.000000000000000000e+00
-0.000000000000000000e+00
-0.000000000000000000e+00
-0.000000000000000000e+00
-0.000000000000000000e+00
-0.000000000000000000e+00
-0.000000000000000000e+00
-0.000000000000000000e+00
-0.000000000000000000e+00
-0.000000000000000000e+00
-0.000000000000000000e+00
-0.000000000000000000e+00
-0.000000000000000000e+00
-0.000000000000000000e+00
-0.000000000000000000e+00
-0.000000000000000000e+00
-0.000000000000000000e+00
-0.000000000000000000e+00
-0.000000000000000000e+00
-0.000000000000000000e+00
-0.000000000000000000e+00
-0.000000000000000000e+00
-0.000000000000000000e+00
-0.000000000000000000e+00
-0.000000000000000000e+00
-0.000000000000000000e+00
-0.000000000000000000e+00
-0.000000000000000000e+00
-0.000000000000000000e+00
-0.000000000000000000e+00
-0.000000000000000000e+00
-0.000000000000000000e+00
-0.000000000000000000e+00
-0.000000000000000000e+00
-0.000000000000000000e+00
-0.000000000000000000e+00
-0.000000000000000000e+00
-0.000000000000000000e+00
-0.000000000000000000e+00
-0.000000000000000000e+00
-0.000000000000000000e+00
-0.000000000000000000e+00
-0.000000000000000000e+00
-0.000000000000000000e+00
-0.000000000000000000e+00
-0.000000000000000000e+00
-0.000000000000000000e+00
-0.000000000000000000e+00
-0.000000000000000000e+00
-0.000000000000000000e+00
-0.000000000000000000e+00
-0.000000000000000000e+00
-0.000000000000000000e+00
-0.000000000000000000e+00
-0.000000000000000000e+00
-0.000000000000000000e+00
-0.000000000000000000e+00
-0.000000000000000000e+00
-0.000000000000000000e+00
-0.000000000000000000e+00
-0.000000000000000000e+00
-0.000000000000000000e+00
-0.000000000000000000e+00
-0.000000000000000000e+00
-0.000000000000000000e+00
-0.000000000000000000e+00
-0.000000000000000000e+00
-0.000000000000000000e+00
-0.000000000000000000e+00
-0.000000000000000000e+00
-0.000000000000000000e+00
-0.000000000000000000e+00
-0.000000000000000000e+00
-0.000000000000000000e+00
-0.000000000000000000e+00
-0.000000000000000000e+00
-0.000000000000000000e+00
-0.000000000000000000e+00
-0.000000000000000000e+00
-0.000000000000000000e+00
-0.000000000000000000e+00
-0.000000000000000000e+00
-0.000000000000000000e+00
-0.000000000000000000e+00
-0.000000000000000000e+00
-0.000000000000000000e+00
-0.000000000000000000e+00
-0.000000000000000000e+00
-0.000000000000000000e+00
-0.000000000000000000e+00
-0.000000000000000000e+00
-0.000000000000000000e+00
-0.000000000000000000e+00
-0.000000000000000000e+00
-0.000000000000000000e+00
-0.000000000000000000e+00
-0.000000000000000000e+00
-0.000000000000000000e+00
-0.000000000000000000e+00
-0.000000000000000000e+00
-0.000000000000000000e+00
-0.000000000000000000e+00
-0.000000000000000000e+00
-0.000000000000000000e+00
-0.000000000000000000e+00
-0.000000000000000000e+00
-0.000000000000000000e+00
-0.000000000000000000e+00
-0.000000000000000000e+00
-0.000000000000000000e+00
-0.000000000000000000e+00
-0.000000000000000000e+00
-0.000000000000000000e+00
-0.000000000000000000e+00
-0.000000000000000000e+00
-0.000000000000000000e+00
-0.000000000000000000e+00
-0.000000000000000000e+00
-0.000000000000000000e+00
-0.000000000000000000e+00
-0.000000000000000000e+00
-0.000000000000000000e+00
-0.000000000000000000e+00
-0.000000000000000000e+00
-0.000000000000000000e+00
-0.000000000000000000e+00
-0.000000000000000000e+00
-0.000000000000000000e+00
-0.000000000000000000e+00
-0.000000000000000000e+00
-0.000000000000000000e+00
-0.000000000000000000e+00
-0.000000000000000000e+00
-0.000000000000000000e+00
-0.000000000000000000e+00
-0.000000000000000000e+00
-0.000000000000000000e+00
-0.000000000000000000e+00
-0.000000000000000000e+00
-0.000000000000000000e+00
-0.000000000000000000e+00
-0.000000000000000000e+00
-0.000000000000000000e+00
-0.000000000000000000e+00
-0.000000000000000000e+00
-0.000000000000000000e+00
-0.000000000000000000e+00
-0.000000000000000000e+00
-0.000000000000000000e+00
-0.000000000000000000e+00
-0.000000000000000000e+00
-0.000000000000000000e+00
-0.000000000000000000e+00
-0.000000000000000000e+00
-0.000000000000000000e+00
-0.000000000000000000e+00
-0.000000000000000000e+00
-0.000000000000000000e+00
-0.000000000000000000e+00
-0.000000000000000000e+00
-0.000000000000000000e+00
-0.000000000000000000e+00
-0.000000000000000000e+00
-0.000000000000000000e+00
-0.000000000000000000e+00
-0.000000000000000000e+00
-0.000000000000000000e+00
-0.000000000000000000e+00
-0.000000000000000000e+00
-0.000000000000000000e+00
-0.000000000000000000e+00
-0.000000000000000000e+00
-0.000000000000000000e+00
-0.000000000000000000e+00
-0.000000000000000000e+00
-0.000000000000000000e+00
-0.000000000000000000e+00
-0.000000000000000000e+00
-0.000000000000000000e+00
-0.000000000000000000e+00
-0.000000000000000000e+00
-0.000000000000000000e+00
-0.000000000000000000e+00
-0.000000000000000000e+00
-0.000000000000000000e+00
-0.000000000000000000e+00
-0.000000000000000000e+00
-0.000000000000000000e+00
-0.000000000000000000e+00
-0.000000000000000000e+00
-0.000000000000000000e+00
-0.000000000000000000e+00
-0.000000000000000000e+00
-0.000000000000000000e+00
-0.000000000000000000e+00
-0.000000000000000000e+00
-0.000000000000000000e+00
-0.000000000000000000e+00
-0.000000000000000000e+00
-0.000000000000000000e+00
-0.000000000000000000e+00
-0.000000000000000000e+00
-0.000000000000000000e+00
-0.000000000000000000e+00
-0.000000000000000000e+00
-0.000000000000000000e+00
-0.000000000000000000e+00
-0.000000000000000000e+00
-0.000000000000000000e+00
-0.000000000000000000e+00
-0.000000000000000000e+00
-0.000000000000000000e+00
-0.000000000000000000e+00
-0.000000000000000000e+00
-0.000000000000000000e+00
-0.000000000000000000e+00
-0.000000000000000000e+00
-0.000000000000000000e+00
-0.000000000000000000e+00
-0.000000000000000000e+00
-0.000000000000000000e+00
-0.000000000000000000e+00
-0.000000000000000000e+00
-0.000000000000000000e+00
-0.000000000000000000e+00
-0.000000000000000000e+00
-0.000000000000000000e+00
-0.000000000000000000e+00
-0.000000000000000000e+00
-0.000000000000000000e+00
-0.000000000000000000e+00
-0.000000000000000000e+00
-0.000000000000000000e+00
-0.000000000000000000e+00
-0.000000000000000000e+00
-0.000000000000000000e+00
-0.000000000000000000e+00
-0.000000000000000000e+00
-0.000000000000000000e+00
-0.000000000000000000e+00
-0.000000000000000000e+00
-0.000000000000000000e+00
-0.000000000000000000e+00
-0.000000000000000000e+00
-0.000000000000000000e+00
-0.000000000000000000e+00
-0.000000000000000000e+00
-0.000000000000000000e+00
-0.000000000000000000e+00
-0.000000000000000000e+00
-0.000000000000000000e+00
-0.000000000000000000e+00
-0.000000000000000000e+00
-0.000000000000000000e+00
-0.000000000000000000e+00
-0.000000000000000000e+00
-0.000000000000000000e+00
-0.000000000000000000e+00
-0.000000000000000000e+00
-0.000000000000000000e+00
-0.000000000000000000e+00
-0.000000000000000000e+00
-0.000000000000000000e+00
-0.000000000000000000e+00
-0.000000000000000000e+00
-0.000000000000000000e+00
-0.000000000000000000e+00
-0.000000000000000000e+00
-0.000000000000000000e+00
-0.000000000000000000e+00
-0.000000000000000000e+00
-0.000000000000000000e+00
-0.000000000000000000e+00
-0.000000000000000000e+00
-0.000000000000000000e+00
-0.000000000000000000e+00
-0.000000000000000000e+00
-0.000000000000000000e+00
-0.000000000000000000e+00
-0.000000000000000000e+00
-0.000000000000000000e+00
-0.000000000000000000e+00
-0.000000000000000000e+00
-0.000000000000000000e+00
-0.000000000000000000e+00
-0.000000000000000000e+00
-0.000000000000000000e+00
-0.000000000000000000e+00
-0.000000000000000000e+00
-0.000000000000000000e+00
-0.000000000000000000e+00
-0.000000000000000000e+00
-0.000000000000000000e+00
-0.000000000000000000e+00
-0.000000000000000000e+00
-0.000000000000000000e+00
-0.000000000000000000e+00
-0.000000000000000000e+00
-0.000000000000000000e+00
-0.000000000000000000e+00
-0.000000000000000000e+00
-0.000000000000000000e+00
-0.000000000000000000e+00
-0.000000000000000000e+00
-0.000000000000000000e+00
-0.000000000000000000e+00
-0.000000000000000000e+00
-0.000000000000000000e+00
-0.000000000000000000e+00
-0.000000000000000000e+00
-0.000000000000000000e+00
-0.000000000000000000e+00
-0.000000000000000000e+00
-0.000000000000000000e+00
-0.000000000000000000e+00
-0.000000000000000000e+00
-0.000000000000000000e+00
-0.000000000000000000e+00
-0.000000000000000000e+00
-0.000000000000000000e+00
-0.000000000000000000e+00
-0.000000000000000000e+00
-0.000000000000000000e+00
-0.000000000000000000e+00
-0.000000000000000000e+00
-0.000000000000000000e+00
-0.000000000000000000e+00
-0.000000000000000000e+00
-0.000000000000000000e+00
-0.000000000000000000e+00
-0.000000000000000000e+00
-0.000000000000000000e+00
-0.000000000000000000e+00
-0.000000000000000000e+00
-0.000000000000000000e+00
-0.000000000000000000e+00
-0.000000000000000000e+00
-0.000000000000000000e+00
-0.000000000000000000e+00
-0.000000000000000000e+00
-0.000000000000000000e+00
-0.000000000000000000e+00
-0.000000000000000000e+00
-0.000000000000000000e+00
-0.000000000000000000e+00
-0.000000000000000000e+00
