1.422422092117964392e-06
1.532655414369241568e-06
1.638908715002505788e-06
1.741305430881481313e-06
1.839945483516730631e-06
1.934933987881393302e-06
2.026374909329403621e-06
2.114369269554806417e-06
2.199015994213645671e-06
2.280414244960931151e-06
2.358654348492641519e-06
2.433827697810900944e-06
2.506020304786976386e-06
2.575316598831132024e-06
2.641797040526293031e-06
2.705538028378698331e-06
2.766618297409813701e-06
2.825110093849752284e-06
2.881086061633719959e-06
2.934613179933440772e-06
2.985755538403095075e-06
3.034579463503946768e-06
3.081147227211088583e-06
3.125519648724097648e-06
3.167751538186266086e-06
3.207903443374526332e-06
3.246029830188408426e-06
3.282179517198863240e-06
3.316407827496495391e-06
3.348760219954600445e-06
3.379290924051159192e-06
3.408041930524145764e-06
3.435059329522893030e-06
3.460391849230703732e-06
3.484074399555438267e-06
3.506159351604611720e-06
3.526679090248003842e-06
3.545681033224075272e-06
3.563202628629631183e-06
3.579285038243178836e-06
3.593960418097282591e-06
3.607277198069044877e-06
3.619260698457098539e-06
3.629949921198177652e-06
3.639385849085528368e-06
3.647597292336759490e-06
3.654623684793245999e-06
3.660488491581466740e-06
3.665232175113623971e-06
3.668886484440568336e-06
3.671476104876754539e-06
3.673042257755407383e-06
3.673607454259931549e-06
3.673201850801125856e-06
3.671860550228335296e-06
3.669604219683501102e-06
3.666465247177624713e-06
3.662474363201981303e-06
3.657651135929929548e-06
3.652027958747572562e-06
3.645633431208564201e-06
3.638485201546666568e-06
3.630613107647886844e-06
3.622048004790426871e-06
3.612804548931263106e-06
3.602910340085191691e-06
3.592394590342570375e-06
3.581272855162355272e-06
3.569569836788479619e-06
3.557314732326440451e-06
3.544529012715261625e-06
3.531225872864280659e-06
3.517434404449482116e-06
3.503177808908110954e-06
3.488474875838374316e-06
3.473340819022146317e-06
3.457804759022030227e-06
3.441885097698600661e-06
3.425598717877256539e-06
3.408962432408819163e-06
3.392003068149031210e-06
3.374736786470009150e-06
3.357180408929310651e-06
3.339346803312572520e-06
3.321260690856577941e-06
3.302940366954179927e-06
3.284399138924966647e-06
3.265648513247606606e-06
3.246711217735620700e-06
3.227605661013141628e-06
3.208339881002625789e-06
3.188929421860899273e-06
3.169389916412790012e-06
3.149738918969319973e-06
3.129989508950357149e-06
3.110150603777400437e-06
3.090237474662344042e-06
3.070264418532849320e-06
3.050245000769967144e-06
3.030189463446983325e-06
3.010105927342016017e-06
2.990010860546451627e-06
2.969914812328116088e-06
2.949829919869967968e-06
2.929764170147972987e-06
2.909723009384336324e-06
2.889724885430895828e-06
2.869775802124012536e-06
2.849888494126237133e-06
2.830065166804484230e-06
2.810313558578830406e-06
2.790644022068831418e-06
2.771068978884926180e-06
2.751596066693638635e-06
2.732227162830078660e-06
2.712970723296664716e-06
2.693826219135636098e-06
2.674812764915149989e-06
2.655929687508541710e-06
2.637190205013861557e-06
2.618589763722608504e-06
2.600139059175541453e-06
2.581833594864633120e-06
2.563693165635950427e-06
2.545712926324747478e-06
2.527905030552181843e-06
2.510262214803970074e-06
2.492796513613519554e-06
2.475501274820030405e-06
2.458391023157626675e-06
2.441463115045543237e-06
2.424724246745858587e-06
2.408174191891812780e-06
2.391812076464327674e-06
2.375645066814113822e-06
2.359666704746935213e-06
2.343892766215604966e-06
2.328310770887261621e-06
2.312935308733829201e-06
2.297753723021143422e-06
2.282777840359570631e-06
2.268002059031392402e-06
2.253427544621960901e-06
2.239060727122110205e-06
2.224891072673576571e-06
2.210931689280371239e-06
2.197168413776750376e-06
2.183613096379465054e-06
2.170259955466673969e-06
2.157105780691434546e-06
2.144159757571423007e-06
2.131406823596886663e-06
2.118859199745551692e-06
2.106506550252632142e-06
2.094350144743012434e-06
2.082395983250299188e-06
2.070630590162078407e-06
2.059065093868870107e-06
2.047689811530054892e-06
2.036500866178932609e-06
2.025504956367958845e-06
2.014687647697040496e-06
2.004060695722253394e-06
1.993618486524030692e-06
1.983352180918850438e-06
1.973271200650611882e-06
1.963362718802594408e-06
1.953626398397563028e-06
1.944063412064965304e-06
1.934661408812430870e-06
1.925430350259366150e-06
1.916365793211775905e-06
1.907458065852581626e-06
1.898714470343215529e-06
1.890126405408247732e-06
1.881686260348396347e-06
1.873399874009439229e-06
1.865256617002788669e-06
1.857255028974102195e-06
1.849400562714664307e-06
1.841681747817212777e-06
1.834098868237345900e-06
1.826652494250244511e-06
1.819331588150684107e-06
1.812137031035719541e-06
1.805067016405234622e-06
1.798112319769313539e-06
1.791275465067435202e-06
1.784555261261754623e-06
1.777943124746202887e-06
1.771439360439258098e-06
1.765042482635644002e-06
1.758744264556828918e-06
1.752543234798332656e-06
1.746438794581976889e-06
1.740423462666793099e-06
1.734495531972649060e-06
1.728655520615114344e-06
1.722897752356544702e-06
1.717217310983494141e-06
1.711614809286014108e-06
1.706085536503666866e-06
1.700623704043868770e-06
1.695229714434040529e-06
1.689899939079903796e-06
1.684629374519807361e-06
1.679416813904426701e-06
1.674260230764610235e-06
1.669155328632459165e-06
1.664098354475322534e-06
1.659088028774462879e-06
1.654121251021935059e-06
1.649193527262414561e-06
1.644303563780807022e-06
1.639449206669312847e-06
1.634627270006963263e-06
1.629834425191021270e-06
1.625069277767154726e-06
1.620329907898935670e-06
1.615611695171815770e-06
1.610912109812037878e-06
1.606229983884834541e-06
1.601563069764817406e-06
1.596907308910136848e-06
1.592261793366186727e-06
1.587625730026287672e-06
1.582995611439067563e-06
1.578368170980206588e-06
1.573743157926427701e-06
1.569119810957741646e-06
1.564492573447636020e-06
1.559859856699759699e-06
1.555221815391815622e-06
1.550577217953060371e-06
1.545921301615911084e-06
1.541254193796823088e-06
1.536576397329790655e-06
1.531885318564862130e-06
1.527176925605472713e-06
1.522451751572719451e-06
1.517710780862967357e-06
1.512949655908443019e-06
1.508165483664388143e-06
1.503359387238977253e-06
1.498532420984433553e-06
1.493680390264006197e-06
1.488802384435453507e-06
1.483899433192514337e-06
1.478972715334763054e-06
1.474017549805682721e-06
1.469033181990989814e-06
1.464020969377110527e-06
1.458982094076026267e-06
1.453911939423681188e-06
1.448809896976234596e-06
1.443677524471068095e-06
1.438516359363189960e-06
1.433323294441236308e-06
1.428098123995463193e-06
1.422842247693605845e-06
1.417557520310390406e-06
1.412240863295845638e-06
1.406891732132977929e-06
1.401511336602608127e-06
1.396101771357160157e-06
1.390661242472415995e-06
1.385188321354295858e-06
1.379684525685687339e-06
1.374151617777421287e-06
1.368590144672851786e-06
1.362998862279970876e-06
1.357378811889838416e-06
1.351731615328042867e-06
1.346058713436252210e-06
1.340358565852610502e-06
1.334631669330770495e-06
1.328879524171741375e-06
1.323103698634493908e-06
1.317304092231952023e-06
1.311480874625323273e-06
1.305635157236522931e-06
1.299768126408630958e-06
1.293881683277028008e-06
1.287976467981019443e-06
1.282053214063250155e-06
1.276112854559734181e-06
1.270156715068733052e-06
1.264186473331275284e-06
1.258202478270047411e-06
1.252205390698819672e-06
1.246195949958855111e-06
1.240176381319208581e-06
1.234148422128734678e-06
1.228112398610145169e-06
1.222068800032032058e-06
1.216018361219786934e-06
1.209965113219638219e-06
1.203910125103462972e-06
1.197853519397033409e-06
1.191795530353070916e-06
1.185737549269524062e-06
1.179683496651179410e-06
1.173633764346320382e-06
1.167588207411346671e-06
1.161546694126112823e-06
1.155511701388937179e-06
1.149487673632092442e-06
1.143474329228643298e-06
1.137471257176689102e-06
1.131478089639382311e-06
1.125498786944170583e-06
1.119537115699186624e-06
1.113592587066978199e-06
1.107664632937041872e-06
1.101752597869099717e-06
1.095860964557427324e-06
1.089993136973414527e-06
1.084148243270876805e-06
1.078325378938820466e-06
1.072523901237295103e-06
1.066748681497249183e-06
1.061003480904195398e-06
1.055287182361013241e-06
1.049598867678736283e-06
1.043937317001002064e-06
1.038306990879543790e-06
1.032712222850285502e-06
1.027152156318379113e-06
1.021625383657452525e-06
1.016130204348660128e-06
1.010669674522705109e-06
1.005249926019313385e-06
9.998694347044250285e-07
9.945270789711467137e-07
9.892208346145306297e-07
9.839517479659908936e-07
9.787277835227634642e-07
9.735479845544428576e-07
9.684111600564722689e-07
9.633153120567683738e-07
9.582591448628383944e-07
9.532502881129432956e-07
9.482897264809360847e-07
9.433759716623352066e-07
9.385065643211187476e-07
9.336805239130581313e-07
9.289004440831922233e-07
9.241715852505270692e-07
9.194926171443132919e-07
9.148617953422088554e-07
9.102764015499757827e-07
9.057366277080751305e-07
9.012493171473066637e-07
8.968152701006073448e-07
8.924325623890655070e-07
8.880987655480453368e-07
8.838123710886090652e-07
8.795755118474258784e-07
8.753934145258306971e-07
8.712646283467131779e-07
8.671867524336396244e-07
8.631582055055241471e-07
8.591762961000996590e-07
8.552477687866653741e-07
8.513730962352709588e-07
8.475501172057761097e-07
8.437775108076437144e-07
8.400533251494156583e-07
8.363762212298045703e-07
8.327533438014513970e-07
8.291837376296414327e-07
8.256661547868321246e-07
8.221978962828357706e-07
8.187772671771963438e-07
8.154045586589193965e-07
8.120847594425584176e-07
8.088157445703752899e-07
8.055967662324715628e-07
8.024256860570718498e-07
7.993002187280239320e-07
7.962204053746219257e-07
7.931914271909321441e-07
7.902104919594407980e-07
7.872766515622040043e-07
7.843880952250620237e-07
7.815426830299808244e-07
7.787406400952784904e-07
7.759867817954674593e-07
7.732784127302551716e-07
7.706147514318723664e-07
7.679941231870099036e-07
7.654145680604459881e-07
7.628752726849813708e-07
7.603800876966194120e-07
7.579268600993067809e-07
7.555153544403305140e-07
7.531432599711200408e-07
7.508090618515997448e-07
7.485113591912576342e-07
7.462525660897281516e-07
7.440320048802500221e-07
7.418485721424896264e-07
7.397006721703052802e-07
7.375872900304389683e-07
7.355063774166368055e-07
7.334595301145768699e-07
7.314467727721555972e-07
7.294670773209209492e-07
7.275196538874030182e-07
7.256027849528049422e-07
7.237152644703659160e-07
7.218564207171242621e-07
7.200269197363469334e-07
7.182257990642318326e-07
7.164526305894904069e-07
7.147061186946769975e-07
7.129851333739736829e-07
7.112876346090898570e-07
7.096140572378568165e-07
7.079644134088446074e-07
7.063372895841534894e-07
7.047326157270336254e-07
7.031489377783761112e-07
7.015854509680272990e-07
7.000404886656592485e-07
6.985143120358394437e-07
6.970060706856950385e-07
6.955157382138019900e-07
6.940421670549258636e-07
6.925849650622041240e-07
6.911424673991552063e-07
6.897134238753880394e-07
6.882974114360619525e-07
6.868943763399857608e-07
6.855035313146736279e-07
6.841247437374664966e-07
6.827572782076680005e-07
6.813991947250614616e-07
6.800492294496586770e-07
6.787072579728178923e-07
6.773729140845030433e-07
6.760461118127334563e-07
6.747262999651335622e-07
6.734133060967220251e-07
6.721048459235409755e-07
6.707997401542287197e-07
6.694978587931141833e-07
6.681990612724539672e-07
6.669033405678885432e-07
6.656103259900175121e-07
6.643200181700498263e-07
6.630300387999823391e-07
6.617389225870163868e-07
6.604465442584519055e-07
6.591530640148160557e-07
6.578584230984497258e-07
6.565625262320376899e-07
6.552654813392665890e-07
6.539653232363594619e-07
6.526603297791267374e-07
6.513504265665660209e-07
6.500358155164241580e-07
6.487165604778753061e-07
6.473928625259532315e-07
6.460646246913096931e-07
6.447309492675901802e-07
6.433895531907336739e-07
6.420403967931708147e-07
6.406835119145312768e-07
6.393192260300344464e-07
6.379477310110234916e-07
6.365692898775762706e-07
6.351836103003267745e-07
6.337880603024377359e-07
6.323824978559656581e-07
6.309670561177085747e-07
6.295418985949255687e-07
6.281072233223950490e-07
6.266636034907005544e-07
6.252108856768490518e-07
6.237482306990416752e-07
6.222740859354676022e-07
6.207885299170924715e-07
6.192920564103379402e-07
6.177849907104146983e-07
6.162673995951980216e-07
6.147398722557238226e-07
6.132024628525492980e-07
6.116532944981367797e-07
6.100925922350796063e-07
6.085204797518721202e-07
6.069370872931283792e-07
6.053428521507882382e-07
6.037381453960945489e-07
6.021232857865189012e-07
6.004981135488622566e-07
5.988615664329121005e-07
5.972138148847367167e-07
5.955550119044055875e-07
5.938854762593852914e-07
5.922057668075301635e-07
5.905158302357394706e-07
5.888163857448656498e-07
5.871073026070623471e-07
5.853882873930065680e-07
5.836593344430782688e-07
5.819208436109539589e-07
5.801731570136645508e-07
5.784163648203236753e-07
5.766508154915613935e-07
5.748771903888119929e-07
5.730956569428758716e-07
5.713061576825675586e-07
5.695088963157533300e-07
5.677041264107244957e-07
5.658920592880559453e-07
5.640727465264637493e-07
5.622465877621910595e-07
5.604141268688252639e-07
5.585761144914534940e-07
5.567326688426714950e-07
5.548839325546113648e-07
5.530300459293022670e-07
5.511711837727451747e-07
5.493074485956625732e-07
5.474389789801832267e-07
5.455663193793497625e-07
5.436908046412776047e-07
5.418130635704466197e-07
5.399330400470277004e-07
5.380508621334239224e-07
5.361666028730980816e-07
5.342803430910349361e-07
5.323921192155805543e-07
5.305021226821949496e-07
5.286119555346050211e-07
5.267226055537500334e-07
5.248341596194605731e-07
5.229465889293977083e-07
5.210598583194968535e-07
5.191739953128230804e-07
5.172890999857261841e-07
5.154050380150437625e-07
5.135226673553658918e-07
5.116441538097146588e-07
5.097696265426524100e-07
5.078989496953460101e-07
5.060321111671674779e-07
5.041690312579915976e-07
5.023096830650355248e-07
5.004539644501865675e-07
4.986018662829377742e-07
4.967556290448863229e-07
4.949165885122416379e-07
4.930846895876280827e-07
4.912597375063226447e-07
4.894416469287394486e-07
4.876301866124274982e-07
4.858253039836611202e-07
4.840268468398523521e-07
4.822349614436012071e-07
4.804526970531243516e-07
4.786803262163497512e-07
4.769175610433804798e-07
4.751642827171780811e-07
4.734202540076156550e-07
4.716852289774911201e-07
4.699590012197830105e-07
4.682413292177000864e-07
4.665332291560762459e-07
4.648370632796971205e-07
4.631527447438839907e-07
4.614801041969351408e-07
4.598188926116722978e-07
4.581688864525431427e-07
4.565297769698550610e-07
4.549013002323768529e-07
4.532833938316527011e-07
4.516769191240417010e-07
4.500841391803238880e-07
4.485050203848109042e-07
4.469392786867827099e-07
4.453866766137761729e-07
4.438469284358284358e-07
4.423196910811330478e-07
4.408046793769053713e-07
4.393017262743568673e-07
4.378113887927721556e-07
4.363357870801821690e-07
4.348748353900017010e-07
4.334283344451938225e-07
4.319959102648728046e-07
4.305773773103679027e-07
4.291722589859705533e-07
4.277802983093384494e-07
4.264011481579841800e-07
4.250346623757797733e-07
4.236834234134613673e-07
4.223471336217878244e-07
4.210255267644124821e-07
4.197184303778039830e-07
4.184255371849211944e-07
4.171464186603611557e-07
4.158806978720059431e-07
4.146281753602830272e-07
4.133882561904260804e-07
4.121627720448408155e-07
4.109521238259999370e-07
4.097560973720412369e-07
4.085745118714154429e-07
4.074069830901571093e-07
4.062532739367986296e-07
4.051130023439154307e-07
4.039857537956059830e-07
4.028711772162801106e-07
4.017693315557887008e-07
4.006815725664273928e-07
3.996077404083356551e-07
3.985476355502819712e-07
3.975009354404259606e-07
3.964673622355284848e-07
3.954465850486061493e-07
3.944382557410708195e-07
3.934421669056398221e-07
3.924575729280935126e-07
3.914852890200453829e-07
3.905256436883162456e-07
3.895783738593804634e-07
3.886432935105726659e-07
3.877201570534142359e-07
3.868088215334770919e-07
3.859088215009897109e-07
3.850199556685672195e-07
3.841419234202355824e-07
3.832737910513329537e-07
3.824165036716504075e-07
3.815701728809974697e-07
3.807344605434827832e-07
3.799091400089291788e-07
3.790940230068999540e-07
3.782889163464593120e-07
3.774935394678487493e-07
3.767076098581364889e-07
3.759309339741904348e-07
3.751626313726110580e-07
3.744031683258081740e-07
3.736524384760050576e-07
3.729103439089882148e-07
3.721766486731422762e-07
3.714512002866125166e-07
3.707338581801308776e-07
3.700243575325733452e-07
3.693224954519357779e-07
3.686281167189223716e-07
3.679402422439989335e-07
3.672590029315334840e-07
3.665843887817938610e-07
3.659162129399895264e-07
3.652543472421581543e-07
3.645986765029150497e-07
3.639491055393891605e-07
3.633054328040717424e-07
3.626675336431897060e-07
3.620352740385972138e-07
3.614077741822541504e-07
3.607847271876015718e-07
3.601660647748053802e-07
3.595517406286122394e-07
3.589416364926348009e-07
3.583356877209797171e-07
3.577338091005231316e-07
3.571358568153196992e-07
3.565417338384229383e-07
3.559513872484001507e-07
3.553643837865435630e-07
3.547798056480161889e-07
3.541974134415712666e-07
3.536171817145463575e-07
3.530390907968882506e-07
3.524630742159076409e-07
3.518890518690539593e-07
3.513170041336231365e-07
3.507468520540319172e-07
3.501785484998424570e-07
3.496120260300373856e-07
3.490465612589979899e-07
3.484813524001594758e-07
3.479163498823585610e-07
3.473515715157335111e-07
3.467869985437561486e-07
3.462225962025849557e-07
3.456583967875533320e-07
3.450943736496495042e-07
3.445304667441477975e-07
3.439666507882158792e-07
3.434028570424195741e-07
3.428381972125497783e-07
3.422721912010943176e-07
3.417048506589066782e-07
3.411360711014234978e-07
3.405659793011013765e-07
3.399945885231538947e-07
3.394218532553996536e-07
3.388478542285488561e-07
3.382726271314029983e-07
3.376961676811940925e-07
3.371182370908639781e-07
3.365381534724626875e-07
3.359555124783804097e-07
3.353703877330597332e-07
3.347827722582197221e-07
3.341926163143069443e-07
3.336000842102124643e-07
3.330051428080592097e-07
3.324078510837019793e-07
3.318083207613794388e-07
3.312065724482173490e-07
3.306024173627640300e-07
3.299954375397456811e-07
3.293853248488201786e-07
3.287721365118064941e-07
3.281558538750909533e-07
3.275364979020614272e-07
3.269142040433657680e-07
3.262889138524601187e-07
3.256608123338762473e-07
3.250299689517697185e-07
3.243962712925864540e-07
3.237599121699937756e-07
3.231206991626700226e-07
3.224783419913230282e-07
3.218328016419540550e-07
3.211841388347128500e-07
3.205324284372322584e-07
3.198777146171982818e-07
3.192200909044124725e-07
3.185596101666056399e-07
3.178962637895374139e-07
3.172302242416519430e-07
3.165614941869525496e-07
3.158901337401298299e-07
3.152160784267299050e-07
3.145393338659693468e-07
3.138599394840131249e-07
3.131779616351353382e-07
3.124934298119220673e-07
3.118063470159192640e-07
3.111167975739155088e-07
3.104247948672525990e-07
3.097304418145840875e-07
3.090337952301366917e-07
3.083349530980041235e-07
3.076342645873595044e-07
3.069318106061123297e-07
3.062275826437837652e-07
3.055215997436226410e-07
3.048138711449796424e-07
3.041044700392941153e-07
3.033934158047317172e-07
3.026807640771269290e-07
3.019665653978345706e-07
3.012508337882992378e-07
3.005335400430790190e-07
2.998150923478594159e-07
2.990959692260265733e-07
2.983761677817442513e-07
2.976557005709206401e-07
2.969346210900391059e-07
2.962129514331917483e-07
2.954906554983943992e-07
2.947677855530009151e-07
2.940443274686711424e-07
2.933203721268734205e-07
2.925958901461523914e-07
2.918708848181627916e-07
2.911457307284024677e-07
2.904211837156257704e-07
2.896971811596186454e-07
2.889737265925084829e-07
2.882507567294144748e-07
2.875284548010966942e-07
2.868066502571323983e-07
2.860854210277714598e-07
2.853646630274030343e-07
2.846445285237519179e-07
2.839248899837259239e-07
2.832057865750602694e-07
2.824875415862598890e-07
2.817711407032127555e-07
2.810565347533692917e-07
2.803436542219213627e-07
2.796325593296080897e-07
2.789232873519777892e-07
2.782157737033611560e-07
2.775099261807490465e-07
2.768057578458130238e-07
2.761032986653929156e-07
2.754024222042359379e-07
2.747032195521805353e-07
2.740057093651273710e-07
2.733109163755739235e-07
2.726189064801423904e-07
2.719296649076793143e-07
2.712433346173562144e-07
2.705597900258660449e-07
2.698788817355704483e-07
2.692006568503104345e-07
2.685250962300213076e-07
2.678521497883744000e-07
2.671817080658429310e-07
2.665137932823881489e-07
2.658483875889929760e-07
2.651858311180901295e-07
2.645270390126308555e-07
2.638718943024473360e-07
2.632202969830181699e-07
2.625720767286384552e-07
2.619274722093911024e-07
2.612862652052790532e-07
2.606485333259502096e-07
2.600139418691306729e-07
2.593827456036115489e-07
2.587546056642061131e-07
2.581297731700099082e-07
2.575079149371402967e-07
2.568901305611536245e-07
2.562763390959392101e-07
2.556667781399985826e-07
2.550613948210269545e-07
2.544600254813321913e-07
2.538624360542860442e-07
2.532689839229942341e-07
2.526793743432845226e-07
2.520935466969052263e-07
2.515114110414934343e-07
2.509329061704483780e-07
2.503580428111035213e-07
2.497866568875018602e-07
2.492196495375824846e-07
2.486569812407362514e-07
2.480984787928708972e-07
2.475444473542922195e-07
2.469946660845373311e-07
2.464488318289897504e-07
2.459071723901302679e-07
2.453695752799506092e-07
2.448359883046193776e-07
2.443061692424445150e-07
2.437801736970732503e-07
2.432579316346356585e-07
2.427392262891514386e-07
2.422247616632455582e-07
2.417144792682765700e-07
2.412082728485352188e-07
2.407063961025864817e-07
2.402085692849246272e-07
2.397145462997830062e-07
2.392246592287155786e-07
2.387387090458306841e-07
2.382565046673563890e-07
2.377780958735884101e-07
2.373031801143529769e-07
2.368321738167967612e-07
2.363643384973622817e-07
2.359004122864789839e-07
2.354400887136505078e-07
2.349838418904918923e-07
2.345313659944869819e-07
2.340824697121485076e-07
2.336373173770161926e-07
2.331958384353112888e-07
2.327579656854726399e-07
2.323235263807210711e-07
2.318924339920670423e-07
2.314648843794471670e-07
2.310405771751527665e-07
2.306195055364281765e-07
2.302012986365689571e-07
2.297865128899935003e-07
2.293749338705653185e-07
2.289664992729972074e-07
2.285612002556204502e-07
2.281591253515045402e-07
2.277600239970381412e-07
2.273639040665783442e-07
2.269708084118607639e-07
2.265806727569760441e-07
2.261933425402647609e-07
2.258086999364793359e-07
2.254270151157568451e-07
2.250476336457885698e-07
2.246708093018806722e-07
2.242962765342066937e-07
2.239243903330042790e-07
2.235548254619315283e-07
2.231875737503392520e-07
2.228227141117131151e-07
2.224602581432894446e-07
2.220999755992362103e-07
2.217419041651503784e-07
2.213860943846737577e-07
2.210323925028611032e-07
2.206808123613319160e-07
2.203312681841936494e-07
2.199834624263902184e-07
2.196373692380854354e-07
2.192928498458057935e-07
2.189500418524252665e-07
2.186088460321845450e-07
2.182691782816576367e-07
2.179311128135515120e-07
2.175946378443673253e-07
2.172596529668195090e-07
2.169261065711058837e-07
2.165940805875047119e-07
2.162634870343649493e-07
2.159342756414670224e-07
2.156064425542180981e-07
2.152796786664093943e-07
2.149538542507945775e-07
2.146288585637450248e-07
2.143047826530016432e-07
2.139815259538154403e-07
2.136591211648769052e-07
2.133375293939906385e-07
2.130167974226169105e-07
2.126968357302152179e-07
2.123776288833370422e-07
2.120592436511332199e-07
2.117415932077291628e-07
2.114246406640776886e-07
2.111084552696962132e-07
2.107927837068457724e-07
2.104774171586961655e-07
2.101622968496311823e-07
2.098473808465224395e-07
2.095327045973599665e-07
2.092182399085674105e-07
2.089040103978797367e-07
2.085899883626608885e-07
2.082761470551350509e-07
2.079625329530164795e-07
2.076491262322613733e-07
2.073358656009727459e-07
2.070227906196549923e-07
2.067099338811194833e-07
2.063971783571766438e-07
2.060843827521429600e-07
2.057713388422807006e-07
2.054581361267851385e-07
2.051447123565273534e-07
2.048310770024368387e-07
2.045172490452513927e-07
2.042032145890567027e-07
2.038889663532657738e-07
2.035745425183969232e-07
2.032599011359904712e-07
2.029450567764530664e-07
2.026300254355784014e-07
2.023148115275092742e-07
2.019993771913976018e-07
2.016836998035862861e-07
2.013676760665439369e-07
2.010511847023472763e-07
2.007342356604994127e-07
2.004169116753669854e-07
2.000991007943512461e-07
1.997808797686322048e-07
1.994622574841784013e-07
1.991431946956664002e-07
1.988237393502432139e-07
1.985038677702039446e-07
1.981835851625989325e-07
1.978629221993382304e-07
1.975418779065880589e-07
1.972204125609595874e-07
1.968985606838735042e-07
1.965763033417717460e-07
1.962535722486368743e-07
1.959304019573992031e-07
1.956068317075376405e-07
1.952827996697974981e-07
1.949583548242824676e-07
1.946335106955676177e-07
1.943082280540843260e-07
1.939825514928985403e-07
1.936564891876569971e-07
1.933300026713747835e-07
1.930031372903842738e-07
1.926759169238995037e-07
1.923482789471324411e-07
1.920202878858671617e-07
1.916920252359387294e-07
1.913634923479411789e-07
1.910347147356927273e-07
1.907057027748387590e-07
1.903764324278547801e-07
1.900469356632888794e-07
1.897172188083924696e-07
1.893872406747485344e-07
1.890570576739043280e-07
1.887266497296543412e-07
1.883960034442243374e-07
1.880651741651187824e-07
1.877341180972614681e-07
1.874028409073028116e-07
1.870713982277738655e-07
1.867398152621399754e-07
1.864083251453778513e-07
1.860768762144916446e-07
1.857455202040514880e-07
1.854142303878809065e-07
1.850830101424226346e-07
1.847518570488893881e-07
1.844207618355738230e-07
1.840897705244864691e-07
1.837588288275916710e-07
1.834279789121377188e-07
1.830971936406289384e-07
1.827664493669547611e-07
1.824358099258897842e-07
1.821052341638300457e-07
1.817747736119730676e-07
1.814445970663669522e-07
1.811149329272436411e-07
1.807857125813768683e-07
1.804569476516680327e-07
1.801286731293869986e-07
1.798007872842674382e-07
1.794734273771514209e-07
1.791464809340914194e-07
1.788200013585665823e-07
1.784939594154888448e-07
1.781683221443498339e-07
1.778431307804074878e-07
1.775183335463165099e-07
1.771940184416850433e-07
1.768700851252113870e-07
1.765466247106203145e-07
1.762238389097449620e-07
1.759019462385356996e-07
1.755809277050738936e-07
1.752606753401873401e-07
1.749413280215345983e-07
1.746227035701164058e-07
1.743049998550315268e-07
1.739880685708058858e-07
1.736719311062919505e-07
1.733566127182334388e-07
1.730420254995182055e-07
1.727282152843695760e-07
1.724151316634004637e-07
1.721028740207653391e-07
1.717913346356420582e-07
1.714805549471693896e-07
1.711706796432283943e-07
1.708620516939815694e-07
1.705545286466136917e-07
1.702481149621931845e-07
1.699428852029128122e-07
1.696386516629680349e-07
1.693356298571867871e-07
1.690335975535157525e-07
1.687326964753053802e-07
1.684328934753612353e-07
1.681340838588863779e-07
1.678363343580163047e-07
1.675395781795444434e-07
1.672438004391537352e-07
1.669490186013930028e-07
1.666552790701152288e-07
1.663625539673485365e-07
1.660712261233553714e-07
1.657810639232443504e-07
1.654924164868912777e-07
1.652049576847580101e-07
1.649188134519243763e-07
1.646339866493288590e-07
1.643503543841798661e-07
1.640680558014595553e-07
1.637869153204706462e-07
1.635070335339988689e-07
1.632283282308051586e-07
1.629508098061013603e-07
1.626745060079244967e-07
1.623993582531889465e-07
1.621253305643396817e-07
1.618524083832520313e-07
1.615806502210138158e-07
1.613103848022180187e-07
1.610414259482605039e-07
1.607737806051502519e-07
1.605075208877477328e-07
1.602424809770715437e-07
1.599788481867499701e-07
1.597163774687114154e-07
1.594552719820295093e-07
1.591953796386351437e-07
1.589367114130259966e-07
1.586793339847368186e-07
1.584231015485653879e-07
1.581680646949097320e-07
1.579142211628695082e-07
1.576614779749933490e-07
1.574098275379696954e-07
1.571593593498926775e-07
1.569102014569870415e-07
1.566622836763897669e-07
1.564155409797721304e-07
1.561700887761355250e-07
1.559257516426695855e-07
1.556827158534390610e-07
1.554407473766287572e-07
1.552000295482002390e-07
1.549604405649003947e-07
1.547219554982107733e-07
1.544846674796580354e-07
1.542484161920785838e-07
1.540132734509067416e-07
1.537792273669339511e-07
1.535462074449114410e-07
1.533141561590201150e-07
1.530830542817814769e-07
1.528531391597894570e-07
1.526242345747850495e-07
1.523963739072355625e-07
1.521695617788915697e-07
1.519437425983878196e-07
1.517190257836616693e-07
1.514952016348510704e-07
1.512724718975010703e-07
1.510506614550037140e-07
1.508298353898131303e-07
1.506099849197223153e-07
1.503910113466734859e-07
1.501730236489938994e-07
1.499559214335434388e-07
1.497397540760748849e-07
1.495244305750953298e-07
1.493098372564115598e-07
1.490960904698244624e-07
1.488830922757095552e-07
1.486709736181607039e-07
1.484595827084502438e-07
1.482490582699920347e-07
1.480392348665788626e-07
1.478302202435968271e-07
1.476219633410528347e-07
1.474144261149702792e-07
1.472076982744391977e-07
1.470016194828989387e-07
1.467963301274207733e-07
1.465917101146570005e-07
1.463877810430160388e-07
1.461845763807178102e-07
1.459820181327144215e-07
1.457800363237506276e-07
1.455785651101437901e-07
1.453776969651065630e-07
1.451773551748130892e-07
1.449775717363564677e-07
1.447782952802377661e-07
1.445795488892059399e-07
1.443813445426785557e-07
1.441836316993854967e-07
1.439864746323562074e-07
1.437897582639485836e-07
1.435936040763902501e-07
1.433978994497899026e-07
1.432026827135742506e-07
1.430079530958421691e-07
1.428136573879320875e-07
1.426198676201705875e-07
1.424264858243034733e-07
1.422334700364550653e-07
1.420407784706266031e-07
1.418484551346689710e-07
1.416564470757245485e-07
1.414647754091388645e-07
1.412734133232698197e-07
1.410823773535557973e-07
1.408916678460097563e-07
1.407012603909209258e-07
1.405111909226456538e-07
1.403213910021076481e-07
1.401319282454059893e-07
1.399427369249015527e-07
1.397538540955752753e-07
1.395652527056512174e-07
1.393769224222591586e-07
1.391888949554327323e-07
1.390011296279393057e-07
1.388135727375512098e-07
1.386261910492366932e-07
1.384389915439024939e-07
1.382519807090586583e-07
1.380651532199172668e-07
1.378784920383258820e-07
1.376920145599695482e-07
1.375056930840756817e-07
1.373195566308400882e-07
1.371335818585758402e-07
1.369477734194419939e-07
1.367621382693578156e-07
1.365766478624659497e-07
1.363913297352992918e-07
1.362061523042862277e-07
1.360211406045019530e-07
1.358362686228023279e-07
1.356515500511361316e-07
1.354669571701807586e-07
1.352824501782815338e-07
1.350980546507512668e-07
1.349137616180192658e-07
1.347295761757510382e-07
1.345454959879991221e-07
1.343615182989418236e-07
1.341776487753989664e-07
1.339938819996631430e-07
1.338102130763073819e-07
1.336266486858805645e-07
1.334431755124318369e-07
1.332598091573763514e-07
1.330765323121887537e-07
1.328933506173461430e-07
1.327102603803777924e-07
1.325272542968950811e-07
1.323443453272644318e-07
1.321615211664688132e-07
1.319787678708212541e-07
1.317960880366471445e-07
1.316135567968700487e-07
1.314311275152958468e-07
1.312488395831917509e-07
1.310666586968245400e-07
1.308846134212792175e-07
1.307026751254022102e-07
1.305208676953532240e-07
1.303391673096011668e-07
1.301575936997785450e-07
1.299761272481787836e-07
1.297947847034384585e-07
1.296135491043157242e-07
1.294324244471967289e-07
1.292514105282853457e-07
1.290705002487678501e-07
1.288897035441713069e-07
1.287090073834020423e-07
1.285284165768448671e-07
1.283479431079831058e-07
1.281676971683493064e-07
1.279876080516140867e-07
1.278077384492269721e-07
1.276280304732622812e-07
1.274485324454249957e-07
1.272691998887773847e-07
1.270900682729935212e-07
1.269111049516448489e-07
1.267323343651894343e-07
1.265537345391362301e-07
1.263753196911026627e-07
1.261970755451954390e-07
1.260190040142690637e-07
1.258411045369948028e-07
1.256633694462845275e-07
1.254858097235815859e-07
1.253084062549946000e-07
1.251311797947789535e-07
1.249541307705168779e-07
1.247773710844933649e-07
1.246008843789775436e-07
1.244246833213471401e-07
1.242487679245617587e-07
1.240731181540899109e-07
1.238977650001566316e-07
1.237226591321559955e-07
1.235478591894166116e-07
1.233733006112566466e-07
1.231990452043150089e-07
1.230250269444063393e-07
1.228512938881143067e-07
1.226778007613584739e-07
1.225045734309156873e-07
1.223315920823983217e-07
1.221588626701091831e-07
1.219863838441318636e-07
1.218141447077263099e-07
1.216421598456987307e-07
1.214704558642010325e-07
1.212992016202676897e-07
1.211282692652020395e-07
1.209577674513083579e-07
1.207875950398034242e-07
1.206178348683918973e-07
1.204484111498172614e-07
1.202793835351889807e-07
1.201107002223436932e-07
1.199423941073305651e-07
1.197744412318226831e-07
1.196068400570999953e-07
1.194396109489685756e-07
1.192727150772358362e-07
1.191061662378662022e-07
1.189399534483998861e-07
1.187740731886526624e-07
1.186085321715300447e-07
1.184433099525365982e-07
1.182784247045100965e-07
1.181138846218166779e-07
1.179498792382426858e-07
1.177862528936963705e-07
1.176231291670660110e-07
1.174603937868307593e-07
1.172981387919294772e-07
1.171362812923108693e-07
1.169748882994618985e-07
1.168139040140707249e-07
1.166533508783599891e-07
1.164932213997303498e-07
1.163335083849239088e-07
1.161742185808122011e-07
1.160153267977365181e-07
1.158568334216050705e-07
1.156987404204142079e-07
1.155410297583760879e-07
1.153837204542602883e-07
1.152267862151476868e-07
1.150702327879874239e-07
1.149140554344771926e-07
1.147583932323447345e-07
1.146031603006654176e-07
1.144484294924889252e-07
1.142941519538347718e-07
1.141403209730679933e-07
1.139869767626542440e-07
1.138340352605027396e-07
1.136816167672301436e-07
1.135295761135018677e-07
1.133780378836342994e-07
1.132268766476333568e-07
1.130762052166503835e-07
1.129259086813487221e-07
1.127760717241860876e-07
1.126266171371776015e-07
1.124775974422105209e-07
1.123289725794545284e-07
1.121807836007002259e-07
1.120329666472866870e-07
1.118855496101453922e-07
1.117385192568429495e-07
1.115919935999905988e-07
1.114458644263012537e-07
1.113002433430383302e-07
1.111550082628538658e-07
1.110102566523891451e-07
1.108658987865452083e-07
1.107220061270354197e-07
1.105785239454516945e-07
1.104354691134197927e-07
1.102928504638839915e-07
1.101506367548810644e-07
1.100088469622360189e-07
1.098674479362133212e-07
1.097264541518437105e-07
1.095858503434758946e-07
1.094456388268132483e-07
1.093058146467130299e-07
1.091663782255905704e-07
1.090273124765890379e-07
1.088886065808107070e-07
1.087502650961398669e-07
1.086123553325578909e-07
1.084747899592738513e-07
1.083376756492454330e-07
1.082008940907740360e-07
1.080645364473899710e-07
1.079285176919778171e-07
1.077929057442979661e-07
1.076576502445994623e-07
1.075227706022187754e-07
1.073882694177164601e-07
1.072541195901039624e-07
1.071203418394165347e-07
1.069868988752827841e-07
1.068538164290389889e-07
1.067210628618869866e-07
1.065886634341280338e-07
1.064565869510633421e-07
1.063248767527430207e-07
1.061934703910701099e-07
1.060623715269210080e-07
1.059315512142999951e-07
1.058010866160450937e-07
1.056709110626165419e-07
1.055410782816529971e-07
1.054115350035912197e-07
1.052823163647978179e-07
1.051534085131500821e-07
1.050247873046514773e-07
1.048965055397783968e-07
1.047684833604339801e-07
1.046408039441525047e-07
1.045133729030033396e-07
1.043862813356340717e-07
1.042594296260573130e-07
1.041329000691143065e-07
1.040066252211618799e-07
1.038806605575217708e-07
1.037549398498736794e-07
1.036295139292576937e-07
1.035043413055436614e-07
1.033794109061474896e-07
1.032546960033680440e-07
1.031302442479755088e-07
1.030060403450112520e-07
1.028820689743597633e-07
1.027583718357918491e-07
1.026348883448524407e-07
1.025116800487342546e-07
1.023886766014357248e-07
1.022659369974463748e-07
1.021434128843139270e-07
1.020211321046889840e-07
1.018990877807487175e-07
1.017772624022892286e-07
1.016556754165940633e-07
1.015342910509207600e-07
1.014131416080566085e-07
1.012921917211573358e-07
1.011714741443093857e-07
1.010509619477095630e-07
1.009306754525253052e-07
1.008105789146438646e-07
1.006906627320150477e-07
1.005709111780322328e-07
1.004513707524325319e-07
1.003320109504254925e-07
1.002128449283809612e-07
1.000938783288936194e-07
9.997508024059719990e-08
9.985650169536330233e-08
9.973807803450838154e-08
9.961985949182959420e-08
9.950180619909547566e-08
9.938394363548059581e-08
9.926626587031436784e-08
9.914875564648633759e-08
9.903143295227999436e-08
9.891426332793864829e-08
9.879727974438917785e-08
9.868044715132352236e-08
9.856380184884685618e-08
9.844730968120261422e-08
9.833099206621179086e-08
9.821482413490235144e-08
9.809879770595246500e-08
9.798290009910950456e-08
9.786717869138260561e-08
9.775161758294690864e-08
9.763620579938943914e-08
9.752098097175824148e-08
9.740589517264217106e-08
9.729098437824100319e-08
9.717621578576389946e-08
9.706160686153845200e-08
9.694716403623879637e-08
9.683285751844564145e-08
9.671872692007825560e-08
9.660472167953774477e-08
9.649088545993258392e-08
9.637717764010372157e-08
9.626363175103622091e-08
9.615022249753106820e-08
9.603695959124452018e-08
9.592382488170047320e-08
9.581083678856210156e-08
9.569797921481527562e-08
9.558526121854563004e-08
9.547266814938660580e-08
9.536019898903519373e-08
9.524791623048109940e-08
9.513576475635870874e-08
9.502378203567866332e-08
9.491194961548939401e-08
9.480025434950074625e-08
9.468874434943823398e-08
9.457735669388288688e-08
9.446613848684512152e-08
9.435504730823731307e-08
9.424411513355322035e-08
9.413333947022898950e-08
9.402269468780996625e-08
9.391220586236774087e-08
9.380183943936973426e-08
9.369162145169595392e-08
9.358153953317358969e-08
9.347160564560192271e-08
9.336179584767940213e-08
9.325212504633886667e-08
9.314257730313075445e-08
9.303315887830617202e-08
9.292386944524921493e-08
9.281472965970533491e-08
9.270577711977299471e-08
9.259696754985419519e-08
9.248834167359897447e-08
9.237986591987290764e-08
9.227154406373243404e-08
9.216341181015737928e-08
9.205541281536312493e-08
9.194759562433253747e-08
9.183991000470841620e-08
9.173239394583374219e-08
9.162504793221136127e-08
9.151783670228319572e-08
9.141079293652852639e-08
9.130387902202581397e-08
9.119712192965935176e-08
9.109052146079991362e-08
9.098406713510884319e-08
9.087774611241369303e-08
9.077157005991568520e-08
9.066552632954944474e-08
9.055963394880898885e-08
9.045388673316795648e-08
9.034827239556641473e-08
9.024289180001009631e-08
9.013765498363789309e-08
9.003261883580834482e-08
8.992776662338557848e-08
8.982307250847657103e-08
8.971859969490107739e-08
8.961426652953001521e-08
8.951012571932734055e-08
8.940616451272025227e-08
8.930236453375247616e-08
8.919876397497019733e-08
8.909530325709234546e-08
8.899202710108684330e-08
8.888892237735008536e-08
8.878598528914158887e-08
8.868320920876735474e-08
8.858058542517114682e-08
8.847812199981963401e-08
8.837583445221988249e-08
8.827371091908254290e-08
8.817173063073623210e-08
8.806990112636710372e-08
8.796821766038836745e-08
8.786674439512226135e-08
8.776548353361677793e-08
8.766439082331321424e-08
8.756352723872531133e-08
8.746282423083190063e-08
8.736231967886168006e-08
8.726202571207234441e-08
8.716189383545597112e-08
8.706197757243157413e-08
8.696221866237897539e-08
8.686265576303485464e-08
8.676330161784049674e-08
8.666409305465517898e-08
8.656509590276197960e-08
8.646624703863986707e-08
8.636760329735256921e-08
8.626912415675918608e-08
8.617081486389001274e-08
8.607266943725248556e-08
8.597469268316565716e-08
8.587691483655528306e-08
8.577928477906769976e-08
8.568181273379765757e-08
8.558449303917693702e-08
8.548738793196777718e-08
8.539049347448341284e-08
8.529377410768779520e-08
8.519728818766171547e-08
8.510096419780407437e-08
8.500483825322805056e-08
8.490892965146176487e-08
8.481318145511990945e-08
8.471765102264787023e-08
8.462228805909271173e-08
8.452711576671973832e-08
8.443215541952374995e-08
8.433734432851161702e-08
8.424274165173492520e-08
8.414830391090778864e-08
8.405406134298884194e-08
8.395998704621168030e-08
8.386607535604346896e-08
8.377234348436310273e-08
8.367879764763008479e-08
8.358542597315300007e-08
8.349220603217703163e-08
8.339914470142386505e-08
8.330624795925204206e-08
8.321354056528164383e-08
8.312105560165497482e-08
8.302873249255670225e-08
8.293661647556014342e-08
8.284469337455248649e-08
8.275293855764621871e-08
8.266141515683270110e-08
8.257004184559875574e-08
8.247886768900547869e-08
8.238790075267000030e-08
8.229708403152908025e-08
8.220647705776875698e-08
8.211602383912308522e-08
8.202577455001221203e-08
8.193570568806707307e-08
8.184578529829208034e-08
8.175605581737671771e-08
8.166650073309130480e-08
8.157712394348146488e-08
8.148789552931062185e-08
8.139883692813563777e-08
8.130996423459895002e-08
8.122124941072415834e-08
8.113268382016333254e-08
8.104425762200298811e-08
8.095602380941951402e-08
8.086797603500211342e-08
8.078009311149216016e-08
8.069240859520100257e-08
8.060487874077326650e-08
8.051750932505835554e-08
8.043035471876234075e-08
8.034332991560681147e-08
8.025649666285366653e-08
8.016983367625900733e-08
8.008332013871760566e-08
7.999700528181723503e-08
7.991081465297119437e-08
7.982481790988207693e-08
7.973898391112946702e-08
7.965328714619857569e-08
7.956776511145920873e-08
7.948239007818669491e-08
7.939719055810296189e-08
7.931212085428872507e-08
7.922720664293841785e-08
7.914246153155163459e-08
7.905785837119775647e-08
7.897338825795114526e-08
7.888903980006569334e-08
7.880485487883136780e-08
7.872084329772279688e-08
7.863697013763732342e-08
7.855326333702497637e-08
7.846970131712850136e-08
7.838627139185074407e-08
7.830303173660036806e-08
7.821990893106972507e-08
7.813694515495848955e-08
7.805414519612039583e-08
7.797146397944304591e-08
7.788894923879055594e-08
7.780656236453771758e-08
7.772432930181192501e-08
7.764224241122302693e-08
7.756027116612712078e-08
7.747846563913099337e-08
7.739678407989597125e-08
7.731523921619322974e-08
7.723382184416276399e-08
7.715254432337052713e-08
7.707141035602812505e-08
7.699038997377107069e-08
7.690948640608188205e-08
7.682871106003796311e-08
7.674805717487643877e-08
7.666756580882536127e-08
7.658718690198343801e-08
7.650694105758007800e-08
7.642685741854616118e-08
7.634688963278241825e-08
7.626706310661858562e-08
7.618737206489932563e-08
7.610779863810936321e-08
7.602837585994071824e-08
7.594906905625266191e-08
7.586988953197042474e-08
7.579086265056387603e-08
7.571193246245753102e-08
7.563314457063472045e-08
7.555448883500992287e-08
7.547594081487096173e-08
7.539752184028621807e-08
7.531921997630735520e-08
7.524105148478111428e-08
7.516298305664506430e-08
7.508503405702055527e-08
7.500722393810392419e-08
7.492951465795144395e-08
7.485190643797752699e-08
7.477439423181398344e-08
7.469701142077515471e-08
7.461976661240985079e-08
7.454262021843099610e-08
7.446560114714134418e-08
7.438871046139783725e-08
7.431192702518734247e-08
7.423527324346305096e-08
7.415873677207500920e-08
7.408230377423180402e-08
7.400600615952803098e-08
7.392980775177943592e-08
7.385372435653611129e-08
7.377777657914504849e-08
7.370191225847032265e-08
7.362617678861693972e-08
7.355055809123388503e-08
7.347502939872477264e-08
7.339961896472059116e-08
7.332431761441456581e-08
7.324912590811899121e-08
7.317402690509021897e-08
7.309903491959213462e-08
7.302416391572520332e-08
7.294937888765059410e-08
7.287468358230325245e-08
7.280008877394226744e-08
7.272558835825529808e-08
7.265122358244344718e-08
7.257694860762470817e-08
7.250277614369786120e-08
7.242874539016185905e-08
7.235479931095205554e-08
7.228096326953831995e-08
7.220725280304600377e-08
7.213362531046124461e-08
7.206011438367077456e-08
7.198671907357417624e-08
7.191341041545630179e-08
7.184021963035866397e-08
7.176712485881728966e-08
7.169413308004485108e-08
7.162125198205119069e-08
7.154845326046804632e-08
7.147577297348798260e-08
7.140318230327136473e-08
7.133067750940540095e-08
7.125828699146485668e-08
7.118598370529708869e-08
7.111377430434589766e-08
7.104165698536284218e-08
7.096964284532656423e-08
7.089770699891729325e-08
7.082584702302787703e-08
7.075410581454078642e-08
7.068249188105494366e-08
7.061096596886128731e-08
7.053955329294481101e-08
7.046825398468032488e-08
7.039705072342990369e-08
7.032596435713077493e-08
7.025498198911339357e-08
7.018409440018645841e-08
7.011332439222279965e-08
7.004265053367948915e-08
6.997207489411212695e-08
6.990162016231464479e-08
6.983124249653931914e-08
6.976098255589227751e-08
6.969082372378938044e-08
6.962074400574960304e-08
6.955078388342567039e-08
6.948091275927702222e-08
6.941112723102641929e-08
6.934144835235539198e-08
6.927186226563551660e-08
6.920236740046770896e-08
6.913295863433551723e-08
6.906365746112349447e-08
6.899443347048536176e-08
6.892528428454552628e-08
6.885625644403749468e-08
6.878735403809752313e-08
6.871853595437215404e-08
6.864983158693753621e-08
6.858124586069733486e-08
6.851275221566293941e-08
6.844437123719136368e-08
6.837610151912321194e-08
6.830791937511385046e-08
6.823985311707013464e-08
6.817189486292697379e-08
6.810402442416228987e-08
6.803626753575460285e-08
6.796860878543121766e-08
6.790104503679853720e-08
6.783359290703362402e-08
6.776622592525573357e-08
6.769896881144380511e-08
6.763179940001615844e-08
6.756471728524401180e-08
6.749775390619515855e-08
6.743086480227960390e-08
6.736406590923640433e-08
6.729738512536622706e-08
6.723077860341563441e-08
6.716425103086495650e-08
6.709782437754655944e-08
6.703148226565490482e-08
6.696527048028538058e-08
6.689915062043700654e-08
6.683312993993053638e-08
6.676724295679852675e-08
6.670144243997561895e-08
6.663573440127815614e-08
6.657016055496120822e-08
6.650467198792138986e-08
6.643927641400304841e-08
6.637401387389355660e-08
6.630882446787928014e-08
6.624374179758783004e-08
6.617877907317564506e-08
6.611388600036741610e-08
6.604911271648324715e-08
6.598443862041131156e-08
6.591983934860413428e-08
6.585536083574314821e-08
6.579096829892859411e-08
6.572665645521597995e-08
6.566245872488316273e-08
6.559834393940467244e-08
6.553431535426693856e-08
6.547039052439719951e-08
6.540655389183309333e-08
6.534279350604087707e-08
6.527911855216112746e-08
6.521554613060320346e-08
6.515210014455217327e-08
6.508873806922713977e-08
6.502547059316745776e-08
6.496234484071233456e-08
6.489929730743002227e-08
6.483634077928285968e-08
6.477351817754786655e-08
6.471077724842371357e-08
6.464812864021569056e-08
6.458560944712235993e-08
6.452316334179154244e-08
6.446082124965025222e-08
6.439859635561334626e-08
6.433644051254933340e-08
6.427440225070270684e-08
6.421246003239731013e-08
6.415059415513857038e-08
6.408884556026399313e-08
6.402718001146418000e-08
6.396559248320795164e-08
6.390412665656088149e-08
6.384272970055338998e-08
6.378142118655934979e-08
6.372022801981800079e-08
6.365910374675552661e-08
6.359805686472175080e-08
6.353711425600132038e-08
6.347624415601168035e-08
6.341548514015790799e-08
6.335482430101313985e-08
6.329425948440318448e-08
6.323379872528257954e-08
6.317343332962045110e-08
6.311315727052326958e-08
6.305298950865415266e-08
6.299291751326178856e-08
6.293292694407838026e-08
6.287304312357740239e-08
6.281326071358781478e-08
6.275355332954153021e-08
6.269394971312992152e-08
6.263444541802293868e-08
6.257501480326271888e-08
6.251568874531777191e-08
6.245645705412763241e-08
6.239729783329769081e-08
6.233823836762265063e-08
6.227926906758840614e-08
6.222037903213503606e-08
6.216157855838797026e-08
6.210286582819098748e-08
6.204423469106845110e-08
6.198568991395238169e-08
6.192723407199234549e-08
6.186884531080656709e-08
6.181052985871301095e-08
6.175230715994590435e-08
6.169419250793921986e-08
6.163615193446948692e-08
6.157819907998588152e-08
6.152035780422068168e-08
6.146259326955579979e-08
6.140490750793857301e-08
6.134733092056732443e-08
6.128983734064613758e-08
6.123242024508958236e-08
6.117510252064319029e-08
6.111787284654221472e-08
6.106071705378892058e-08
6.100365661212742192e-08
6.094668529400208394e-08
6.088978320862290956e-08
6.083297829875979574e-08
6.077625862311165870e-08
6.071960645116133002e-08
6.066304630874779746e-08
6.060656810296527472e-08
6.055016231240110499e-08
6.049384296315856517e-08
6.043760012250579927e-08
6.038143147609468551e-08
6.032534962133802864e-08
6.026934186985168537e-08
6.021339516428396061e-08
6.015752749010893987e-08
6.010173196696269590e-08
6.004603332261687108e-08
5.999041235551217751e-08
5.993487581116489724e-08
5.987942786714152613e-08
5.982406045231921968e-08
5.976877091362138049e-08
5.971356966752038072e-08
5.965845635411192108e-08
5.960340682101384027e-08
5.954844582522041734e-08
5.949358175134139057e-08
5.943876980725806963e-08
5.938405039957606043e-08
5.932942381671008153e-08
5.927484899213115779e-08
5.922037175718270252e-08
5.916597074554332455e-08
5.911162926312536972e-08
5.905738387464710512e-08
5.900320298993005959e-08
5.894908825704623861e-08
5.889506744122743341e-08
5.884110104566612670e-08
5.878721455258620698e-08
5.873340718847718680e-08
5.867965440895005688e-08
5.862598667669773226e-08
5.857238085857279709e-08
5.851882603005251743e-08
5.846535916776728262e-08
5.841198469458433004e-08
5.835866874968396683e-08
5.830542394775846987e-08
5.825228536630565744e-08
5.819920503471570462e-08
5.814619159162353058e-08
5.809327222399153346e-08
5.804042333797107737e-08
5.798763954888901331e-08
5.793493808725896094e-08
5.788231746289585613e-08
5.782975392770636332e-08
5.777727012635399769e-08
5.772487044706234909e-08
5.767252324696749705e-08
5.762026013445912107e-08
5.756807259558555185e-08
5.751593450234498188e-08
5.746388901369187593e-08
5.741190213793995078e-08
5.735997274404611197e-08
5.730813394921982796e-08
5.725634356537579814e-08
5.720462552288884834e-08
5.715298194899752230e-08
5.710138772112812092e-08
5.704987252295735768e-08
5.699841315035645571e-08
5.694700169805162160e-08
5.689567062375247105e-08
5.684442677385691014e-08
5.679323815110243328e-08
5.674211920011129658e-08
5.669109074476499181e-08
5.664012266135318941e-08
5.658922027296974311e-08
5.653839910073108168e-08
5.648764940562178420e-08
5.643695621311578273e-08
5.638633858255553334e-08
