2.430274148353771515e-10
3.066844262576466275e-10
3.783526173705106844e-10
4.579167071427061293e-10
5.451920804819922673e-10
6.399369435146125451e-10
7.418499469083760253e-10
8.505933168141139326e-10
9.657814578123120469e-10
1.087004317820731756e-09
1.213824514038222217e-09
1.345782060505301428e-09
1.482406408988560962e-09
1.623215573358275552e-09
1.767721795231944138e-09
1.915440477923750837e-09
2.065887926989957445e-09
2.218590389134739474e-09
2.373086823267327045e-09
2.528931246079126527e-09
2.685698947609962967e-09
2.842982825865175613e-09
3.000401166375417537e-09
3.157600827033330496e-09
3.314254314973621724e-09
3.470059731506850257e-09
3.624750643629894634e-09
3.778088909411571871e-09
3.929867109170317109e-09
4.079910255832522778e-09
4.228068870464908583e-09
4.374230135357600086e-09
4.518307140105856744e-09
4.660240564130828765e-09
4.799999771566386822e-09
4.937580570551389579e-09
5.073001356158934317e-09
5.206298851725026177e-09
5.337535348446309470e-09
5.466800286511135429e-09
5.594183180790863569e-09
5.719804869872193584e-09
5.843791048085764749e-09
5.966275458563612693e-09
6.087418767814590638e-09
6.207368478651742845e-09
6.326294549550762636e-09
6.444362605589506175e-09
6.561738635952677918e-09
6.678595981425484853e-09
6.795107050147195145e-09
6.911435143932102025e-09
7.027747435410046771e-09
7.144204204234508673e-09
7.260951418758906846e-09
7.378134659524366717e-09
7.495893919634677689e-09
7.614348819477926188e-09
7.733613167564364610e-09
7.853792151845048990e-09
7.974976219837274356e-09
8.097239671869848834e-09
8.220647754185562692e-09
8.345244521538674531e-09
8.471068764944966401e-09
8.598141504822341281e-09
8.726459177134084848e-09
8.856026347156383989e-09
8.986808502031098822e-09
9.118771538460489258e-09
9.251853286471876609e-09
9.386010904072589639e-09
9.521145025019551254e-09
9.657167347115994719e-09
9.793985112107975430e-09
9.931471691757530203e-09
1.006952026730985474e-08
1.020798196612547032e-08
1.034673589274637062e-08
1.048561336687676129e-08
1.062448026485793208e-08
1.076316589791266442e-08
1.090151227776831401e-08
1.103936044923127827e-08
1.117655096605738859e-08
1.131291101978992049e-08
1.144825928280263476e-08
1.158246661851759665e-08
1.171535805110496623e-08
1.184676308156153275e-08
1.197655292208379343e-08
1.210457930371629726e-08
1.223068334640516201e-08
1.235476992193969013e-08
1.247669078400421179e-08
1.259634127164786871e-08
1.271363068477081940e-08
1.282844425564068451e-08
1.294068434418359615e-08
1.305030543312842220e-08
1.315722286841504952e-08
1.326141705256089181e-08
1.336283163973703486e-08
1.346139044131330005e-08
1.355712428873656464e-08
1.365003199912714586e-08
1.374008683251003325e-08
1.382729535477002073e-08
1.391171542681808157e-08
1.399336377092796657e-08
1.407224046391399840e-08
1.414844386158033211e-08
1.422200741134521449e-08
1.429301574101878912e-08
1.436154386157109789e-08
1.442765273525879565e-08
1.449145364648478221e-08
1.455300850444015572e-08
1.461245723715835989e-08
1.466985908327136871e-08
1.472535632358837263e-08
1.477902569255185511e-08
1.483101264373748224e-08
1.488140606841131554e-08
1.493035417830953012e-08
1.497793997243934213e-08
1.502429538609942925e-08
1.506954985990630001e-08
1.511378313737089268e-08
1.515717926672096612e-08
1.519978636327858910e-08
1.524176443519383459e-08
1.528319322741301761e-08
1.532415622516584411e-08
1.536478641490237045e-08
1.540518988846858341e-08
1.544542241419410099e-08
1.548565040900544409e-08
1.552588375835361895e-08
1.556619822612822568e-08
1.560675412901977039e-08
1.564752219659544582e-08
1.568859869557948578e-08
1.573005238964519698e-08
1.577192803666322300e-08
1.581426248669580354e-08
1.585707298162252280e-08
1.590047744874112798e-08
1.594441398442803709e-08
1.598891144340095242e-08
1.603402179916182468e-08
1.607973843460906648e-08
1.612609950723602568e-08
1.617303822248674041e-08
1.622060000276708956e-08
1.626878545461010608e-08
1.631752911102968391e-08
1.636687431026685811e-08
1.641673800277180603e-08
1.646715112542623965e-08
1.651810096786282073e-08
1.656949562648481460e-08
1.662134238942086656e-08
1.667359886322219055e-08
1.672622196299147781e-08
1.677922463861887543e-08
1.683248868467006028e-08
1.688603976073919827e-08
1.693986427437736873e-08
1.699385147075901362e-08
1.704796038700426017e-08
1.710220972145272294e-08
1.715652109639649081e-08
1.721088129218187393e-08
1.726521351502666854e-08
1.731955566984167437e-08
1.737382420547866615e-08
1.742795449797351272e-08
1.748197644614890572e-08
1.753582968490778463e-08
1.758946467170839524e-08
1.764284365177800340e-08
1.769599418946459418e-08
1.774884985621114198e-08
1.780135716959921966e-08
1.785355168133978803e-08
1.790538229864234677e-08
1.795679449574464438e-08
1.800782238305605664e-08
1.805842544582737948e-08
1.810855839066251897e-08
1.815824411599388747e-08
1.820745448199677773e-08
1.825614357875968694e-08
1.830431631558126659e-08
1.835200262832124671e-08
1.839912520338497367e-08
1.844569458943206337e-08
1.849172731598276577e-08
1.853720827371188354e-08
1.858207256535766987e-08
1.862638691231544554e-08
1.867009198793863527e-08
1.871318646529895119e-08
1.875568418897114919e-08
1.879756863450228116e-08
1.883886757893684655e-08
1.887948406015479292e-08
1.891952323425707318e-08
1.895892677245475430e-08
1.899767729397394670e-08
1.903585454522896614e-08
1.907331583919942703e-08
1.911016154605377088e-08
1.914635001049580420e-08
1.918190090163551390e-08
1.921688075899964912e-08
1.925113512060843719e-08
1.928485040350461761e-08
1.931779951479712158e-08
1.935016535305426862e-08
1.938188740557457359e-08
1.941294806475136731e-08
1.944349052340082040e-08
1.947331381952931324e-08
1.950260803293097020e-08
1.953113340606191453e-08
1.955914223551262623e-08
1.958648916033264762e-08
1.961327431694172907e-08
1.963949454555702700e-08
1.966509490497302957e-08
1.969014806284446188e-08
1.971452419420047333e-08
1.973850080967218514e-08
1.976184478056129071e-08
1.978471659843485563e-08
1.980693929093219677e-08
1.982876421360310365e-08
1.985003278230934262e-08
1.987085169470136928e-08
1.989118689275013674e-08
1.991113139162000952e-08
1.993058539728259435e-08
1.994964367858282210e-08
1.996834402862446367e-08
1.998666872745011850e-08
2.000463301243784663e-08
2.002226910017163366e-08
2.003961024546846484e-08
2.005667368368349755e-08
2.007345449336087116e-08
2.009001455624557799e-08
2.010634558464410578e-08
2.012250730672750397e-08
2.013848315126264064e-08
2.015432125319925371e-08
2.017002346053945856e-08
2.018565834848744633e-08
2.020121674320123262e-08
2.021669124304879433e-08
2.023214109455666429e-08
2.024762299736288467e-08
2.026309800527891017e-08
2.027854333676841064e-08
2.029410739583172516e-08
2.030974517923604218e-08
2.032545168350250977e-08
2.034120040584100122e-08
2.035721337206139589e-08
2.037327026726672773e-08
2.038952621455756197e-08
2.040586931892019537e-08
2.042256162059844452e-08
2.043927672072217710e-08
2.045627636865423894e-08
2.047346963794046676e-08
2.049087036854501430e-08
2.050848417851568384e-08
2.052633760405857463e-08
2.054444782019958082e-08
2.056270806017275384e-08
2.058136596493986867e-08
2.060014805726334148e-08
2.061923817688267824e-08
2.063852386638894103e-08
2.065808927625389034e-08
2.067785009819060044e-08
2.069784038769447395e-08
2.071809549154403664e-08
2.073849653906291416e-08
2.075920796183619695e-08
2.078003136267921371e-08
2.080110824716803571e-08
2.082233619995286136e-08
2.084374142168820733e-08
2.086530479855857139e-08
2.088696161390937753e-08
2.090882796050920998e-08
2.093079408905636360e-08
2.095284437997149480e-08
2.097500262319639932e-08
2.099721156290688601e-08
2.101952658204519141e-08
2.104187789090568836e-08
2.106420847265416451e-08
2.108658662273799669e-08
2.110893914235925683e-08
2.113126845849823802e-08
2.115360849985886112e-08
2.117580958167285666e-08
2.119797936915320644e-08
2.122005300658792889e-08
2.124202589993352367e-08
2.126393066272046908e-08
2.128561547066672064e-08
2.130720212710512053e-08
2.132859482789916274e-08
2.134983674859227360e-08
2.137093206631125285e-08
2.139173117924599964e-08
2.141236994420014511e-08
2.143272144869336776e-08
2.145287085677351696e-08
2.147282543813226891e-08
2.149240308229299719e-08
2.151179647118395632e-08
2.153083965307612790e-08
2.154964271696037694e-08
2.156823638524399211e-08
2.158635976552120731e-08
2.160429970220616746e-08
2.162188578187447429e-08
2.163917912939883137e-08
2.165621965111420256e-08
2.167280364108972561e-08
2.168916117385511540e-08
2.170521076475665230e-08
2.172087111796857315e-08
2.173627104734861624e-08
2.175130953984334631e-08
2.176604869470602932e-08
2.178054546061774310e-08
2.179460365870643113e-08
2.180844347498432440e-08
2.182198362788154516e-08
2.183519071916319685e-08
2.184813867086603149e-08
2.186078882942232323e-08
2.187315107468837276e-08
2.188526976320064739e-08
2.189711386275002782e-08
2.190868961786036946e-08
2.192009099131010334e-08
2.193116493401801868e-08
2.194206939779061828e-08
2.195272935528697487e-08
2.196321406549359160e-08
2.197349256773632229e-08
2.198360330858438556e-08
2.199349135746166619e-08
2.200323434876917806e-08
2.201284352587726489e-08
2.202229486961361943e-08
2.203162955878422323e-08
2.204082941764566218e-08
2.204991586010438777e-08
2.205884424764338892e-08
2.206777673766967549e-08
2.207656233852757901e-08
2.208530112398055881e-08
2.209399349108384872e-08
2.210260379288607358e-08
2.211112435373446672e-08
2.211970841995471508e-08
2.212820309919336481e-08
2.213667517697003509e-08
2.214518035710400695e-08
2.215363161580677241e-08
2.216206050496939800e-08
2.217057620881789856e-08
2.217906084968370928e-08
2.218755791635371764e-08
2.219613570529746410e-08
2.220468528453982552e-08
2.221326133940891994e-08
2.222194303950482630e-08
2.223063488744268041e-08
2.223935083911493675e-08
2.224819387141302089e-08
2.225702659185578542e-08
2.226589927950103670e-08
2.227489623167464414e-08
2.228392575280597684e-08
2.229297360964894739e-08
2.230218382976109733e-08
2.231137913666163123e-08
2.232062949250780615e-08
2.232999689351578026e-08
2.233941329893572638e-08
2.234885095390078370e-08
2.235842519120815599e-08
2.236800528881008486e-08
2.237764974739256818e-08
2.238736694663817675e-08
2.239713895016862815e-08
2.240694679840058307e-08
2.241682753144756833e-08
2.242676408123002335e-08
2.243672870378232525e-08
2.244674491098582427e-08
2.245678933833523668e-08
2.246688017476964480e-08
2.247699655643034799e-08
2.248715843711552029e-08
2.249733920968760695e-08
2.250756368666278167e-08
2.251776901031157332e-08
2.252801358330125101e-08
2.253826017427627108e-08
2.254850831586432761e-08
2.255877952292659237e-08
2.256904815813896399e-08
2.257930716323401401e-08
2.258954481513789451e-08
2.259977361257622028e-08
2.261001815205749626e-08
2.262017199829502388e-08
2.263036162622434281e-08
2.264054150545476824e-08
2.265063020682288021e-08
2.266070705007226281e-08
2.267075186683245326e-08
2.268074912402177911e-08
2.269067650416506840e-08
2.270059697832119409e-08
2.271047965615482370e-08
2.272023106464408726e-08
2.272995329004638586e-08
2.273963270645876603e-08
2.274920602875248400e-08
2.275872663728208673e-08
2.276819491746213350e-08
2.277759768562661820e-08
2.278686608041515846e-08
2.279608076175510294e-08
2.280524811952922743e-08
2.281427282349776858e-08
2.282324439744881330e-08
2.283214561398158474e-08
2.284096096000091054e-08
2.284964269381726140e-08
2.285825006318049745e-08
2.286679779066918824e-08
2.287520975353361421e-08
2.288354546363268741e-08
2.289180036799421159e-08
2.289996463146512850e-08
2.290799590647428582e-08
2.291594416508861091e-08
2.292382229050223141e-08
2.293157809541839811e-08
2.293923622310948772e-08
2.294681008920141613e-08
2.295429329985868525e-08
2.296167249721292468e-08
2.296896572969411248e-08
2.297616935776153854e-08
2.298328902964394049e-08
2.299030436895018800e-08
2.299724513697336644e-08
2.300408928668149124e-08
2.301085165740241605e-08
2.301753711469934795e-08
2.302414241143815818e-08
2.303066169435435592e-08
2.303711382617064757e-08
2.304347816558760917e-08
2.304976823834727610e-08
2.305598040606701427e-08
2.306214007551378459e-08
2.306822345584867094e-08
2.307424842501278876e-08
2.308020398013725379e-08
2.308610585268456229e-08
2.309192749986981596e-08
2.309768557117584117e-08
2.310342059528694346e-08
2.310909884360900199e-08
2.311472807632425109e-08
2.312029039373259593e-08
2.312584467503500409e-08
2.313132496440223420e-08
2.313676648637212728e-08
2.314215863516910638e-08
2.314755010431590789e-08
2.315288749859315550e-08
2.315819554161073748e-08
2.316346449241209806e-08
2.316874015047726958e-08
2.317395251950990774e-08
2.317913667349656162e-08
2.318430513545004341e-08
2.318946850376788926e-08
2.319460321749958437e-08
2.319971818671515722e-08
2.320481617812757044e-08
2.320990922872831178e-08
2.321497227462569128e-08
2.322001544744300400e-08
2.322506396743541309e-08
2.323010479514862596e-08
2.323513263950678648e-08
2.324015119250161788e-08
2.324516329509411898e-08
2.325017179069195320e-08
2.325516812625835995e-08
2.326015870146277342e-08
2.326514796611522556e-08
2.327013609524993647e-08
2.327511619991938855e-08
2.328009491237272556e-08
2.328507381352897245e-08
2.329004786981533488e-08
2.329501730073004814e-08
2.329998597012383011e-08
2.330494587457814593e-08
2.330990502779294873e-08
2.331485698039894100e-08
2.331981161445442455e-08
2.332476029711795396e-08
2.332968804976503284e-08
2.333463049983354795e-08
2.333956118204886546e-08
2.334448686222614731e-08
2.334939152905366045e-08
2.335429737632506919e-08
2.335919711387828665e-08
2.336410318040326389e-08
2.336896152981950207e-08
2.337383593202112140e-08
2.337869978101233774e-08
2.338355686251378485e-08
2.338837866861399551e-08
2.339319384836966955e-08
2.339799223901421808e-08
2.340279216351488078e-08
2.340755762579787881e-08
2.341230700076493698e-08
2.341705066332458028e-08
2.342177651071359312e-08
2.342647345435379932e-08
2.343113778388176448e-08
2.343578922384883916e-08
2.344041629367804600e-08
2.344503713557720631e-08
2.344958695109711419e-08
2.345414762468154765e-08
2.345867728737545355e-08
2.346318530603528270e-08
2.346764575992100989e-08
2.347207945831988817e-08
2.347648773753908032e-08
2.348087737141879978e-08
2.348522799040769738e-08
2.348953367693212887e-08
2.349382635691259142e-08
2.349808551682524293e-08
2.350231470956633420e-08
2.350649240367543840e-08
2.351064349790542160e-08
2.351476016711787869e-08
2.351885040783718789e-08
2.352289563852740088e-08
2.352690662619914547e-08
2.353088828604481443e-08
2.353483205903605041e-08
2.353873837564405981e-08
2.354260251653992481e-08
2.354643710259207294e-08
2.355023160963470545e-08
2.355399510303567057e-08
2.355771113697775318e-08
2.356139418493123252e-08
2.356504784180969676e-08
2.356865847588714531e-08
2.357223147395829324e-08
2.357576864323668215e-08
2.357926857210688592e-08
2.358273669546500273e-08
2.358616761903496517e-08
2.358955924178083310e-08
2.359291839698040897e-08
2.359623993586116182e-08
2.359952742018712559e-08
2.360277430790399746e-08
2.360599367822162427e-08
2.360917940061974435e-08
2.361232695996243833e-08
2.361544593849943902e-08
2.361852577100451603e-08
2.362158105465663078e-08
2.362459727342445755e-08
2.362758172670759292e-08
2.363052867734927221e-08
2.363345137873451215e-08
2.363635177063701757e-08
2.363921422003711650e-08
2.364205009977708670e-08
2.364485761327277987e-08
2.364763534445040536e-08
2.365038510996218480e-08
2.365310830765698914e-08
2.365579764427906276e-08
2.365846174084431824e-08
2.366110715970347659e-08
2.366372282596336010e-08
2.366631553059082115e-08
2.366888611412311317e-08
2.367142737607103925e-08
2.367394861424080521e-08
2.367644024374572570e-08
2.367891266729927740e-08
2.368135635128049779e-08
2.368378165649426735e-08
2.368618815957556923e-08
2.368856732938799400e-08
2.369093212355857373e-08
2.369327643165687163e-08
2.369559629968081210e-08
2.369789567963163994e-08
2.370017583362284075e-08
2.370243357383281167e-08
2.370467268717289310e-08
2.370689264910042933e-08
2.370909996029938001e-08
2.371128337247888778e-08
2.371345352618975841e-08
2.371561211550643282e-08
2.371773720345323749e-08
2.371985061142551692e-08
2.372195072761649158e-08
2.372403009687204220e-08
2.372609562570129328e-08
2.372813662209740511e-08
2.373016599735306311e-08
2.373217576986853020e-08
2.373417574710609365e-08
2.373616295960604159e-08
2.373811885279464248e-08
2.374006516396186534e-08
2.374199523240659075e-08
2.374391086795214162e-08
2.374580942837717386e-08
2.374768275761317771e-08
2.374954369024725872e-08
2.375138518008762102e-08
2.375321729246388414e-08
2.375503664128237254e-08
2.375682151280087798e-08
2.375859648848909351e-08
2.376035958269567390e-08
2.376210218695336735e-08
2.376382982036695247e-08
2.376553404568117130e-08
2.376722414769142641e-08
2.376889755937590585e-08
2.377055278590547892e-08
2.377220220441206987e-08
2.377381667955669551e-08
2.377541563914318212e-08
2.377700754577421220e-08
2.377857753117519985e-08
2.378013063242582458e-08
2.378166099962711552e-08
2.378317142748185195e-08
2.378466680819467375e-08
2.378614169480471933e-08
2.378760466718047667e-08
2.378904990680006636e-08
2.379046399603674835e-08
2.379187028055107028e-08
2.379325545941664352e-08
2.379462274992920029e-08
2.379596831856576274e-08
2.379728812596836799e-08
2.379859210408548233e-08
2.379987301018764303e-08
2.380113915275955032e-08
2.380238790939239421e-08
2.380360554574715520e-08
2.380480409228817116e-08
2.380598967628707764e-08
2.380715080184263527e-08
2.380828948883227605e-08
2.380940952470560005e-08
2.381050745337807981e-08
2.381158783068993865e-08
2.381264397720678202e-08
2.381368382605453409e-08
2.381470716197040556e-08
2.381569608324531480e-08
2.381667124342015481e-08
2.381762988760206949e-08
2.381856650224563210e-08
2.381948029068768899e-08
2.382037099734173601e-08
2.382124434775376424e-08
2.382209594459464914e-08
2.382292566155679967e-08
2.382373877342673504e-08
2.382453380211049529e-08
2.382530155205604271e-08
2.382605321555285649e-08
2.382678482273090646e-08
2.382749501891675158e-08
2.382818251471662203e-08
2.382884734289676315e-08
2.382949478895191772e-08
2.383011994235737391e-08
2.383072497985424627e-08
2.383131425783900061e-08
2.383188221880784722e-08
2.383242155951177547e-08
2.383294340578348229e-08
2.383344964701716782e-08
2.383393272636184272e-08
2.383439238016244492e-08
2.383483580212548223e-08
2.383525981721996288e-08
2.383566627473114139e-08
2.383604935386990247e-08
2.383641845999772943e-08
2.383677257416131680e-08
2.383709628709912860e-08
2.383740378987952459e-08
2.383769556763214505e-08
2.383796903856006136e-08
2.383822209660079832e-08
2.383845744644713935e-08
2.383867103015192473e-08
2.383887122387453804e-08
2.383904954651281267e-08
2.383921171272781376e-08
2.383936036417542474e-08
2.383949098051648886e-08
2.383959662779577743e-08
2.383968977976662367e-08
2.383976434009136612e-08
2.383982111172108437e-08
2.383985907487875986e-08
2.383987748882921639e-08
2.383988022128890118e-08
2.383986662163048273e-08
2.383983323153209864e-08
2.383978778589923631e-08
2.383972857205466906e-08
2.383964081619216807e-08
2.383953656085442354e-08
2.383942128355024252e-08
2.383928829217423961e-08
2.383913570321778337e-08
2.383896783633935018e-08
2.383878159196572618e-08
2.383857911497432399e-08
2.383836174607901512e-08
2.383812693496325411e-08
2.383788216394455395e-08
2.383762230898070171e-08
2.383733339094954299e-08
2.383703336678676052e-08
2.383672088897948164e-08
2.383639154393099312e-08
2.383604575439464485e-08
2.383568540446625729e-08
2.383530383111495684e-08
2.383490986862949034e-08
2.383449909706813325e-08
2.383407186602631082e-08
2.383363439134483483e-08
2.383318463924922874e-08
2.383270782999059304e-08
2.383221961500381069e-08
2.383171901152171373e-08
2.383120047375730745e-08
2.383066590130467342e-08
2.383011658294318811e-08
2.382954605346006410e-08
2.382896523162423977e-08
2.382836749879000984e-08
2.382775292718012492e-08
2.382712735851897988e-08
2.382648944205323193e-08
2.382582204176765842e-08
2.382514208654576562e-08
2.382445422942280246e-08
2.382374902583087672e-08
2.382302584795099432e-08
2.382228657652434145e-08
2.382153123942383756e-08
2.382075949552766252e-08
2.381997347542199970e-08
2.381917119364852482e-08
2.381835816229552641e-08
2.381753297816410137e-08
2.381668391681842575e-08
2.381581699680318603e-08
2.381493998409376605e-08
2.381404838824107130e-08
2.381314159480663092e-08
2.381221764685204752e-08
2.381127801183645152e-08
2.381032054205246016e-08
2.380935157409454739e-08
2.380836384692134446e-08
2.380736232233688157e-08
2.380634922662174628e-08
2.380532262729872113e-08
2.380427150755838415e-08
2.380320900308226877e-08
2.380213428510156573e-08
2.380104263959932583e-08
2.379993474466258359e-08
2.379881100575493659e-08
2.379766903822607028e-08
2.379651572276737617e-08
2.379534877454964540e-08
2.379416213519653001e-08
2.379296296523507602e-08
2.379175432583404993e-08
2.379052451296551683e-08
2.378927197439077558e-08
2.378801079904089843e-08
2.378674009732577278e-08
2.378544989632892981e-08
2.378414266267475922e-08
2.378282212571006697e-08
2.378148394947073766e-08
2.378013131212221179e-08
2.377876388747003341e-08
2.377738140389390401e-08
2.377598861125164847e-08
2.377458321870070635e-08
2.377315721025485353e-08
2.377171170883151802e-08
2.377025656721604920e-08
2.376878753215510714e-08
2.376730323596987718e-08
2.376580354019830871e-08
2.376428974570629648e-08
2.376275840723442719e-08
2.376121410156363662e-08
2.375965488608752340e-08
2.375807919281903879e-08
2.375649316438670106e-08
2.375489563696760463e-08
2.375328097365833537e-08
2.375164484122144647e-08
2.374999985301411549e-08
2.374834174740997926e-08
2.374666749979884527e-08
2.374497828799580927e-08
2.374327511070124511e-08
2.374155493869436474e-08
2.373982351842924439e-08
2.373808082449594120e-08
2.373631894486963379e-08
2.373454539252995138e-08
2.373276256528210002e-08
2.373096577658243569e-08
2.372914324408808103e-08
2.372731029767181013e-08
2.372547027915631090e-08
2.372361547289131874e-08
2.372174499506628161e-08
2.371985853330222814e-08
2.371796041910490917e-08
2.371604455438593549e-08
2.371411832996308521e-08
2.371217770686714384e-08
2.371022358160140581e-08
2.370825990941573544e-08
2.370628516510433260e-08
2.370429006436656124e-08
2.370227848954990689e-08
2.370025793294610248e-08
2.369822465425816813e-08
2.369617746654223951e-08
2.369411699220474704e-08
2.369204296022346694e-08
2.368995300655713081e-08
2.368785039627119095e-08
2.368573657309759821e-08
2.368360564171645424e-08
2.368146477269971918e-08
2.367931458267425954e-08
2.367715173904130818e-08
2.367496678284388159e-08
2.367277061635769774e-08
2.367056481827260261e-08
2.366834709890139203e-08
2.366611385114881724e-08
2.366386699616676229e-08
2.366160904433409306e-08
2.365933397623076415e-08
2.365704928240323017e-08
2.365475427989288224e-08
2.365244220551879781e-08
2.365011953203220863e-08
2.364778809369858575e-08
2.364544604792021156e-08
2.364307836975727479e-08
2.364070112793651847e-08
2.363831682751123776e-08
2.363592147446555370e-08
2.363351089917033421e-08
2.363108593217229084e-08
2.362865122216520847e-08
2.362619994291766568e-08
2.362373707247682000e-08
2.362126350012559233e-08
2.361877572174330687e-08
2.361627776584649706e-08
2.361377082273367141e-08
2.361125258279635709e-08
2.360871330252802883e-08
2.360616301531305082e-08
2.360360403795851127e-08
2.360103333877792907e-08
2.359844936601105757e-08
2.359585337003555560e-08
2.359324442052982215e-08
2.359062092259351120e-08
2.358798531427942979e-08
2.358534010903292146e-08
2.358267908796300215e-08
2.358000791152356652e-08
2.357732822253691830e-08
2.357463806257762757e-08
2.357193073175176819e-08
2.356920605272253378e-08
2.356647400322087879e-08
2.356373267902853718e-08
2.356097799727501687e-08
2.355821025565931492e-08
2.355542906935679076e-08
2.355263810770306782e-08
2.354983149726772318e-08
2.354701669259865527e-08
2.354419127041274412e-08
2.354135080961289568e-08
2.353850063561522362e-08
2.353564238383408333e-08
2.353277423312626132e-08
2.352988220730832445e-08
2.352698102875222244e-08
2.352407295396298129e-08
2.352115570255887428e-08
2.351822385822484074e-08
2.351527994488609635e-08
2.351232539993501358e-08
2.350935747317904790e-08
2.350637627969831898e-08
2.350338759517365249e-08
2.350038591566413489e-08
2.349737164902566272e-08
2.349434943100372927e-08
2.349131909672863553e-08
2.348827588288591294e-08
2.348521368438427114e-08
2.348214327345661368e-08
2.347906446170993887e-08
2.347597429435363668e-08
2.347287210512621204e-08
2.346975887773001022e-08
2.346663384133318292e-08
2.346349518557959040e-08
2.346034484664090676e-08
2.345718634956220495e-08
2.345401357284053422e-08
2.345083084645656260e-08
2.344764062541031063e-08
2.344444134066537491e-08
2.344122807817113660e-08
2.343799624687446245e-08
2.343475578870076510e-08
2.343150726039077178e-08
2.342825039845526353e-08
2.342497877451187154e-08
2.342169617391150632e-08
2.341840275259899172e-08
2.341509944974197689e-08
2.341178224791818397e-08
2.340845796741908016e-08
2.340512349977375432e-08
2.340177552891200351e-08
2.339841915150060746e-08
2.339505572864500812e-08
2.339168299134861408e-08
2.338828837404028313e-08
2.338488495466574816e-08
2.338147517136480250e-08
2.337805684757575701e-08
2.337462703087583596e-08
2.337118649358662339e-08
2.336773452754073789e-08
2.336427289442476886e-08
2.336079735073397122e-08
2.335731402236169576e-08
2.335382162478031077e-08
2.335031673425287155e-08
2.334680189269572579e-08
2.334328022231641902e-08
2.333975118858719981e-08
2.333620908564955140e-08
2.333265032474731221e-08
2.332908515045259005e-08
2.332551261930792085e-08
2.332192915418694514e-08
2.331833498875407095e-08
2.331473103346672928e-08
2.331111666105777794e-08
2.330749006155167294e-08
2.330385172910351817e-08
2.330020670027104218e-08
2.329655031197680170e-08
2.329288314976691093e-08
2.328920946241187062e-08
2.328552690127623440e-08
2.328183502826880145e-08
2.327812621589255055e-08
2.327440518461546031e-08
2.327067768314254076e-08
2.326694317171289889e-08
2.326319891399024811e-08
2.325944270564328474e-08
2.325567539741727976e-08
2.325190024806257508e-08
2.324811416930682227e-08
2.324431660075561085e-08
2.324051269048824481e-08
2.323669945867389121e-08
2.323287423601209536e-08
2.322904176676870298e-08
2.322520267607681630e-08
2.322135589081674266e-08
2.321748975045948410e-08
2.321361370308525090e-08
2.320973220499045149e-08
2.320584340174367607e-08
2.320194528994441099e-08
2.319803720243676386e-08
2.319411884323712163e-08
2.319019236879017074e-08
2.318625416813221005e-08
2.318230523702491200e-08
2.317835074668213816e-08
2.317438611312704058e-08
2.317041112275784502e-08
2.316642835964688521e-08
2.316243881328964929e-08
2.315844266502459527e-08
2.315443356782903286e-08
2.315041056140158610e-08
2.314638170097565475e-08
2.314234640783404654e-08
2.313830178088223350e-08
2.313424664882411704e-08
2.313018364638881645e-08
2.312611094444068740e-08
2.312202857672192925e-08
2.311793365251458453e-08
2.311383316228091229e-08
2.310972469969316536e-08
2.310560449603773528e-08
2.310147684328503067e-08
2.309734260394333375e-08
2.309320208296735555e-08
2.308904967180505924e-08
2.308488109241842124e-08
2.308070506013130761e-08
2.307652341202285089e-08
2.307233536622676561e-08
2.306813769357557378e-08
2.306393011807760197e-08
2.305971224594255778e-08
2.305548768122910330e-08
2.305125309335017795e-08
2.304700784585550868e-08
2.304275695698002899e-08
2.303849827920937374e-08
2.303422911538104123e-08
2.302995277816166083e-08
2.302567041870042085e-08
2.302138192220807804e-08
2.301708040712875441e-08
2.301276445709776968e-08
2.300844378629705417e-08
2.300411699484156567e-08
2.299978297849822196e-08
2.299543951652404571e-08
2.299108870583371842e-08
2.298672829055834580e-08
2.298236100278517290e-08
2.297798188837366369e-08
2.297359445692772536e-08
2.296920205210232697e-08
2.296480040209570516e-08
2.296038985583181637e-08
2.295597254669690989e-08
2.295154907803520766e-08
2.294711965769338473e-08
2.294267988404434896e-08
2.293822628298253667e-08
2.293376721967094127e-08
2.292930255378260367e-08
2.292483021107253441e-08
2.292034888068430019e-08
2.291586024724006968e-08
2.291136288799209436e-08
2.290685844682018533e-08
2.290234275041432958e-08
2.289781901253347324e-08
2.289329091081013921e-08
2.288875452066201566e-08
2.288420836706162688e-08
2.287965559680276476e-08
2.287509688268494999e-08
2.287053304317926156e-08
2.286595798405215723e-08
2.286136841950680184e-08
2.285677291248893455e-08
2.285217272691985408e-08
2.284756725522261891e-08
2.284295354805995943e-08
2.283833055494925098e-08
2.283369943123434455e-08
2.282906137564114746e-08
2.282441629898066049e-08
2.281975980892038328e-08
2.281509809764733884e-08
2.281043019129749277e-08
2.280575430470172633e-08
2.280107002064430320e-08
2.279638128530069469e-08
2.279168718791171761e-08
2.278698571045124960e-08
2.278227020721893281e-08
2.277754589779914673e-08
2.277281735429425721e-08
2.276808283864972201e-08
2.276334201576794174e-08
2.275859256320906571e-08
2.275383747554642941e-08
2.274907401450001740e-08
2.274430446840864015e-08
2.273952474172266535e-08
2.273473687396349622e-08
2.272994492351326042e-08
2.272514588571565146e-08
2.272033843551271622e-08
2.271552406057030385e-08
2.271070502650589690e-08
2.270588083449125442e-08
2.270104949799151960e-08
2.269620522595539182e-08
2.269135422051965596e-08
2.268649873764291571e-08
2.268163734056892035e-08
2.267676922886393912e-08
2.267189260335307088e-08
2.266701040686274738e-08
2.266212067753405428e-08
2.265722488912220061e-08
2.265231826141716006e-08
2.264740561331069047e-08
2.264248953153927251e-08
2.263756673196163994e-08
2.263263510144718496e-08
2.262769704017166436e-08
2.262275394161529725e-08
2.261780737193285779e-08
2.261285207322252201e-08
2.260788319624031407e-08
2.260290801242864456e-08
2.259792843999252686e-08
2.259294487362752978e-08
2.258795640277292398e-08
2.258295830373113983e-08
2.257795476511741395e-08
2.257294291538474845e-08
2.256792664410643204e-08
2.256290188495141920e-08
2.255786841883196139e-08
2.255283112152744917e-08
2.254778813914746210e-08
2.254273827557042801e-08
2.253768156211091673e-08
2.253262106327602034e-08
2.252755577333528600e-08
2.252248397481874962e-08
2.251740114279024453e-08
2.251230943540712470e-08
2.250721404393500641e-08
2.250211366337041433e-08
2.249700741875971374e-08
2.249189511913819177e-08
2.248677693497296615e-08
2.248165246382342712e-08
2.247652248973882618e-08
2.247138575502054582e-08
2.246623955804500997e-08
2.246108835541853524e-08
2.245593316326988987e-08
2.245077110991887012e-08
2.244560262053014999e-08
2.244042885069768349e-08
2.243525074556985729e-08
2.243006810683924830e-08
2.242487855940023678e-08
2.241967801785139623e-08
2.241447210247787049e-08
2.240926240220741745e-08
2.240404742240392735e-08
2.239882720155883388e-08
2.239359968655271834e-08
2.238836711683192565e-08
2.238312857720881893e-08
2.237788448626654679e-08
2.237263335249799874e-08
2.236737378926001704e-08
2.236211203136320272e-08
2.235684587426692247e-08
2.235157269784048124e-08
2.234629276460530993e-08
2.234100827397220517e-08
2.233571939253712905e-08
2.233042742753000945e-08
2.232512699432279196e-08
2.231981485399941038e-08
2.225046954769679898e-08
2.224518005658880493e-08
2.223988726373989407e-08
2.223459016870983396e-08
2.222928474945216226e-08
2.222397498547675620e-08
2.221865837328803740e-08
2.196059237786449429e-08
2.195538455612235386e-08
2.195016785592649374e-08
2.194494761580169954e-08
2.193972303238639503e-08
2.193449334062829248e-08
2.192925785078610050e-08
2.192401829500703776e-08
2.179417147295317909e-08
2.178898183323693915e-08
2.178378516123410059e-08
2.177857875933361475e-08
2.177336760545485631e-08
2.176815292220586955e-08
2.176293355523505625e-08
2.151197141590584125e-08
2.150685611976452856e-08
2.150173639946235403e-08
2.149661144096214182e-08
2.149148161908440504e-08
2.148634631850172165e-08
2.148120273466486209e-08
2.147605475776150843e-08
2.134984942281697407e-08
2.134474941217413629e-08
2.133964349382585941e-08
2.133453251031022102e-08
2.132941882103342597e-08
2.132430134927918374e-08
2.131917837890144274e-08
2.107549666326229143e-08
2.107046772094537573e-08
2.106543536336512708e-08
2.106039998321629008e-08
2.105535981274726467e-08
2.105031556109594341e-08
2.104526489977921979e-08
2.092273653761684422e-08
2.091773098367104050e-08
2.091272104268568320e-08
2.090770463389679227e-08
2.090268083759039853e-08
2.089765530391723346e-08
2.089262657388905197e-08
2.088759280590311561e-08
2.065135108988217012e-08
2.064641201493541501e-08
2.064146909727982150e-08
2.063652416885653609e-08
2.063157389518286131e-08
2.062661331396271361e-08
2.062164781872184799e-08
2.050291784524005482e-08
2.049799779447396560e-08
2.049307454571631289e-08
2.048814634248374136e-08
2.048321220629889466e-08
2.047827471964376907e-08
2.047333209022403119e-08
2.046838653187218634e-08
2.023856070696285968e-08
2.023370256495290228e-08
2.022884225625762020e-08
2.022397812032728289e-08
2.021911002391122320e-08
2.021423724203076851e-08
2.020936077870099097e-08
2.009099228619608627e-08
2.008616013159770887e-08
2.008132279538171824e-08
2.007647756226400453e-08
2.007162699845353908e-08
2.006677334756687139e-08
2.006191685583066251e-08
1.982797388590101472e-08
1.982321102586361105e-08
1.981844330948963424e-08
1.981367313868924693e-08
1.980889816323394882e-08
1.980411853851398219e-08
1.979933447212321254e-08
1.979454310283683693e-08
1.967420930386825081e-08
1.966946374107024488e-08
1.966471414047198621e-08
1.965995998593374654e-08
1.965520166043972928e-08
1.965044103467262423e-08
1.964567718521856604e-08
1.940772735813233926e-08
1.940305571187425180e-08
1.939837677287692678e-08
1.939369480882084905e-08
1.938901037681647575e-08
1.938432201507276945e-08
1.937963103728700939e-08
1.925729611902781603e-08
1.925264732507712391e-08
1.924799579104403612e-08
1.924334032685840223e-08
1.923868149758232690e-08
1.923401461708537261e-08
1.922934367398716659e-08
1.898729641603094067e-08
1.898272479449432251e-08
1.897814939459336644e-08
1.897356876015621194e-08
1.896898488065915025e-08
1.896439767773558644e-08
1.895980877254670030e-08
1.895521615786158930e-08
1.883093239379086134e-08
1.882637835219187970e-08
1.882182145855939190e-08
1.881726268215498950e-08
1.881270126771848269e-08
1.880813641258966166e-08
1.880356608819729384e-08
1.855753584960007960e-08
1.855306308853521652e-08
1.854858773031381906e-08
1.854410857883335342e-08
1.853962223923836247e-08
1.853513222081741889e-08
1.853064094350171162e-08
1.840437390891455421e-08
1.839992867247474928e-08
1.839547893478519377e-08
1.839102660645810104e-08
1.838657157547982577e-08
1.838211416354297281e-08
1.837765258912123752e-08
1.812755096313494345e-08
1.812318294009896320e-08
1.811881224445138051e-08
1.811443956216563273e-08
1.811006329146897866e-08
1.810568392061191178e-08
1.810130055916974057e-08
1.809691521380792012e-08
1.796872112032294329e-08
1.796438198876711949e-08
1.796003847588877773e-08
1.795568932648489120e-08
1.795133634609168435e-08
1.794698238645721986e-08
1.794262496377066724e-08
1.768856943360752325e-08
1.768431068136590333e-08
1.768004890651763484e-08
1.767578473703666264e-08
1.767151807132397876e-08
1.766724707482322248e-08
1.766297179764748346e-08
1.753280438781567532e-08
1.752857364174031860e-08
1.752434071727643442e-08
1.752010465189618432e-08
1.751586650636361454e-08
1.751162507262560527e-08
1.750737935285442181e-08
1.724928201151071622e-08
1.724513689694795057e-08
1.724098929363753871e-08
1.723683764704906902e-08
1.723267902958250634e-08
1.722851902819945445e-08
1.722435746105037350e-08
1.709223341271680681e-08
1.708812045417497583e-08
1.708400263226377297e-08
1.707988304316098785e-08
1.707576035138317077e-08
1.707163642016970621e-08
1.706750902320195629e-08
1.680538060733067923e-08
1.680134926064182650e-08
1.679731573331079605e-08
1.679328069216453367e-08
1.678924346870964226e-08
1.678520324579352903e-08
1.678115906917982207e-08
1.677711204115242862e-08
1.664308670359055120e-08
1.663908918198674219e-08
1.663508876500816062e-08
1.663108362388889206e-08
1.662707341092287449e-08
1.662306196202537812e-08
1.661904871487184261e-08
1.635301486586057599e-08
1.634910428454069069e-08
1.634518938400817275e-08
1.634127309610121314e-08
1.633735456937316122e-08
1.633343394241385375e-08
1.632951002890739877e-08
1.619354174348811455e-08
1.618966309050004725e-08
1.618578211561583176e-08
1.618189976648487834e-08
1.617801465820387794e-08
1.617412661944393621e-08
1.617023582637290113e-08
1.590020602997027520e-08
1.589641988661176618e-08
1.589263031549563236e-08
1.588883747048431674e-08
1.588504122501469565e-08
1.588123938014899403e-08
1.587743673900072124e-08
1.573953748962295350e-08
1.573578499625817939e-08
1.573202968073363944e-08
1.572827169815142590e-08
1.572451190264678781e-08
1.572074956195272116e-08
1.571698555064499135e-08
1.544297609782712428e-08
1.543931289782920904e-08
1.543564518473969836e-08
1.543197543951769771e-08
1.542830385245644120e-08
1.542462977777572681e-08
1.542095432728512482e-08
1.528113296744120398e-08
1.527750588296176605e-08
1.527387736856043221e-08
1.527024634794363763e-08
1.526661340149639571e-08
1.526297828230290138e-08
1.525933673367361050e-08
1.498136045407174713e-08
1.497782447924711591e-08
1.497428706523181163e-08
1.497074862415115408e-08
1.496720715201606412e-08
1.496366208820513637e-08
1.496011578552673163e-08
1.481838204549761549e-08
1.481488673637989395e-08
1.481138849563873903e-08
1.480788476054623167e-08
1.480437837456440587e-08
1.480087044309394571e-08
1.479736140327593084e-08
1.451544318350749289e-08
1.451203901038289549e-08
1.450863232015519332e-08
1.450522316344311169e-08
1.450181292469461328e-08
1.449840079212752250e-08
1.449498649362813254e-08
1.435135052040351971e-08
1.434798331836803202e-08
1.434461429080029728e-08
1.434124500533532440e-08
1.433787320690482401e-08
1.433450017013424212e-08
1.433112490065243162e-08
1.404527943373893770e-08
1.404201014246380563e-08
1.403873903276126111e-08
1.403546609309257466e-08
1.403219074200164484e-08
1.402891125262875857e-08
1.402562908216250709e-08
1.388010006052639823e-08
1.387687010408124701e-08
1.387363839763095595e-08
1.387040419753425658e-08
1.386716819275767148e-08
1.386392987981071171e-08
1.386069101189413089e-08
1.357093930559064913e-08
1.356780672021835622e-08
1.356467146126938759e-08
1.356153142076879668e-08
1.355838912801630096e-08
1.355524661105846393e-08
1.355210190997059745e-08
1.340469354366106583e-08
1.340160075999901627e-08
1.339850544808523744e-08
1.339540930881899928e-08
1.339231084813506910e-08
1.338921125755936406e-08
1.338610843014861545e-08
1.309246526381666507e-08
1.308946681766657331e-08
1.308646693751817011e-08
1.308346541175827303e-08
1.308046230205364673e-08
1.307745780332308289e-08
1.307445189863431846e-08
1.292517173218477880e-08
1.292221673699889322e-08
1.291926065933619165e-08
1.291630269124896201e-08
1.291334319095711408e-08
1.291038093882394054e-08
1.261275491221455239e-08
1.260989842405558429e-08
1.260704132235797720e-08
1.260418303552024095e-08
1.260132386283850284e-08
1.259846206507157712e-08
1.259559784553031048e-08
1.244440488891516651e-08
1.244159380611020226e-08
1.243878155457813575e-08
1.243596694042114746e-08
1.243314844923409004e-08
1.243032729342785936e-08
1.242750502015346141e-08
1.212603162273789538e-08
1.212331918701631463e-08
1.212060487151318805e-08
1.211788871437605888e-08
1.211517062149133956e-08
1.211245136908576688e-08
1.210973071786896645e-08
1.195668990341607515e-08
1.195402192577016454e-08
1.195135129572208170e-08
1.194867682741673054e-08
1.194600208737146724e-08
1.194332667814230625e-08
1.194064950838056214e-08
1.163534769773046252e-08
1.163278018330499724e-08
1.163021049016750243e-08
1.162764012295686204e-08
1.162506829145959192e-08
1.162249513890330388e-08
1.161991996705950258e-08
1.146504086704981143e-08
1.146251623940453132e-08
1.145999034255996115e-08
1.145746347993620995e-08
1.145493563422994142e-08
1.145240610736625279e-08
1.114318417748821022e-08
1.114076444956628653e-08
1.113834350036023768e-08
1.113592203508242008e-08
1.113349861961490867e-08
1.113107343665406117e-08
1.112864627273402234e-08
1.098472116259712036e-08
1.098232671217274713e-08
1.097993199817759658e-08
1.097753539386529926e-08
1.097513807090031051e-08
1.097273916889479087e-08
1.097033798523528119e-08
1.068314027075783739e-08
1.068081306593978260e-08
1.067848499179677590e-08
1.067615447909803967e-08
1.067382188052315530e-08
1.067148618488288838e-08
1.066914923218285539e-08
1.052351131301519248e-08
1.052121005878508857e-08
1.051890740886596998e-08
1.051660354026842125e-08
1.051429825055152002e-08
1.051199102135994800e-08
1.050968291885536300e-08
1.021897447150355067e-08
1.021674055277285892e-08
1.021450516029510916e-08
1.021226674208849610e-08
1.021002502984931017e-08
1.020778326487775558e-08
1.006040625130777425e-08
1.005820126384540560e-08
1.005599559558021130e-08
1.005378804605595949e-08
1.005157821622745802e-08
1.004936836149465265e-08
1.004715712457976887e-08
9.752883784143087351e-09
9.750746915759083867e-09
9.748607781363418168e-09
9.746465488261431499e-09
9.744322470390098536e-09
9.742178554170959298e-09
9.740034039084997751e-09
9.590965044306336442e-09
9.588856133707209101e-09
9.586745942658220498e-09
9.584634230875385227e-09
9.582521902986272867e-09
9.580408942629510635e-09
9.282587853203966263e-09
9.280549389912131232e-09
9.278508713228183480e-09
9.276465174389703282e-09
9.274421576899288574e-09
9.272377578940542274e-09
9.270332299454045583e-09
9.119544708204871057e-09
9.117536210081053984e-09
9.115525561521825722e-09
9.113514791580959630e-09
9.111502987290483568e-09
9.109490777264557042e-09
9.107477035244695114e-09
8.806203937000171010e-09
8.804263621459199488e-09
8.802322228429885120e-09
8.800379291865186096e-09
8.798436216258027003e-09
8.796492201162433158e-09
8.643995772042463105e-09
8.642088359162214538e-09
8.640179456310819044e-09
8.638269690664337966e-09
8.636359647487513374e-09
8.634448346648768313e-09
8.632536259081672706e-09
8.327755285293310988e-09
8.325916234379753102e-09
8.324076584717629956e-09
8.322236830845362601e-09
8.320395907721318946e-09
8.318554446370979315e-09
8.316712297429688682e-09
8.162555691832910661e-09
8.160749943118676165e-09
8.158943839960546894e-09
8.157136418213170758e-09
8.155328552194050827e-09
8.153519107336930224e-09
7.845248789392262298e-09
7.843513959375596302e-09
7.841778348185863541e-09
7.840041831051436548e-09
7.838304607383452126e-09
7.836566583595718166e-09
7.834827651091766737e-09
7.678984073851907994e-09
7.677281982530170870e-09
7.675579228646836497e-09
7.673875883039574655e-09
7.672171739787770564e-09
7.670466867108445204e-09
7.358728388633383835e-09
7.357097956743034003e-09
7.355467324583177910e-09
7.353836540125388385e-09
7.352204864852113305e-09
7.350572835544760157e-09
7.348940137205746938e-09
7.191420130716241556e-09
7.189824430467296641e-09
7.188228372522434421e-09
7.186631427695777136e-09
7.185034026605333396e-09
7.183435359501696649e-09
7.181835045152739561e-09
6.866725731021719564e-09
6.865202438887594220e-09
6.863678470065793976e-09
6.862153962894006132e-09
6.860628686331867028e-09
6.859102159703337182e-09
6.699917470165783807e-09
6.698428957925321750e-09
6.696939849587523275e-09
6.695450312052140811e-09
6.693959931602843807e-09
6.692468725061117642e-09
6.690976713541656525e-09
6.372440620091806544e-09
6.371025499555006075e-09
6.369610336720851071e-09
6.368194224169854577e-09
6.366777534795784503e-09
6.365360332266232154e-09
6.204521991700133231e-09
6.203142686385949815e-09
6.201763355206468882e-09
6.200382864857500241e-09
6.199002219120326672e-09
6.197620140464773090e-09
6.196237259128628807e-09
5.876789366808842885e-09
5.875484126599992849e-09
5.874177505078308802e-09
5.872870798344132534e-09
5.871563259803209579e-09
5.870254975286494422e-09
5.711105217811409083e-09
5.709834925719889743e-09
5.708563552934897898e-09
5.707292012471980153e-09
5.706019751795265272e-09
5.704746826599622955e-09
5.703473225236901784e-09
5.388996331790339265e-09
5.387797666467264330e-09
5.386598957448840067e-09
5.385400025474911316e-09
5.384200105413680087e-09
5.382999934784322108e-09
5.226411980789845897e-09
5.225248271134094264e-09
5.224084456044186184e-09
5.222920336980949849e-09
5.221755193899134447e-09
5.220589852989038666e-09
5.219423172740638806e-09
4.910003501088468854e-09
4.908911008395415102e-09
4.907818303016043606e-09
4.906724574729286119e-09
4.905630635055660344e-09
4.904535888033077201e-09
4.750549863519595703e-09
4.749491229152214116e-09
4.748432462174375047e-09
4.747372534149235783e-09
4.746312434052372494e-09
4.745251779299876807e-09
4.744190633662642477e-09
4.439910275924066116e-09
4.438921516936946428e-09
4.437931981140652212e-09
4.436942389372199156e-09
4.435952666863626703e-09
4.434962153007267249e-09
4.283618034924496374e-09
4.282663156739720751e-09
4.281707479865811903e-09
4.280751587333570865e-09
4.279795595423342319e-09
4.278838781065530251e-09
3.979703885753291108e-09
3.978817534707341429e-09
3.977930790380130579e-09
3.977043893050890986e-09
3.976156995722330509e-09
3.975269172366736912e-09
3.974381271422723514e-09
3.825714615896497106e-09
3.824860816790380711e-09
3.824006634246061179e-09
3.823152448518361875e-09
3.822297527502706454e-09
3.821442362325781409e-09
3.527596768323403729e-09
3.526810579073179530e-09
3.526024165610138795e-09
3.525237700081444420e-09
3.524450488668367505e-09
3.523663117508288857e-09
3.522875746348210210e-09
3.376920822940565340e-09
3.376166853302407096e-09
3.375412831587041568e-09
3.374658395012211660e-09
3.373903520729829796e-09
3.373148646447787903e-09
3.084660247534773941e-09
3.083972589729496854e-09
3.083284779715317024e-09
3.082596503604826025e-09
3.081907954629638411e-09
3.081219405653771267e-09
2.937974387778356917e-09
2.937318408207413685e-09
2.936662259192190517e-09
2.936005801925717807e-09
2.935348865651353459e-09
2.934691846938740310e-09
2.934034720528808278e-09
2.650965116850520750e-09
2.650373529243028852e-09
2.649781837486218645e-09
2.649189958018415903e-09
2.648597989287535353e-09
2.648005825910054341e-09
2.507533036913677694e-09
2.506972811012755258e-09
2.506412585110133380e-09
2.505852078052707389e-09
2.505291305665964830e-09
2.504730441403653317e-09
2.227073622458135355e-09
2.226576692362247005e-09
2.226079762267038184e-09
2.225582734220722207e-09
2.225085534601190459e-09
2.224588164020448233e-09
2.086883308629704379e-09
2.086417079247370010e-09
2.085950849865375198e-09
2.085484501120579825e-09
2.085017740091432580e-09
2.084550836827609552e-09
2.084083503880946955e-09
1.811957778684690236e-09
1.811553000802617215e-09
1.811148197302460151e-09
1.810743157284474522e-09
1.810338052822252543e-09
1.809932777460496533e-09
1.675052422883407011e-09
1.674678007315151103e-09
1.674303591746555431e-09
1.673928668006532255e-09
1.673553735500831667e-09
1.673178802995131079e-09
1.406571928612578384e-09
1.406257884202989197e-09
1.405943839793569789e-09
1.405629571038976674e-09
1.405315271814772313e-09
1.405000972591077494e-09
1.404686673366873133e-09
1.272653000580498675e-09
1.272368731058600260e-09
1.272084089400719885e-09
1.271799348730662494e-09
1.271514608059925367e-09
1.271229867389867770e-09
1.010247540797114151e-09
1.010022034963984618e-09
1.009796265260361070e-09
1.009570388451205363e-09
1.009344511642049863e-09
1.009118634832724171e-09
8.799213879463446165e-10
8.797247177542505176e-10
8.795279491427852138e-10
8.793311262942529525e-10
8.791343034459755662e-10
8.789374805976132905e-10
6.235604912762732796e-10
6.234212643148923663e-10
6.232820373535114529e-10
6.231428103919605540e-10
6.230035834308345156e-10
6.228643564692837201e-10
4.965225590276032680e-10
4.964117228992876464e-10
4.963008867711419071e-10
4.961900506429960643e-10
4.960792145146804428e-10
4.959683783865346000e-10
4.958575422583888607e-10
2.616850108150579236e-10
2.616266689386064629e-10
2.615683270623248845e-10
2.615099851859159202e-10
2.614516433095918454e-10
2.613933014330979400e-10
7.643537359012935850e-11
7.641836497904879381e-11
7.640135636791513447e-11
7.638434775681332159e-11
7.636733914571152162e-11
7.635033053459908464e-11
-0.000000000000000000e+00
-0.000000000000000000e+00
-0.000000000000000000e+00
-0.000000000000000000e+00
-0.000000000000000000e+00
-0.000000000000000000e+00
-0.000000000000000000e+00
-0.000000000000000000e+00
-0.000000000000000000e+00
-0.000000000000000000e+00
-0.000000000000000000e+00
-0.000000000000000000e+00
-0.000000000000000000e+00
-0.000000000000000000e+00
-0.000000000000000000e+00
-0.000000000000000000e+00
-0.000000000000000000e+00
-0.000000000000000000e+00
-0.000000000000000000e+00
-0.000000000000000000e+00
-0.000000000000000000e+00
-0.000000000000000000e+00
-0.000000000000000000e+00
-0.000000000000000000e+00
-0.000000000000000000e+00
-0.000000000000000000e+00
-0.000000000000000000e+00
-0.000000000000000000e+00
-0.000000000000000000e+00
-0.000000000000000000e+00
-0.000000000000000000e+00
-0.000000000000000000e+00
-0.000000000000000000e+00
-0.000000000000000000e+00
-0.000000000000000000e+00
-0.000000000000000000e+00
-0.000000000000000000e+00
-0.000000000000000000e+00
-0.000000000000000000e+00
-0.000000000000000000e+00
-0.000000000000000000e+00
-0.000000000000000000e+00
-0.000000000000000000e+00
-0.000000000000000000e+00
-0.000000000000000000e+00
-0.000000000000000000e+00
-0.000000000000000000e+00
-0.000000000000000000e+00
-0.000000000000000000e+00
-0.000000000000000000e+00
-0.000000000000000000e+00
-0.000000000000000000e+00
-0.000000000000000000e+00
-0.000000000000000000e+00
-0.000000000000000000e+00
-0.000000000000000000e+00
-0.000000000000000000e+00
-0.000000000000000000e+00
-0.000000000000000000e+00
-0.000000000000000000e+00
-0.000000000000000000e+00
-0.000000000000000000e+00
-0.000000000000000000e+00
-0.000000000000000000e+00
-0.000000000000000000e+00
-0.000000000000000000e+00
-0.000000000000000000e+00
-0.000000000000000000e+00
-0.000000000000000000e+00
-0.000000000000000000e+00
-0.000000000000000000e+00
-0.000000000000000000e+00
-0.000000000000000000e+00
-0.000000000000000000e+00
-0.000000000000000000e+00
-0.000000000000000000e+00
-0.000000000000000000e+00
