-2.259811172261078686e-12
-2.722067685053686656e-12
-3.232049686924187749e-12
-3.791482898976515427e-12
-4.402207735869618921e-12
-5.066139172337627905e-12
-5.785251030728683355e-12
-6.561561269101434921e-12
-7.397074986495600945e-12
-8.293794984374029530e-12
-9.253725527978383180e-12
-1.027877762686980481e-11
-1.137079727288980815e-11
-1.253154785628567865e-11
-1.376273106624844697e-11
-1.506590291818409186e-11
-1.644245377961783496e-11
-1.789376820001734794e-11
-1.942094619989540950e-11
-2.102501386967036112e-11
-2.270690039389743539e-11
-2.446725531979223103e-11
-2.630666260245650023e-11
-2.822545957805543649e-11
-3.022392088114032569e-11
-3.230210873157509314e-11
-3.445987645501701960e-11
-3.669707726595028889e-11
-3.901320065761760378e-11
-4.140768331605134225e-11
-4.387978794142256680e-11
-4.642876437488340294e-11
-4.905341880290404749e-11
-5.175278691023778692e-11
-5.452544553330245534e-11
-5.737013900928122574e-11
-6.028522301428942350e-11
-6.326915164967081908e-11
-6.632024416383006939e-11
-6.943649666210241504e-11
-7.261624499473825326e-11
-7.585734489253765389e-11
-7.915770845104937058e-11
-8.251531131976296775e-11
-8.592789583294272742e-11
-8.939329430092771488e-11
-9.290904079375628014e-11
-9.647294690651799808e-11
-1.000826854903056445e-10
-1.037357619325044060e-10
-1.074299911263383829e-10
-1.111627134412927558e-10
-1.149316339315941898e-10
-1.187344492393733928e-10
-1.225686541905734772e-10
-1.264319322347869972e-10
-1.303219576312990551e-10
-1.342363386025885255e-10
-1.381728530212457836e-10
-1.421292791674957847e-10
-1.461033301000265454e-10
-1.500929098358100849e-10
-1.540958518339739163e-10
-1.581101158092002966e-10
-1.621337361844774566e-10
-1.661647244070248553e-10
-1.702012022818671447e-10
-1.742413542044697970e-10
-1.782834769662764291e-10
-1.823257650424445857e-10
-1.863666325861267075e-10
-1.904046233782798233e-10
-1.944382651909383363e-10
-1.984660538338777546e-10
-2.024866709056096328e-10
-2.064989416031998649e-10
-2.105016285147446785e-10
-2.144936419032406217e-10
-2.184739368529621198e-10
-2.224415652984601566e-10
-2.263956047811505029e-10
-2.303353373823768456e-10
-2.342598830004962996e-10
-2.381685319251311290e-10
-2.420608435773878786e-10
-2.459362342059819990e-10
-2.497941373470422055e-10
-2.536340364348785337e-10
-2.574558128848784714e-10
-2.612590894497430834e-10
-2.650434581984049205e-10
-2.688088991382395529e-10
-2.725551680405314261e-10
-2.762821794317153318e-10
-2.799900866565183551e-10
-2.836785479689101178e-10
-2.873478500657203604e-10
-2.909979888150165906e-10
-2.946290166904897873e-10
-2.982412706762571852e-10
-3.018347699682028480e-10
-3.054098485858286949e-10
-3.089666862959958096e-10
-3.125054387410083535e-10
-3.160266862072565192e-10
-3.195304445924900389e-10
-3.230172891617819150e-10
-3.264874469861365641e-10
-3.299412620721035423e-10
-3.333791751097495857e-10
-3.368014193401845292e-10
-3.402087513332369638e-10
-3.436011605459935708e-10
-3.469793014172853259e-10
-3.503433648683384367e-10
-3.536939777485326003e-10
-3.570313954409482883e-10
-3.603561628974671100e-10
-3.636684791734785447e-10
-3.669688407123461037e-10
-3.702576049910901823e-10
-3.735351706948842668e-10
-3.768019017673159093e-10
-3.800581529246076997e-10
-3.833041465314370346e-10
-3.865402922976406042e-10
-3.897668326731645669e-10
-3.929841665469997118e-10
-3.961924203414602912e-10
-3.993920202755844812e-10
-4.025829206387099395e-10
-4.057655574145763821e-10
-4.089399430175105457e-10
-4.121065417618572541e-10
-4.152651935769184253e-10
-4.184161907922928991e-10
-4.215595213642310602e-10
-4.246952744535384155e-10
-4.278235325691650649e-10
-4.309443294521389632e-10
-4.340578194848027112e-10
-4.371636566594913629e-10
-4.402621430705054533e-10
-4.433529202958534551e-10
-4.464359445704016715e-10
-4.495112618271587486e-10
-4.525786479782644311e-10
-4.556381119916801514e-10
-4.586890816966499359e-10
-4.617317577420441509e-10
-4.647655935454429188e-10
-4.677904065977158343e-10
-4.708062456482559380e-10
-4.738123328746487520e-10
-4.768089496744742440e-10
-4.797952635096365728e-10
-4.827709851077961326e-10
-4.857361604575481067e-10
-4.886897176466386786e-10
-4.916319657547433236e-10
-4.945620937372272372e-10
-4.974798374653944570e-10
-5.003849345707896744e-10
-5.032765538123361456e-10
-5.061541959858724502e-10
-5.090180584977210052e-10
-5.118666132739749774e-10
-5.147004549423513546e-10
-5.175183963411759346e-10
-5.203201995230119659e-10
-5.231055664699049722e-10
-5.258736156534907156e-10
-5.286236566704488823e-10
-5.313561443483553903e-10
-5.340692343073783068e-10
-5.367633185252489669e-10
-5.394381963345680034e-10
-5.420919598386204548e-10
-5.447255906400660922e-10
-5.473380474177753851e-10
-5.499283123544597034e-10
-5.524969967352680279e-10
-5.550425738852216878e-10
-5.575649019567422643e-10
-5.600641868701566800e-10
-5.625388115853055782e-10
-5.649889329396036693e-10
-5.674147469867673224e-10
-5.698145959139122747e-10
-5.721887664641904845e-10
-5.745374725068036887e-10
-5.768590819839630735e-10
-5.791537929412362333e-10
-5.814218975229334472e-10
-5.836619659784680118e-10
-5.858739621302686564e-10
-5.880582902314269031e-10
-5.902146580449880373e-10
-5.923412942688877539e-10
-5.944398887523844643e-10
-5.965098726969723229e-10
-5.985498925704713967e-10
-6.005602172634907918e-10
-6.025417427105720876e-10
-6.044928260979315292e-10
-6.064144010941051108e-10
-6.083062686714963113e-10
-6.101676444762725878e-10
-6.119992405997682740e-10
-6.138012565050075585e-10
-6.155733997048963096e-10
-6.173143888556375241e-10
-6.190260250258863651e-10
-6.207080353876538040e-10
-6.223593951290119511e-10
-6.239814326292326726e-10
-6.255741568655417204e-10
-6.271367320943528405e-10
-6.286698627267938151e-10
-6.301744529520069925e-10
-6.316501831196104136e-10
-6.330963624464424274e-10
-6.345143668289995454e-10
-6.359043296471777948e-10
-6.372656249224533312e-10
-6.385988979959937776e-10
-6.399054555497926610e-10
-6.411848246813850622e-10
-6.424367796538435600e-10
-6.436624063872293362e-10
-6.448622531315584348e-10
-6.460360941684322805e-10
-6.471840662777900903e-10
-6.483072300229674698e-10
-6.494058683209098391e-10
-6.504796132072700212e-10
-6.515295232257396447e-10
-6.525565742072430387e-10
-6.535606206262259092e-10
-6.545413145758165721e-10
-6.555003648880760869e-10
-6.564378737217953374e-10
-6.573540266340997984e-10
-6.582487730875627654e-10
-6.591235856992556212e-10
-6.599786504524672922e-10
-6.608142424634991500e-10
-6.616302638537234657e-10
-6.624283786802457168e-10
-6.632086007285271199e-10
-6.639710270897192540e-10
-6.647159938492902328e-10
-6.654447935054021836e-10
-6.661575489043022378e-10
-6.668543411467481171e-10
-6.675355806837302372e-10
-6.682025021848832294e-10
-6.688551808680562990e-10
-6.694937641394815808e-10
-6.701185131261818235e-10
-6.707308168060188246e-10
-6.713305729924084316e-10
-6.719180775724879663e-10
-6.724934723845714243e-10
-6.730579952296683638e-10
-6.736118369826829818e-10
-6.741549398058233594e-10
-6.746875753690255641e-10
-6.752109236725647202e-10
-6.757251596935954991e-10
-6.762304300230808239e-10
-6.767266228579656129e-10
-6.772146845127229617e-10
-6.776951022033511087e-10
-6.781679150905654858e-10
-6.786331213863324807e-10
-6.790913707860984614e-10
-6.795433438821600355e-10
-6.799890140948880160e-10
-6.804284986933469724e-10
-6.808619335125048866e-10
-6.812901153390498840e-10
-6.817131634061041805e-10
-6.821311643360215226e-10
-6.825440474690487526e-10
-6.829523059782080085e-10
-6.833563025656542825e-10
-6.837561236406595954e-10
-6.841518283750927577e-10
-6.845434586070874081e-10
-6.849316296193911984e-10
-6.853164295444588015e-10
-6.856978932998999790e-10
-6.860759317573346006e-10
-6.864507581513514371e-10
-6.868226842853662847e-10
-6.871917499732363867e-10
-6.875579348332314499e-10
-6.879211173022269089e-10
-6.882816069879704455e-10
-6.886394833050946137e-10
-6.889947678721302622e-10
-6.893475147794102625e-10
-6.896974972755528902e-10
-6.900450336722310010e-10
-6.903901907288757284e-10
-6.907328961505632796e-10
-6.910731007571048993e-10
-6.914105106393175465e-10
-6.917453642866067100e-10
-6.920776909143298808e-10
-6.924075339957913322e-10
-6.927345746495562025e-10
-6.930586101654200905e-10
-6.933798291531358037e-10
-6.936982371250349440e-10
-6.940139204996539550e-10
-6.943264422000511198e-10
-6.946355467643982688e-10
-6.949414096515999589e-10
-6.952440210552645920e-10
-6.955435028766681679e-10
-6.958392916443478824e-10
-6.961311139605529080e-10
-6.964191080041502103e-10
-6.967033025133795030e-10
-6.969837834806137782e-10
-6.972600091918873196e-10
-6.975316114327135330e-10
-6.977987340749472321e-10
-6.980614905429174990e-10
-6.983196453581562747e-10
-6.985730978580769672e-10
-6.988212027709951249e-10
-6.990641718121341695e-10
-6.993019322511424338e-10
-6.995341645673398789e-10
-6.997612809348995725e-10
-6.999824731487322137e-10
-7.001977311801000557e-10
-7.004067000672734064e-10
-7.006099040144587754e-10
-7.008072225934233978e-10
-7.009981586428110940e-10
-7.011819992652827414e-10
-7.013592533741149182e-10
-7.015299589627057757e-10
-7.016940495263958089e-10
-7.018510562622272149e-10
-7.020005499680178113e-10
-7.021430220982390887e-10
-7.022777979249742135e-10
-7.024052054319535079e-10
-7.025254380834873581e-10
-7.026380263169352865e-10
-7.027421678657030455e-10
-7.028386325477438135e-10
-7.029274617981888343e-10
-7.030084377085480041e-10
-7.030813463957229516e-10
-7.031457839864634921e-10
-7.032022540114165218e-10
-7.032499071082941814e-10
-7.032896298406743270e-10
-7.033213131431388320e-10
-7.033441928351358291e-10
-7.033582438193437889e-10
-7.033639044002404575e-10
-7.033612716226552997e-10
-7.033497742005848282e-10
-7.033301173280005574e-10
-7.033017845133280089e-10
-7.032643108168737126e-10
-7.032184926176911879e-10
-7.031645972268054430e-10
-7.031016752493227813e-10
-7.030306107520590979e-10
-7.029510098905019547e-10
-7.028622929619196957e-10
-7.027653625156518228e-10
-7.026603961553167851e-10
-7.025467128948800031e-10
-7.024248098540077535e-10
-7.022945963849545568e-10
-7.021557037081040241e-10
-7.020088633005953252e-10
-7.018542898932214194e-10
-7.016914020091138799e-10
-7.015206124014720997e-10
-7.013419883624315269e-10
-7.011551326844942249e-10
-7.009609318988125697e-10
-7.007595505600654111e-10
-7.005502321864362787e-10
-7.003338050821798698e-10
-7.001098066561339090e-10
-6.998783522596274337e-10
-6.996400499954803790e-10
-6.993951581789631553e-10
-6.991431347672230351e-10
-6.988844937550725355e-10
-6.986188229173842630e-10
-6.983465968473803086e-10
-6.980684149393231184e-10
-6.977839582932489852e-10
-6.974934657413470436e-10
-6.971969844719551339e-10
-6.968943236750200196e-10
-6.965857938152483932e-10
-6.962721448708318771e-10
-6.959529844100825193e-10
-6.956285980690537464e-10
-6.952990571560083161e-10
-6.949643193742236586e-10
-6.946245308699703996e-10
-6.942799430889493986e-10
-6.939309943958571503e-10
-6.935778387839304434e-10
-6.932203341832447108e-10
-6.928584300239477679e-10
-6.924922809107283123e-10
-6.921220970487088395e-10
-6.917485879351852823e-10
-6.913714283286964852e-10
-6.909908228988722846e-10
-6.906068401283264658e-10
-6.902195314855602311e-10
-6.898287580876104771e-10
-6.894351615050247228e-10
-6.890389174236858853e-10
-6.886401446551849400e-10
-6.882387099678567289e-10
-6.878346994513505806e-10
-6.874281594833675421e-10
-6.870193655090957896e-10
-6.866085236248862800e-10
-6.861959614994789581e-10
-6.857816501352302704e-10
-6.853656839968279148e-10
-6.849477785831102654e-10
-6.845283346405847914e-10
-6.841073936275437941e-10
-6.836852558502542995e-10
-6.832620569861891012e-10
-6.828377588242361104e-10
-6.824125082425553592e-10
-6.819860354472565127e-10
-6.815586775382619879e-10
-6.811304580981601764e-10
-6.807016905609052980e-10
-6.802724328569334998e-10
-6.798426396322626678e-10
-6.794124962263043397e-10
-6.789817025227121579e-10
-6.785506036907208510e-10
-6.781191964090348235e-10
-6.776877020464061178e-10
-6.772562177958949645e-10
-6.768246703295944219e-10
-6.763932415729762036e-10
-6.759616317756386549e-10
-6.755301881913116482e-10
-6.750987596848328470e-10
-6.746675464557480575e-10
-6.742366021126401625e-10
-6.738059121566872817e-10
-6.733755227571409476e-10
-6.729453334459673452e-10
-6.725154962755066740e-10
-6.720858543990799042e-10
-6.716566113282640143e-10
-6.712277374400669076e-10
-6.707993722798579219e-10
-6.703713437285569416e-10
-6.699437615626265475e-10
-6.695166097731440366e-10
-6.690898138602529755e-10
-6.686633823263774443e-10
-6.682373434025300051e-10
-6.678117235502184535e-10
-6.673865028022954191e-10
-6.669617362010132224e-10
-6.665373495290803273e-10
-6.661133671241355884e-10
-6.656896374364337466e-10
-6.652661806554683207e-10
-6.648430291650294200e-10
-6.644201508569435153e-10
-6.639975550813293787e-10
-6.635752247615395724e-10
-6.631531872901563895e-10
-6.627313478110702660e-10
-6.623095102682485205e-10
-6.618877696266576853e-10
-6.614660359704416870e-10
-6.610444235391988195e-10
-6.606227842133363878e-10
-6.602013029732694401e-10
-6.597797564722918601e-10
-6.593581558184465542e-10
-6.589361941717322738e-10
-6.585140803313953453e-10
-6.580915889542463191e-10
-6.576689798216505232e-10
-6.572459541629190208e-10
-6.568228424400152491e-10
-6.563992505953450444e-10
-6.559753109480279129e-10
-6.555506852771462716e-10
-6.551256606848484645e-10
-6.546998950058888757e-10
-6.542737651563632712e-10
-6.538468699334913559e-10
-6.534196291615433747e-10
-6.529915553929105175e-10
-6.525628310394466980e-10
-6.521330732766704707e-10
-6.517026096829936576e-10
-6.512710498093147989e-10
-6.508388281200083652e-10
-6.504054751265492615e-10
-6.499714952837105643e-10
-6.495363235242326316e-10
-6.491002434598924949e-10
-6.486627894214233835e-10
-6.482243832851652061e-10
-6.477845455199584867e-10
-6.473437776368059380e-10
-6.469015623659215616e-10
-6.464584627942946130e-10
-6.460138784923632879e-10
-6.455682290620518894e-10
-6.451209986487149076e-10
-6.446726383093081565e-10
-6.442227325715240296e-10
-6.437716599866289281e-10
-6.433190552375845072e-10
-6.428652493862255847e-10
-6.424099863801170337e-10
-6.419533730797443396e-10
-6.414951511744693035e-10
-6.410355085421553268e-10
-6.405743236428389012e-10
-6.401116398317029087e-10
-6.396475207993384102e-10
-6.391818199293053195e-10
-6.387147749953324597e-10
-6.382460303269617895e-10
-6.377758935238772321e-10
-6.373040097077289012e-10
-6.368308014844300054e-10
-6.363558484993220912e-10
-6.358795592069124477e-10
-6.354015780687610597e-10
-6.349222144007861853e-10
-6.344412272677747005e-10
-6.339587709663732426e-10
-6.334747886361865049e-10
-6.329894003881407692e-10
-6.325025629156913736e-10
-6.320142624542219496e-10
-6.315245874789710228e-10
-6.310333674226492032e-10
-6.305408203303968322e-10
-6.300467195573730482e-10
-6.295513336189778311e-10
-6.290544855068319008e-10
-6.285564699592841441e-10
-6.280570339579979213e-10
-6.275563877729466876e-10
-6.270544042128689900e-10
-6.265511419169293246e-10
-6.260466495395604496e-10
-6.255408024997520529e-10
-6.250338631034246921e-10
-6.245257017297220189e-10
-6.240165947502745992e-10
-6.235063064179461109e-10
-6.229950427735009736e-10
-6.224826634400878978e-10
-6.219692629009234273e-10
-6.214548219856005579e-10
-6.209393388782924088e-10
-6.204229829488616117e-10
-6.199057527451098832e-10
-6.193877927943499543e-10
-6.188689932691649184e-10
-6.183494590636664054e-10
-6.178291153074212742e-10
-6.173080249591310764e-10
-6.167861453283352703e-10
-6.162635538262351733e-10
-6.157403182938832878e-10
-6.152165942855716546e-10
-6.146923910495103943e-10
-6.141677287219225945e-10
-6.136426450460669891e-10
-6.131170143153058885e-10
-6.125910284653199071e-10
-6.120644820459515825e-10
-6.115376423404326544e-10
-6.110103622389925195e-10
-6.104829348285966896e-10
-6.099553174836355833e-10
-6.094275192392375953e-10
-6.088996385970626852e-10
-6.083714816782175436e-10
-6.078433468480726073e-10
-6.073149092681691155e-10
-6.067864454074140738e-10
-6.062578064791763412e-10
-6.057292384052446464e-10
-6.052007836792105453e-10
-6.046723812879011837e-10
-6.041442084249841956e-10
-6.036160759248416088e-10
-6.030881062422985856e-10
-6.025602686657933429e-10
-6.020324424845282188e-10
-6.015049663756936222e-10
-6.009775742789616312e-10
-6.004506265108983515e-10
-5.999239651107779041e-10
-5.993976610324988727e-10
-5.988718134563401913e-10
-5.983462032995461584e-10
-5.978211630344599721e-10
-5.972963486498997613e-10
-5.967719732947583855e-10
-5.962479912074191247e-10
-5.957244172989705732e-10
-5.952014962405043734e-10
-5.946789696889568463e-10
-5.941570594809333888e-10
-5.936356596962874357e-10
-5.931146493416564276e-10
-5.925943835200525055e-10
-5.920744687529079341e-10
-5.915552234399075864e-10
-5.910364365305503809e-10
-5.905182231306580457e-10
-5.900007193253381867e-10
-5.894837422557283839e-10
-5.889674849738722064e-10
-5.884518077908017622e-10
-5.879366753164217237e-10
-5.874223075344529158e-10
-5.869084282886626041e-10
-5.863953047765866168e-10
-5.858827336510914810e-10
-5.853707890530372443e-10
-5.848595772939923377e-10
-5.843489377126516186e-10
-5.838390462797790067e-10
-5.833297588664319541e-10
-5.828210653651251199e-10
-5.823131426197942785e-10
-5.818057861345175223e-10
-5.812991528439858984e-10
-5.807931364875853014e-10
-5.802877150993691289e-10
-5.797830124983489128e-10
-5.792788319197636225e-10
-5.787753308217441968e-10
-5.782724040785683307e-10
-5.777700603478391875e-10
-5.772684146821081672e-10
-5.767673378241474154e-10
-5.762668706717518570e-10
-5.757670368955217973e-10
-5.752677243681473547e-10
-5.747690267344148040e-10
-5.742708121407418876e-10
-5.737731346867258997e-10
-5.732760408519763322e-10
-5.727794866976516628e-10
-5.722834770690450477e-10
-5.717879931848552427e-10
-5.712930341556976532e-10
-5.707986130698856755e-10
-5.703047104350736110e-10
-5.698112330789607506e-10
-5.693182345591756514e-10
-5.688256408228702830e-10
-5.683335157273953178e-10
-5.678417653453995835e-10
-5.673504874234925767e-10
-5.668595901674564888e-10
-5.663691733319644714e-10
-5.658791467324921878e-10
-5.653895660134794446e-10
-5.649003629355035564e-10
-5.644115208573449598e-10
-5.639229873284736296e-10
-5.634348136089412534e-10
-5.629469526123185389e-10
-5.624594171049803947e-10
-5.619722397671783582e-10
-5.614853235865084448e-10
-5.609987892320784135e-10
-5.605125278538679697e-10
-5.600266379628014957e-10
-5.595410151511494583e-10
-5.590556549696727787e-10
-5.585705102508785680e-10
-5.580856259804881314e-10
-5.576009353643287498e-10
-5.571165108223939245e-10
-5.566323154498551903e-10
-5.561483184262937956e-10
-5.556645933807104252e-10
-5.551810292512038261e-10
-5.546977733513619047e-10
-5.542147135700875191e-10
-5.537318350727235640e-10
-5.532491048686602327e-10
-5.527665655302366754e-10
-5.522841540501130171e-10
-5.518019228047039002e-10
-5.513198561927212275e-10
-5.508379182149338684e-10
-5.503561810967824442e-10
-5.498745569119456906e-10
-5.493931656092224895e-10
-5.489119631362820353e-10
-5.484309361963616242e-10
-5.479500381152987810e-10
-5.474693057423354339e-10
-5.469887072518629510e-10
-5.465082379468189419e-10
-5.460279455528777729e-10
-5.455477594982983036e-10
-5.450677521544358152e-10
-5.445878635480489195e-10
-5.441081641698150572e-10
-5.436286343872641338e-10
-5.431493099529620211e-10
-5.426701382148774968e-10
-5.421910603937216689e-10
-5.417122048191219495e-10
-5.412334539788226691e-10
-5.407548520536983970e-10
-5.402764243680490227e-10
-5.397981242118125359e-10
-5.393199342836792444e-10
-5.388419694787053597e-10
-5.383641489045826744e-10
-5.378865685025162800e-10
-5.374092435900713236e-10
-5.369320323243015981e-10
-5.364550487155109317e-10
-5.359782768161534228e-10
-5.355016365063421200e-10
-5.350252134750400633e-10
-5.345489919020873722e-10
-5.340729359272191557e-10
-5.335970679853934234e-10
-5.331214595029943250e-10
-5.326460879802128906e-10
-5.321710539557240561e-10
-5.316962727457545587e-10
-5.312216863503850796e-10
-5.307474694329378624e-10
-5.302734701831057549e-10
-5.297996620513689442e-10
-5.293262436148411830e-10
-5.288530185140799410e-10
-5.283799827040065866e-10
-5.279073655010899239e-10
-5.274349667370515740e-10
-5.269628730226647548e-10
-5.264912536409381338e-10
-5.260199014555892880e-10
-5.255488144516062453e-10
-5.250782022851944466e-10
-5.246078544373990720e-10
-5.241377579357120111e-10
-5.236681515254684342e-10
-5.231987985713054775e-10
-5.227296923264071926e-10
-5.222611055909691326e-10
-5.217927795448098413e-10
-5.213248401898704868e-10
-5.208574452170505288e-10
-5.203903682304906770e-10
-5.199236591202659851e-10
-5.194574791417627117e-10
-5.189916292338010098e-10
-5.185261163910201392e-10
-5.180611571519336734e-10
-5.175965277401976790e-10
-5.171322298604659624e-10
-5.166684728620599573e-10
-5.162050999168294796e-10
-5.157421635413135673e-10
-5.152797965085884471e-10
-5.148178576809621021e-10
-5.143563306418772234e-10
-5.138953815186484414e-10
-5.134348559625167400e-10
-5.129747536445951077e-10
-5.125151955999360067e-10
-5.120561077780075124e-10
-5.115974187628479508e-10
-5.111392170922304951e-10
-5.106815755567255609e-10
-5.102243532039295886e-10
-5.097676574328226424e-10
-5.093115942006089790e-10
-5.088559259408512370e-10
-5.084007185629697523e-10
-5.079462221253180611e-10
-5.074921253490783117e-10
-5.070384330969143495e-10
-5.065854692808428563e-10
-5.061329103212084240e-10
-5.056807643220649498e-10
-5.052293148627639850e-10
-5.047783019361198943e-10
-5.043277911504592706e-10
-5.038779356524822639e-10
-5.034285132199518756e-10
-5.029796123628480102e-10
-5.025313191129174569e-10
-5.020834871443913968e-10
-5.016361915361526923e-10
-5.011894301238005524e-10
-5.007432149823521232e-10
-5.002974962715285203e-10
-4.998522425640912949e-10
-4.994076685433533427e-10
-4.989635269221816159e-10
-4.985199244429402084e-10
-4.980769909835732031e-10
-4.976344524422336348e-10
-4.971924369343091371e-10
-4.967510759821788504e-10
-4.963101347802034258e-10
-4.958697086071817201e-10
-4.954299022136269124e-10
-4.949905591188046759e-10
-4.945517362190099561e-10
-4.941134298941695201e-10
-4.936757276513894977e-10
-4.932384753746793937e-10
-4.928017618936419082e-10
-4.923656933252924887e-10
-4.919300022868068497e-10
-4.914948223410532669e-10
-4.910602774124260820e-10
-4.906261327497144305e-10
-4.901925086282881001e-10
-4.897594588176993207e-10
-4.893268608978644126e-10
-4.888947894103297119e-10
-4.884631923515735966e-10
-4.880321912256599361e-10
-4.876016349796481471e-10
-4.871716025510532131e-10
-4.867421674183289474e-10
-4.863130893793096847e-10
-4.858845255111269735e-10
-4.854565244079948234e-10
-4.850289115953536065e-10
-4.846018130774605969e-10
-4.841751864070463531e-10
-4.837490463284398576e-10
-4.833234163802234937e-10
-4.828981819788572684e-10
-4.824734766397292903e-10
-4.820493030089903388e-10
-4.816255794879199636e-10
-4.812023587459201799e-10
-4.807796252118122648e-10
-4.803572859321674995e-10
-4.799354193974924646e-10
-4.795140902873552578e-10
-4.790931306331374121e-10
-4.786726144761063259e-10
-4.782526526870845305e-10
-4.778330685819475458e-10
-4.774139223701795428e-10
-4.769952617855612578e-10
-4.765771010038177204e-10
-4.761593461033880227e-10
-4.757420889363926162e-10
-4.753253854715261074e-10
-4.749090012123492604e-10
-4.744930406082815111e-10
-4.740776444808664465e-10
-4.736625875123917796e-10
-4.732479721581099257e-10
-4.728337911269200937e-10
-4.724200898179684589e-10
-4.720068137367617025e-10
-4.715938853678737499e-10
-4.711814685665195251e-10
-4.707695340953385327e-10
-4.703580084399773213e-10
-4.699469305225924337e-10
-4.695364091607786849e-10
-4.691261930095858141e-10
-4.687163696189679067e-10
-4.683071014741633562e-10
-4.678981468316381439e-10
-4.674896192384749549e-10
-4.670815338188441092e-10
-4.666738614233971288e-10
-4.662666409731325039e-10
-4.658597272540121590e-10
-4.654533294995521902e-10
-4.650473834192902601e-10
-4.646418458769154249e-10
-4.642367423576969214e-10
-4.638321923460544356e-10
-4.634279392730612660e-10
-4.630240554023737783e-10
-4.626207458946362202e-10
-4.622177389976908749e-10
-4.618151386572041336e-10
-4.614129670869460137e-10
-4.610112570215965886e-10
-4.606099374667254247e-10
-4.602089181312673226e-10
-4.598084397269312048e-10
-4.594083992796569760e-10
-4.590087400992830991e-10
-4.586095296412304751e-10
-4.582109104594897657e-10
-4.578125674525106362e-10
-4.574146003043250139e-10
-4.570172044641458830e-10
-4.566201563362855560e-10
-4.562234911058640044e-10
-4.558272066432220232e-10
-4.554314865564821279e-10
-4.550360834647089377e-10
-4.546410679465920135e-10
-4.542464861285346737e-10
-4.538524192328901900e-10
-4.534587087940216376e-10
-4.530654478568439113e-10
-4.526727598732657869e-10
-4.522804171978887341e-10
-4.518884512614253602e-10
-4.514968972293087382e-10
-4.511059128445508099e-10
-4.507152287811145949e-10
-4.503249150409792279e-10
-4.499351274436308540e-10
-4.495457151990068884e-10
-4.491567393584959297e-10
-4.487680569940562432e-10
-4.483799543856186441e-10
-4.479922586370494977e-10
-4.476049605985732798e-10
-4.472180886413268962e-10
-4.468318402770154707e-10
-4.464458517380753819e-10
-4.460602586568153619e-10
-4.456752048911935900e-10
-4.452905708212981958e-10
-4.449062937084575674e-10
-4.445223723448225744e-10
-4.441390506394860790e-10
-4.437560405638574512e-10
-4.433734610325943709e-10
-4.429912274024554252e-10
-4.426095751773858360e-10
-4.422282958395461215e-10
-4.418474540522917428e-10
-4.414670493651401383e-10
-4.410872237739004408e-10
-4.407076838824071285e-10
-4.403285385337321274e-10
-4.399499615875089981e-10
-4.395717606483101417e-10
-4.391939581927834709e-10
-4.388165025323977407e-10
-4.384396636891796988e-10
-4.380631351358023683e-10
-4.376870362408801492e-10
-4.373112978339158587e-10
-4.369361358246003686e-10
-4.365613562217092424e-10
-4.361870116043163725e-10
-4.358130934225175114e-10
-4.354397702297480263e-10
-4.350667135188377033e-10
-4.346940699247554742e-10
-4.343219586261950188e-10
-4.339502740365290984e-10
-4.335789529388102191e-10
-4.332079954847433052e-10
-4.328376143935836060e-10
-4.324675682622646431e-10
-4.320979710142362802e-10
-4.317286975253614150e-10
-4.313599949322262240e-10
-4.309917108501293374e-10
-4.306237920294842583e-10
-4.302563259936098564e-10
-4.298894386170614858e-10
-4.295228464108157180e-10
-4.291566764804380947e-10
-4.287908970130585654e-10
-4.284257177146788439e-10
-4.280608105656689695e-10
-4.276963247406077907e-10
-4.273322672341345154e-10
-4.269687223779744413e-10
-4.266055350150476061e-10
-4.262426981877724416e-10
-4.258803328119219654e-10
-4.255184647190232188e-10
-4.251569643333839149e-10
-4.247958967456810194e-10
-4.244352749261065370e-10
-4.240751711035752476e-10
-4.237153577311231136e-10
-4.233559393681845924e-10
-4.229970519597426875e-10
-4.226385516119395812e-10
-4.222804188208490460e-10
-4.219226553328147912e-10
-4.215654272473581788e-10
-4.212085280106973731e-10
-4.208520983748927895e-10
-4.204959525546825402e-10
-4.201403433182637962e-10
-4.197851765448906616e-10
-4.194303584345977269e-10
-4.190759948160453815e-10
-4.187221298110474990e-10
-4.183686736867203573e-10
-4.180155515205182300e-10
-4.176628011657148727e-10
-4.173106143090095353e-10
-4.169587394803822484e-10
-4.166072737188722124e-10
-4.162561554867086288e-10
-4.159055915762322217e-10
-4.155553205732231336e-10
-4.152055169858245254e-10
-4.148559993818952009e-10
-4.145070115130328337e-10
-4.141584547872493413e-10
-4.138102423783736744e-10
-4.134624682149150062e-10
-4.131151865724947689e-10
-4.127683094900500608e-10
-4.124217538263340253e-10
-4.120755554867755115e-10
-4.117299106420544339e-10
-4.113845918934375206e-10
-4.110396417738901246e-10
-4.106950582417650580e-10
-4.103509812952303259e-10
-4.100072192163192510e-10
-4.096639217864303793e-10
-4.093208930004853547e-10
-4.089783544067344128e-10
-4.086362652544555482e-10
-4.082945230756577644e-10
-4.079532063249480033e-10
-4.076122920682474735e-10
-4.072719044430322428e-10
-4.069317523240783398e-10
-4.065919820487351120e-10
-4.062526756731538366e-10
-4.059138138346908385e-10
-4.055752413808983669e-10
-4.052370510289623575e-10
-4.048992513959541237e-10
-4.045619356889159602e-10
-4.042249228868154352e-10
-4.038882976016265345e-10
-4.035520093943570466e-10
-4.032162093306861362e-10
-4.028808198060176587e-10
-4.025457607942669444e-10
-4.022111269303554613e-10
-4.018770232635740257e-10
-4.015432208445565894e-10
-4.012097712483452175e-10
-4.008766546502330410e-10
-4.005440947536066633e-10
-4.002118161526516018e-10
-3.998799015508707331e-10
-3.995483318982944983e-10
-3.992172615772655497e-10
-3.988864984934499799e-10
-3.985561671815359867e-10
-3.982260969074746721e-10
-3.978964842356839223e-10
-3.975673140917896902e-10
-3.972384970150506753e-10
-3.969100725471816995e-10
-3.965820042824750792e-10
-3.962545083877094208e-10
-3.959272310476273609e-10
-3.956003328274156550e-10
-3.952737619817984683e-10
-3.949477615455387555e-10
-3.946219868496806225e-10
-3.942965939812204245e-10
-3.939715215112443317e-10
-3.936469595850832404e-10
-3.933226659728209320e-10
-3.929988086662371375e-10
-3.926751981418752932e-10
-3.923520388284903444e-10
-3.920293165561474742e-10
-3.917069217776785673e-10
-3.913849225205826364e-10
-3.910632563339642045e-10
-3.907421605520710352e-10
-3.904212763024289360e-10
-3.901007652428475337e-10
-3.897805609503100500e-10
-3.894609066691870069e-10
-3.891414924437359425e-10
-3.888224361562104142e-10
-3.885036969024464134e-10
-3.881854252217880810e-10
-3.878674747398283783e-10
-3.875498984670158871e-10
-3.872326045871297946e-10
-3.869156768528688664e-10
-3.865992215648000314e-10
-3.862831268515430892e-10
-3.859673493804971888e-10
-3.856519531757725623e-10
-3.853370674668037955e-10
-3.850224833385392246e-10
-3.847081989039317182e-10
-3.843942164182892164e-10
-3.840807360255709881e-10
-3.837676006289585861e-10
-3.834547488985516998e-10
-3.831422320978761755e-10
-3.828300792656864431e-10
-3.825184177918500209e-10
-3.822069884201785516e-10
-3.818959426181955416e-10
-3.815851579629221789e-10
-3.812748670295880087e-10
-3.809649458694795791e-10
-3.806553244041862668e-10
-3.803460837761556964e-10
-3.800372020715536440e-10
-3.797288313496686262e-10
-3.794206416615546215e-10
-3.791128251536578645e-10
-3.788053057100591588e-10
-3.784983329635275636e-10
-3.781915670452363829e-10
-3.778851514246170106e-10
-3.775790289708687974e-10
-3.772733511208268491e-10
-3.769680172976004855e-10
-3.766629925366788041e-10
-3.763582881806105185e-10
-3.760538930246552052e-10
-3.757499575653090495e-10
-3.754463716943273270e-10
-3.751430673581548357e-10
-3.748401473073474698e-10
-3.745376209916165469e-10
-3.742355232463500758e-10
-3.739336038713330455e-10
-3.736320588531149660e-10
-3.733308275247807877e-10
-3.730301157620723979e-10
-3.727295837824379351e-10
-3.724294163341029531e-10
-3.721295216257447755e-10
-3.718300695107130504e-10
-3.715309299634120591e-10
-3.712321101018136391e-10
-3.709335942591997066e-10
-3.706353786041523823e-10
-3.703376053565640786e-10
-3.700401821026587081e-10
-3.697430341109692658e-10
-3.694462675564139457e-10
-3.691498548298545702e-10
-3.688539028323084748e-10
-3.685581209521481308e-10
-3.682627022750006398e-10
-3.679675704133834107e-10
-3.676729530879684097e-10
-3.673785438090653777e-10
-3.670844545493841398e-10
-3.667906453746299556e-10
-3.664972371600439928e-10
-3.662042190019795711e-10
-3.659114436117469205e-10
-3.656190136518899179e-10
-3.653268288825112645e-10
-3.650351042521179603e-10
-3.647437228703286687e-10
-3.644526225711290193e-10
-3.641618703270318195e-10
-3.638714240225497715e-10
-3.635814791427954981e-10
-3.632917501310421938e-10
-3.630023255094293178e-10
-3.627131653616119489e-10
-3.624244533211897655e-10
-3.621360763587297098e-10
-3.618479368277938576e-10
-3.615601388645483468e-10
-3.612726086211205029e-10
-3.609855614802871476e-10
-3.606987081343882694e-10
-3.604122499630255364e-10
-3.601260114488127222e-10
-3.598401110773489233e-10
-3.595546314102755412e-10
-3.592694769661344687e-10
-3.589845754245247505e-10
-3.587000486699306197e-10
-3.584158558236652305e-10
-3.581321110436841503e-10
-3.578485191000450025e-10
-3.575652856652515013e-10
-3.572823121785829399e-10
-3.569998081074821433e-10
-3.567175458476614575e-10
-3.564355546237427962e-10
-3.561538703411550085e-10
-3.558724856740557175e-10
-3.555915616838573281e-10
-3.553108113871119140e-10
-3.550304588033545089e-10
-3.547502935612820321e-10
-3.544705003240031524e-10
-3.541910860085675882e-10
-3.539120089499706032e-10
-3.536331685174720592e-10
-3.533546935461894406e-10
-3.530765644366571594e-10
-3.527988520159670113e-10
-3.525212939110313728e-10
-3.522440806499176100e-10
-3.519671236213161933e-10
-3.516906348577570274e-10
-3.514143813873774635e-10
-3.511383872982559655e-10
-3.508626898281611434e-10
-3.505872853697584493e-10
-3.503123453623509196e-10
-3.500375653283651353e-10
-3.497631754481773320e-10
-3.494889770346587357e-10
-3.492151159758341851e-10
-3.489416546560111177e-10
-3.486685015965411287e-10
-3.483955946070906342e-10
-3.481230437478451653e-10
-3.478507839593951833e-10
-3.475789931811944661e-10
-3.473073634302435945e-10
-3.470360493575533805e-10
-3.467649649504849071e-10
-3.464943092273700655e-10
-3.462239737116606075e-10
-3.459538377962046017e-10
-3.456840416233476339e-10
-3.454144868153414002e-10
-3.451453467535436311e-10
-3.448764682484062208e-10
-3.446078632678264260e-10
-3.443395598476849021e-10
-3.440714831169692748e-10
-3.438038148071773522e-10
-3.435364790021541594e-10
-3.432693918154457743e-10
-3.430026205600325961e-10
-3.427361283762502212e-10
-3.424700667154094159e-10
-3.422042930669465008e-10
-3.419386911525111260e-10
-3.416734162849413117e-10
-3.414084047591703362e-10
-3.411438509763733476e-10
-3.408794853157889134e-10
-3.406153737858508889e-10
-3.403515463274368801e-10
-3.400879908302091291e-10
-3.398248804809724861e-10
-3.395619170023685313e-10
-3.392993270496606022e-10
-3.390369393138265569e-10
-3.387748295367345187e-10
-3.385130996345632978e-10
-3.382516891320555922e-10
-3.379905162023545387e-10
-3.377296594425075809e-10
-3.374690565295840826e-10
-3.372088994594834068e-10
-3.369489791990324983e-10
-3.366892594473275604e-10
-3.364298083488308926e-10
-3.361706548125950049e-10
-3.359119568647757627e-10
-3.356534138418468332e-10
-3.353951303808322153e-10
-3.351371087526735629e-10
-3.348793607961452388e-10
-3.346220500763699262e-10
-3.343648762025427402e-10
-3.341080619851915311e-10
-3.338514447636328975e-10
-3.335950956579460081e-10
-3.333391179832375249e-10
-3.330834537303237063e-10
-3.328280156034430690e-10
-3.325728797086713601e-10
-3.323179996127212022e-10
-3.320635409304688362e-10
-3.318093405212179515e-10
-3.315553038148980399e-10
-3.313015822900341099e-10
-3.310481017108057798e-10
-3.307950511606094755e-10
-3.305421959687190061e-10
-3.302895648102602045e-10
-3.300372249125175069e-10
-3.297851135779302810e-10
-3.295334151065575733e-10
-3.292819209365538930e-10
-3.290306870244542919e-10
-3.287797282413945404e-10
-3.285289691025942497e-10
-3.282785887831495965e-10
-3.280285030671406724e-10
-3.277786893071067681e-10
-3.275290976691382902e-10
-3.272798213156924983e-10
-3.270308382744534992e-10
-3.267822505310832745e-10
-3.265337898272695785e-10
-3.262856140617824623e-10
-3.260376320750170832e-10
-3.257899977154536229e-10
-3.255427357932165021e-10
-3.252956049961463916e-10
-3.250487573650029622e-10
-3.248021361951490165e-10
-3.245557915770028559e-10
-3.243098461170946705e-10
-3.240640228827172849e-10
-3.238185471881088273e-10
-3.235732436554284410e-10
-3.233281997361957185e-10
-3.230835022507913934e-10
-3.228391019564919592e-10
-3.225949119501157999e-10
-3.223509981028675069e-10
-3.221073353203206832e-10
-3.218640325561413544e-10
-3.216210350367454628e-10
-3.213781600474482725e-10
-3.211355929878800698e-10
-3.208932095642276513e-10
-3.206511945866723986e-10
-3.204094762269858206e-10
-3.201679027808226016e-10
-3.199266303618143126e-10
-3.196855484604509139e-10
-3.194447706985094999e-10
-3.192043524071765791e-10
-3.189640614032234985e-10
-3.187241064974771132e-10
-3.184843096445218088e-10
-3.182447767228142478e-10
-3.180055780939089770e-10
-3.177666678126378987e-10
-3.175279603550604016e-10
-3.172895172392603858e-10
-3.170513323871974284e-10
-3.168134792987493203e-10
-3.165759452237540996e-10
-3.163385283274953253e-10
-3.161014026103099286e-10
-3.158644530833395199e-10
-3.156278439162103223e-10
-3.153915761749099912e-10
-3.151554347349074921e-10
-3.149195617981454180e-10
-3.146839022604156206e-10
-3.144484959459978189e-10
-3.142134819399353397e-10
-3.139785833842154172e-10
-3.137439946753809879e-10
-3.135096076067101195e-10
-3.132754133405224293e-10
-3.130415764859252515e-10
-3.128080017334313286e-10
-3.125746827948136437e-10
-3.123415560286983826e-10
-3.121087325519943088e-10
-3.118761319165064858e-10
-3.116439400985755229e-10
-3.114118916487463806e-10
-3.111800379938303581e-10
-3.109484086230644469e-10
-3.107170435871276999e-10
-3.104860676974829478e-10
-3.102552417814735159e-10
-3.100246084809217258e-10
-3.097942491380393199e-10
-3.095640804442408035e-10
-3.093342366242216603e-10
-3.091046592258428790e-10
-3.088752400898627975e-10
-3.086461364509081015e-10
-3.084171663128658530e-10
-3.081884681423791530e-10
-3.079600815738070519e-10
-3.077319652936138558e-10
-3.075040369810331576e-10
-3.072763560140671765e-10
-3.070489262849315669e-10
-3.068217818340110506e-10
-3.065949779548554184e-10
-3.063682801950314429e-10
-3.061418353672691694e-10
-3.059155603563779306e-10
-3.056895751557416433e-10
-3.054639730546243552e-10
-3.052384861108622507e-10
-3.050132040637083425e-10
-3.047881726770954562e-10
-3.045633343784257776e-10
-3.043388382930609086e-10
-3.041145612684487370e-10
-3.038904570363244175e-10
-3.036666525302826426e-10
-3.034429730632610849e-10
-3.032195695364954036e-10
-3.029964685174552307e-10
-3.027736258837476662e-10
-3.025509659294042255e-10
-3.023285446897075027e-10
-3.021063732217462854e-10
-3.018844673039907062e-10
-3.016629062642195620e-10
-3.014414546957640707e-10
-3.012202267635281170e-10
-3.009991795089619227e-10
-3.007783966488646147e-10
-3.005579970475185739e-10
-3.003377195136291177e-10
-3.001176242375725452e-10
-2.998977892935354347e-10
-2.996781329264601999e-10
-2.994587676162838179e-10
-2.992396900834005959e-10
-2.990207355913173855e-10
-2.988020875709746150e-10
-2.985835806130504255e-10
-2.983652851346859013e-10
-2.981473053386352197e-10
-2.979295701951473349e-10
-2.977120627862280506e-10
-2.974947313283857877e-10
-2.972776836733992775e-10
-2.970608212234901736e-10
-2.968443437543569358e-10
-2.966280248162906093e-10
-2.964118383664195064e-10
-2.961959281810590800e-10
-2.959801800478252783e-10
-2.957647557565457536e-10
-2.955495903306117467e-10
-2.953345474451988653e-10
-2.951197447764273614e-10
-2.949051303862055477e-10
-2.946907281362125545e-10
-2.944766859920200468e-10
-2.942627788229412744e-10
-2.940490722540945967e-10
-2.938356258620882981e-10
-2.936223032595631834e-10
-2.934092496420284825e-10
-2.931964845736291713e-10
-2.929839550103331349e-10
-2.927715943368868207e-10
-2.925594556766489642e-10
-2.923475596869664388e-10
-2.921358959424683942e-10
-2.919245753446657625e-10
-2.917133711989214091e-10
-2.915023363396598816e-10
-2.912915189685152709e-10
-2.910809094163252426e-10
-2.908706287997849854e-10
-2.906605360078376981e-10
-2.904505801133718897e-10
-2.902408747630627911e-10
-2.900313425283382919e-10
-2.898220195300250729e-10
-2.896130480279683698e-10
-2.894041891112314536e-10
-2.891955394343799760e-10
-2.889871334112707057e-10
-2.887788491927400214e-10
-2.885708243768913809e-10
-2.883630808410802914e-10
-2.881555649379292026e-10
-2.879482119467589852e-10
-2.877410702342262623e-10
-2.875341715107134063e-10
-2.873274787243192391e-10
-2.871211344244022111e-10
-2.869149097542405026e-10
-2.867088242860854595e-10
-2.865029862440298072e-10
-2.862973113976779764e-10
-2.860919386878957131e-10
-2.858868073562817919e-10
-2.856817882538864039e-10
-2.854769912822418387e-10
-2.852723745499440263e-10
-2.850679487070260714e-10
-2.848638446146189329e-10
-2.846599067097451733e-10
-2.844561182689634766e-10
-2.842526088743354203e-10
-2.840492085225434596e-10
-2.838460202588679408e-10
-2.836431120482730220e-10
-2.834404226222351940e-10
-2.832379498366195909e-10
-2.830356243466420749e-10
-2.828335649366793794e-10
-2.826316620016607465e-10
-2.824300889935851308e-10
-2.822287239387982290e-10
-2.820274515525590431e-10
-2.818264208021549601e-10
-2.816255149755448350e-10
-2.814248636930059381e-10
-2.812245573376687742e-10
-2.810243445750055066e-10
-2.808242841970436087e-10
-2.806244708311772048e-10
-2.804247952249626323e-10
-2.802253502953499451e-10
-2.800262292673312570e-10
-2.798271905398130510e-10
-2.796283701573708764e-10
-2.794297638977440144e-10
-2.792312735354681120e-10
-2.790330325216593439e-10
-2.788350493575837375e-10
-2.786372851784083663e-10
-2.784396820728049551e-10
-2.782422566814140408e-10
-2.780450796089812705e-10
-2.778480613281773043e-10
-2.776513848252502733e-10
-2.774548579444895201e-10
-2.772584333238492758e-10
-2.770622576116160799e-10
-2.768661937337053928e-10
-2.766703864085086669e-10
-2.764749037156372935e-10
-2.762795051807831856e-10
-2.760842583288504157e-10
-2.758892466380792220e-10
-2.756943698685723057e-10
-2.754997185071057990e-10
-2.753053797990658860e-10
-2.751111181449679838e-10
-2.749170666039273748e-10
-2.747232269720840413e-10
-2.745294958382128821e-10
-2.743360013501271143e-10
-2.741427538880334749e-10
-2.739497220003744051e-10
-2.737568571670512782e-10
-2.735641503425132238e-10
-2.733716905045935006e-10
-2.731793720950370616e-10
-2.729873714928214588e-10
-2.727955575403542019e-10
-2.726038268229360832e-10
-2.724123226918771568e-10
-2.722209379855981941e-10
-2.720297799739563659e-10
-2.718389423179506870e-10
-2.716482112398655964e-10
-2.714576129111166488e-10
-2.712672420193167174e-10
-2.710770177682759820e-10
-2.708869667903150348e-10
-2.706972259979700416e-10
-2.705076139648900707e-10
-2.703181392334520260e-10
-2.701289235595962734e-10
-2.699398092697940429e-10
-2.697508596116811773e-10
-2.695621835522413101e-10
-2.693736991262302614e-10
-2.691854265573041094e-10
-2.689972933490378644e-10
-2.688093593999785050e-10
-2.686216107422714897e-10
-2.684340761419498005e-10
-2.682468383563657719e-10
-2.680597013572799908e-10
-2.678726761490897364e-10
-2.676858919838115217e-10
-2.674992212023304876e-10
-2.673127989980534364e-10
-2.671266640846873450e-10
-2.669406069612058555e-10
-2.667546976874907453e-10
-2.665690041839211376e-10
-2.663834364414177040e-10
-2.661980851876315710e-10
-2.660130322169941219e-10
-2.658280545058957809e-10
-2.656432555263593722e-10
-2.654586798003060316e-10
-2.652741949478184778e-10
-2.650899137945124655e-10
-2.649058778287896703e-10
-2.647220247647771475e-10
-2.645383791890951163e-10
-2.643548586958602845e-10
-2.641715483660580453e-10
-2.639883889264899631e-10
-2.638054714834904488e-10
-2.636228227417583982e-10
-2.634402625904909256e-10
-2.632578191889013158e-10
-2.630756044975398390e-10
-2.628935002311505433e-10
-2.627116370511002696e-10
-2.625300528286125927e-10
-2.623485413474780850e-10
-2.621671684760062061e-10
-2.619860110915359061e-10
-2.618049765950026404e-10
-2.616241349698566979e-10
-2.614435879058775552e-10
-2.612631273762401419e-10
-2.610828181091508792e-10
-2.609027423857128638e-10
-2.607227582807581358e-10
-2.605429384846854869e-10
-2.603633707674791490e-10
-2.601839867834650353e-10
-2.600047974585823437e-10
-2.598257364925678988e-10
-2.596468548134017315e-10
-2.594681631067270717e-10
-2.592896369599211421e-10
-2.591114157912569794e-10
-2.589333039422035452e-10
-2.587552796995592734e-10
-2.585774796267073932e-10
-2.583997689132671885e-10
-2.582222725319603504e-10
-2.580450731984493104e-10
-2.578679682859094731e-10
-2.576909810399358486e-10
-2.575141908847151339e-10
-2.573375417406691614e-10
-2.571610444434090062e-10
-2.569847881357904593e-10
-2.568087291079769513e-10
-2.566327404622734284e-10
-2.564569871627304257e-10
-2.562813749803240016e-10
-2.561058698790121324e-10
-2.559305751131037051e-10
-2.557554977400623470e-10
-2.555806018174015176e-10
-2.554058716888256089e-10
-2.552312623865631348e-10
-2.550568692050466659e-10
-2.548826004893142497e-10
-2.547085688018141294e-10
-2.545347845221740673e-10
-2.543610852149519429e-10
-2.541874863329155745e-10
-2.540141119776413912e-10
-2.538408263807494502e-10
-2.536677605501538583e-10
-2.534949816306279407e-10
-2.533222647642063433e-10
-2.531496674094186741e-10
-2.529772801112332213e-10
-2.528050137018960574e-10
-2.526329017753625279e-10
-2.524610523614619912e-10
-2.522893508520458314e-10
-2.521177358425193284e-10
-2.519463516685374653e-10
-2.517750862025008472e-10
-2.516039348284107837e-10
-2.514329954825079267e-10
-2.512622658660573539e-10
-2.510917086124570232e-10
-2.509213087891943625e-10
-2.507510278742200912e-10
-2.505809507331217707e-10
-2.504109980352254723e-10
-2.502412683432784438e-10
-2.500717888596527963e-10
-2.499023889724742085e-10
-2.497330854103952344e-10
-2.495639981696949230e-10
-2.493949854740151065e-10
-2.492261846860849994e-10
-2.490576700370927720e-10
-2.488892262534080846e-10
-2.487208989151228717e-10
-2.485527541412650364e-10
-2.483847419346395323e-10
-2.482168716937138382e-10
-2.480492066336983170e-10
-2.478817683928106124e-10
-2.477143854917948127e-10
-2.475471895986552051e-10
-2.473801700931785461e-10
-2.472132321325728797e-10
-2.470464675012125649e-10
-2.468799173971175233e-10
-2.467135333166913297e-10
-2.465473278714192197e-10
-2.463812328467765926e-10
-2.462152957692527232e-10
-2.460495530089451699e-10
-2.458839290938121250e-10
-2.457185800570004862e-10
-2.455533731781254317e-10
-2.453882288300515012e-10
-2.452232528240682913e-10
-2.450584115969088573e-10
-2.448937161494963198e-10
-2.447292257700838015e-10
-2.445649677067865015e-10
-2.444007709169344355e-10
-2.442366875291189341e-10
-2.440728046737894354e-10
-2.439090291108991380e-10
-2.437453984965632985e-10
-2.435820231610832770e-10
-2.434187718730407135e-10
-2.432556025974329838e-10
-2.430926500800793573e-10
-2.429298170769652778e-10
-2.427670808323520940e-10
-2.426045350885920340e-10
-2.424421853658335567e-10
-2.422799862773795548e-10
-2.421179678958361470e-10
-2.419560497579537097e-10
-2.417942923470959149e-10
-2.416326980972003558e-10
-2.414712458364551770e-10
-2.413100617859630504e-10
-2.411489975053506390e-10
-2.409879945989340602e-10
-2.408271644603967104e-10
-2.406664480930252736e-10
-2.405058871047903830e-10
-2.403455260375895861e-10
-2.401853848183279165e-10
-2.400253028661849050e-10
-2.398653296378344269e-10
-2.397055496615810973e-10
-2.395458725467672744e-10
-2.393863365490900303e-10
-2.392270422769969854e-10
-2.390678856114032815e-10
-2.389087936317470695e-10
-2.387499087756346989e-10
-2.385911587753566193e-10
-2.384324848316475269e-10
-2.382739896470041223e-10
-2.381156913246877013e-10
-2.379575413799202495e-10
-2.377995610221503401e-10
-2.376416841213485679e-10
-2.374839475823433979e-10
-2.373264034031557014e-10
-2.371689608127073696e-10
-2.370117632839040065e-10
-2.368547300327153471e-10
-2.366977604796450921e-10
-2.365409012803267676e-10
-2.363842282154232673e-10
-2.362276311610561533e-10
-2.360712261900213929e-10
-2.359150836638735332e-10
-2.357589953065166261e-10
-2.356030139552703514e-10
-2.354471938197470250e-10
-2.352915009533642063e-10
-2.351359245092198050e-10
-2.349805166321178918e-10
-2.348253531198026403e-10
-2.346702415704771610e-10
-2.345152504444627220e-10
-2.343604647179409326e-10
-2.342057524365789367e-10
-2.340511495370730105e-10
-2.338967400523707110e-10
-2.337425168940304970e-10
-2.335884437183005127e-10
-2.334345060425717214e-10
-2.332806689063864058e-10
-2.331269971459394161e-10
-2.329734596984894403e-10
-2.328200665059202350e-10
-2.326669258531223520e-10
-2.325138934996906301e-10
-2.323609162333857770e-10
-2.322080931835324009e-10
-2.320553975484446794e-10
-2.319028172282073302e-10
-2.317504177043401583e-10
-2.315982572680127762e-10
-2.314461401417042146e-10
-2.312941254104293196e-10
-2.311422849594506856e-10
-2.309905552255630403e-10
-2.308389417428115283e-10
-2.306874940353265782e-10
-2.305362764977953880e-10
-2.303851037265344867e-10
-2.302340521287133641e-10
-2.300831999218276396e-10
-2.299324159497323892e-10
-2.297817339149504135e-10
-2.296312410967409426e-10
-2.294809279035311836e-10
-2.293307522519698055e-10
-2.291807203975688317e-10
-2.290307817846622251e-10
-2.288809893206318633e-10
-2.287313494763876012e-10
-2.285818256722243134e-10
-2.284325442928196377e-10
-2.282833902172970555e-10
-2.281342923267354510e-10
-2.279853094693278611e-10
-2.278364900366290454e-10
-2.276877434793280171e-10
-2.275391704574057233e-10
-2.273908510395053281e-10
-2.272425888027808813e-10
-2.270944171648741808e-10
-2.269463845431066620e-10
-2.267984855377673634e-10
-2.266506814646796041e-10
-2.265030298828340773e-10
-2.263556105757033791e-10
-2.262082669259029456e-10
-2.260610018939949071e-10
-2.259139267511985704e-10
-2.257669629968743923e-10
-2.256200710901760906e-10
-2.254733382266935764e-10
-2.253267846147387275e-10
-2.251803689236945703e-10
-2.250341043261228466e-10
-2.248879343339422431e-10
-2.247418836136786262e-10
-2.245960093905139529e-10
-2.244502153575879420e-10
-2.243046122890257111e-10
-2.241592220367056563e-10
-2.240138991361607457e-10
-2.238686422767647095e-10
-2.237235507169650239e-10
-2.235785422926219306e-10
-2.234336768200606555e-10
-2.232889774088049981e-10
-2.231444933137381229e-10
-2.230000456860452461e-10
-2.228556952490964939e-10
-2.227115093013966052e-10
-2.225674252846407006e-10
-2.224234480612032157e-10
-2.222796213273135990e-10
-2.221360226279282730e-10
-2.219924694799730733e-10
-2.218490149048980838e-10
-2.217057470531077967e-10
-2.215625582375564995e-10
-2.214194623459035733e-10
-2.212765262409363691e-10
-2.211337549601848173e-10
-2.209911181910363446e-10
-2.208486291839317474e-10
-2.207062243449773782e-10
-2.205639436950324030e-10
-2.204218312777421792e-10
-2.202797903681893182e-10
-2.201379396007827082e-10
-2.199962933541961424e-10
-2.198547119226699621e-10
-2.197131917628519364e-10
-2.195718265597706770e-10
-2.194305537012718467e-10
-2.192893997698797646e-10
-2.191484059662199711e-10
-2.190076326236882929e-10
-2.188668937908422572e-10
-2.187262523699284420e-10
-2.185857509526833830e-10
-2.184453641236105281e-10
-2.183050660259951865e-10
-2.181649116091559371e-10
-2.180249748573261784e-10
-2.178851086280203138e-10
-2.177453102200800531e-10
-2.176056900191037802e-10
-2.174661869983115198e-10
-2.173267439357059604e-10
-2.171874230621525099e-10
-2.170482842397195338e-10
-2.169092834175238701e-10
-2.167704162438923934e-10
-2.166316564822690757e-10
-2.164929876781703768e-10
-2.163544646239987132e-10
-2.162160587187436351e-10
-2.160777686769664706e-10
-2.159396980642028120e-10
-2.158017442037226352e-10
-2.156638414614326709e-10
-2.155260189887079898e-10
-2.153883769472773227e-10
-2.152507727596994375e-10
-2.151133356519346582e-10
-2.149760875902191003e-10
-2.148389652530910514e-10
-2.147018997754897698e-10
-2.145649160986891622e-10
-2.144280990700374577e-10
-2.142913674804989926e-10
-2.141547434367237915e-10
-2.140182635870316116e-10
-2.138819889509645977e-10
-2.137457508804165618e-10
-2.136096052219075080e-10
-2.134736355341623999e-10
-2.133377411667541749e-10
-2.132019251870753394e-10
-2.130662570450033283e-10
-2.129307456685466470e-10
-2.127953602937416209e-10
-2.126601107046873303e-10
-2.125249519061085339e-10
-2.123898869057580160e-10
-2.122549790033839981e-10
-2.121201636615692672e-10
-2.119854753989743753e-10
-2.118510041343505283e-10
-2.117166314414488386e-10
-2.115823074904128979e-10
-2.114480676499140556e-10
-2.113139994635371065e-10
-2.111799672772598277e-10
-2.110461023653485347e-10
-2.109124190343882301e-10
-2.107788578684504635e-10
-2.106453503582862336e-10
-2.105119212109532569e-10
-2.103786563560001578e-10
-2.102454741153798652e-10
-2.101123911442085508e-10
-2.099794427587557243e-10
-2.098467044301946274e-10
-2.097140048605046206e-10
-2.095813846536245095e-10
-2.094489340803535684e-10
-2.093165805736255831e-10
-2.091842872100832427e-10
-2.090521108472267219e-10
