1.868886424214361063e-11
2.357987561510349421e-11
2.908498880238036949e-11
3.519500943073838048e-11
4.189541496147817460e-11
4.916728969304968522e-11
5.698716208837461151e-11
6.532876359111578868e-11
7.416218708785617900e-11
8.345564949895881331e-11
9.317531062998310877e-11
1.032856149600669979e-10
1.137502234840480266e-10
1.245319492532560683e-10
1.355931979067612789e-10
1.468966490564406035e-10
1.584050967165584261e-10
1.700821551469094278e-10
1.818924283652871565e-10
1.938017583916650432e-10
2.057776506916699844e-10
2.177890073823797804e-10
2.298067153167105022e-10
2.418038940417238886e-10
2.537556697361216355e-10
2.656391633517841348e-10
2.774342405132145016e-10
2.891229697129138639e-10
3.006898122691076952e-10
3.121217028044637166e-10
3.234075894448443906e-10
3.345392108873327329e-10
3.455103345893874636e-10
3.563168129906548809e-10
3.669567040457572557e-10
3.774301116221097450e-10
3.877388352412087906e-10
3.978861010027345558e-10
4.078770207664055882e-10
4.177188292841463589e-10
4.274186787751085414e-10
4.369861830844192955e-10
4.464312036449362637e-10
4.557642660639328982e-10
4.649979023685643718e-10
4.741435834813430522e-10
4.832144883084859302e-10
4.922234223523231115e-10
5.011831844077425507e-10
5.101071025964028092e-10
5.190083821990092730e-10
5.278995009373172842e-10
5.367932005797216232e-10
5.457016720585035596e-10
5.546359315347739919e-10
5.636069715638943701e-10
5.726253320627009991e-10
5.816998963898133710e-10
5.908391144929737353e-10
6.000507583706352272e-10
6.093414055248008520e-10
6.187163772917309690e-10
6.281803083868970256e-10
6.377361510006998666e-10
6.473864436379428542e-10
6.571323459237884707e-10
6.669731307333910577e-10
6.769087248407523250e-10
6.869359075248513243e-10
6.970516302770531959e-10
7.072506529227357952e-10
7.175291891822732480e-10
7.278791439088490859e-10
7.382933145060270976e-10
7.487640954173282836e-10
7.592814145051554159e-10
7.698365653243079485e-10
7.804178652575641711e-10
7.910156078367441417e-10
8.016166327638859292e-10
8.122102580906098419e-10
8.227832688747409393e-10
8.333232481056103739e-10
8.438179798264072408e-10
8.542550915803957183e-10
8.646212336518710456e-10
8.749025033290809355e-10
8.850890773909415784e-10
8.951676473960755467e-10
9.051252673855612343e-10
9.149522632531712399e-10
9.246375427239434202e-10
9.341691885869403891e-10
9.435403466144952732e-10
9.527399553689391653e-10
9.617605252367216769e-10
9.705955270125996641e-10
9.792366819024257818e-10
9.876770946318459284e-10
9.959137991588235932e-10
1.003940973436806537e-09
1.011757732215779718e-09
1.019360417816894477e-09
1.026743874985875589e-09
1.033911079839157680e-09
1.040862733074158455e-09
1.047597284109717691e-09
1.054116008185701217e-09
1.060423997465664577e-09
1.066523192359153122e-09
1.072414190278504550e-09
1.078105245898603033e-09
1.083599361210092758e-09
1.088903578519012582e-09
1.094024292942643118e-09
1.098966433386880265e-09
1.103739181980039834e-09
1.108347493563107775e-09
1.112802668421162254e-09
1.117109309116833435e-09
1.121278840266401252e-09
1.125317113745212576e-09
1.129235658047550409e-09
1.133041219425556673e-09
1.136745428266283968e-09
1.140354437472647685e-09
1.143878474414267529e-09
1.147327360207879828e-09
1.150706995102353678e-09
1.154031491693617784e-09
1.157304111569385821e-09
1.160536994596440251e-09
1.163735821406535791e-09
1.166906807410972362e-09
1.170059773874717061e-09
1.173202417322940446e-09
1.176338389306737196e-09
1.179480199356596799e-09
1.182627901714391616e-09
1.185786755141823028e-09
1.188968776728247792e-09
1.192170768058728229e-09
1.195399815230906569e-09
1.198660557049835207e-09
1.201955711816295449e-09
1.205287491887701295e-09
1.208656439158674706e-09
1.212071373071258372e-09
1.215526555083113761e-09
1.219023720502698981e-09
1.222566238379738932e-09
1.226152962755418343e-09
1.229786396736504311e-09
1.233460588510997081e-09
1.237178654466634321e-09
1.240940030103602290e-09
1.244739218519533465e-09
1.248579194189736137e-09
1.252453037183256505e-09
1.256362613823373793e-09
1.260306805931306417e-09
1.264278015415053227e-09
1.268276787865740904e-09
1.272299425596772414e-09
1.276342153582148679e-09
1.280406327606627877e-09
1.284482398960593002e-09
1.288572416144257896e-09
1.292675095966234941e-09
1.296782069256608297e-09
1.300890402728370222e-09
1.305001195197658519e-09
1.309108738525323510e-09
1.313212250400999533e-09
1.317306240865342253e-09
1.321393190850060912e-09
1.325467609088204061e-09
1.329524809584396231e-09
1.333566908410904633e-09
1.337590071735144337e-09
1.341590771107701168e-09
1.345566490783811755e-09
1.349519686587275897e-09
1.353445932228313707e-09
1.357341497622641407e-09
1.361209436044777672e-09
1.365046632599880402e-09
1.368849207335744181e-09
1.372620187009462478e-09
1.376357299697352769e-09
1.380057311804816796e-09
1.383722481628894546e-09
1.387351490245319426e-09
1.390940920675536610e-09
1.394491716729978043e-09
1.398006967189724758e-09
1.401480891005942654e-09
1.404914727885465419e-09
1.408310482698369179e-09
1.411667285328735378e-09
1.414980305606916501e-09
1.418255374767125285e-09
1.421488222134092635e-09
1.424678813786795992e-09
1.427828761860544552e-09
1.430937140093046757e-09
1.434005810438744705e-09
1.437028306180927449e-09
1.440012569183888249e-09
1.442954134999012947e-09
1.445851876412060693e-09
1.448711890510446122e-09
1.451523835725979398e-09
1.454294709356809628e-09
1.457021796519404054e-09
1.459706606238692412e-09
1.462353747050210633e-09
1.464951993006609585e-09
1.467514906374600743e-09
1.470025754346536364e-09
1.472497477075191899e-09
1.474925720629900470e-09
1.477309093393763254e-09
1.479657920016810456e-09
1.481957250039297770e-09
1.484220467840429834e-09
1.486430094626671794e-09
1.488604087425037035e-09
1.490731807078191569e-09
1.492820215597421319e-09
1.494868863566896807e-09
1.496873333408042614e-09
1.498838354242122625e-09
1.500754327536777181e-09
1.502641706146597377e-09
1.504482903358109944e-09
1.506288855376486027e-09
1.508046691753144290e-09
1.509774575296458698e-09
1.511460739200750028e-09
1.513112234984863927e-09
1.514726766255130115e-09
1.516310863366903661e-09
1.517856614514973016e-09
1.519370935106606650e-09
1.520856632848236938e-09
1.522312046140477544e-09
1.523737883918141583e-09
1.525136499012439912e-09
1.526510309523765931e-09
1.527860460701544820e-09
1.529186101448394667e-09
1.530491958415948920e-09
1.531777365862780818e-09
1.533046772678568070e-09
1.534298595370949986e-09
1.535536426373415484e-09
1.536760499828370497e-09
1.537976048306992979e-09
1.539182118185180198e-09
1.540378019663122712e-09
1.541568484081575426e-09
1.542758008270957375e-09
1.543943213247435372e-09
1.545122507723298635e-09
1.546307313440209032e-09
1.547494780723898627e-09
1.548683581438617524e-09
1.549872559596150959e-09
1.551078267948764890e-09
1.552284740671851356e-09
1.553502760121605014e-09
1.554725035012607862e-09
1.555971026792384862e-09
1.557216265068195596e-09
1.558480568107473247e-09
1.559757606691438749e-09
1.561048107839720387e-09
1.562352886161770638e-09
1.563674437825303879e-09
1.565013516672437810e-09
1.566362909329565454e-09
1.567740951051042672e-09
1.569127654426882883e-09
1.570536439024553983e-09
1.571959758080927934e-09
1.573403532346379878e-09
1.574861749185988742e-09
1.576337243187571579e-09
1.577832551323993256e-09
1.579339309255410967e-09
1.580869426493364957e-09
1.582408573844352252e-09
1.583967253323131743e-09
1.585538200077007343e-09
1.587123296254216007e-09
1.588721155191016420e-09
1.590327007187972568e-09
1.591949690300676154e-09
1.593581384302735608e-09
1.595220420843647305e-09
1.596869048847502275e-09
1.598522763914186262e-09
1.600186028741999249e-09
1.601853712055639350e-09
1.603521101262896552e-09
1.605193753508048030e-09
1.606866002112221639e-09
1.608538149130675093e-09
1.610212848708723133e-09
1.611878623232293107e-09
1.613543541906493987e-09
1.615203057605678515e-09
1.616856551336035939e-09
1.618506627502194663e-09
1.620141688816899733e-09
1.621770691993147363e-09
1.623387009037168212e-09
1.624993310629286595e-09
1.626590110397708582e-09
1.628166029188662449e-09
1.629730974827926804e-09
1.631275944924930263e-09
1.632806781729946091e-09
1.634324142259299949e-09
1.635814435719137142e-09
1.637291697876189337e-09
1.638743868685279695e-09
1.640178839925908004e-09
1.641598788086951671e-09
1.642984543622997737e-09
1.644357011542765476e-09
1.645703582451904409e-09
1.647028868313786924e-09
1.648335457483752308e-09
1.649608529466027122e-09
1.650864743414112132e-09
1.652097969127560166e-09
1.653302572206733558e-09
1.654487448903681446e-09
1.655645497084707374e-09
1.656780996999861464e-09
1.657898200423666688e-09
1.658982611738513037e-09
1.660050347511094579e-09
1.661095162137357289e-09
1.662115092936083262e-09
1.663114985923715315e-09
1.664092262859678693e-09
1.665047479054141404e-09
1.665983718383996067e-09
1.666899195271364391e-09
1.667793721598831468e-09
1.668674757389381069e-09
1.669530516436309014e-09
1.670372887645755617e-09
1.671196045235620991e-09
1.672005674248848624e-09
1.672798906249390798e-09
1.673578953960424555e-09
1.674341331502078681e-09
1.675092025850793390e-09
1.675831955342484739e-09
1.676559243616533080e-09
1.677277148689878821e-09
1.677983946902090368e-09
1.678681414963008104e-09
1.679366113319987413e-09
1.680050439941337695e-09
1.680722887191624021e-09
1.681391350349651042e-09
1.682055155757542662e-09
1.682712133911134567e-09
1.683361636688608788e-09
1.684015084749013205e-09
1.684661130808852482e-09
1.685305040940781126e-09
1.685950281330012499e-09
1.686590967724688809e-09
1.687229346035316679e-09
1.687873441210195329e-09
1.688514738837081268e-09
1.689156540569008320e-09
1.689803480782634754e-09
1.690447882991074916e-09
1.691093846806000249e-09
1.691747006561535711e-09
1.692400671858759575e-09
1.693055787128820117e-09
1.693719726525412592e-09
1.694382598499687616e-09
1.695048274610945238e-09
1.695722556056154050e-09
1.696399235149219307e-09
1.697077050311328435e-09
1.697766518335318278e-09
1.698454696503491743e-09
1.699147013142958339e-09
1.699847508542642953e-09
1.700551792168805732e-09
1.701257526290583335e-09
1.701973242755201335e-09
1.702689361371872101e-09
1.703410402181040912e-09
1.704136615431312844e-09
1.704867024166797936e-09
1.705600093894668009e-09
1.706338601668688915e-09
1.707081402096498666e-09
1.707826391162152915e-09
1.708575324926416977e-09
1.709326364408632212e-09
1.710081105158805663e-09
1.710837789142849948e-09
1.711598128895948292e-09
1.712360052078541599e-09
1.713125485764700255e-09
1.713889608403336983e-09
1.714656903431162340e-09
1.715424483247346433e-09
1.716192481937866554e-09
1.716962527056678520e-09
1.717732643136337386e-09
1.718502280692673635e-09
1.719270603675713313e-09
1.720038516689512565e-09
1.720807775229045164e-09
1.721570743982160244e-09
1.722336697075870473e-09
1.723102135880622760e-09
1.723861182059231563e-09
1.724619534204851422e-09
1.725375759829589445e-09
1.726128741029288015e-09
1.726876953542350511e-09
1.727624942613415478e-09
1.728370201339287675e-09
1.729106251200050556e-09
1.729840163655889103e-09
1.730571116237811530e-09
1.731294500820232618e-09
1.732014277000277628e-09
1.732730384670371039e-09
1.733441635313585935e-09
1.734143454625436236e-09
1.734841204713583822e-09
1.735535611845253492e-09
1.736219674881531117e-09
1.736899966351078988e-09
1.737575194445603608e-09
1.738243987853504957e-09
1.738903265453725346e-09
1.739556867448471293e-09
1.740206130148022376e-09
1.740845478941024735e-09
1.741479211997900153e-09
1.742106963689597761e-09
1.742727860086234632e-09
1.743339105433145625e-09
1.743943992720136572e-09
1.744543687450977133e-09
1.745134274230096132e-09
1.745717524028023988e-09
1.746294433964667019e-09
1.746864410074383703e-09
1.747426747059970386e-09
1.747982478899839736e-09
1.748531440566496466e-09
1.749074046924435867e-09
1.749608708248656772e-09
1.750137666075203851e-09
1.750659212854476866e-09
1.751174524924657141e-09
1.751683945085603257e-09
1.752187159784577859e-09
1.752683803836891501e-09
1.753175203522762526e-09
1.753659787901799731e-09
1.754138569781224317e-09
1.754611358368188403e-09
1.755079922518948762e-09
1.755542589630962549e-09
1.756000719620920535e-09
1.756453331065826578e-09
1.756901620964517598e-09
1.757343612860571510e-09
1.757780659974817465e-09
1.758215671577570429e-09
1.758646206764060131e-09
1.759072813628792660e-09
1.759494215546540099e-09
1.759914611966034232e-09
1.760329197471834554e-09
1.760740629398202505e-09
1.761148196559070212e-09
1.761555266854712398e-09
1.761958142049614974e-09
1.762358588509890196e-09
1.762755867747216023e-09
1.763153304597851872e-09
1.763545750322727892e-09
1.763935876226524324e-09
1.764324614598701542e-09
1.764712656906665103e-09
1.765098417687710098e-09
1.765482558592027980e-09
1.765865117010829413e-09
1.766247075872910129e-09
1.766626604022740082e-09
1.767004500772555245e-09
1.767382616395022233e-09
1.767759968451697986e-09
1.768136225274920604e-09
1.768511699839724503e-09
1.768886461784129349e-09
1.769260821021608673e-09
1.769634182454937876e-09
1.770007017299133428e-09
1.770379630387456411e-09
1.770752068996587554e-09
1.771123836170311471e-09
1.771495456072468256e-09
1.771867008071699429e-09
1.772238140781349905e-09
1.772608898294778545e-09
1.772979553316558822e-09
1.773349517008576396e-09
1.773719417696231946e-09
1.774088740572421592e-09
1.774458282528389089e-09
1.774827354948185888e-09
1.775194874938239233e-09
1.775563530443125438e-09
1.775931316432295339e-09
1.776298706912334537e-09
1.776664649708180376e-09
1.777030649065643885e-09
1.777396242258566913e-09
1.777762338606927710e-09
1.778124949682386202e-09
1.778488834213978249e-09
1.778852009907702747e-09
1.779214641921087776e-09
1.779574799342275781e-09
1.779934490193231892e-09
1.780292975916481768e-09
1.780651617305196760e-09
1.781007813280014526e-09
1.781362906710095160e-09
1.781717651653946809e-09
1.782071083771838213e-09
1.782422417587948943e-09
1.782771464251320325e-09
1.783119527446905091e-09
1.783465844649174343e-09
1.783811732550992252e-09
1.784152443499602233e-09
1.784494027592273557e-09
1.784833347466284325e-09
1.785171029997814782e-09
1.785505298774809567e-09
1.785837602080671675e-09
1.786168001583039261e-09
1.786497038642175612e-09
1.786823228365979926e-09
1.787146125572794845e-09
1.787468090438202448e-09
1.787787557112281022e-09
1.788104758638278903e-09
1.788418226587967331e-09
1.788729668034159638e-09
1.789038542890781553e-09
1.789345435227085750e-09
1.789649007556541819e-09
1.789950028593974872e-09
1.790248852104680565e-09
1.790544809673784394e-09
1.790837947625716769e-09
1.791127968120532377e-09
1.791415712638811331e-09
1.791700433811289658e-09
1.791982800659992431e-09
1.792261598235601694e-09
1.792537887711581679e-09
1.792811936527997570e-09
1.793082704414239214e-09
1.793350615598486437e-09
1.793615806837186424e-09
1.793878133449501721e-09
1.794138012365563047e-09
1.794395063092545667e-09
1.794649095204539020e-09
1.794900615698076770e-09
1.795149254332741565e-09
1.795395251668868277e-09
1.795638157049525635e-09
1.795878899845880812e-09
1.796117050310143190e-09
1.796352255253396566e-09
1.796585269940178421e-09
1.796815252887261666e-09
1.797043281156264867e-09
1.797268301169557921e-09
1.797490855872282167e-09
1.797710512065980346e-09
1.797928267092904923e-09
1.798144262232195800e-09
1.798357314255918897e-09
1.798568308105385451e-09
1.798777099899807099e-09
1.798983521061098492e-09
1.799187755072477871e-09
1.799389915520070848e-09
1.799589444542022661e-09
1.799787010103552429e-09
1.799983063877700088e-09
1.800176808033544707e-09
1.800368738119440270e-09
1.800558964765830623e-09
1.800746874678179435e-09
1.800933182545168162e-09
1.801117190371612725e-09
1.801299682308190212e-09
1.801479934839540286e-09
1.801658729038897284e-09
1.801836050311817350e-09
1.802011239783465423e-09
1.802185308717874551e-09
1.802357785948666484e-09
1.802528328897005302e-09
1.802697272526371333e-09
1.802864717542695435e-09
1.803030419342714775e-09
1.803194662110946241e-09
1.803357432870911254e-09
1.803519209355147768e-09
1.803679123431647206e-09
1.803838024963638007e-09
1.803996007612450059e-09
1.804151416937779789e-09
1.804305911607816316e-09
1.804459382133294168e-09
1.804611251625219261e-09
1.804762028769558940e-09
1.804910964372619676e-09
1.805058992586341711e-09
1.805205499116954532e-09
1.805351257909380829e-09
1.805496034037378320e-09
1.805638441359652966e-09
1.805780112826852331e-09
1.805920538349779880e-09
1.806059846796888475e-09
1.806197841931654626e-09
1.806333957976435980e-09
1.806469118870800936e-09
1.806602789723534905e-09
1.806735763492472394e-09
1.806867757419652199e-09
1.806997153976547531e-09
1.807125809422296535e-09
1.807253560384096020e-09
1.807379756117634602e-09
1.807504792147924852e-09
1.807628119495211989e-09
1.807750377580862865e-09
1.807871342782223703e-09
1.807990951829076630e-09
1.808110113948590234e-09
1.808226651899649060e-09
1.808342030550461947e-09
1.808456876305385320e-09
1.808570091081163399e-09
1.808681986541749327e-09
1.808792186968473994e-09
1.808900921770781305e-09
1.809008481445237965e-09
1.809114498387651235e-09
1.809219605715940828e-09
1.809323400988540763e-09
1.809424857670671266e-09
1.809525732521899834e-09
1.809625001276072241e-09
1.809722901220865982e-09
1.809819157505504765e-09
1.809913492130797451e-09
1.810006614433566935e-09
1.810097970823850010e-09
1.810188225621480837e-09
1.810277151908648953e-09
1.810363726317021969e-09
1.810448851240429432e-09
1.810532996704236655e-09
1.810615281161881632e-09
1.810695834446640695e-09
1.810774992373990203e-09
1.810852503178937582e-09
1.810928646459117787e-09
1.811002935239738445e-09
1.811075993791360871e-09
1.811147791127964757e-09
1.811216969483528922e-09
1.811285095983818455e-09
1.811351966103298383e-09
1.811417170305178303e-09
1.811480601428871603e-09
1.811542286145162774e-09
1.811602663261455375e-09
1.811661348925082458e-09
1.811718361824535603e-09
1.811774104390131135e-09
1.811828479228631113e-09
1.811880770046954566e-09
1.811931823217462311e-09
1.811981337626062734e-09
1.812029210811382284e-09
1.812075334662900133e-09
1.812119730495737179e-09
1.812162796084837258e-09
1.812204134235441016e-09
1.812243929681960088e-09
1.812282525812543910e-09
1.812319480129901646e-09
1.812354229259185187e-09
1.812387632053090997e-09
1.812419828114229312e-09
1.812450251272377861e-09
1.812478855209558244e-09
1.812506229775361256e-09
1.812532131784146196e-09
1.812556663358142568e-09
1.812579387732752051e-09
1.812601048320006567e-09
1.812621552305278304e-09
1.812639723389263426e-09
1.812656642091526332e-09
1.812672347908121475e-09
1.812686663490863778e-09
1.812699387723856753e-09
1.812710752189051466e-09
1.812720460394807003e-09
1.812729138176214091e-09
1.812736117953685209e-09
1.812741866616082225e-09
1.812746573059693309e-09
1.812749904129420386e-09
1.812751319462414552e-09
1.812751772002670641e-09
1.812750791234470671e-09
1.812748445257609242e-09
1.812744643618397446e-09
1.812739353166248745e-09
1.812732871387571458e-09
1.812725117407097298e-09
1.812715844955952551e-09
1.812705659187727396e-09
1.812694404021877487e-09
1.812680968696784358e-09
1.812666267455970703e-09
1.812650714263959307e-09
1.812633802312813688e-09
1.812615378144979221e-09
1.812595780592163655e-09
1.812574803958536884e-09
1.812552590274153370e-09
1.812529211799526193e-09
1.812504496658931773e-09
1.812479028292634646e-09
1.812452397487933773e-09
1.812423555011882500e-09
1.812393862645471265e-09
1.812363215567214792e-09
1.812331293579302993e-09
1.812298085941953667e-09
1.812263765063263834e-09
1.812227853225750231e-09
1.812190996429677993e-09
1.812152833932152126e-09
1.812113423197740657e-09
1.812073229304276218e-09
1.812032104063510123e-09
1.811988926871863543e-09
1.811944875846452425e-09
1.811899880518436898e-09
1.811853522967881923e-09
1.811805917908691157e-09
1.811757194871227389e-09
1.811706880230731589e-09
1.811655775669477621e-09
1.811603360796727033e-09
1.811549671255526987e-09
1.811495146445211485e-09
1.811439669688646406e-09
1.811381959850980568e-09
1.811323290375774381e-09
1.811264015638451918e-09
1.811203419525761272e-09
1.811141441426373929e-09
1.811078231030202261e-09
1.811013817801254249e-09
1.810948171095631485e-09
1.810881408047568099e-09
1.810813398218787861e-09
1.810744577406914952e-09
1.810674828096219545e-09
1.810603263793268700e-09
1.810530339957935195e-09
1.810456647893993341e-09
1.810381843438390906e-09
1.810305883559868936e-09
1.810228589052560136e-09
1.810150111142782145e-09
1.810070301650061776e-09
1.809989601665979131e-09
1.809907454741669369e-09
1.809824267218855059e-09
1.809740195036798099e-09
1.809655099213604586e-09
1.809568139160891416e-09
1.809480306861442433e-09
1.809391548070572861e-09
1.809301499775273236e-09
1.809210195236145114e-09
1.809117684745273432e-09
1.809023800076290036e-09
1.808929058880642060e-09
1.808833253198175190e-09
1.808735945017399053e-09
1.808637691371002565e-09
1.808538708632228613e-09
1.808438111301749918e-09
1.808335784987105209e-09
1.808232795294123311e-09
1.808129070138315180e-09
1.808023872722446818e-09
1.807917351258920586e-09
1.807809817180740801e-09
1.807700957700146738e-09
1.807591000209088789e-09
1.807479889610886147e-09
1.807367622346511511e-09
1.807254575827210959e-09
1.807140566547928682e-09
1.807024985353836441e-09
1.806907916220640895e-09
1.806790109559479998e-09
1.806671239984963169e-09
1.806551212611864086e-09
1.806429981279368665e-09
1.806307683625698625e-09
1.806184058877533645e-09
1.806059453078934671e-09
1.805933686983833429e-09
1.805806663483872984e-09
1.805678859367778208e-09
1.805550175347074944e-09
1.805420184893028645e-09
1.805288557758742833e-09
1.805156251982817734e-09
1.805022943504509798e-09
1.804888412791077071e-09
1.804752717117828656e-09
1.804615959719221103e-09
1.804477922223543167e-09
1.804339037151129441e-09
1.804199268316964031e-09
1.804058031308514308e-09
1.803915916422875777e-09
1.803773090153638645e-09
1.803629188297645979e-09
1.803483339675886700e-09
1.803336690839933710e-09
1.803189495196236791e-09
1.803041175839423684e-09
1.802891660648609397e-09
1.802740907415248813e-09
1.802589273668971117e-09
1.802436313492920823e-09
1.802282553004573196e-09
1.802127673766193056e-09
1.801971764516723901e-09
1.801815132662123955e-09
1.801657653384643813e-09
1.801498628255491320e-09
1.801338347080206497e-09
1.801177379047559108e-09
1.801015437990114899e-09
1.800852442920274457e-09
1.800688409829258820e-09
1.800523350480734351e-09
1.800357085583634152e-09
1.800189872796778099e-09
1.800021786974883109e-09
1.799852389224022530e-09
1.799682247494676748e-09
1.799511391605714228e-09
1.799339570443795282e-09
1.799166072301728252e-09
1.798991717086892000e-09
1.798816630864093423e-09
1.798640628751682732e-09
1.798463456745654871e-09
1.798285220035755924e-09
1.798106148341457088e-09
1.797925797963408664e-09
1.797744718342105032e-09
1.797562829890694428e-09
1.797379639374116168e-09
1.797195652774118739e-09
1.797010997992180870e-09
1.796825524885426085e-09
1.796638116139145670e-09
1.796449976168347045e-09
1.796261294199528882e-09
1.796071769108673401e-09
1.795881099733216205e-09
1.795689308238123552e-09
1.795496777999275485e-09
1.795303007612541026e-09
1.795108365750333955e-09
1.794912888291447908e-09
1.794716319045143158e-09
1.794518984355512617e-09
1.794320961763790395e-09
1.794122081534334594e-09
1.793921611274317106e-09
1.793720299244040856e-09
1.793518327033142230e-09
1.793315456583342274e-09
1.793111585705740731e-09
1.792906774949627566e-09
1.792700987042409814e-09
1.792494097519213321e-09
1.792286303495192825e-09
1.792077764901583860e-09
1.791868011786143880e-09
1.791657494162092201e-09
1.791446331525429039e-09
1.791234369178821466e-09
1.791021103755238912e-09
1.790806520494801399e-09
1.790591374434902611e-09
1.790375523190627604e-09
1.790158656535084112e-09
1.789940791251932199e-09
1.789721887465027921e-09
1.789502254404014599e-09
1.789281457459595719e-09
1.789060030881341868e-09
1.788837776761824717e-09
1.788614377326046191e-09
1.788390248855048382e-09
1.788165507215411130e-09
1.787940000662009116e-09
1.787712693548419965e-09
1.787484688104721305e-09
1.787256153132585404e-09
1.787026916833712790e-09
1.786796591727008757e-09
1.786565324728849082e-09
1.786333245160402577e-09
1.786100159421453082e-09
1.785866086381892884e-09
1.785631433947394936e-09
1.785395775919848782e-09
1.785159162874400565e-09
1.784921950024491035e-09
1.784684117071521552e-09
1.784445308927534662e-09
1.784205069809229966e-09
1.783964198427979440e-09
1.783722693238692417e-09
1.783480315300074641e-09
1.783237034262952153e-09
1.782992890518719703e-09
1.782747858507579078e-09
1.782501795298593414e-09
1.782254860192024872e-09
1.782007294243937665e-09
1.781758629301289796e-09
1.781509213829134426e-09
1.781259236204703893e-09
1.781008567166055516e-09
1.780756827908888346e-09
1.780503688963193934e-09
1.780249889867730982e-09
1.779995479405310681e-09
1.779740425172869611e-09
1.779484264613325340e-09
1.779227247328593141e-09
1.778969409456291462e-09
1.778710834965592233e-09
1.778451226810726250e-09
1.778191070651682301e-09
1.777930124164162859e-09
1.777668150991978517e-09
1.777405548064446372e-09
1.777142412827661203e-09
1.776878556753347493e-09
1.776613053740348468e-09
1.776346881922790154e-09
1.776080221211132293e-09
1.775812909901160426e-09
1.775544742859196392e-09
1.775275751296088193e-09
1.775005874655845698e-09
1.774735272742897655e-09
1.774463638146736345e-09
1.774191416375590034e-09
1.773918486952339583e-09
1.773644603949654152e-09
1.773369973228055506e-09
1.773094821868143254e-09
1.772819112036578691e-09
1.772542421049197324e-09
1.772264473275356980e-09
1.771986031803234808e-09
1.771707037035294856e-09
1.771427203096428500e-09
1.771146568081528952e-09
1.770865168949108699e-09
1.770582987472242943e-09
1.770299882687361187e-09
1.770015904237377021e-09
1.769731409665733547e-09
1.769446039511003976e-09
1.769159852726598719e-09
1.768873183106199286e-09
1.768585835653060486e-09
1.768297775487126558e-09
1.768008438810446510e-09
1.767718174827407534e-09
1.767427417952422393e-09
1.767136128579338895e-09
1.766844097771681449e-09
1.766551164161319079e-09
1.766257369174697634e-09
1.765962986985546072e-09
1.765667793763505568e-09
1.765371744537578630e-09
1.765075204039490602e-09
1.764777943175532418e-09
1.764479771762157438e-09
1.764181058441173761e-09
1.763881846283958600e-09
1.763582039527150695e-09
1.763280779007364545e-09
1.762978768222520537e-09
1.762676341389237626e-09
1.762373358146050082e-09
1.762069678447144297e-09
1.761765248185561069e-09
1.761460016864240107e-09
1.761154174338668222e-09
1.760847453660042794e-09
1.760539939275563433e-09
1.760231997904835929e-09
1.759923271526058632e-09
1.759613762632850217e-09
1.759303672689432928e-09
1.758993063303970634e-09
1.758681957184721820e-09
1.758369883767247566e-09
1.758056759644197015e-09
1.757743186815947849e-09
1.757429131354198320e-09
1.757114359607474188e-09
1.756798806650534609e-09
1.756482637481509960e-09
1.756165736486854950e-09
1.755848110873711536e-09
1.755529551296480600e-09
1.755210566624019119e-09
1.754890966754671333e-09
1.754570471231775222e-09
1.754249422554261061e-09
1.753927877758300037e-09
1.753605854973292353e-09
1.753282922363643525e-09
1.752958779311487591e-09
1.752634069436546601e-09
1.752308931617482319e-09
1.751983306309698351e-09
1.751656957532628005e-09
1.751329858177329220e-09
1.751001962799739914e-09
1.750673568668968058e-09
1.750344431483175434e-09
1.750014502000134742e-09
1.749684137568653485e-09
1.749353171318856996e-09
1.749021407813691847e-09
1.748689109186611438e-09
1.748356357307072433e-09
1.748023137616199743e-09
1.747688931715188551e-09
1.747353647183645327e-09
1.747018001732604048e-09
1.746681890629914945e-09
1.746345231157103174e-09
1.746007872150385947e-09
1.745669947917673120e-09
1.745331282654050483e-09
1.744992105962853079e-09
1.744652048238359240e-09
1.744311373696863149e-09
1.743970315919197821e-09
1.743628546317129344e-09
1.743286107720663627e-09
1.742943165324965469e-09
1.742599753220794891e-09
1.742255892898800516e-09
1.741911258385300911e-09
1.741565587713271413e-09
1.741219496956161623e-09
1.740872985467695329e-09
1.740525888437594871e-09
1.740178122729659194e-09
1.739829796872052617e-09
1.739480802413207745e-09
1.739131282477373556e-09
1.738780921195541542e-09
1.738429962885183633e-09
1.738078668368754677e-09
1.737726736509167441e-09
1.737374066538783395e-09
1.737020907352526543e-09
1.736667298175218815e-09
1.736313298959339365e-09
1.735958446423940006e-09
1.735602514114348698e-09
1.735246129136453743e-09
1.734889387402922501e-09
1.734532243866905020e-09
1.734174483989762293e-09
1.733816024490040350e-09
1.733456936420899448e-09
1.733097327535931979e-09
1.732737198375204166e-09
1.732376227833736942e-09
1.732014860166745381e-09
1.731653013022278365e-09
1.731290557541230173e-09
1.730927471746073674e-09
1.730564054865176838e-09
1.730200233603389075e-09
1.729835848385245232e-09
1.729470416517357071e-09
1.729104323464814706e-09
1.728737908671687693e-09
1.728371040516004344e-09
1.728003695060481221e-09
1.727635712340878285e-09
1.727267294383817878e-09
1.726898234019847634e-09
1.726528722682053229e-09
1.726158453425546911e-09
1.725787582730070390e-09
1.725416400399261174e-09
1.725044671225801008e-09
1.724672308435879375e-09
1.724299432107583487e-09
1.723926204113045467e-09
1.723552586330985041e-09
1.723178430348987578e-09
1.722803312531796313e-09
1.722427686469359534e-09
1.722051719875193411e-09
1.721675308955088274e-09
1.721298386865902310e-09
1.720920837102141373e-09
1.720542853497121121e-09
1.720164298966913566e-09
1.719785296196052028e-09
1.719405489810291845e-09
1.719025236102627185e-09
1.718644718225486766e-09
1.718263684564673037e-09
1.717881985311159620e-09
1.717499811277646729e-09
1.717117258044192401e-09
1.716734442536581251e-09
1.716350959700349179e-09
1.715966470666234439e-09
1.715581507158590641e-09
1.715196210109803577e-09
1.714810608908028765e-09
1.714424635959788862e-09
1.714037953017944658e-09
1.713650850650696701e-09
1.713263113896137664e-09
1.712875049969560640e-09
1.712486360573424002e-09
1.712097026716239913e-09
1.711707401331077612e-09
1.711317338232540831e-09
1.710926752540400911e-09
1.710535656984305735e-09
1.710144279729288694e-09
1.709752541328208829e-09
1.709360308717566801e-09
1.708967254971927162e-09
1.708573540601634594e-09
1.708179544788432561e-09
1.707785172359980351e-09
1.707390356805828195e-09
1.706995094560827651e-09
1.706599389001281828e-09
1.706203197996731457e-09
1.705806595866294009e-09
1.705409492184652871e-09
1.705011692118265588e-09
1.704613517376201228e-09
1.704215037256342788e-09
1.703816033805532411e-09
1.703416550115744109e-09
1.703016676544713837e-09
1.702616475771473486e-09
1.702215934304210956e-09
1.701814872934908283e-09
1.701412998451612963e-09
1.701010720101436749e-09
1.700608154685508138e-09
1.700205192367145801e-09
1.699801832590980673e-09
1.699397938518095665e-09
1.698993656167044714e-09
1.698588918296729417e-09
1.698183769779216462e-09
1.697778102363529756e-09
1.697371814440539931e-09
1.696965359212826591e-09
1.696558566095150631e-09
1.696151241728915347e-09
1.695743416035228729e-09
1.695335252664495780e-09
1.694926758947191089e-09
1.694518031191374349e-09
1.694108664538292394e-09
1.693698435971780274e-09
1.688261977058035630e-09
1.687853555898367294e-09
1.687444883322528447e-09
1.687035888333607113e-09
1.686626282964472181e-09
1.686216343837886252e-09
1.685805883180955143e-09
1.665415970862052336e-09
1.665014197505722804e-09
1.664611770970937499e-09
1.664209078110382013e-09
1.663806052315337521e-09
1.663402638611215077e-09
1.662998792028340678e-09
1.662594645193627737e-09
1.652269163874286622e-09
1.651869046836622397e-09
1.651468398748095015e-09
1.651067035190027678e-09
1.650665316726478929e-09
1.650263330794658139e-09
1.649860991776656976e-09
1.629747018425544880e-09
1.629353120953612486e-09
1.628958889015169873e-09
1.628564255995956105e-09
1.628169261203428455e-09
1.627773863329345184e-09
1.627377855367787535e-09
1.626981521487390526e-09
1.616800913466276949e-09
1.616408510516482047e-09
1.616015666175171353e-09
1.615622451259427776e-09
1.615229033931761128e-09
1.614835331395527994e-09
1.614441215382974072e-09
1.594615374965949725e-09
1.594229070454024526e-09
1.593842504322821396e-09
1.593455710896613443e-09
1.593068556978559813e-09
1.592681100640255024e-09
1.592293173220730230e-09
1.582259509614127237e-09
1.581875352516177221e-09
1.581490871744521465e-09
1.581105917174729623e-09
1.580720419072870437e-09
1.580334789831285862e-09
1.579948916684785687e-09
1.579562663557526935e-09
1.560036905695953048e-09
1.559658613099476134e-09
1.559280032979733226e-09
1.558901302339712689e-09
1.558522163046123849e-09
1.558142268813493099e-09
1.557762012834721350e-09
1.547885099057450653e-09
1.547508696037664828e-09
1.547132051402806134e-09
1.546755045041079748e-09
1.546377598803563325e-09
1.545999895495187005e-09
1.545621805295826630e-09
1.545243498987797086e-09
1.525980508245136470e-09
1.525609717629511359e-09
1.525238765174427759e-09
1.524867520254211673e-09
1.524495977295278773e-09
1.524124087300908965e-09
1.523751926769840632e-09
1.513890176686075831e-09
1.513521792032134066e-09
1.513153017978865756e-09
1.512783664139072395e-09
1.512413919398867832e-09
1.512043938528790477e-09
1.511673745021100599e-09
1.492230427996989982e-09
1.491868130603474457e-09
1.491505476613596272e-09
1.491142633668369220e-09
1.490779429823744603e-09
1.490415882325735088e-09
1.490052008473210186e-09
1.489687600295593108e-09
1.479744210643255388e-09
1.479383655811579325e-09
1.479022796691506048e-09
1.478661597998281681e-09
1.478300095494811855e-09
1.477938421362200990e-09
1.477576504768766439e-09
1.457963624943428411e-09
1.457609432477436994e-09
1.457254710954997595e-09
1.456899759580944894e-09
1.456544621202490160e-09
1.456189186886440087e-09
1.455833557507966684e-09
1.445806151187234556e-09
1.445454083214622575e-09
1.445101806538924014e-09
1.444749237753284322e-09
1.444396422129960167e-09
1.444043016381759510e-09
1.443689310123888115e-09
1.423900818750839347e-09
1.423555298755300536e-09
1.423209496951321148e-09
1.422863308502568013e-09
1.422516880941252876e-09
1.422170204931112238e-09
1.421823401754897797e-09
1.421476314871325604e-09
1.411369904814135565e-09
1.411026092568871008e-09
1.410682063794605455e-09
1.410337891730034418e-09
1.409993518920681474e-09
1.409648891878235802e-09
1.409303866764798352e-09
1.389350538574620868e-09
1.389013501091312021e-09
1.388676269869068824e-09
1.388338762225274711e-09
1.388000729328284995e-09
1.387662424137416979e-09
1.387324024364318899e-09
1.377136337252031036e-09
1.376801712391318776e-09
1.376466755891565067e-09
1.376131608608103824e-09
1.375796258712045491e-09
1.375460731085934154e-09
1.375124891578486606e-09
1.355000823117317310e-09
1.354672635080166715e-09
1.354344241733934311e-09
1.354015699758152363e-09
1.353686888633019215e-09
1.353357846736323847e-09
1.353028515035411946e-09
1.352699033452433618e-09
1.342435242278045958e-09
1.342109518916603049e-09
1.341783474399350826e-09
1.341457014869579340e-09
1.341130274521378393e-09
1.340803461651275292e-09
1.340476385689347334e-09
1.320192318128926722e-09
1.319873196770948794e-09
1.319553855674178221e-09
1.319234335432089973e-09
1.318914627500818221e-09
1.318594594523506734e-09
1.318274244565910945e-09
1.307931202492505725e-09
1.307614468278803464e-09
1.307297568745156211e-09
1.306980431155215237e-09
1.306663138444673017e-09
1.306345608886182516e-09
1.306027760212950862e-09
1.285577803299315899e-09
1.285267986056915208e-09
1.284957985439284703e-09
1.284647688705925513e-09
1.284336879513331896e-09
1.284025967721970027e-09
1.283714938528367510e-09
1.273294463176070256e-09
1.272987310508366982e-09
1.272679799098801335e-09
1.272372157483190415e-09
1.272064284127099265e-09
1.271756318406862864e-09
1.271448087290110984e-09
1.250834307015863926e-09
1.250533730929511635e-09
1.250232989630913267e-09
1.249932133097494251e-09
1.249631109796026502e-09
1.249329862983946592e-09
1.249028330720109095e-09
1.248726585429098367e-09
1.238233598320804418e-09
1.237935762223330069e-09
1.237637712930061719e-09
1.237339320569962246e-09
1.237040556260366199e-09
1.236741700438579573e-09
1.236442708170538492e-09
1.215676069413908365e-09
1.215385144706499838e-09
1.215093901687128942e-09
1.214802556519968664e-09
1.214511042949258146e-09
1.214219373279763949e-09
1.213927458884460112e-09
1.203359149071437244e-09
1.203070818482997074e-09
1.202782308878692996e-09
1.202493696495626165e-09
1.202204877929602567e-09
1.201915839968562587e-09
1.201626603850492527e-09
1.180701014940319270e-09
1.180419931048829285e-09
1.180138592896866893e-09
1.179857013009394134e-09
1.179575182845316234e-09
1.179292942162419109e-09
1.179010643489363396e-09
1.168368396407982330e-09
1.168089993387599088e-09
1.167811382062251294e-09
1.167532574863843169e-09
1.167253635662174456e-09
1.166974505560703409e-09
1.166695250135082987e-09
1.145612977399834027e-09
1.145341530912319509e-09
1.145069761960478666e-09
1.144797838370820542e-09
1.144525774936436416e-09
1.144253521076720757e-09
1.143981165388879663e-09
1.133266105507100257e-09
1.132997496180141293e-09
1.132728777660088875e-09
1.132459871115803445e-09
1.132190822432647945e-09
1.131921615345894066e-09
1.131651935109637778e-09
1.110414949727909299e-09
1.110153377387886978e-09
1.109891696937674703e-09
1.109629941341908808e-09
1.109367958830524478e-09
1.109105713433862290e-09
1.108843376011371721e-09
1.098056674967293698e-09
1.097798241308271019e-09
1.097539583734144859e-09
1.097280526737661954e-09
1.097021280304411065e-09
1.096761916995709501e-09
1.096502469334520510e-09
1.075113551619790366e-09
1.074862093390494788e-09
1.074610454394772971e-09
1.074358632996792535e-09
1.074106728987953452e-09
1.073854683257556916e-09
1.073602476103029276e-09
1.062745299487689851e-09
1.062496691845704170e-09
1.062247950125268537e-09
1.061999189476086716e-09
1.061750236875797363e-09
1.061501194086930488e-09
1.061251986605245601e-09
1.039713127611068069e-09
1.039471945201180467e-09
1.039230625124574776e-09
1.038989169492050483e-09
1.038747534629215707e-09
1.038505599227262563e-09
1.038263472089558358e-09
1.027336897878362519e-09
1.027098703128380429e-09
1.026860378275130257e-09
1.026621865554397801e-09
1.026383223363024995e-09
1.026144409980586003e-09
1.025905554218706380e-09
1.004219132710265677e-09
1.003988264992229040e-09
1.003757201945665071e-09
1.003525785431549109e-09
1.003294203789518132e-09
1.003062605838256531e-09
1.002830842041087144e-09
9.918362335736197179e-10
9.916083582116617638e-10
9.913802981331179143e-10
9.911521774779871379e-10
9.909238823828935628e-10
9.906955024677073597e-10
9.904668765356480165e-10
9.686347568380445176e-10
9.684139358960614124e-10
9.681930060051272110e-10
9.679719503585862277e-10
9.677507719984365242e-10
9.675294890393751684e-10
9.673081031984016373e-10
9.562463503204104328e-10
9.560287535996216788e-10
9.558110735973789544e-10
9.555932530326035725e-10
9.553753197790694680e-10
9.551571846942310427e-10
9.331733163624694285e-10
9.329630243575546518e-10
9.327526865250348219e-10
9.325422589826889296e-10
9.323317661910335096e-10
9.321210774284416135e-10
9.319102113509586612e-10
9.207785928613189900e-10
9.205716502321759135e-10
9.203646201389400991e-10
9.201574088754691500e-10
9.199499151504364908e-10
9.197422309013896507e-10
9.195344614513541900e-10
8.974096048102732060e-10
8.972099171267874204e-10
8.970100875737822505e-10
8.968101236402821287e-10
8.966100191199922780e-10
8.964098268171451535e-10
8.962095276992661182e-10
8.850131438806421106e-10
8.848167093697961927e-10
8.846200818570958895e-10
8.844231737774910692e-10
8.842262452086845145e-10
8.840292660244274441e-10
8.838321521347588770e-10
8.615683219146550243e-10
8.613792310499253173e-10
8.611899807898490361e-10
8.610006800109989731e-10
8.608112677314076629e-10
8.606217575088341789e-10
8.604320957390590159e-10
8.491719226422602874e-10
8.489859515759200319e-10
8.487998823848039834e-10
8.486137390547304027e-10
8.484275206203381559e-10
8.482411757107126738e-10
8.258322962198389257e-10
8.256539347421729633e-10
8.254754800475178593e-10
8.252969859837805272e-10
8.251183468047704848e-10
8.249395763059785135e-10
8.247606607670838700e-10
8.139725457996722013e-10
8.137960825040433564e-10
8.136195996384792713e-10
8.134429726573109256e-10
8.132662923887746084e-10
8.130894927163859970e-10
8.129125259638120485e-10
7.914482258285715628e-10
7.912767757916982732e-10
7.911052599488642628e-10
7.909335592112696530e-10
7.907617026346260765e-10
7.905896231624411625e-10
7.904174522076580562e-10
7.795670385011897529e-10
7.793975142120440965e-10
7.792278828843623278e-10
7.790581602653058450e-10
7.788883354006251935e-10
7.787183654540899285e-10
7.785483288135948755e-10
7.569533283313303118e-10
7.567887873298291532e-10
7.566241380089233833e-10
7.564592664646018825e-10
7.562941517585245234e-10
7.561290330632445831e-10
7.452146064285887846e-10
7.450522025594559492e-10
7.448897482600783372e-10
7.447271525628810851e-10
7.445643896477936035e-10
7.444016249466991023e-10
7.442387562623634788e-10
7.225095683061919454e-10
7.223521722173147503e-10
7.221946085495450269e-10
7.220368176131575420e-10
7.218789729332946959e-10
7.217210592925215546e-10
7.215630981881248650e-10
7.105883591151730239e-10
7.104330066136565386e-10
7.102775620405479058e-10
7.101220040305577250e-10
7.099663989317602110e-10
7.098107451768962571e-10
6.879491358975115001e-10
6.877989355601302679e-10
6.876485734705167421e-10
6.874980016792235212e-10
6.873474254488862225e-10
6.871968189988494127e-10
6.870461136576332929e-10
6.760093224861507801e-10
6.758613003776834108e-10
6.757131204600503304e-10
6.755649318606397333e-10
6.754166648460373504e-10
6.752683666819430888e-10
6.751199534481127499e-10
6.531333883742333776e-10
6.529903202351517470e-10
6.528471744414295448e-10
6.527039089928264119e-10
6.525606323487472783e-10
6.524172841842749187e-10
6.413193552209396679e-10
6.411786601685093875e-10
6.410378553004908832e-10
6.408969845035099009e-10
6.407560919072592096e-10
6.406151057013980990e-10
6.404740605864220993e-10
6.183588872503132365e-10
6.182231219274439475e-10
6.180873129742301458e-10
6.179514962792675552e-10
6.178155904548288198e-10
6.176796436982466915e-10
6.175436445255245718e-10
6.063882867714615894e-10
6.062549110050093523e-10
6.061215087083312904e-10
6.059880063513161611e-10
6.058544706472384198e-10
6.057208124924506364e-10
5.834787797607430528e-10
5.833504913967601919e-10
5.832221432643665421e-10
5.830937252657754552e-10
5.829652514225048151e-10
5.828367159000154916e-10
5.827081120633263553e-10
5.714935511067891175e-10
5.713675866078064231e-10
5.712415715599405726e-10
5.711155106942510796e-10
5.709893901741983247e-10
5.708632157947822048e-10
5.484962386388599494e-10
5.483753828621927968e-10
5.482545120279330239e-10
5.481336298717730334e-10
5.480126795469970181e-10
5.478917027324856687e-10
5.477706749373856016e-10
5.364978302302188497e-10
5.363794366575506561e-10
5.362610162351891454e-10
5.361425285132475611e-10
5.360240064491347482e-10
5.359053862627587034e-10
5.357866450122651376e-10
5.133020127808992617e-10
5.131887508503358564e-10
5.130754367576182669e-10
5.129620800924891489e-10
5.128486641350020243e-10
5.127351537809041661e-10
5.014050140501295308e-10
5.012941979730581474e-10
5.011833365589204936e-10
5.010724414417947499e-10
5.009614832957810763e-10
5.008504635724987299e-10
5.007393851806662961e-10
4.781334118168608290e-10
4.780277685127677690e-10
4.779221220629895576e-10
4.778164030533209238e-10
4.777106398716285533e-10
4.776048382352297436e-10
4.662183230279728329e-10
4.661151899641077196e-10
4.660120549678039387e-10
4.659088320363073816e-10
4.658055971892224019e-10
4.657022538627664201e-10
4.655988503594171834e-10
4.429615404483249886e-10
4.428636235229918574e-10
4.427655995334076366e-10
4.426675687368817768e-10
4.425694737191801920e-10
4.424713219721190491e-10
4.311471788480384546e-10
4.310517202407235021e-10
4.309561788357828591e-10
4.308606241755003746e-10
4.307650155250669305e-10
4.306693566237835051e-10
4.305736481374477734e-10
4.081144379951289301e-10
4.080240582812521682e-10
4.079336752561610745e-10
4.078432756538018187e-10
4.077528001497528054e-10
4.076623060540543830e-10
3.964322803009107995e-10
3.963443868809829568e-10
3.962564854326882429e-10
3.961685612125558749e-10
3.960805592518595492e-10
3.959925426492495404e-10
3.959044217444789241e-10
3.736281513653876538e-10
3.735453564721125588e-10
3.734625451247054755e-10
3.733796548567095918e-10
3.732967475503026941e-10
3.732137772843359416e-10
3.620801684172587474e-10
3.619997988053697631e-10
3.619194187510183090e-10
3.618389502696221468e-10
3.617584678392208211e-10
3.616779434675674539e-10
3.615973817470550686e-10
3.395088630237766042e-10
3.394335402783400586e-10
3.393581573210308579e-10
3.392827701234801000e-10
3.392073731911819249e-10
3.391319153503182239e-10
3.280971607492129448e-10
3.280242922437734784e-10
3.279513624827972383e-10
3.278784163051499520e-10
3.278054626939613728e-10
3.277324465265255261e-10
3.058312181247881933e-10
3.057633440529521259e-10
3.056954394963568599e-10
3.056275232354350996e-10
3.055596069745133394e-10
3.054916189347457707e-10
3.054236248484016615e-10
2.944899617702559613e-10
2.944244637980559457e-10
2.943589363466381636e-10
2.942934086438712127e-10
2.942278242799560849e-10
2.941622211814960970e-10
2.724580940579318593e-10
2.723975713869061684e-10
2.723370313908927403e-10
2.722764872631173223e-10
2.722158844073485502e-10
2.721552694323963573e-10
2.720946544574493343e-10
2.612643715481669640e-10
2.612062257724216766e-10
2.611480758414121302e-10
2.610898933018416528e-10
2.610316773946169360e-10
2.609734614873922192e-10
2.394710304913012766e-10
2.394178110061084140e-10
2.393645793081521540e-10
2.393113102539853083e-10
2.392580202960544847e-10
2.392047303381340009e-10
2.284775554684662820e-10
2.284266954173139293e-10
2.283758216935226256e-10
2.283249230965292097e-10
2.282739876202361903e-10
2.282230457967898754e-10
2.281720954755672013e-10
2.068757553614922217e-10
2.068297223386449309e-10
2.067836808635885928e-10
2.067376248632355285e-10
2.066915619555779674e-10
2.066454836060713722e-10
1.960260488787260497e-10
1.959823767077378579e-10
1.959387045367444963e-10
1.958950104977789058e-10
1.958512958218099151e-10
1.958075738169896779e-10
1.747168865872490347e-10
1.746780083421936577e-10
1.746391300971331109e-10
1.746002441939052060e-10
1.745613448763978749e-10
1.745224318452647935e-10
1.640105177817422814e-10
1.639739740139283614e-10
1.639374302460989317e-10
1.639008770968057546e-10
1.638642915431618602e-10
1.638276945156646698e-10
1.637910628261513573e-10
1.429152437710418125e-10
1.428833996829986174e-10
1.428515535706324984e-10
1.428196887691259802e-10
1.427878187391891709e-10
1.427559348439475364e-10
1.323560721127955922e-10
1.323265620126286337e-10
1.322970519124565055e-10
1.322675014396821396e-10
1.322379502704863215e-10
1.322083991012982582e-10
1.115470129979233047e-10
1.115221695210400838e-10
1.114973260441516929e-10
1.114724646456379439e-10
1.114476008131012984e-10
1.114227369805620680e-10
1.113978731480228376e-10
1.011121427159272848e-10
1.010896127886315328e-10
1.010670529676643383e-10
1.010444851930401914e-10
1.010219174184237993e-10
1.009993496437996524e-10
8.056131931456285061e-11
8.054337958176608277e-11
8.052541853237241802e-11
8.050744883052995923e-11
8.048947912869267032e-11
8.047150942685538142e-11
7.029958918522279407e-11
7.028391362857466912e-11
7.026823007559482708e-11
7.025254211599897224e-11
7.023685415639794752e-11
7.022116619680080021e-11
5.000599890629474525e-11
4.999485959845431029e-11
4.998372029061258286e-11
4.997258098276956296e-11
4.996144167492912800e-11
4.995030236708869304e-11
3.989426953989438126e-11
3.988538474782646394e-11
3.987649995575854662e-11
3.986761516368933683e-11
3.985873037162141952e-11
3.984984557955479467e-11
3.984096078748623111e-11
2.109834491749607957e-11
2.109365195392463415e-11
2.108895899035254250e-11
2.108426602678109708e-11
2.107957306320835919e-11
2.107488009963756001e-11
6.187563450013099901e-12
6.186189745402671696e-12
6.184816040791920374e-12
6.183442336181330610e-12
6.182068631570902405e-12
6.180694926960312641e-12
0.000000000000000000e+00
0.000000000000000000e+00
0.000000000000000000e+00
0.000000000000000000e+00
0.000000000000000000e+00
0.000000000000000000e+00
0.000000000000000000e+00
0.000000000000000000e+00
0.000000000000000000e+00
0.000000000000000000e+00
0.000000000000000000e+00
0.000000000000000000e+00
0.000000000000000000e+00
0.000000000000000000e+00
0.000000000000000000e+00
0.000000000000000000e+00
0.000000000000000000e+00
0.000000000000000000e+00
0.000000000000000000e+00
0.000000000000000000e+00
0.000000000000000000e+00
0.000000000000000000e+00
0.000000000000000000e+00
0.000000000000000000e+00
0.000000000000000000e+00
0.000000000000000000e+00
0.000000000000000000e+00
0.000000000000000000e+00
0.000000000000000000e+00
0.000000000000000000e+00
0.000000000000000000e+00
0.000000000000000000e+00
0.000000000000000000e+00
0.000000000000000000e+00
0.000000000000000000e+00
0.000000000000000000e+00
0.000000000000000000e+00
0.000000000000000000e+00
0.000000000000000000e+00
0.000000000000000000e+00
0.000000000000000000e+00
0.000000000000000000e+00
0.000000000000000000e+00
0.000000000000000000e+00
0.000000000000000000e+00
0.000000000000000000e+00
0.000000000000000000e+00
0.000000000000000000e+00
0.000000000000000000e+00
0.000000000000000000e+00
0.000000000000000000e+00
0.000000000000000000e+00
0.000000000000000000e+00
0.000000000000000000e+00
0.000000000000000000e+00
0.000000000000000000e+00
0.000000000000000000e+00
0.000000000000000000e+00
0.000000000000000000e+00
0.000000000000000000e+00
0.000000000000000000e+00
0.000000000000000000e+00
0.000000000000000000e+00
0.000000000000000000e+00
0.000000000000000000e+00
0.000000000000000000e+00
0.000000000000000000e+00
0.000000000000000000e+00
0.000000000000000000e+00
0.000000000000000000e+00
0.000000000000000000e+00
0.000000000000000000e+00
0.000000000000000000e+00
0.000000000000000000e+00
0.000000000000000000e+00
0.000000000000000000e+00
0.000000000000000000e+00
