4.051728953866729102e-07
4.267074492821683252e-07
4.460503823538314005e-07
4.633439431180704915e-07
4.787194314007779157e-07
4.922975878302817750e-07
5.041920035468151193e-07
5.145069651760372376e-07
5.233426661045883553e-07
5.307913643284235538e-07
5.369409557994940825e-07
5.418751919609028203e-07
5.456728030542718812e-07
5.484090226449627800e-07
5.501560314133741009e-07
5.509814579713064108e-07
5.509513043795655873e-07
5.501279436121877351e-07
5.485710521006394247e-07
5.463387979401270406e-07
5.434865638865948166e-07
5.400670402201020415e-07
5.361311719695496289e-07
5.317277839687122101e-07
5.269036550057147298e-07
5.217031159189852098e-07
5.161689060856785450e-07
5.103416367756465535e-07
5.042595580382141313e-07
4.979597947385015443e-07
4.914765353562118526e-07
4.848424237157780392e-07
4.780884914891105928e-07
4.712430663498632343e-07
4.643337660346724786e-07
4.573850271499291275e-07
4.504205863321122888e-07
4.434617014865464234e-07
4.365284183102709055e-07
4.296387800626524821e-07
4.228091459519144537e-07
4.160550358537411539e-07
4.093894649430899805e-07
4.028253181932276683e-07
3.963723848225323743e-07
3.900410631381670700e-07
3.838389169940527337e-07
3.777727261398293265e-07
3.718493481497777144e-07
3.660725592351290009e-07
3.604467211303334281e-07
3.549744840240560218e-07
3.496578630220513904e-07
3.444984315389654436e-07
3.394957585939155280e-07
3.346499750576583376e-07
3.299603940856003269e-07
3.254247656126600807e-07
3.210412463020948713e-07
3.168072838021455811e-07
3.127195725859102586e-07
3.087744294933063277e-07
3.049685379601319601e-07
3.012967330594827156e-07
2.977549291031512113e-07
2.943392398933795920e-07
2.910433939136157361e-07
2.878624913004232847e-07
2.847917818862418904e-07
2.818259192543165031e-07
2.789584522630456590e-07
2.761852776652925060e-07
2.735001680475967214e-07
2.708973292221847055e-07
2.683718736109594966e-07
2.659177898883700756e-07
2.635313411619596597e-07
2.612054191371377046e-07
2.589361727950763684e-07
2.567179714412506803e-07
2.545474777996344851e-07
2.524183473893046728e-07
2.503271205364760205e-07
2.482696285150826009e-07
2.462421981351860804e-07
2.442405842805221412e-07
2.422610797161798531e-07
2.403012701399515504e-07
2.383574715563260610e-07
2.364270370543064639e-07
2.345074528059278895e-07
2.325960980240527035e-07
2.306912318849980509e-07
2.287909412438115499e-07
2.268933463761548414e-07
2.249971639700982536e-07
2.231010928617185364e-07
2.212041906302338861e-07
2.193056526896396144e-07
2.174044957846895238e-07
2.155007593520875263e-07
2.135938974086312695e-07
2.116838784942941883e-07
2.097705748372677122e-07
2.078541379212113252e-07
2.059351977126229243e-07
2.040137917105695859e-07
2.020908326507177148e-07
2.001664031073394296e-07
1.982417701697246987e-07
1.963173138005204829e-07
1.943940863528873802e-07
1.924730710001357356e-07
1.905550888314525203e-07
1.886410530864940632e-07
1.867323862706674772e-07
1.848299236886702182e-07
1.829348664091366404e-07
1.810482903523229714e-07
1.791709696246877020e-07
1.773045304460051992e-07
1.754495638588009901e-07
1.736078022378054511e-07
1.717796488724433672e-07
1.699665231085724906e-07
1.681691532298205802e-07
1.663884623739943507e-07
1.646259579684346963e-07
1.628817147257462834e-07
1.611574529871085231e-07
1.594529704769124402e-07
1.577696692387492126e-07
1.561080121279826032e-07
1.544683638465832758e-07
1.528520951593941290e-07
1.512591010188660580e-07
1.496895775473094255e-07
1.481449094944450488e-07
1.466243471784819566e-07
1.451285509053914900e-07
1.436583102469502732e-07
1.422129336035970806e-07
1.407927324796564040e-07
1.393985992278454217e-07
1.380298614800889286e-07
1.366861188839006536e-07
1.353677321875026333e-07
1.340747731093426212e-07
1.328065264007973894e-07
1.315632336915968127e-07
1.303446215599925613e-07
1.291501871612597258e-07
1.279795779581601356e-07
1.268322400264040328e-07
1.257080707914847042e-07
1.246071805267951378e-07
1.235283978614199113e-07
1.224714358694795602e-07
1.214354288687264066e-07
1.204206819734604474e-07
1.194264143162730430e-07
1.184518899469909366e-07
1.174964315511953982e-07
1.165600098359870411e-07
1.156421272874884697e-07
1.147417550193341034e-07
1.138584871861673127e-07
1.129916637064202688e-07
1.121415330019212818e-07
1.113068880425493065e-07
1.104867610563763642e-07
1.096818484237744814e-07
1.088909571486330617e-07
1.081133863740195680e-07
1.073486500078823082e-07
1.065970779361070242e-07
1.058572442305746945e-07
1.051290050378329577e-07
1.044122761994443406e-07
1.037063229097676806e-07
1.030108914648480916e-07
1.023249098417126395e-07
1.016488103445959769e-07
1.009819148816030514e-07
1.003233065363715728e-07
9.967360982606524963e-08
9.903209253356965048e-08
9.839786159773968028e-08
9.777161099566937401e-08
9.715253287448756763e-08
9.653977028551405656e-08
9.593382838547000561e-08
9.533420269070051326e-08
9.474028744446904671e-08
9.415224514709647976e-08
9.356999055937695870e-08
9.299281811652051824e-08
9.242071628979729435e-08
9.185361648795490859e-08
9.129127029204231586e-08
9.073301252499161604e-08
9.017921884112653330e-08
8.962959175444903124e-08
8.908370680017121779e-08
8.854182237856193622e-08
8.800365475070583327e-08
8.746893892960337400e-08
8.693766519823883304e-08
8.640980994595724969e-08
8.588500800551607080e-08
8.536310873248348328e-08
8.484443523504566560e-08
8.432844272110924520e-08
8.381518819646604309e-08
8.330468526706981849e-08
8.279697161646943837e-08
8.229191443266287999e-08
8.178931348073013714e-08
8.128941595535323194e-08
8.079165566076061393e-08
8.029631840075727598e-08
7.980334270781262662e-08
7.931278597264003658e-08
7.882479044605060594e-08
7.833898899486478074e-08
7.785571617265850240e-08
7.737440515966757859e-08
7.689555518172688508e-08
7.641892499510544344e-08
7.594483631107394517e-08
7.547314097238047792e-08
7.500369411499090614e-08
7.453665892622607214e-08
7.407186272042155148e-08
7.360983068066806713e-08
7.315025443452625896e-08
7.269319048890870311e-08
7.223858479454443536e-08
7.178658556761503839e-08
7.133733684213515133e-08
7.089074792925106524e-08
7.044701719833773189e-08
7.000607333114997763e-08
6.956786554056968173e-08
6.913270924693861631e-08
6.870054335853353276e-08
6.827143110490413527e-08
6.784522886929612591e-08
6.742241369418228755e-08
6.700269602210731198e-08
6.658632187605651587e-08
6.617307115837389183e-08
6.576345432263697757e-08
6.535711341416883687e-08
6.495437159121463365e-08
6.455498448221938352e-08
6.415942088768647937e-08
6.376730758629507636e-08
6.337900030493215345e-08
6.299428554649887105e-08
6.261340759519067643e-08
6.223623970160416216e-08
6.186291719173977064e-08
6.149346383857573901e-08
6.112771066624482576e-08
6.076610316681218648e-08
6.040812942741934877e-08
6.005429856839645513e-08
5.970408151657158515e-08
5.935834580666108257e-08
5.901593555427061339e-08
5.867803686149836678e-08
5.834357863642009817e-08
5.801357425154065697e-08
5.768688094385044809e-08
5.736441110033509455e-08
5.704558929286764826e-08
5.673075806917608481e-08
5.641961612152878828e-08
5.611209664895626184e-08
5.580856249437846880e-08
5.550844182957865689e-08
5.521246351712631684e-08
5.491956154620234743e-08
5.463070927296748904e-08
5.434507006074479284e-08
5.406307898375094459e-08
5.378430935138141700e-08
5.350875602623712468e-08
5.323668333739435609e-08
5.296762176396010808e-08
5.270203612904005240e-08
5.243912696758189319e-08
5.217961089839146931e-08
5.192286343323190891e-08
5.166914326168906243e-08
5.141816200901011737e-08
5.116962090460606015e-08
5.092423994127039190e-08
5.068130283972646022e-08
5.044088807178590219e-08
5.020290553865735049e-08
4.996716630532999297e-08
4.973391066881501646e-08
4.950287722009817662e-08
4.927396463532815638e-08
4.904714359300199429e-08
4.882237857771907322e-08
4.859956605827411220e-08
4.837881803979613657e-08
4.815973909020233384e-08
4.794237683608308186e-08
4.772689095725137491e-08
4.751297357205230825e-08
4.730080533620326050e-08
4.708998318709005461e-08
4.688058589767928199e-08
4.667268986943851114e-08
4.646614397627395224e-08
4.626105826555744686e-08
4.605706179224214097e-08
4.585428266192052607e-08
4.565274814116286244e-08
4.545234496196264523e-08
4.525321457566719904e-08
4.505492867078875613e-08
4.485770907183635499e-08
4.466150337437411372e-08
4.446625245554433473e-08
4.427210151844017055e-08
4.407861552419532610e-08
4.388614945157643637e-08
4.369445908115100210e-08
4.350364428453830798e-08
4.331376260816615898e-08
4.312452551038448826e-08
4.293618857970384521e-08
4.274858577578135421e-08
4.256175074174758631e-08
4.237572637639282173e-08
4.219045905314663891e-08
4.200591147639861375e-08
4.182205392234583213e-08
4.163901404988935815e-08
4.145665884639782020e-08
4.127509174659183652e-08
4.109426230939867078e-08
4.091414136507257031e-08
4.073478072772865093e-08
4.055611583444309580e-08
4.037824951819736908e-08
4.020122394425055695e-08
4.002489410308201249e-08
3.984928270225307204e-08
3.967462280754281692e-08
3.950063535915839108e-08
3.932747987468017134e-08
3.915523986414588043e-08
3.898375338572912705e-08
3.881314393931086137e-08
3.864334537894672305e-08
3.847439548076098626e-08
3.830645845303573011e-08
3.813935388030752315e-08
3.797306926186130514e-08
3.780789114073617702e-08
3.764349626022535049e-08
3.747997643664029729e-08
3.731766191758456956e-08
3.715616187752997183e-08
3.699550448596568820e-08
3.683616608390872463e-08
3.667756696456828447e-08
3.651993356740190803e-08
3.636355506629332578e-08
3.620804919311549306e-08
3.605345182934310104e-08
3.590017429072433890e-08
3.574770052059809662e-08
3.559629143751345489e-08
3.544608610143594042e-08
3.529683283612548667e-08
3.514853394340107612e-08
3.500152196800505544e-08
3.485537901775727329e-08
3.471033103719027932e-08
3.456645179482696635e-08
3.442355399286764626e-08
3.428159836015570240e-08
3.414097097235502354e-08
3.400118467159798489e-08
3.386245800557850885e-08
3.372491671281978160e-08
3.358832747660755685e-08
3.345260425669163532e-08
3.331824308802358679e-08
3.318467768545465811e-08
3.305211506116238700e-08
3.292071483685959412e-08
3.279024755544155121e-08
3.266057030057410713e-08
3.253218965786513252e-08
3.240459194406034966e-08
3.227798692475222546e-08
3.215241230061689779e-08
3.202771986450261840e-08
3.190385548427510889e-08
3.178106667025331951e-08
3.165915366372610205e-08
3.153811187367793683e-08
3.141799114207581833e-08
3.129870514982894139e-08
3.118026509554633591e-08
3.106258380339579608e-08
3.094588867774733330e-08
3.082993315600797143e-08
3.071480237714416319e-08
3.060047788801772752e-08
3.048694120335550918e-08
3.037404877532720762e-08
3.026204349964671668e-08
3.015075078357346004e-08
3.004020134416600117e-08
2.993039029287873693e-08
2.982124091279943398e-08
2.971278754998516738e-08
2.960497049719184583e-08
2.949791294719026107e-08
2.939147606650504444e-08
2.928573213691790846e-08
2.918059423317513202e-08
2.907604629240992467e-08
2.897207870544047267e-08
2.886871981449310958e-08
2.876595870189448782e-08
2.866378623765729063e-08
2.856219774323043718e-08
2.846113745762801231e-08
2.836063295617520067e-08
2.826059219965653123e-08
2.816114491204965054e-08
2.806221394430232828e-08
2.796379140435498133e-08
2.786590096447396355e-08
2.776847593792490303e-08
2.767153372148737280e-08
2.757499986236456796e-08
2.747902242768988551e-08
2.738348275715938249e-08
2.728840176339647201e-08
2.719379107092630854e-08
2.709961003778029250e-08
2.700585967683595544e-08
2.691247302392453984e-08
2.681958734698731020e-08
2.672709634067573739e-08
2.663501790583919436e-08
2.654337027300154157e-08
2.645214309382146889e-08
2.636130304257150295e-08
2.627080145830053695e-08
2.618077310048128357e-08
2.609112300733185565e-08
2.600184241934292004e-08
2.591296145951194205e-08
2.582451700939681099e-08
2.573641252214071707e-08
2.564865944576915154e-08
2.556129360703549934e-08
2.547437479982126020e-08
2.538776231954502793e-08
2.530152935840500391e-08
2.521573043667425256e-08
2.513027095359899357e-08
2.504518229869327679e-08
2.496037667976383610e-08
2.487611542466129240e-08
2.479210641221719171e-08
2.470848942768010610e-08
2.462524883178706901e-08
2.454242246001703032e-08
2.445994477700221599e-08
2.437776049091684524e-08
2.429603644741474346e-08
2.421468415407489999e-08
2.413364444389497651e-08
2.405297760880009315e-08
2.397276442442083006e-08
2.389286866533679504e-08
2.381334806326243044e-08
2.373410145812966942e-08
2.365542609364475901e-08
2.357698498251651053e-08
2.349892694268303151e-08
2.342123800671875618e-08
2.334400287817516682e-08
2.326708809686042849e-08
2.319050775964593189e-08
2.311428792122923490e-08
2.303855418488204896e-08
2.296308618631346585e-08
2.288800212460376127e-08
2.281331734962726078e-08
2.273901533004591556e-08
2.266507773201935228e-08
2.259143108088224507e-08
2.251823066243571929e-08
2.244541853214119082e-08
2.237290774758838547e-08
2.230078083790157308e-08
2.222905255186575825e-08
2.215767341230489799e-08
2.208666366788289112e-08
2.201593287523404391e-08
2.194565572002473357e-08
2.187573055710022335e-08
2.180612190473971281e-08
2.173687585549652152e-08
2.166801672665573268e-08
2.159949220558742813e-08
2.153132828691600098e-08
2.146343462962678514e-08
2.139596474052440752e-08
2.132884117535523323e-08
2.126202423749170965e-08
2.119556289926021066e-08
2.112945431490366485e-08
2.106367289753237383e-08
2.099822857731393368e-08
2.093305860437637610e-08
2.086825520977291455e-08
2.080381759668063038e-08
2.073965273739097829e-08
2.067583073361129631e-08
2.061232232945968816e-08
2.054914727180234917e-08
2.048626259451798947e-08
2.042367145937429571e-08
2.036135162183106560e-08
2.029942852697975094e-08
2.023775214811361978e-08
2.017637439176802928e-08
2.011530271934404611e-08
2.005454846696418304e-08
1.999404371474033132e-08
1.993383657444846289e-08
1.987386021927564250e-08
1.981423229767067681e-08
1.975487612900213589e-08
1.969577620847005942e-08
1.963696425349430714e-08
1.957842799221190838e-08
1.952015586103941313e-08
1.946214499072236118e-08
1.940436885136894308e-08
1.934683435126903446e-08
1.928964150982170690e-08
1.923265428930294818e-08
1.917592016419900783e-08
1.911944949691508618e-08
1.906324241964506761e-08
1.900724221509539487e-08
1.895150670775741871e-08
1.889595094014877456e-08
1.884068117080635175e-08
1.878566691212735283e-08
1.873084953247594873e-08
1.867627402904908685e-08
1.862192812120079279e-08
1.856784228127635218e-08
1.851394611849246027e-08
1.846027950731007892e-08
1.840678294279959802e-08
1.835357311413640881e-08
1.830057993785680712e-08
1.824777441675514870e-08
1.819519733884224444e-08
1.814282739368929714e-08
1.809070612584865658e-08
1.803876167666068417e-08
1.798702751969947638e-08
1.793545078414933637e-08
1.788416002720796675e-08
1.783306363257749135e-08
1.778213806035766299e-08
1.773142898557179912e-08
1.768091250691550938e-08
1.763063737179466750e-08
1.758052344822000810e-08
1.753061215454391277e-08
1.748084277285184198e-08
1.743133540009883163e-08
1.738202524054726982e-08
1.733286814948890884e-08
1.728391275766390342e-08
1.723514448478741388e-08
1.718661604383369065e-08
1.713823272816239039e-08
1.709005458250348929e-08
1.704201089464602038e-08
1.699418540296793665e-08
1.694659726451462851e-08
1.689913756405551384e-08
1.685187168616019774e-08
1.680478969834779083e-08
1.675792061723274113e-08
1.671121663451492776e-08
1.666469754211840082e-08
1.661833529271829564e-08
1.657211967331460870e-08
1.652618887653809482e-08
1.648038169149240463e-08
1.643474076355160783e-08
1.638928712119899723e-08
1.634400840171739239e-08
1.629894014965874417e-08
1.625401779694787911e-08
1.620927587090642668e-08
1.616466146449860168e-08
1.612027053122950584e-08
1.607607303461715586e-08
1.603200296897807197e-08
1.598811569453528368e-08
1.594439871819057524e-08
1.590087953606741485e-08
1.585751671975854425e-08
1.581432300533440729e-08
1.577128355939570929e-08
1.572837345240954508e-08
1.568571765023978225e-08
1.564320047052830510e-08
1.560082516318039007e-08
1.555862486839417832e-08
1.551659026599218900e-08
1.547475673905228013e-08
1.543304749040816272e-08
1.539152030740796560e-08
1.535012296185987123e-08
1.530887030973081209e-08
1.526786123748136365e-08
1.522696715965170874e-08
1.518622131449215854e-08
1.514564512959022892e-08
1.510522040645247800e-08
1.506498872665453629e-08
1.502487526011292618e-08
1.498493686213488391e-08
1.494511628592000442e-08
1.490544134866108347e-08
1.486599054632897413e-08
1.482664983645162139e-08
1.478745474711404347e-08
1.474841705401857796e-08
1.470952501838748534e-08
1.467081620861360092e-08
1.463221757823562224e-08
1.459378806816335857e-08
1.455547396583227829e-08
1.451728784901469240e-08
1.447931889070165701e-08
1.444146426741270445e-08
1.440373629700105482e-08
1.436616022410943545e-08
1.432872815193719478e-08
1.429146063683443868e-08
1.425430667851678272e-08
1.421730073881672650e-08
1.418041814107502762e-08
1.414364242806620770e-08
1.410706834979456107e-08
1.407062165329911729e-08
1.403428231474035930e-08
1.399808712621344988e-08
1.396202817941273214e-08
1.392611108883430327e-08
1.389032540112495253e-08
1.385466291447366794e-08
1.381913260113832008e-08
1.378369479947191453e-08
1.374840597513602659e-08
1.371329113867465278e-08
1.367826556292700448e-08
1.364336517879661210e-08
1.360859555932591604e-08
1.357394471019188611e-08
1.353945282088796491e-08
1.350505004284699476e-08
1.347078592627480972e-08
1.343662450886123772e-08
1.340255650873462216e-08
1.336867052833802623e-08
1.333489817943475367e-08
1.330121888330583236e-08
1.326766681425636001e-08
1.323423521749264496e-08
1.320092239138215805e-08
1.316774351043164103e-08
1.313465774022181104e-08
1.310170019524051444e-08
1.306882767502974741e-08
1.303605620842360844e-08
1.300346642401106346e-08
1.297096372480853870e-08
1.293855272840613723e-08
1.290626350037017442e-08
1.287408708148518456e-08
1.284203154709908528e-08
1.281008761489230169e-08
1.277824306151352452e-08
1.274651208138810360e-08
1.271485927971545997e-08
1.268331176653441344e-08
1.265193135851095581e-08
1.262062842029373481e-08
1.258941773027544428e-08
1.255831941936999569e-08
1.252732846679381280e-08
1.249645452922219413e-08
1.246568481305436693e-08
1.243500815381110427e-08
1.240444258855270068e-08
1.237395193509966233e-08
1.234355504934283891e-08
1.231332270559121761e-08
1.228316811387373680e-08
1.225309256802437258e-08
1.222313073558113266e-08
1.219326936742497259e-08
1.216351085847570715e-08
1.213386676881458637e-08
1.210429898784239027e-08
1.207484382641027597e-08
1.204546461003807383e-08
1.201615982843841108e-08
1.198701259632442372e-08
1.195795284389809307e-08
1.192896568004252184e-08
1.190007968090906647e-08
1.187129090832912906e-08
1.184259265000964054e-08
1.181401948081112738e-08
1.178551412625754102e-08
1.175710975165906796e-08
1.172879121696343780e-08
1.170054291249295666e-08
1.167240638066038897e-08
1.164440001885831179e-08
1.161645289300242594e-08
1.158859216425784779e-08
1.156082652883242519e-08
1.153315546552668520e-08
1.150558516666498599e-08
1.147810568203085865e-08
1.145070374139279708e-08
1.142340206343639338e-08
1.139616784030689212e-08
1.136900311493543095e-08
1.134198164769866263e-08
1.131504104062131348e-08
1.128816590845567167e-08
1.126138062770071000e-08
1.123468677285361356e-08
1.120807480352198370e-08
1.118157157238418439e-08
1.115514012058982540e-08
1.112878894039958430e-08
1.110252891861436025e-08
1.107632902960611931e-08
1.105020803994724490e-08
1.102422264473572231e-08
1.099830431762729132e-08
1.097245029879025185e-08
1.094668540536872741e-08
1.092100414337856096e-08
1.089540027460051883e-08
1.086990492606480374e-08
1.084447009944293389e-08
1.081911727639158220e-08
1.079384798844210483e-08
1.076863458224558856e-08
1.074350117224108913e-08
1.071849368651352219e-08
1.069354913020665722e-08
1.066866692326190947e-08
1.064386941304581016e-08
1.061915129238103219e-08
1.059450644795294528e-08
1.056996460903005942e-08
1.054548178413668840e-08
1.052107444000675173e-08
1.049674860601995305e-08
1.047247747569216057e-08
1.044827397283354240e-08
1.042419605975465810e-08
1.040018151176398444e-08
1.037622318536399669e-08
1.035234218630980903e-08
1.032853917934344861e-08
1.030480884162781856e-08
1.028116551797963025e-08
1.025758961010789212e-08
1.023408001249779400e-08
1.021065105879662412e-08
1.018727654328606297e-08
1.016395705821262261e-08
1.014074526763936382e-08
1.011761532507836070e-08
1.009453373066399458e-08
1.007152000839229323e-08
1.004857973816988992e-08
1.002571324566531914e-08
1.000291695663363560e-08
9.980207345379198487e-09
9.957544299073070558e-09
9.934959655483934988e-09
9.912438342595457631e-09
9.889965639701693377e-09
9.867564581844369497e-09
9.845271602430718572e-09
9.823031373336785633e-09
9.800842968328982289e-09
9.778725619097063840e-09
9.756675916076743443e-09
9.734692382030153378e-09
9.712787920359840686e-09
9.690945082513001091e-09
9.669158744074637834e-09
9.647447358953285282e-09
9.625786616835421161e-09
9.604173659399927722e-09
9.582645751500834106e-09
9.561211669666962719e-09
9.539817919197273415e-09
9.518476977443689083e-09
9.497208478022776508e-09
9.476003855042872214e-09
9.454855725876560031e-09
9.433791320225915885e-09
9.412777484714736118e-09
9.391821057540837230e-09
9.370933691326052123e-09
9.350091966384292014e-09
9.329296600118796975e-09
9.308587711192443659e-09
9.287959890100782832e-09
9.267370390383972588e-09
9.246833558095276582e-09
9.226365062639378418e-09
9.205955681006959334e-09
9.185601325794706547e-09
9.165326544511920057e-09
9.145099077480820435e-09
9.124927591582311375e-09
9.104821357646842650e-09
9.084758610905498671e-09
9.064740190879930423e-09
9.044798033689768726e-09
9.024941070260654197e-09
9.005120894853582390e-09
8.985348388018283143e-09
8.965639641329015496e-09
8.945987676872690712e-09
8.926390878082544899e-09
8.906863535208169639e-09
8.887389357706108528e-09
8.867960529398191915e-09
8.848598243058024526e-09
8.829279986923132236e-09
8.810003591213568716e-09
8.790788103231183586e-09
8.771662739128636453e-09
8.752579735838861376e-09
8.733536763087531930e-09
8.714548795913650733e-09
8.695617383812372580e-09
8.676743556923909380e-09
8.657922700283215736e-09
8.639171036025994111e-09
8.620453864592255479e-09
8.601792994879181309e-09
8.583189247683865933e-09
8.564622692250584668e-09
8.546096646084377880e-09
8.527652737880806097e-09
8.509271055337965078e-09
8.490922868409778818e-09
8.472620155027866492e-09
8.454376244005823244e-09
8.436182687055644725e-09
8.418038120603426518e-09
8.399957175522058441e-09
8.381924480089058859e-09
8.363931924223032434e-09
8.345999130445982676e-09
8.328109648301334559e-09
8.310256647628323848e-09
8.292450355892440479e-09
8.274729744619427047e-09
8.257052247312096485e-09
8.239409881176266205e-09
8.221813216960027328e-09
8.204271610500203330e-09
8.186779864020637852e-09
8.169331691332652731e-09
8.151949554760701139e-09
8.134606479909521672e-09
8.117305248644258936e-09
8.100060576893145544e-09
8.082852952785546191e-09
8.065681942749366133e-09
8.048558917095237318e-09
8.031517535897036711e-09
8.014514111123751098e-09
7.997544640632137693e-09
7.980618627570043617e-09
7.963744586833861174e-09
7.946918490728242149e-09
7.930133211128648059e-09
7.913410038743724869e-09
7.896725794367730302e-09
7.880079614106384777e-09
7.863487032520779883e-09
7.846932239796128065e-09
7.830410612122424352e-09
7.813929834108558116e-09
7.797527674784323554e-09
7.781165930552568011e-09
7.764834708534170244e-09
7.748543200581036881e-09
7.732303250250041053e-09
7.716106072202638674e-09
7.699950833230965658e-09
7.683848863380156094e-09
7.667792262956990556e-09
7.651766425537887463e-09
7.635790232761181975e-09
7.619858233342359299e-09
7.603956056210574459e-09
7.588086798595896704e-09
7.572280858827904035e-09
7.556533942882127972e-09
7.540814548974561505e-09
7.525128381652363860e-09
7.509487103636870989e-09
7.493888794459215131e-09
7.478335561504860858e-09
7.462820818314886697e-09
7.447363675578819787e-09
7.431933745949517764e-09
7.416543292812632135e-09
7.401200175857190824e-09
7.385888032898534475e-09
7.370606796318618477e-09
7.355366680398583701e-09
7.340198158391256977e-09
7.325063816124059529e-09
7.309956922931703231e-09
7.294884927609601245e-09
7.279860380458403811e-09
7.264873958560304778e-09
7.249926589923029515e-09
7.235023868321886879e-09
7.220167971958349016e-09
7.205337447724392915e-09
7.190548899454326953e-09
7.175803483491598608e-09
7.161084818090091885e-09
7.146394257856577050e-09
7.131750628144256713e-09
7.117171442824541735e-09
7.102620822600004397e-09
7.088097837613550278e-09
7.073610041415820649e-09
7.059165792764016362e-09
7.044758719894853831e-09
7.030387156411257806e-09
7.016060960988513921e-09
7.001775997664291921e-09
6.987515503395796953e-09
6.973296542821045913e-09
6.959118070160734985e-09
6.944964684809262964e-09
6.930837896482048601e-09
6.916756026607744202e-09
6.902736136903797887e-09
6.888743941818790782e-09
6.874777350157209498e-09
6.860842728798415129e-09
6.846951522482461628e-09
6.833094590480637018e-09
6.819272786153944319e-09
6.805490540729108182e-09
6.791752540589906734e-09
6.778036653531935135e-09
6.764357070263193540e-09
6.750717592938682218e-09
6.737103543792435629e-09
6.723515939011700392e-09
6.709963101087390968e-09
6.696472939680921285e-09
6.683014059213725490e-09
6.669577674698521745e-09
6.656171260935916823e-09
6.642802185299909601e-09
6.629466917631096784e-09
6.616168913759383082e-09
6.602901151052434686e-09
6.589680936660707421e-09
6.576485052595475603e-09
6.563318359548979120e-09
6.550191230821007364e-09
6.537094988108988102e-09
6.524021826832940565e-09
6.510973841836286004e-09
6.497972058297896107e-09
6.485022296788260668e-09
6.472094045884675723e-09
6.459190017514371881e-09
6.446317510127805608e-09
6.433481684648954844e-09
6.420678011623521271e-09
6.407904983233348951e-09
6.395169159977371165e-09
6.382472626278105090e-09
6.369795815431981154e-09
6.357151724036842729e-09
6.344544382847117373e-09
6.331960365428166462e-09
6.319401670596923835e-09
6.306869286700838619e-09
6.294391756415557363e-09
6.281950436128805177e-09
6.269529331126773926e-09
6.257132272899555763e-09
6.244767151091945468e-09
6.232435570848914319e-09
6.220136895785882288e-09
6.207864954107583740e-09
6.195631598154970883e-09
6.183431703797431656e-09
6.171251292479891945e-09
6.159103104710702305e-09
6.146989062347111792e-09
6.134896515552296776e-09
6.122827719773039649e-09
6.110784586886986250e-09
6.098795690492358686e-09
6.086839280425479933e-09
6.074902000727913147e-09
6.062987764342928500e-09
6.051103673860951052e-09
6.039251339655559076e-09
6.027430033436534333e-09
6.015634682625931591e-09
6.003874486786221561e-09
5.992148469650473013e-09
5.980440406045410838e-09
5.968761909071584477e-09
5.957116588301623780e-09
5.945493421079933346e-09
5.933892175352572853e-09
5.922313845255022326e-09
5.910779004146164885e-09
5.899285326193096326e-09
5.887809928311138372e-09
5.876355370618827480e-09
5.864926751109812232e-09
5.853531505685166247e-09
5.842161628621839385e-09
5.830820454781644163e-09
5.819507096665089222e-09
5.808232219209254083e-09
5.796974830193823617e-09
5.785741804033724827e-09
5.774541280666074068e-09
5.763367785647615501e-09
5.752212204139356346e-09
5.741075242649782188e-09
5.729971920351414124e-09
5.718917058788104788e-09
5.707883834349650919e-09
5.696867994594615177e-09
5.685874877893760507e-09
5.674910243769951778e-09
5.663972997624348819e-09
5.653065225129793664e-09
5.642179556759591248e-09
5.631327482960032502e-09
5.620504670333513535e-09
5.609697968268605542e-09
5.598917630245876879e-09
5.588167759289987554e-09
5.577438935305208590e-09
5.566729423262462135e-09
5.556038993957941383e-09
5.545384974318253525e-09
5.534773409019243378e-09
5.524179522032461530e-09
5.513603038007183727e-09
5.503048655490961722e-09
5.492523154492309694e-09
5.482021316150816498e-09
5.471548587403666500e-09
5.461095661959921530e-09
5.450678217908255416e-09
5.440284575963247238e-09
5.429907114682579768e-09
5.419556387509353484e-09
5.409233467536622525e-09
5.398929209200142491e-09
5.388644061506660689e-09
5.378377813528181487e-09
5.368146304421863512e-09
5.357954478820291339e-09
5.347779608617195587e-09
5.337621374536824397e-09
5.327484195451008715e-09
5.317374069096650474e-09
5.307286588397100670e-09
5.297227118435183051e-09
5.287186649591139912e-09
5.277178517060306182e-09
5.267195252183146673e-09
5.257226397337948887e-09
5.247281466398280077e-09
5.237364348628414125e-09
5.227467145268646283e-09
5.217586835799238488e-09
5.207722520391200120e-09
5.197889094304279819e-09
5.188097487063544900e-09
5.178323294114041440e-09
5.168563868632492045e-09
5.158823543706266516e-09
5.149107551095905807e-09
5.139416144084816586e-09
5.129748819595398778e-09
5.120101474936967374e-09
5.110478544820991857e-09
5.100886872517643790e-09
5.091308535949614156e-09
5.081750255798741473e-09
5.072217724206047424e-09
5.062709499549042255e-09
5.053214350269817535e-09
5.043735704456625462e-09
5.034277694453956447e-09
5.024859537345582764e-09
5.015467858040710875e-09
5.006090260196151766e-09
4.996728654371025383e-09
4.987386563833451978e-09
4.978070499360083265e-09
4.968773489512007726e-09
4.959501818013608402e-09
4.950247013923050942e-09
4.941022179346182543e-09
4.931819684635343815e-09
4.922629872475701558e-09
4.913461300927380008e-09
4.904318116086871335e-09
4.895194321552219040e-09
4.886084689098003953e-09
4.876988877322178650e-09
4.867918458532177561e-09
4.858886395536715446e-09
4.849873979011875963e-09
4.840874965606927794e-09
4.831891977079880053e-09
4.822928418099227052e-09
4.813990251969361029e-09
4.805069562330986216e-09
4.796172553696925735e-09
4.787291811925422849e-09
4.778441107216584052e-09
4.769609744906940149e-09
4.760790729638246003e-09
4.751992043894408754e-09
4.743217481001847272e-09
4.734461180697148327e-09
4.725718572760981370e-09
4.716988672499719476e-09
4.708283101148985257e-09
4.699614466509855258e-09
4.690965009391110579e-09
4.682328381551382328e-09
4.673706523392771229e-09
4.665102172561579729e-09
4.656522488175025424e-09
4.647959640215255757e-09
4.639420021008147648e-09
4.630895249024797009e-09
4.622396698365026094e-09
4.613919984686707372e-09
4.605453949363082169e-09
4.597006154247079490e-09
4.588581555721756742e-09
4.580177014820530176e-09
4.571783382297746718e-09
4.563403858808804093e-09
4.555041898066934542e-09
4.546712283565930675e-09
4.538409170214939646e-09
4.530118229763940687e-09
4.521840284110302419e-09
4.513578664072537168e-09
4.505337191680851445e-09
4.497114824459785176e-09
4.488912409033410238e-09
4.480726073740683365e-09
4.472559253976798056e-09
4.464418544889629092e-09
4.456291448462338006e-09
4.448177802506520169e-09
4.440084991137482875e-09
4.432011980726049109e-09
4.423953224455084850e-09
4.415908042198740636e-09
4.407874605711962769e-09
4.399864011499542813e-09
4.391887209660142918e-09
4.383926261471636267e-09
4.375976823030728883e-09
4.368041087109927554e-09
4.360121286427407546e-09
4.352223197717139374e-09
4.344340410951705084e-09
4.336478924317207041e-09
4.328631600469806603e-09
4.320804970156197985e-09
4.313001318580365731e-09
4.305207502561237685e-09
4.297429123189046296e-09
4.289671109946563219e-09
4.281931779045654417e-09
4.274203816162474263e-09
4.266490267612636378e-09
4.258788153959940822e-09
4.251109032198475500e-09
4.243462226231260029e-09
4.228562055890748904e-09
4.220955161809537639e-09
4.213361229202178422e-09
4.205782628826871216e-09
4.198225303678242682e-09
4.190682123528441661e-09
4.183159364486990258e-09
4.146738872535974276e-09
4.139310897155059238e-09
4.131905098615448281e-09
4.124509156063447712e-09
4.117127298558704574e-09
4.109764576904999321e-09
4.102419467823508622e-09
4.095086487655688303e-09
4.073422698306769779e-09
4.066143253131378219e-09
4.058884486638205531e-09
4.051656690453419452e-09
4.044443215734780501e-09
4.037239845577316275e-09
4.030048373451738393e-09
3.994352123913899675e-09
3.987254063590533114e-09
3.980171687558206051e-09
3.973106923839889113e-09
3.966055473603664178e-09
3.959017576197550211e-09
3.952002551276415359e-09
3.945000435474183249e-09
3.923865392011719333e-09
3.916919563743383796e-09
3.909992083078962509e-09
3.903079483802925941e-09
3.896175845351055949e-09
3.889282291642478053e-09
3.882403706612835120e-09
3.847441909027584392e-09
3.840671907538569159e-09
3.833911640150074463e-09
3.827160747854630234e-09
3.820422525242740189e-09
3.813696788964568958e-09
3.806988885759217591e-09
3.786331739646368697e-09
3.779683929157064339e-09
3.773046743863960270e-09
3.766426784418287963e-09
3.759825965133057738e-09
3.753233122653057030e-09
3.746652155508947136e-09
3.740088600679210434e-09
3.705864197173200374e-09
3.699385773619473483e-09
3.692917289670791036e-09
3.686456963049042961e-09
3.680014351334841345e-09
3.673596707548435846e-09
3.667195482836222449e-09
3.647062450683527023e-09
3.640708660224221947e-09
3.634367019780502345e-09
3.628037837015993203e-09
3.621724955134698120e-09
3.615424546124426510e-09
3.609139857574473184e-09
3.602864592920089093e-09
3.569310193931133024e-09
3.563126108706319011e-09
3.556949180715459813e-09
3.550784201551166835e-09
3.544635781398291432e-09
3.538500399208948833e-09
3.532375105522413534e-09
3.512534372409714328e-09
3.506454319915328796e-09
3.500390308917936174e-09
3.494349884183705745e-09
3.488326196577384413e-09
3.482311308284120098e-09
3.476303844333817423e-09
3.442707842720193256e-09
3.436779562488917704e-09
3.430867254332075268e-09
3.424966089532692344e-09
3.419080285507745456e-09
3.413204532209259909e-09
3.407340469445810256e-09
3.401494432283246475e-09
3.381810426291827877e-09
3.376010246079107943e-09
3.370224466283119575e-09
3.364452803850329256e-09
3.358692290732291184e-09
3.352938878701028424e-09
3.347193499042155640e-09
3.313618712009367521e-09
3.307959735307467147e-09
3.302323574419492224e-09
3.296695904796724353e-09
3.291075105627370776e-09
3.285464328765323748e-09
3.279861857466001984e-09
3.260278878354453429e-09
3.254730717568634412e-09
3.249195598652439808e-09
3.243671606805215645e-09
3.238156706785315928e-09
3.232659216897604230e-09
3.227173560031110956e-09
3.193559384831755943e-09
3.188146272155011182e-09
3.182748465859931673e-09
3.177362124060832917e-09
3.171984464705792925e-09
3.166614675908789351e-09
3.161251191428395897e-09
3.155899582965303964e-09
3.136458980559904235e-09
3.131172824812265285e-09
3.125894775034977042e-09
3.120622971717130295e-09
3.115360773471291772e-09
3.110106049621320550e-09
3.104865637056743592e-09
3.071272186503138958e-09
3.066111407716758323e-09
3.060959610587729056e-09
3.055816929109053351e-09
3.050691319095549578e-09
3.045575880612776217e-09
3.040464726933165263e-09
3.021110895159737757e-09
3.016051708125706452e-09
3.011003093474068365e-09
3.005962252859304597e-09
3.000929048726221683e-09
2.995901791202317232e-09
2.990886017706133709e-09
2.957246500407699560e-09
2.952320840321025916e-09
2.947402787180308585e-09
2.942490603133839951e-09
2.937587628981720788e-09
2.932691897976850968e-09
2.927809165174554907e-09
2.922934907683033718e-09
2.903709344093669756e-09
2.898883285609630742e-09
2.894065741153547786e-09
2.889263885138758975e-09
2.884472848433941697e-09
2.879685631235582203e-09
2.874906837017760296e-09
2.841279166764089047e-09
2.836578781909448924e-09
2.831886941664252491e-09
2.827201724431874622e-09
2.822522868825020188e-09
2.817853570417178745e-09
2.813198739792319698e-09
2.794063019962856259e-09
2.789459596604466060e-09
2.784862153708572149e-09
2.780272960295411744e-09
2.775691844195880982e-09
2.771119823263437068e-09
2.766559045232525634e-09
2.732874914987064518e-09
2.728387724022647667e-09
2.723908111129193780e-09
2.719438136140118274e-09
2.714983348473211014e-09
2.710535650074053642e-09
2.706092659525314102e-09
2.687026314100168320e-09
2.682629295163704970e-09
2.678242222085771495e-09
2.673860644525091608e-09
2.669486902969108039e-09
2.665118171285319879e-09
2.660760435417577106e-09
2.627027231540001894e-09
2.622752335689984049e-09
2.618484149471416201e-09
2.614221113243380432e-09
2.609966260141256518e-09
2.605718061110080947e-09
2.601480965480356658e-09
2.597252839529891479e-09
2.578297130141552021e-09
2.574111142417972622e-09
2.569932334838376555e-09
2.565764858690414041e-09
2.561610140907460157e-09
2.557460731848682207e-09
2.553316987303961607e-09
2.519586175906680117e-09
2.515513696020739378e-09
2.511450795713493294e-09
2.507392590257521716e-09
2.503342201799083545e-09
2.499296651909298714e-09
2.495261648092786653e-09
2.476382184977340418e-09
2.472397918183278215e-09
2.468420104853045982e-09
2.464447095607548122e-09
2.460481945875116190e-09
2.456523349549805240e-09
2.452574723398949528e-09
2.418789082846913837e-09
2.414908167267787906e-09
2.411036360127303404e-09
2.407171275176173407e-09
2.403315306459034933e-09
2.399472739136578529e-09
2.395636664245458814e-09
2.376819896944755920e-09
2.373020447953200593e-09
2.369228781464010051e-09
2.365445468103242408e-09
2.361668271820694136e-09
2.357897258206038905e-09
2.354130987964680001e-09
2.320281842169163389e-09
2.316592651222777029e-09
2.312914214063710840e-09
2.309239942504111793e-09
2.305570744208976528e-09
2.301908704228962499e-09
2.298253612633922726e-09
2.279498973368709174e-09
2.275888122048326657e-09
2.272279860581410913e-09
2.268678546264488770e-09
2.265083679567593045e-09
2.261495649360509932e-09
2.257921160421641454e-09
2.224022878282181145e-09
2.220515231679925810e-09
2.217012519732409590e-09
2.213514550624265291e-09
2.210024088760653906e-09
2.206542025715882569e-09
2.203064089878499846e-09
2.184367958084466409e-09
2.180929177961712305e-09
2.177497716061636927e-09
2.174079547940749028e-09
2.170667498186124791e-09
2.167261187231071574e-09
2.163859061224749631e-09
2.129896381291510861e-09
2.126562742576453317e-09
2.123235949307982098e-09
2.119916663989360021e-09
2.116599535111383600e-09
2.113289565029203069e-09
2.109986231357437328e-09
2.091347797317595075e-09
2.088091714619419434e-09
2.084841285723395342e-09
2.081592117915003976e-09
2.078348181781581730e-09
2.075109193911529280e-09
2.071877070042489436e-09
2.037855667202850478e-09
2.034690267343643357e-09
2.031530730308842005e-09
2.028375093152944309e-09
2.025226332331570305e-09
2.022090102432837882e-09
2.018959891311711119e-09
2.000380200127321434e-09
1.997286702788860135e-09
1.994198686097219756e-09
1.991115614981005094e-09
1.988038451041503951e-09
1.984968898178568229e-09
1.981901393270175978e-09
1.947819241011417647e-09
1.944819100275192684e-09
1.941824666360935673e-09
1.938841578553127006e-09
1.935865378150341382e-09
1.932890673161218175e-09
1.929920344236088444e-09
1.911388319680020809e-09
1.908455965669515811e-09
1.905530807881100165e-09
1.902607668868690378e-09
1.899690332336919755e-09
1.896775650179830718e-09
1.893867542767420831e-09
1.859729538981211856e-09
1.856895912475375462e-09
1.854065102941335225e-09
1.851238004477788073e-09
1.848416402839132640e-09
1.845598796513379482e-09
1.842785189094338848e-09
1.824307041234440844e-09
1.821533644633507310e-09
1.818762789204041996e-09
1.815996675261704757e-09
1.813236105309694514e-09
1.810481601988546567e-09
1.776230658049375167e-09
1.773546067632489983e-09
1.770862973470179027e-09
1.768183879880232834e-09
1.765508845510253144e-09
1.762840087062130610e-09
1.760176480652980563e-09
1.741709438919484120e-09
1.739081161564199111e-09
1.736456221358677174e-09
1.733837013408528201e-09
1.731226951253469058e-09
1.728623269780509962e-09
1.726023028185566976e-09
1.691709867627286576e-09
1.689172582935407966e-09
1.686639205027467932e-09
1.684110254280566783e-09
1.681588155184468444e-09
1.679068722837477199e-09
1.676552623879069121e-09
1.658131716909949726e-09
1.655652671330333143e-09
1.653180110758107254e-09
1.650717359398258250e-09
1.648255384781146281e-09
1.645795140373347871e-09
1.643338593643791974e-09
1.608967616897678989e-09
1.606575548626621355e-09
1.604188363743954235e-09
1.601803463907455937e-09
1.599422562185127738e-09
1.597044594107087268e-09
1.594672097600424609e-09
1.576299189808081417e-09
1.573969188061222445e-09
1.571642062171358660e-09
1.569317426057150390e-09
1.566995804258804909e-09
1.564677786369001052e-09
1.530192969539822532e-09
1.527939942478674355e-09
1.525690365749864459e-09
1.523442691010635059e-09
1.521199328463965714e-09
1.518959839424389626e-09
1.516725127763990816e-09
1.498473818142170288e-09
1.496276441868974465e-09
1.494079572467232256e-09
1.491886945123277459e-09
1.489695915605131045e-09
1.487508480376780579e-09
1.485327328929733520e-09
1.450996843022692948e-09
1.448869887065920789e-09
1.446744924978622167e-09
1.444625648215291306e-09
1.442511558948360760e-09
1.440405132708050370e-09
1.438301590388122797e-09
1.420079409480356432e-09
1.418005734906428370e-09
1.415935346143991426e-09
1.413868876307005186e-09
1.411805746390733673e-09
1.409746830929067095e-09
1.407689638181382393e-09
1.373296876724249343e-09
1.371294656307101170e-09
1.369297081874840051e-09
1.367306295893133009e-09
1.365323085126765002e-09
1.363339977683971918e-09
1.345118422180407559e-09
1.343164490238245063e-09
1.341212542735169793e-09
1.339264745229477405e-09
1.337322095805515114e-09
1.335379513840478902e-09
1.333440352560118212e-09
1.298931572519463049e-09
1.297048026346712049e-09
1.295169893954851333e-09
1.293299304367418358e-09
1.291430776506207175e-09
1.289564922049722371e-09
1.287700447836433988e-09
1.269508565580779649e-09
1.267675178457608987e-09
1.265845046935380618e-09
1.264018884344524754e-09
1.262194150918177553e-09
1.260371084843027420e-09
1.225752046792999531e-09
1.223984293867333057e-09
1.222222747210025458e-09
1.220468660241014014e-09
1.218714705057208011e-09
1.216961807455082584e-09
1.215211636699393071e-09
1.197020202806546405e-09
1.195299446554830622e-09
1.193584007384730358e-09
1.191868852507331867e-09
1.190156446578800693e-09
1.188445003238466510e-09
1.186737406320788751e-09
1.152062128437526782e-09
1.150414244860509586e-09
1.148769028001083903e-09
1.147127330325780995e-09
1.145486151611217712e-09
1.143847491571477646e-09
1.125659006620238610e-09
1.124050279943385967e-09
1.122445327646897253e-09
1.120842726729545190e-09
1.119241007939373882e-09
1.117641976670572609e-09
1.116044843888179899e-09
1.081261325080070107e-09
1.079725010515372869e-09
1.078190339326993902e-09
1.076655887136512245e-09
1.075124030861076890e-09
1.073593456808442015e-09
1.072064475526156453e-09
1.053904403932145531e-09
1.052406831326727424e-09
1.050910011712919911e-09
1.049416076274670095e-09
1.047923219636906908e-09
1.046433920659459158e-09
1.011546595275843348e-09
1.010115432332920574e-09
1.008686129615808194e-09
1.007258865447223784e-09
1.005833149123754964e-09
1.004409432807543222e-09
1.002988406343200172e-09
9.848284744639444974e-10
9.834374024460508945e-10
9.820477558766501109e-10
9.806594939021498925e-10
9.792733873276297411e-10
9.778893494018611710e-10
9.428980927412088164e-10
9.415727145273716249e-10
9.402477892724266296e-10
9.389232572304365048e-10
9.376013497030245461e-10
9.362804694331259111e-10
9.349612350177890011e-10
9.168023701410876360e-10
9.155129247686685783e-10
9.142244296588763593e-10
9.129384107582383167e-10
9.116536066442118035e-10
9.103720075080980253e-10
9.090941623830928002e-10
8.740552246860848611e-10
8.728308572867193562e-10
8.716084801910894784e-10
8.703874372543199549e-10
8.691683052257871224e-10
8.679519249406944378e-10
8.497927644939606088e-10
8.486046344848326536e-10
8.474181111741056551e-10
8.462326808821539287e-10
8.450494878606057016e-10
8.438681451062440196e-10
8.426889098247075206e-10
8.075520687614386731e-10
8.064274351133969752e-10
8.053029202822660583e-10
8.041807073332883715e-10
8.030597725981286282e-10
8.019401459146287494e-10
7.837814722958213746e-10
7.826907648723902357e-10
7.816001304422197818e-10
7.805125190336210030e-10
7.794252545195954443e-10
7.783417417112123342e-10
7.772606819737409244e-10
7.421585692239882513e-10
7.411285055336892414e-10
7.401017372884749184e-10
7.390752411923771184e-10
7.380510620158781511e-10
7.370288971362485536e-10
7.190485874790581424e-10
7.180527885095264536e-10
7.170598339409966362e-10
7.160674020648094733e-10
7.150767309105245266e-10
7.140877198576897166e-10
7.131008819686368560e-10
6.783507341484646115e-10
6.774162000639124740e-10
6.764817910486915534e-10
6.755479010334082799e-10
6.746165832675184731e-10
6.736860562079499232e-10
6.559286553348089358e-10
6.550257860225727727e-10
6.541232199572772423e-10
6.532213721512348121e-10
6.523220576897690792e-10
6.514233809772247365e-10
6.505282155136181931e-10
6.161366136981758321e-10
6.152907391400176852e-10
6.144454183904724303e-10
6.136027375742139980e-10
6.127605387379005269e-10
6.119205045407816543e-10
5.943902588193418183e-10
5.935762711619757220e-10
5.927626447292649475e-10
5.919518554564738307e-10
5.911414607711274192e-10
5.903327925453556038e-10
5.895256355843842062e-10
5.554977940142892873e-10
5.547393060573174533e-10
5.539828070535073745e-10
5.532264408034174959e-10
5.524705128353474099e-10
5.517169808402532946e-10
5.344124169157325378e-10
5.336833898703223440e-10
5.329563148750548978e-10
5.322297538513717033e-10
5.315035275058328873e-10
5.307799393387068847e-10
4.970743724394323972e-10
4.963992519757982664e-10
4.957251154908278383e-10
4.950513454438754113e-10
4.943775753969333240e-10
4.937066658828813792e-10
4.930359939790349898e-10
4.759606517751479774e-10
4.753157966494047094e-10
4.746718644563287292e-10
4.740279417569390561e-10
4.733863787375598028e-10
4.727456146362236003e-10
4.394183303627459166e-10
4.388245640154049604e-10
4.382313400779677890e-10
4.376382722043193867e-10
4.370474953679487166e-10
4.364572641678404086e-10
4.358670329677398037e-10
4.190210225342676855e-10
4.184556733001260951e-10
4.178904810179713814e-10
4.173265971499238122e-10
4.167642155776968658e-10
4.162018340054854290e-10
3.832564882241480761e-10
3.827404249978684018e-10
3.822248230696479855e-10
3.817106386058981529e-10
3.811973952819216752e-10
3.806841519579374426e-10
3.640462031961708046e-10
3.635574432364321427e-10
3.630691997168457591e-10
3.625818957022679310e-10
3.620962520859740025e-10
3.616108942349080928e-10
3.611258024312454080e-10
3.285701928172113706e-10
3.281306925576953479e-10
3.276915115533679918e-10
3.272529845139900749e-10
3.268147684591062229e-10
3.263770358562101955e-10
3.099737591111965669e-10
3.095596290666545506e-10
3.091454990221073644e-10
3.087323535291188333e-10
3.083201371649490646e-10
3.079081502519725573e-10
2.757020551133958046e-10
2.753346713202872630e-10
2.749672875271813063e-10
2.746002485241227306e-10
2.742338134652077110e-10
2.738678077514143718e-10
2.576767172405485882e-10
2.573338512531211043e-10
2.569909852656936205e-10
2.566485416556629466e-10
2.563075569706311300e-10
2.559669315080251885e-10
2.556273912406970212e-10
2.238219208693604446e-10
2.235255099133915100e-10
2.232291900973379344e-10
2.229337117130763230e-10
2.226383970200010124e-10
2.223435164207516921e-10
2.063887525166867125e-10
2.061152563512793429e-10
2.058417601858732658e-10
2.055700816962219037e-10
2.052984345610946447e-10
2.050267874259635083e-10
1.735834864680195588e-10
1.733542487792276059e-10
1.731250110904330680e-10
1.728965802779720371e-10
1.726682590514945714e-10
1.724399378250183983e-10
1.722116165985409327e-10
1.564938341702299416e-10
1.562865380283863206e-10
1.560805877745036074e-10
1.558749956140227814e-10
1.556694034535367854e-10
1.554638112930546669e-10
1.244315189175768883e-10
1.242676186686773323e-10
1.241046781462684760e-10
1.239421271785733345e-10
1.237795762108781930e-10
1.236170252431830516e-10
1.081184918853409855e-10
1.079766078221802259e-10
1.078350837740246013e-10
1.076937581227969424e-10
1.075524324715686373e-10
1.074111068203409784e-10
7.675440257963489901e-11
7.665405365120657924e-11
7.655370472277825946e-11
7.645335579434993968e-11
7.635300686592032743e-11
7.625265793749200765e-11
6.097414194106756621e-11
6.089410291386201797e-11
6.081406388665711598e-11
6.073402485945221398e-11
6.065398583224795821e-11
6.057394680504240998e-11
6.049390777783815422e-11
3.213221435622639865e-11
3.208993759430422041e-11
3.204766083238171905e-11
3.200538407045921769e-11
3.196310730853703945e-11
3.192083054661453809e-11
9.406429938570700385e-12
9.394054862164299091e-12
9.381679785757897797e-12
9.369304709351577283e-12
9.356929632945014431e-12
9.344554556538613137e-12
0.000000000000000000e+00
0.000000000000000000e+00
0.000000000000000000e+00
0.000000000000000000e+00
0.000000000000000000e+00
0.000000000000000000e+00
0.000000000000000000e+00
0.000000000000000000e+00
0.000000000000000000e+00
0.000000000000000000e+00
0.000000000000000000e+00
0.000000000000000000e+00
0.000000000000000000e+00
0.000000000000000000e+00
0.000000000000000000e+00
0.000000000000000000e+00
0.000000000000000000e+00
0.000000000000000000e+00
0.000000000000000000e+00
0.000000000000000000e+00
0.000000000000000000e+00
0.000000000000000000e+00
0.000000000000000000e+00
0.000000000000000000e+00
0.000000000000000000e+00
0.000000000000000000e+00
0.000000000000000000e+00
0.000000000000000000e+00
0.000000000000000000e+00
0.000000000000000000e+00
0.000000000000000000e+00
0.000000000000000000e+00
0.000000000000000000e+00
0.000000000000000000e+00
0.000000000000000000e+00
0.000000000000000000e+00
0.000000000000000000e+00
0.000000000000000000e+00
0.000000000000000000e+00
0.000000000000000000e+00
0.000000000000000000e+00
0.000000000000000000e+00
0.000000000000000000e+00
0.000000000000000000e+00
0.000000000000000000e+00
0.000000000000000000e+00
0.000000000000000000e+00
0.000000000000000000e+00
0.000000000000000000e+00
0.000000000000000000e+00
0.000000000000000000e+00
0.000000000000000000e+00
0.000000000000000000e+00
0.000000000000000000e+00
0.000000000000000000e+00
0.000000000000000000e+00
0.000000000000000000e+00
0.000000000000000000e+00
0.000000000000000000e+00
0.000000000000000000e+00
0.000000000000000000e+00
0.000000000000000000e+00
0.000000000000000000e+00
0.000000000000000000e+00
0.000000000000000000e+00
0.000000000000000000e+00
0.000000000000000000e+00
0.000000000000000000e+00
0.000000000000000000e+00
0.000000000000000000e+00
0.000000000000000000e+00
0.000000000000000000e+00
0.000000000000000000e+00
0.000000000000000000e+00
0.000000000000000000e+00
0.000000000000000000e+00
0.000000000000000000e+00
