6.544048805799905792e-13
8.473098078318395792e-13
1.072349849383808084e-12
1.331214945908508791e-12
1.625495602253980508e-12
1.956614442821682038e-12
2.325880329084700630e-12
2.734470657087368843e-12
3.183441977999341092e-12
3.673783519558164682e-12
4.206288575653608220e-12
4.781726883360730743e-12
5.400752498503418846e-12
6.063926361375085977e-12
6.771699597159201753e-12
7.524416891325884193e-12
8.322462081107186391e-12
9.165928147206954428e-12
1.005509732907577728e-11
1.098994378257694178e-11
1.197050761981647097e-11
1.299673785976941277e-11
1.406849231474161229e-11
1.518564831851615675e-11
1.634794627778605244e-11
1.755504671564689891e-11
1.880669899648397031e-11
2.010244582147322766e-11
2.144173682356774895e-11
2.282434064972671539e-11
2.424953534354152426e-11
2.571674115049000151e-11
2.722551266487637348e-11
2.877497783749950503e-11
3.036469338677443605e-11
3.199367133624938783e-11
3.366147510782499134e-11
3.536698789701887918e-11
3.710968564453524369e-11
3.888864282467258046e-11
4.070283295733116710e-11
4.255172787691633278e-11
4.443413738594973553e-11
4.634930392433012412e-11
4.829604335468152175e-11
5.027376073674517958e-11
5.228134590329370156e-11
5.431771606873309254e-11
5.638205688493040260e-11
5.847302705869385606e-11
6.059001672421988152e-11
6.273185447460510979e-11
6.489734408065342663e-11
6.708585310610981280e-11
6.929598940212263665e-11
7.152678338070059215e-11
7.377749124352049435e-11
7.604666124835890126e-11
7.833342979515036776e-11
8.063704363824588948e-11
8.295595592351123760e-11
8.528940562319876139e-11
8.763667502912149495e-11
8.999617593558030041e-11
9.236709733908887357e-11
9.474875572065596470e-11
9.713981694472819643e-11
9.953923106191020523e-11
1.019464322876112961e-10
1.043604029977126861e-10
1.067797542555481626e-10
1.092039218282160003e-10
1.116320929192722448e-10
1.140632475250262804e-10
1.164962799724718522e-10
1.189307863777853779e-10
1.213657905677589133e-10
1.238002867546328907e-10
1.262334497331822704e-10
1.286649644537771131e-10
1.310938101510745598e-10
1.335190993394067051e-10
1.359401205977653939e-10
1.383566738292348248e-10
1.407678371886441036e-10
1.431726838540637105e-10
1.455707016687876537e-10
1.479617867595393226e-10
1.503452215316699805e-10
1.527199611071579530e-10
1.550857698185101422e-10
1.574422025344148134e-10
1.597892520310028645e-10
1.621260828893405603e-10
1.644516911950488380e-10
1.667662861422931320e-10
1.690696888137659580e-10
1.713614894121949723e-10
1.736411611391748431e-10
1.759080168093760491e-10
1.781622969345888931e-10
1.804040244164179861e-10
1.826326424255995539e-10
1.848480584190249252e-10
1.870495456716804078e-10
1.892376600808702210e-10
1.914121438722642477e-10
1.935728097314577434e-10
1.957197939800035754e-10
1.978523298753971910e-10
1.999713451809891113e-10
2.020760573156934616e-10
2.041672957353222316e-10
2.062443311886363182e-10
2.083077324642584390e-10
2.103570242131533792e-10
2.123929465058061431e-10
2.144152314464276071e-10
2.164241816001746362e-10
2.184197385752882422e-10
2.204022199476237232e-10
2.223717931765901600e-10
2.243288646722364030e-10
2.262734287292670616e-10
2.282057054462471143e-10
2.301258074436266826e-10
2.320343013102254489e-10
2.339312694251162047e-10
2.358175440068742816e-10
2.376927405559612604e-10
2.395576214507566050e-10
2.414117865683901076e-10
2.432565974000294188e-10
2.450914447587348906e-10
2.469178738310481654e-10
2.487353798213243420e-10
2.505448036763890590e-10
2.523457409873045903e-10
2.541391086958101557e-10
2.559253665914743489e-10
2.577047232889445974e-10
2.594783852689719515e-10
2.612459392760992053e-10
2.630082333154445117e-10
2.647649308526356108e-10
2.665170903808188463e-10
2.682650515282827893e-10
2.700091661475975881e-10
2.717504386829872889e-10
2.734887433908761935e-10
2.752248495518211385e-10
2.769587768647027759e-10
2.786910721555949425e-10
2.804223661718716217e-10
2.821527796425038921e-10
2.838832671897268097e-10
2.856140494490465899e-10
2.873455743334612550e-10
2.890783248085281425e-10
2.908125863921138883e-10
2.925487910001547543e-10
2.942873107163119250e-10
2.960285521445954641e-10
2.977731140500827592e-10
2.995213662645937169e-10
3.012737908453798922e-10
3.030308618641714951e-10
3.047930077361432072e-10
3.065601408973102539e-10
3.083327686624468746e-10
3.101112574879762525e-10
3.118959095345754106e-10
3.136873170861818803e-10
3.154858308079451972e-10
3.172917139642413872e-10
3.191057757774260034e-10
3.209275747281218105e-10
3.227573952177362783e-10
3.245961099128345884e-10
3.264432332341150785e-10
3.282994567404940384e-10
3.301653850324402923e-10
3.320406765467845575e-10
3.339260611473992666e-10
3.358219974009518841e-10
3.377277135195833150e-10
3.396440108205506606e-10
3.415713183529502524e-10
3.435088381867484822e-10
3.454574735208294618e-10
3.474176325392767335e-10
3.493885859695627708e-10
3.513711387219562803e-10
3.533658028112405160e-10
3.553715521759878458e-10
3.573889551388412745e-10
3.594189635900224384e-10
3.614600503482587297e-10
3.635126964607845524e-10
3.655780393510955749e-10
3.676547353771782468e-10
3.697430080271864143e-10
3.718437373571308974e-10
3.739564100914811633e-10
3.760803903996625371e-10
3.782165898847526698e-10
3.803649202731529410e-10
3.825238610941723546e-10
3.846943518055978963e-10
3.868767327406012333e-10
3.890695355283409143e-10
3.912731566277141465e-10
3.934883708235159236e-10
3.957141498450541829e-10
3.979499532480491044e-10
4.001964637519937257e-10
4.024537529711186063e-10
4.047200461682604403e-10
4.069957021596666449e-10
4.092816684927221398e-10
4.115761109031224414e-10
4.138788229736576795e-10
4.161902734113773740e-10
4.185103972653250840e-10
4.208376803661808850e-10
4.231723466325976903e-10
4.255150749923652020e-10
4.278643589376276856e-10
4.302195063796239448e-10
4.325809778482863415e-10
4.349486890249309075e-10
4.373209420235752512e-10
4.396976898630510879e-10
4.420792112844127963e-10
4.444648626300448202e-10
4.468534537190264985e-10
4.492450440666721353e-10
4.516398024782916816e-10
4.540366332580496726e-10
4.564346713984798968e-10
4.588339304532069722e-10
4.612344155503737606e-10
4.636347125336374893e-10
4.660343313980713555e-10
4.684330990073556167e-10
4.708306998979186046e-10
4.732261404731669544e-10
4.756190170361421085e-10
4.780089699876559310e-10
4.803955433984391838e-10
4.827779215153235383e-10
4.851556785061286632e-10
4.875282989073481224e-10
4.898952010721558937e-10
4.922558146933558583e-10
4.946096237823270612e-10
4.969559595563926563e-10
4.992941655281186149e-10
5.016239980539521475e-10
5.039448906160347857e-10
5.062559545152590711e-10
5.085565963819780731e-10
5.108468378452223541e-10
5.131259437994384291e-10
5.153930240884449470e-10
5.176474101471799441e-10
5.198892027479074408e-10
5.221180399142329593e-10
5.243330225393789254e-10
5.265328783424667941e-10
5.287179192200754393e-10
5.308880084769222027e-10
5.330420669630012835e-10
5.351791825761400466e-10
5.372987434281354502e-10
5.394015979971815094e-10
5.414868395978249354e-10
5.435532403237066984e-10
5.455998204984920027e-10
5.476281208239627770e-10
5.496375856369873587e-10
5.516269362157587160e-10
5.535945925719059669e-10
5.555414274145713989e-10
5.574679487090083687e-10
5.593730198690655952e-10
5.612553578442913193e-10
5.631135593117810463e-10
5.649504930937100944e-10
5.667652599248205287e-10
5.685562687325731644e-10
5.703218839965822222e-10
5.720635474464195011e-10
5.737826066884748575e-10
5.754780963995360931e-10
5.771484287618265869e-10
5.787925743503488056e-10
5.804122533471529081e-10
5.820077704533331622e-10
5.835777457774349526e-10
5.851209542728431593e-10
5.866360779122391103e-10
5.881274320372635882e-10
5.895939051679034490e-10
5.910336454248729246e-10
5.924452593772846158e-10
5.938301248492518592e-10
5.951907837367491775e-10
5.965266496811149193e-10
5.978358547090208328e-10
5.991163226133175414e-10
6.003704822745111799e-10
6.016001721601856885e-10
6.028043805005367051e-10
6.039816619138463033e-10
6.051297293666876668e-10
6.062518540133707520e-10
6.073503186911390424e-10
6.084238409929239271e-10
6.094712605013754629e-10
6.104903926465773032e-10
6.114844359183801176e-10
6.124558568730552831e-10
6.134035384341018358e-10
6.143262818319060935e-10
6.152217821744257443e-10
6.160931491598949598e-10
6.169425617097037138e-10
6.177695542249114077e-10
6.185725438455764281e-10
6.193493181139577967e-10
6.201028304086355476e-10
6.208364996456305725e-10
6.215493228720905725e-10
6.222397339915188426e-10
6.229076026573112376e-10
6.235525689663282799e-10
6.241793305256481773e-10
6.247872852231814701e-10
6.253760066082011904e-10
6.259440970264347719e-10
6.264913356555112977e-10
6.270211707693594600e-10
6.275348732461878902e-10
6.280316362231071961e-10
6.285110104104684081e-10
6.289709950295271809e-10
6.294144131844033051e-10
6.298446675551526059e-10
6.302607494268582213e-10
6.306620071078930948e-10
6.310483308245414024e-10
6.314188482248336194e-10
6.317779215227709580e-10
6.321262215470837398e-10
6.324629197360732252e-10
6.327880924382773084e-10
6.331001307497431438e-10
6.334015012184633746e-10
6.336951543183318515e-10
6.339804890927468852e-10
6.342575395700585471e-10
6.345255872958024209e-10
6.347847766894083777e-10
6.350376101059842885e-10
6.352854193145210649e-10
6.355276963107364874e-10
6.357643732579112391e-10
6.359955148042330806e-10
6.362212677912802913e-10
6.364442972401282769e-10
6.366655003829910832e-10
6.368844837709171429e-10
6.371012212499049143e-10
6.373156767254456053e-10
6.375289859688170913e-10
6.377427609021965914e-10
6.379580146401067285e-10
6.381743913525916684e-10
6.383921778076211661e-10
6.386114806826292562e-10
6.388330281656167798e-10
6.390577703195499583e-10
6.392865168292157889e-10
6.395192761402019449e-10
6.397561085235616148e-10
6.399976342858833692e-10
6.402442163260597677e-10
6.404967913864221025e-10
6.407563493345430642e-10
6.410228520002931243e-10
6.412964019228748449e-10
6.415781428673664389e-10
6.418679697032921046e-10
6.421663488704851228e-10
6.424744625406910110e-10
6.427921098009381592e-10
6.431199535251853106e-10
6.434588448656880917e-10
6.438089169519199066e-10
6.441695041376970164e-10
6.445414956401452226e-10
6.449244576971496444e-10
6.453205753185869359e-10
6.457287863355112932e-10
6.461503419201544686e-10
6.465848665342183225e-10
6.470323563067593909e-10
6.474933405990718008e-10
6.479685244385426105e-10
6.484582379564619493e-10
6.489635559623639655e-10
6.494841652551627392e-10
6.500185981062172025e-10
6.505684936301075051e-10
6.511335849966479019e-10
6.517149905028752664e-10
6.523132868105780549e-10
6.529291236493010880e-10
6.535604224039383114e-10
6.542071448736105846e-10
6.548695407856267313e-10
6.555488889126496747e-10
6.562453326558133488e-10
6.569602700573121777e-10
6.576925204001093172e-10
6.584404791597520234e-10
6.592048814240534454e-10
6.599857380619325333e-10
6.607852264691094513e-10
6.616024099552913567e-10
6.624383965174699938e-10
6.632920049501573325e-10
6.641610777776766755e-10
6.650469528598714544e-10
6.659499433729912843e-10
6.668703823967714699e-10
6.678098598056863711e-10
6.687682936144989560e-10
6.697425408819312303e-10
6.707321322622812749e-10
6.717381722458655849e-10
6.727606812601018100e-10
6.737995202112121132e-10
6.748578069639035090e-10
6.759333475849046445e-10
6.770236564033123763e-10
6.781286886010980702e-10
6.792489098848272080e-10
6.803850256745402823e-10
6.815364344601366924e-10
6.827063481952076959e-10
6.838921950096891384e-10
6.850913243243306145e-10
6.863035597362229961e-10
6.875294641560208980e-10
6.887693556184633107e-10
6.900228232204629105e-10
6.912925689634384373e-10
6.925767523065508474e-10
6.938724522236986382e-10
6.951792279098493759e-10
6.964977379055863271e-10
6.978276605997167771e-10
6.991696694382633564e-10
7.005244154056044953e-10
7.018919531325457432e-10
7.032695963332500705e-10
7.046558015242489508e-10
7.060510680111415833e-10
7.074554461102812447e-10
7.088697835760557530e-10
7.102938173889061610e-10
7.117274864144156164e-10
7.131701539030597599e-10
7.146188233092648486e-10
7.160725645930025716e-10
7.175330766029648237e-10
7.189994768550788102e-10
7.204719296083948204e-10
7.219518722602923551e-10
7.234373793066823859e-10
7.249261096060815362e-10
7.264179043646485004e-10
7.279126261987750948e-10
7.294100507179151019e-10
7.309107290803349670e-10
7.324142944913620516e-10
7.339205930014524875e-10
7.354288029002295854e-10
7.369371095619523306e-10
7.384441966883945985e-10
7.399517498726611832e-10
7.414583027757717575e-10
7.429644116462893757e-10
7.444698352024925771e-10
7.459745455482780997e-10
7.474760502631319119e-10
7.489741840164867803e-10
7.504677364684748573e-10
7.519578732426467252e-10
7.534428533416125104e-10
7.549237422257439134e-10
7.563997750744071961e-10
7.578705964006268327e-10
7.593345773898675957e-10
7.607918806939049783e-10
7.622415239422365015e-10
7.636839535576710492e-10
7.651178412660659311e-10
7.665440074200699897e-10
7.679614463170772226e-10
7.693699940291902067e-10
7.707687890899159382e-10
7.721573561904305201e-10
7.735352423948525764e-10
7.749023396822123703e-10
7.762575298595499267e-10
7.776014695928853973e-10
7.789329647144508333e-10
7.802521651538276731e-10
7.815587272225531850e-10
7.828522307925600516e-10
7.841320149082121529e-10
7.853985080544629043e-10
7.866494304122931961e-10
7.878865073226455065e-10
7.891072697432346757e-10
7.903130737177591893e-10
7.915031287233714133e-10
7.926786203415117018e-10
7.938374273565886859e-10
7.949814187235632211e-10
7.961068400316262581e-10
7.972166298284283113e-10
7.983068627086917124e-10
7.993791449330575145e-10
8.004335496603490838e-10
8.014719382219089772e-10
8.024922339410598365e-10
8.034950279509820686e-10
8.044784619326440797e-10
8.054433715367867871e-10
8.063874300968668528e-10
8.073119719518602108e-10
8.082157841528855416e-10
8.091026927167035132e-10
8.099712279360331477e-10
8.108206414308110689e-10
8.116513260704711736e-10
8.124607560235137480e-10
8.132514762727337088e-10
8.140186215352118569e-10
8.147654041181634008e-10
8.154925549688044871e-10
8.162021055897943590e-10
8.168924738201609854e-10
8.175635396582877277e-10
8.182141373824608258e-10
8.188442118615969297e-10
8.194526906846565530e-10
8.200396343580482057e-10
8.206052753536371505e-10
8.211532492384686848e-10
8.216823603640471169e-10
8.221924619195442964e-10
8.226841974951622657e-10
8.231546287277502507e-10
8.236065849376455739e-10
8.240353849666192268e-10
8.244438963749166386e-10
8.248315732021929593e-10
8.252036894926035882e-10
8.255588180873145162e-10
8.258962374450412430e-10
8.262168220962681636e-10
8.265174053453931686e-10
8.268011016202269118e-10
8.270632223778255986e-10
8.273068760450318065e-10
8.275318554500795459e-10
8.277428431266660080e-10
8.279387568781766255e-10
8.281186470023657171e-10
8.282834866376593858e-10
8.284303576874786169e-10
8.285622416961601415e-10
8.286746254426908504e-10
8.287706244784362737e-10
8.288499998503913445e-10
8.289179016059685952e-10
8.289730202592347783e-10
8.290151992788341815e-10
8.290444494875609231e-10
8.290593168132926867e-10
8.290612450529431708e-10
8.290477429391208949e-10
8.290203672026025452e-10
8.289792541874120484e-10
8.289294117485370910e-10
8.288694343881067062e-10
8.288005714842122697e-10
8.287210800986701993e-10
8.286320478637371987e-10
8.285325640195933635e-10
8.284228699189214977e-10
8.283017882295424617e-10
8.281707568822288021e-10
8.280327434218182938e-10
8.278880713139614177e-10
8.277380191681096766e-10
8.275806048695460245e-10
8.274175627571165525e-10
8.272471578296689204e-10
8.270704848037713640e-10
8.268860029244206368e-10
8.266949137145324195e-10
8.264982672642421264e-10
8.262992386142105225e-10
8.260973172694107525e-10
8.258935267591316273e-10
8.256860932332270446e-10
8.254766530139466035e-10
8.252640856458446324e-10
8.250490644259247965e-10
8.248305869583816930e-10
8.246098546301214166e-10
8.243894934914089968e-10
8.241692040769172391e-10
8.239503772522793722e-10
8.237322861576551413e-10
8.235149884728242885e-10
8.232993896768968548e-10
8.230844574602950921e-10
8.228712387459114889e-10
8.226589434898876847e-10
8.224479792234624714e-10
8.222416841547244035e-10
8.220383873275371741e-10
8.218399968427098429e-10
8.216450150046081963e-10
8.214546508781602967e-10
8.212693899504180394e-10
8.210878463549778025e-10
8.209123039048021590e-10
8.207410719283162173e-10
8.205748990882460647e-10
8.204159963639705698e-10
8.202632470952953296e-10
8.201183098496818191e-10
8.199796880467721742e-10
8.198486775408175056e-10
8.197262218438652387e-10
8.196104226122966916e-10
8.195043044711059485e-10
8.194055936010590045e-10
8.193147838425456613e-10
8.192341756040309201e-10
8.191616326958887514e-10
8.190985619973718188e-10
8.190450082851144670e-10
8.190007494830944174e-10
8.189681359589580124e-10
8.189445489998476182e-10
8.189325188356861512e-10
8.189306403174960534e-10
8.189394596492563336e-10
8.189599667990683897e-10
8.189900714916878686e-10
8.190313606661533347e-10
8.190843661224648946e-10
8.191479652964413089e-10
8.192243482184773654e-10
8.193123027131709647e-10
8.194114353670510041e-10
8.195249065234926818e-10
8.196504993357932122e-10
8.197894762862465764e-10
8.199383087537121821e-10
8.200990890772278838e-10
8.202722852293927410e-10
8.204568161631667527e-10
8.206533096774783652e-10
8.208637889062737992e-10
8.210859753456850479e-10
8.213234650597365449e-10
8.215733850135119650e-10
8.218361363907541450e-10
8.221117472306720048e-10
8.223980132621031711e-10
8.226960985143321899e-10
8.230067049243781542e-10
8.233290986131367963e-10
8.236641390720095043e-10
8.240122085463277349e-10
8.243718504590323915e-10
8.247475946301875132e-10
8.251356506751096247e-10
8.255373198115478651e-10
8.259495380309391978e-10
8.263729016076164269e-10
8.268065777695053351e-10
8.272527590318322455e-10
8.277099794731060529e-10
8.281803897567102672e-10
8.286623466511218963e-10
8.291554426002655334e-10
8.296636674116072293e-10
8.301840003287312478e-10
8.307169566696733545e-10
8.312582050933654767e-10
8.318092984620061600e-10
8.323689676347578473e-10
8.329389337256299682e-10
8.335186714843582407e-10
8.341093617285082166e-10
8.347097292417654519e-10
8.353195027576749011e-10
8.359420228662624165e-10
8.365749011397425403e-10
8.372182204882157092e-10
8.378680713154183936e-10
8.385257732346564649e-10
8.391897734239430055e-10
8.398626272914832804e-10
8.405429036762210832e-10
8.412313247474491527e-10
8.419276708666689420e-10
8.426314290090798906e-10
8.433455957119770080e-10
8.440675023116004669e-10
8.447977667101308685e-10
8.455325476506673302e-10
8.462727398616697790e-10
8.470179667664387902e-10
8.477680682264149012e-10
8.485244093943730782e-10
8.492852162711485637e-10
8.500523074326662237e-10
8.508246084123715974e-10
8.516032647789449794e-10
8.523876358007453689e-10
8.531771346164676808e-10
8.539696726350180423e-10
8.547646572673249186e-10
8.555619392709498384e-10
8.563600974454496079e-10
8.571613641059264764e-10
8.579643018916645862e-10
8.587691855355823981e-10
8.595761461364750600e-10
8.603848335436629299e-10
8.611962642931901852e-10
8.620096837296417064e-10
8.628252513269051770e-10
8.636388213729847216e-10
8.644525147144720211e-10
8.652653095192383321e-10
8.660763942291156870e-10
8.668878973628046338e-10
8.676974909906489740e-10
8.685063971185682650e-10
8.693146428159658517e-10
8.701210397930420687e-10
8.709270612850412570e-10
8.717314495546208271e-10
8.725336074392480065e-10
8.733325227646383837e-10
8.741283171952706544e-10
8.749201315732622397e-10
8.757080223330204605e-10
8.764929574162324859e-10
8.772729844433671820e-10
8.780498614035180626e-10
8.788229774610760329e-10
8.795904218660069332e-10
8.803549145256522852e-10
8.811148815164748645e-10
8.818685509350357918e-10
8.826169632278183971e-10
8.833593806861689277e-10
8.840952996722958860e-10
8.848242155088232073e-10
8.855473033293097091e-10
8.862628031967718895e-10
8.869719750672782157e-10
8.876742776024356432e-10
8.883678231501409790e-10
8.890553588846485199e-10
8.897352201559234181e-10
8.904062769642138604e-10
8.910697823894299589e-10
8.917253183862212049e-10
8.923727521373441664e-10
8.930104722197171764e-10
8.936402461324420874e-10
8.942611826762051000e-10
8.948718759971456631e-10
8.954739886945143996e-10
8.960664386828696098e-10
8.966488439676098613e-10
8.972214665417198443e-10
8.977839508117816046e-10
8.983362976328799689e-10
8.988802140852274004e-10
8.994141452203610776e-10
8.999367569807852195e-10
9.004503309394477878e-10
9.009538816544012319e-10
9.014443182345441310e-10
9.019255267134117125e-10
9.023969507750275634e-10
9.028534286491582427e-10
9.032999786386727668e-10
9.037359893473670569e-10
9.041598928160079078e-10
9.045749141757158485e-10
9.049789740260789898e-10
9.053740535120090091e-10
9.057568928566715378e-10
9.061297556454860454e-10
9.064920702005187731e-10
9.068419829062952294e-10
9.071810270242963303e-10
9.075092413159964069e-10
9.078243922575843283e-10
9.081274289847972780e-10
9.084191822425792014e-10
9.087008630756808359e-10
9.089730603867297858e-10
9.092354307616472972e-10
9.094873445316724549e-10
9.097292645649153581e-10
9.099607300263096933e-10
9.101815643000620961e-10
9.103910542100530014e-10
9.105899410106396537e-10
9.107765279488565537e-10
9.109526860564675411e-10
9.111168910249532459e-10
9.112689936852019665e-10
9.114135343536493297e-10
9.115496998080829601e-10
9.116769114435552661e-10
9.117948089311584006e-10
9.119039116928619020e-10
9.120035978792580749e-10
9.120943386893236328e-10
9.121745308120458762e-10
9.122453826417678845e-10
9.123057879141384452e-10
9.123569688645188197e-10
9.123970878857319747e-10
9.124269123944157403e-10
9.124514049024147536e-10
9.124688569268464309e-10
9.124791785300676919e-10
9.124832080368809618e-10
9.124797483967120693e-10
9.124690649974566526e-10
9.124520129557463338e-10
9.124264073338482568e-10
9.123933642189435856e-10
9.123538950591450049e-10
9.123053344756137392e-10
9.122486355548621540e-10
9.121847050787330339e-10
9.121165687123960508e-10
9.120436256068742950e-10
9.119647111628268419e-10
9.118829761308319729e-10
9.117957954168297300e-10
9.117029733483467391e-10
9.116068372429970966e-10
9.115041361077832519e-10
9.113972370335848277e-10
9.112858431652710730e-10
9.111674826794618712e-10
9.110443972002103952e-10
9.109168688735346975e-10
9.107846370541253120e-10
9.106509958623533045e-10
9.105151438875289904e-10
9.103767353194443798e-10
9.102373810324131846e-10
9.100947485942795186e-10
9.099500175535830761e-10
9.098044012642763499e-10
9.096550586092831119e-10
9.095036884355213681e-10
9.093510582051622429e-10
9.091953121171208195e-10
9.090369031693696488e-10
9.088764773967307838e-10
9.087167706716750262e-10
9.085568813919494169e-10
9.083969859096073994e-10
9.082377703248605561e-10
9.080801171247386454e-10
9.079210116691058799e-10
9.077631160246785623e-10
9.076068828020984062e-10
9.074497782393396106e-10
9.072934578359661502e-10
9.071383773621756752e-10
9.069835361388368675e-10
9.068290084672514840e-10
9.066748556935375385e-10
9.065242879404824756e-10
9.063753987866964496e-10
9.062286671937407122e-10
9.060845825822931289e-10
9.059441872769483359e-10
9.058047321466917773e-10
9.056684075288264433e-10
9.055364003642944237e-10
9.054055162186881500e-10
9.052777859838074246e-10
9.051538492068293412e-10
9.050324570874065126e-10
9.049139601298428423e-10
9.047981558546937454e-10
9.046875002420276032e-10
9.045802249689989894e-10
9.044770835710158214e-10
9.043779218336118556e-10
9.042843612475154270e-10
9.041937549950209258e-10
9.041080614323823812e-10
9.040281654516288520e-10
9.039517849263135685e-10
9.038805903377230863e-10
9.038135544884563309e-10
9.037530860220149385e-10
9.036969559289148045e-10
9.036448577145123053e-10
9.035994570249340183e-10
9.035587288688196130e-10
9.035225985143681102e-10
9.034916946688136870e-10
9.034672152407720983e-10
9.034476468308543449e-10
9.034336123641243818e-10
9.034246522609408358e-10
9.034233173288460035e-10
9.034265534051688022e-10
9.034347915939291554e-10
9.034519115498250825e-10
9.034732576695969112e-10
9.035011521078264832e-10
9.035354723071042818e-10
9.035756746139219927e-10
9.036210762886807645e-10
9.036726629797076424e-10
9.037291288005857259e-10
9.037923008201347373e-10
9.038609688551935077e-10
9.039357920282288141e-10
9.040172463340246528e-10
9.041049801287554867e-10
9.041991492838361020e-10
9.042981222243337177e-10
9.044069740837258832e-10
9.045208761283463873e-10
9.046404416478857310e-10
9.047683630089804276e-10
9.049004460288685096e-10
9.050378111937455709e-10
9.051812511564836507e-10
9.053291285629362962e-10
9.054831610151157108e-10
9.056434407178813173e-10
9.058085005132398607e-10
9.059800059766808212e-10
9.061576394170365369e-10
9.063416092473060001e-10
9.065297976840636602e-10
9.067273256764145445e-10
9.069300015246538147e-10
9.071377954746724583e-10
9.073531435983219010e-10
9.075715278533539086e-10
9.077947681899790750e-10
9.080231784201422438e-10
9.082549302970647339e-10
9.084917128572526486e-10
9.087342492208814083e-10
9.089806496324341250e-10
9.092319392267008267e-10
9.094889161838543321e-10
9.097508459258205845e-10
9.100162476794819697e-10
9.102895837155766705e-10
9.105668785194444639e-10
9.108487035165148856e-10
9.111371423098877957e-10
9.114270848335693648e-10
9.117209150347251178e-10
9.120187731785870057e-10
9.123192026750860355e-10
9.126225513112963215e-10
9.129302471650019707e-10
9.132413087704581468e-10
9.135549564341161789e-10
9.138735683168316409e-10
9.141947998431814489e-10
9.145196467658026495e-10
9.148491003856878728e-10
9.151814630362436015e-10
9.155187783196364581e-10
9.158592080095514412e-10
9.162013206829665191e-10
9.165451443926915290e-10
9.168903615120154108e-10
9.172378024659644245e-10
9.175854900639502659e-10
9.179351594023320057e-10
9.182873271485944192e-10
9.186402543035022843e-10
9.189937942939475781e-10
9.193505669409683149e-10
9.197086394231738325e-10
9.200674875357975165e-10
9.204288841674585242e-10
9.207917942192055205e-10
9.211559825610778718e-10
9.215226547832612848e-10
9.218873275566348275e-10
9.222527872042581717e-10
9.226181595380356932e-10
9.229834829545819706e-10
9.233473654493333687e-10
9.237118754739512121e-10
9.240763208651649771e-10
9.244401296363586069e-10
9.248028471509427778e-10
9.251664315481478642e-10
9.255293661708660633e-10
9.258915061260003106e-10
9.262533864470247496e-10
9.266154396500908192e-10
9.269766343753206881e-10
9.273378859305678627e-10
9.276957179802232319e-10
9.280526328953610107e-10
9.284080382477554511e-10
9.287618165401353639e-10
9.291123314301453880e-10
9.294618530795515281e-10
9.298095654856378861e-10
9.301554458366841911e-10
9.304975901121610995e-10
9.308394559487608755e-10
9.311785340679100064e-10
9.315157402144655489e-10
9.318495876397698617e-10
9.321822959343658163e-10
9.325126679607514516e-10
9.328406936045640401e-10
9.331644929366645265e-10
9.334857990629451464e-10
9.338042980555574394e-10
9.341195249287848466e-10
9.344305562644790932e-10
9.347383362228020195e-10
9.350431446878770017e-10
9.353447970110821989e-10
9.356413058383849906e-10
9.359352330810097870e-10
9.362251814950778956e-10
9.365125703928677544e-10
9.367938444960028788e-10
9.370727551893804378e-10
9.373470442593578273e-10
9.376184295001342911e-10
9.378845288911461788e-10
9.381471101230907419e-10
9.384060497308445806e-10
9.386606174088007044e-10
9.389116055886676656e-10
9.391573322928234639e-10
9.393997533394693797e-10
9.396374142709265617e-10
9.398716794174092706e-10
9.400991130675193297e-10
9.403242269993884103e-10
9.405436404925527846e-10
9.407596675031889711e-10
9.409683513491973396e-10
9.411739875923234863e-10
9.413750769000909339e-10
9.415704920798614820e-10
9.417616258257067460e-10
9.419486612404734088e-10
9.421318648787802665e-10
9.423102795667393721e-10
9.424847014278252881e-10
9.426540533001343461e-10
9.428189444616729377e-10
9.429790647496852788e-10
9.431351538224888956e-10
9.432848658545577406e-10
9.434312385094491364e-10
9.435723835998926454e-10
9.437088516094303114e-10
9.438386348092413343e-10
9.439641812039253207e-10
9.440854275118925248e-10
9.442002644591702369e-10
9.443119144212119746e-10
9.444194157695283071e-10
9.445234607519525355e-10
9.446227555857145568e-10
9.447188954419648349e-10
9.448104098535442955e-10
9.448973065357294667e-10
9.449799567726837084e-10
9.450593937071890139e-10
9.451325791074058804e-10
9.452028509910100214e-10
9.452678779382275599e-10
9.453297373217491964e-10
9.453843387469355174e-10
9.454357450156822718e-10
9.454826947367266474e-10
9.455240273744495545e-10
9.455629229947606413e-10
9.455984664666187388e-10
9.456311500124940724e-10
9.456597985348995168e-10
9.456861594254373736e-10
9.457092028315678509e-10
9.457282820248217037e-10
9.457440472551267984e-10
9.457573976339917687e-10
9.457662110700435328e-10
9.457716163253495060e-10
9.457732896935818057e-10
9.457728126538915757e-10
9.457665873191380761e-10
9.457582934239159141e-10
9.457446822016409234e-10
9.457286272566944774e-10
9.457087818117523735e-10
9.456884071758236349e-10
9.456652639317539377e-10
9.456397105185130016e-10
9.456122125090219421e-10
9.455833284285221716e-10
9.455521221307577430e-10
9.455178944391079440e-10
9.454821269492508875e-10
9.454450614165753310e-10
9.454044097952722423e-10
9.453622250366707950e-10
9.453173301267353357e-10
9.452714049934871285e-10
9.452215082904404695e-10
9.451700689684715060e-10
9.451160028440470268e-10
9.450593976709737824e-10
9.450026896411456134e-10
9.449451169598406622e-10
9.448869263940957557e-10
9.448272654203260900e-10
9.447673396026983023e-10
9.447076300706438374e-10
9.446464471087921515e-10
9.445842027834064656e-10
9.445216365718523429e-10
9.444594273073046028e-10
9.443950703893186827e-10
9.443305863043900058e-10
9.442651126043928615e-10
9.441995156243626648e-10
9.441327717273862390e-10
9.440651774823832256e-10
9.439970604956006947e-10
9.439277684066005995e-10
9.438598084242495403e-10
9.437920958753806655e-10
9.437249984286743346e-10
9.436578413554807284e-10
9.435913192690127716e-10
9.435264544585087267e-10
9.434615955100066220e-10
9.433968872279015325e-10
9.433329258173390144e-10
9.432705855220008156e-10
9.432082741381054720e-10
9.431463373924810642e-10
9.430851569947008868e-10
9.430249690545839782e-10
9.429658201866647751e-10
9.429069541454016435e-10
9.428485750849275297e-10
9.427908637001326460e-10
9.427350883406347869e-10
9.426808465264632166e-10
9.426280561712610720e-10
9.425765830651677335e-10
9.425265811281599118e-10
9.424788710469963826e-10
9.424330853481404805e-10
9.423881090602791355e-10
9.423453666066849012e-10
9.423038733206634393e-10
9.422655877317325121e-10
9.422276524643797401e-10
9.421923113891774424e-10
9.421579057689488092e-10
9.421268438557249107e-10
9.420969211015938662e-10
9.420691881561033087e-10
9.420426940568520742e-10
9.420189554970197612e-10
9.419974103737289848e-10
9.419777582063134743e-10
9.419599217562615814e-10
9.419444097345126143e-10
9.419307025541123460e-10
9.419198606708804797e-10
9.419108543203878823e-10
9.419041512676715600e-10
9.418994365210533043e-10
9.418973066440337856e-10
9.418982026551210046e-10
9.419001651768082379e-10
9.419056507290616541e-10
9.419123689586442508e-10
9.419233625472661619e-10
9.419354454451987716e-10
9.419509878165410757e-10
9.419679197342260873e-10
9.419885219486412691e-10
9.420106823083298726e-10
9.420353685113450116e-10
9.420619276549852186e-10
9.420911595734146845e-10
9.421221480179506710e-10
9.421558808308092794e-10
9.421918938949602116e-10
9.422305317870660647e-10
9.422709155510174068e-10
9.423139915881729374e-10
9.423604566583270402e-10
9.424082522739798013e-10
9.424594580484269326e-10
9.425119787763823417e-10
9.425690388752126730e-10
9.426273481173706995e-10
9.426893113925004579e-10
9.427526518649178719e-10
9.428200040109610059e-10
9.428882413754558321e-10
9.429587520464885037e-10
9.430308531691484000e-10
9.431056091506215302e-10
9.431818029351364584e-10
9.432599559534613279e-10
9.433402087162358272e-10
9.434230575404022492e-10
9.435076694522376313e-10
9.435937053190004536e-10
9.436829638527497763e-10
9.437739696527357680e-10
9.438674575655028454e-10
9.439621006350159713e-10
9.440602083013507492e-10
9.441602226084641440e-10
9.442628149255754917e-10
9.443671223474495626e-10
9.444743720714225611e-10
9.445825374533251362e-10
9.446915229140838036e-10
9.448020935747355554e-10
9.449139630369012416e-10
9.450274427329542482e-10
9.451413030700203624e-10
9.452564882159482068e-10
9.453736113256017717e-10
9.454919304131299020e-10
9.456111554877332766e-10
9.457311924806333114e-10
9.458536815507254729e-10
9.459768284287247427e-10
9.461017268265045437e-10
9.462271475479827925e-10
9.463549590975156702e-10
9.464833832951295825e-10
9.466141353786400811e-10
9.467454315905090590e-10
9.468788689551619811e-10
9.470115053987585486e-10
9.471450681030983990e-10
9.472788967275441683e-10
9.474138168983584903e-10
9.475489841496219628e-10
9.476839202761036525e-10
9.478192173222467645e-10
9.479560979822956580e-10
9.480929096927143115e-10
9.482301471714478183e-10
9.483669308385180298e-10
9.485055592201394294e-10
9.486440049589806289e-10
9.487832314835846396e-10
9.489222977336200157e-10
9.490622322943742700e-10
9.492023672329329931e-10
9.493436186075660819e-10
9.494849208780705317e-10
9.496268749407308486e-10
9.497674302456689679e-10
9.499080820882503457e-10
9.500482562566286165e-10
9.501885593033015452e-10
9.503284231965682963e-10
9.504671545768673067e-10
9.506052544173899615e-10
9.507439491827966172e-10
9.508817619703213795e-10
9.510194494530484510e-10
9.511554822788780152e-10
9.512919764104845358e-10
9.514280957258251217e-10
9.515634614720509042e-10
9.516984408861608759e-10
9.518324212272320776e-10
9.519662635022831877e-10
9.520996812206849796e-10
9.522325515423650181e-10
9.523649071545034089e-10
9.524957599606050081e-10
9.526257501216631071e-10
9.527546204712501172e-10
9.528827495735757481e-10
9.530095908911425951e-10
9.531352443742454072e-10
9.532592270224371956e-10
9.533826441521435586e-10
9.535049149302293221e-10
9.536259634416122608e-10
9.537458459030853305e-10
9.538635104558000657e-10
9.539811277086120094e-10
9.540968716109966522e-10
9.542119636745093689e-10
9.543252340965654560e-10
9.544366511934973727e-10
9.545476146035399856e-10
9.546567007111975577e-10
9.547651306312329208e-10
9.548714537692230779e-10
9.549762016602457601e-10
9.550796476250882226e-10
9.551817732279824152e-10
9.552823060712303925e-10
9.553814629501447763e-10
9.554788203991078308e-10
9.555741853812700538e-10
9.556684584622570081e-10
9.557608397262985860e-10
9.558522020723589988e-10
9.559413599822718327e-10
9.560282644577912574e-10
9.561144733899126860e-10
9.561981931225758639e-10
9.562812809275406215e-10
9.563613770294551846e-10
9.564395875880022260e-10
9.565167784734206523e-10
9.565915090785108795e-10
9.566651572953908298e-10
9.567361132018120314e-10
9.568059844841479702e-10
9.568741411235615577e-10
9.569410892539113172e-10
9.570059651704634190e-10
9.570693733270335100e-10
9.571312113878413523e-10
9.571910822843131660e-10
9.572493372557945426e-10
9.573057088304906839e-10
9.573608432111652957e-10
9.574143068852508598e-10
9.574650320476934553e-10
9.575147008369611797e-10
9.575621164863254415e-10
9.576083568519291554e-10
9.576525210009219940e-10
9.576937667813172667e-10
9.577344703333453274e-10
9.577719365849664884e-10
9.578087119334729188e-10
9.578425283412096084e-10
9.578757837122633639e-10
9.579076594130253710e-10
9.579380836388519189e-10
9.579671375068855229e-10
9.579942934594343444e-10
9.580206827126466876e-10
9.580456324928593105e-10
9.580690493882776945e-10
9.580908357802803452e-10
9.581111402395380891e-10
9.581305841577571517e-10
9.581481700567567504e-10
9.581635497071365205e-10
9.581781574259603102e-10
9.581908420770360382e-10
9.582028265734062277e-10
9.582120243883621483e-10
9.582203426694645452e-10
9.582266227964608155e-10
9.582315401727247661e-10
9.582348235548641808e-10
9.582364447026126214e-10
9.582381296884063729e-10
9.582383456404610930e-10
9.582379404113280879e-10
9.582359970160995461e-10
9.582332900414703723e-10
9.582300596911400312e-10
9.582258169826170756e-10
9.582201012783444159e-10
9.582133685886053593e-10
9.582059318921402976e-10
9.581979603023496833e-10
9.581886149953360557e-10
9.581776601947989792e-10
9.581662037445718139e-10
9.581533985472504971e-10
9.581402937982659397e-10
9.581251735927655916e-10
9.581095659901694582e-10
9.580923540363848306e-10
9.580744274665555433e-10
9.580551456448386570e-10
9.580353827309450931e-10
9.580158226879661634e-10
9.579955306049655125e-10
9.579750680815863810e-10
9.579536969159934948e-10
9.579321441483873270e-10
9.579107061643708539e-10
9.578889627761506989e-10
9.578662703958901425e-10
9.578432545783637043e-10
9.578200223966151972e-10
9.577966921296739710e-10
9.577732800673172233e-10
9.577484541998764343e-10
9.577237996781635130e-10
9.576986448952379619e-10
9.576734221596893737e-10
9.576475931188248534e-10
9.576214612993280041e-10
9.575947750023457508e-10
9.575676453398078500e-10
9.575401967507826956e-10
9.575124857317691973e-10
9.574855842094951780e-10
9.574585618281542669e-10
9.574318234543851433e-10
9.574048011043854852e-10
9.573780795993205196e-10
9.573517247115244211e-10
9.573259146037489941e-10
9.573000296849326144e-10
9.572739981037153054e-10
9.572485497706856105e-10
9.572228847257230994e-10
9.571982375390520444e-10
9.571733602535825464e-10
9.571483451841642341e-10
9.571240531178349605e-10
9.570996065715254268e-10
9.570757593497056546e-10
9.570521587370333692e-10
9.570286192043738538e-10
9.570052264807688068e-10
9.569820503224430367e-10
9.569593039500293300e-10
9.569372005025549696e-10
9.569155341535633503e-10
9.568945808511869689e-10
9.568740175975293338e-10
9.568539533869136385e-10
9.568343875150479105e-10
9.568157340836043762e-10
9.567978076284961477e-10
9.567801475423245200e-10
9.567631449630655194e-10
9.567467659534362835e-10
9.567307945548775572e-10
9.567161467765774422e-10
9.567017492755369744e-10
9.566877073962987500e-10
9.566747759568980816e-10
9.566619277865442949e-10
9.566504544883100645e-10
9.566395826918972874e-10
9.566289928830223053e-10
9.566194679023711594e-10
9.566101227414198437e-10
9.566020940738386566e-10
9.565946589775526287e-10
9.565875477478489398e-10
9.565815618090180884e-10
9.565759736312257541e-10
9.565712004792476704e-10
9.565671611655709995e-10
9.565638139649007054e-10
9.565613684084686801e-10
9.565595128031187876e-10
9.565584048209107254e-10
9.565582504183967569e-10
9.565584624522003129e-10
9.565598351795118853e-10
9.565621255581766264e-10
9.565646473649829545e-10
9.565685965168970247e-10
9.565727839565532592e-10
9.565780367016487144e-10
9.565845705226953341e-10
9.565912515365792750e-10
9.565993604378339649e-10
9.566078716268724536e-10
9.566175450516465459e-10
9.566280318689402995e-10
9.566386060899643198e-10
9.566502200537710286e-10
9.566622938757425064e-10
9.566751871509270572e-10
9.566890189135016876e-10
9.567030569708778299e-10
9.567177802254820073e-10
9.567333152416765797e-10
9.567497364319362751e-10
9.567669180290313899e-10
9.567844698890367573e-10
9.568025307450096739e-10
9.568218716911619394e-10
9.568418358338054836e-10
9.568624021145574537e-10
9.568838506960657596e-10
9.569055422676905673e-10
9.569286901289809073e-10
9.569523220782012135e-10
9.569765410040388908e-10
9.570020015755422042e-10
9.570276997470535905e-10
9.570548034968588887e-10
9.570818486018095154e-10
9.571091874780273594e-10
9.571372473597712314e-10
9.571655759149229172e-10
9.571947892639402771e-10
9.572243304728921087e-10
9.572540731784730532e-10
9.572841522960177439e-10
9.573149083703994231e-10
9.573464242378009443e-10
9.573782407419833607e-10
9.574105705542204829e-10
9.574429370221527114e-10
9.574761854401735648e-10
9.575101318757793756e-10
9.575442612870927616e-10
9.575791605525672960e-10
9.576141081084477037e-10
9.576499835755146784e-10
9.576862391661680585e-10
9.577229384931504558e-10
9.577605849902397130e-10
9.577982854404534645e-10
9.578368133430026031e-10
9.578750311040842781e-10
9.579131947996861366e-10
9.579515979012633694e-10
9.579899649692401172e-10
9.580286598681751998e-10
9.580674293918778126e-10
9.581059055482017197e-10
9.581442659712362224e-10
9.581828473083000780e-10
9.582217612206824327e-10
9.582605651659792615e-10
9.582995730696737020e-10
9.583381464963173360e-10
9.583767464631104808e-10
9.584159124545803655e-10
9.584548427093699047e-10
9.584939051415674018e-10
9.585329099472061640e-10
9.585718579033131892e-10
9.586109137970104559e-10
9.586499454077213113e-10
9.586892964889565229e-10
9.587285061914574260e-10
9.587678214484284045e-10
9.588068424226187709e-10
9.588453923870629136e-10
9.588838632378404456e-10
9.589221115472073427e-10
9.589602830905471237e-10
9.589980926397519878e-10
9.590356495244380335e-10
9.590727001120543426e-10
9.591094512390744130e-10
9.591463047568694108e-10
9.591828117643039684e-10
9.592189245138270672e-10
9.592549328779687782e-10
9.592901735144253482e-10
9.593253837800002608e-10
9.593606041729475906e-10
9.593951735141031315e-10
9.594296559973396038e-10
9.594637801722938623e-10
9.594973244957453434e-10
9.595307646934161458e-10
9.595639518256361685e-10
9.595967093233283129e-10
9.596293466514615457e-10
9.596614339371962200e-10
9.596930221118843685e-10
9.597243398639668073e-10
9.597550206772941903e-10
9.597853684505061523e-10
9.598154926031029253e-10
9.598448486968614844e-10
9.598739267751460609e-10
9.599024107233143835e-10
9.599302541272977893e-10
9.599579254907236806e-10
9.599850062608667454e-10
9.600116201577210671e-10
9.600380045760976783e-10
9.600633234406701606e-10
9.600882688555748264e-10
9.601131092848832373e-10
9.601370205280651926e-10
9.601606714517687780e-10
9.601838797899002638e-10
9.602060482622493722e-10
9.602280040556376804e-10
9.602495604209860995e-10
9.602702527942073318e-10
9.602907909228035221e-10
9.603103261470379820e-10
9.603294086571450569e-10
9.603481596049076964e-10
9.603661914270297095e-10
9.603838206379024608e-10
9.604007952128418823e-10
9.604170099220264364e-10
9.604329367461907907e-10
9.604483240870105771e-10
9.604628253548855890e-10
9.604768531784470925e-10
9.604903240509278715e-10
9.605030879989868756e-10
9.605154827526958141e-10
9.605272203714481569e-10
9.605380126976135117e-10
9.605483449533215019e-10
9.605581203099869069e-10
9.605671189392894623e-10
9.605759928598697752e-10
9.605836184596834087e-10
9.605904648283798672e-10
9.605971535516270286e-10
9.606027472626333463e-10
9.606079193471041645e-10
9.606124750662999921e-10
9.606160245092853507e-10
9.606195335764248897e-10
9.606226236029799854e-10
9.606249949988503820e-10
9.606271261927949958e-10
9.606285415637600609e-10
9.606294140895851659e-10
9.606300157102670964e-10
9.606302197680107540e-10
9.606299508740315075e-10
9.606288085607050040e-10
9.606272894270448135e-10
9.606253531734885397e-10
9.606230449941600599e-10
9.606202057427770891e-10
9.606165174744845636e-10
9.606125061414736218e-10
9.606079668013483118e-10
9.606027864788517699e-10
9.605974592065607347e-10
9.605911324313236584e-10
9.605842822307123919e-10
9.605772413012708209e-10
9.605690963924348191e-10
9.605607785583892153e-10
9.605518266536110960e-10
9.605422001544188546e-10
9.605327696121367944e-10
9.605229616292001079e-10
9.605126681722213193e-10
9.605022501040922385e-10
9.604913159586405236e-10
9.604800443835203531e-10
9.604687304929432125e-10
9.604572177561446166e-10
9.604453450139042570e-10
9.604328375894809206e-10
9.604201537018314798e-10
9.604072068147284404e-10
9.603940179025834152e-10
9.603806812021168476e-10
9.603667335678781108e-10
9.603524284071150105e-10
9.603379399329865206e-10
9.603230086639500928e-10
9.603080620974128176e-10
9.602925744804670827e-10
9.602765966522154639e-10
9.602605459968847792e-10
9.602439342268140550e-10
9.602270211286797395e-10
9.602098624633479308e-10
9.601922930238418983e-10
9.601748308288695224e-10
9.601572525990218265e-10
9.601395242834777579e-10
9.601218011865522741e-10
9.601036137401976177e-10
9.600854369812191349e-10
9.600672631771909823e-10
9.600490848458263206e-10
9.600308027576802543e-10
9.600122365371884090e-10
9.599934625766483943e-10
9.599747491166031687e-10
9.599558165733319893e-10
9.599369705952640275e-10
9.599181710082023128e-10
9.598987314109400578e-10
9.598792911383619672e-10
9.598599573155501997e-10
9.598404212835389233e-10
9.598208636177662318e-10
9.598010888580519669e-10
9.597811808878502287e-10
9.597612193057300018e-10
9.597409767342624647e-10
9.597207684548845061e-10
9.597003914246002140e-10
9.596799972311222309e-10
9.596598230687958158e-10
9.596395558920590658e-10
9.596195400392623959e-10
9.595995511618452082e-10
9.595794023333250556e-10
9.595594853350609062e-10
9.595396081260284197e-10
9.595198795337917986e-10
9.595003714404606314e-10
9.594807228347154733e-10
9.594610969082290878e-10
9.594417386114266338e-10
9.594222232912697108e-10
9.594029572318505940e-10
9.593840303755431128e-10
9.593648203525564228e-10
9.593456735798182257e-10
9.593268268501510051e-10
9.593079049374868005e-10
9.592891484860773350e-10
9.592705835281069160e-10
9.592520008398428741e-10
9.592334977022490964e-10
9.592150759272063984e-10
9.591966842640362895e-10
9.591785050976925632e-10
9.591605239626970931e-10
9.591426599908630858e-10
9.591249069636077894e-10
9.591074599354489619e-10
9.590900711464821988e-10
9.590728972197216484e-10
9.590560167200653458e-10
9.590392075312799018e-10
9.590226193014661878e-10
9.590062758630056309e-10
9.589900566785231203e-10
9.589740703987703141e-10
9.589583541767635688e-10
9.589427017602782199e-10
9.589272111511275942e-10
9.589120744169464322e-10
9.588971839885527461e-10
9.588823418730361218e-10
9.588677881984036216e-10
9.588534837691341214e-10
9.588391784321503246e-10
9.588253062304559345e-10
9.588117162244525164e-10
9.587981339183508200e-10
9.587848995968325650e-10
9.587719011905806750e-10
9.587589609419153460e-10
9.587464703796912192e-10
9.587341011052592142e-10
9.587216919091341515e-10
9.587095204448873291e-10
9.586975852459831486e-10
9.586857308851069632e-10
9.586740815819388091e-10
9.586626875469810721e-10
9.586513167016130478e-10
9.586400367908954101e-10
9.586290328874447909e-10
9.586182268899770023e-10
9.586075238592541374e-10
9.585971143029432203e-10
9.585867758286524784e-10
9.585764922081045584e-10
9.585664871021255533e-10
9.585567903186372274e-10
9.585470960353552425e-10
9.585376624015220388e-10
9.585284316593005622e-10
9.585192107399088302e-10
9.585103573715198485e-10
9.585016666643674451e-10
9.584930140936378908e-10
9.584847130531954764e-10
9.584765752854403084e-10
9.584685185638665191e-10
9.584608382628773238e-10
9.584531841022885462e-10
9.584454236864861187e-10
9.584378709356310988e-10
9.584304975899432372e-10
9.584231772476797466e-10
9.584160443824409607e-10
9.584090672325016131e-10
9.584020527409071634e-10
9.583950113094141098e-10
9.583882048913864322e-10
9.583816013927637501e-10
9.583750761219727229e-10
9.583686778152931487e-10
9.583623715674108921e-10
9.583560266461646529e-10
9.583498202480484379e-10
9.583439084088705979e-10
9.583380401754644230e-10
9.583322475117946353e-10
9.583266232986279272e-10
9.583209740893129776e-10
9.583155238569067822e-10
9.583102609306264682e-10
9.583049947135116915e-10
9.582998861093225042e-10
9.582950125860122583e-10
9.582900632723939857e-10
9.582854167155280809e-10
9.582808124918596888e-10
9.582759638600295583e-10
9.582712387719721944e-10
9.582665309801611433e-10
9.582617671572399521e-10
9.582572315171594897e-10
9.582526468699635461e-10
9.582480182893908492e-10
9.582433092699478161e-10
9.582385567363917609e-10
9.582338182514160442e-10
9.582293489602313937e-10
9.582247602581834729e-10
9.582201337644668998e-10
9.582156326725285338e-10
9.582109104128736198e-10
9.582061427527155405e-10
9.582016837042155933e-10
9.581971633829245054e-10
9.581925154233885835e-10
9.581879859273815452e-10
9.581833744218922943e-10
9.581787390242958674e-10
9.581741741688215182e-10
9.581696100897831460e-10
9.581650506788213080e-10
9.581605251158490124e-10
9.581559744431904917e-10
9.581514055234028734e-10
9.581467403385819819e-10
9.581418885749893905e-10
9.581370371035210090e-10
9.581320024328170694e-10
9.581269014693950823e-10
9.581218213875436104e-10
9.581164984569066824e-10
9.581111149684145394e-10
9.581055535454300479e-10
9.580998275003093004e-10
9.580940461372402430e-10
9.580882679579719925e-10
9.580823028770578064e-10
9.580761814321385399e-10
9.580700767855533156e-10
9.580637144923685676e-10
9.580570933379617971e-10
9.580505482476557002e-10
9.580439541230320809e-10
9.580370677593156919e-10
9.580301429469467919e-10
9.580231521316185246e-10
9.580158722751910596e-10
9.580084654014311341e-10
9.580010572657410097e-10
9.579934673837495945e-10
9.579857123994499883e-10
9.579779181415713256e-10
9.579699224255009787e-10
9.579617111571250048e-10
9.579533679070762009e-10
9.579449475533422597e-10
9.579362355157886591e-10
9.579274294070913582e-10
9.579184737608742055e-10
9.579093110209487889e-10
9.579000000403229568e-10
9.578905205589297948e-10
9.578808640430711779e-10
9.578709556787496033e-10
9.578609374342700861e-10
9.578507907916676391e-10
9.578403210157507555e-10
9.578298113956071059e-10
9.578191747675922877e-10
9.578081577895063241e-10
9.577969538417696320e-10
9.577856825138317080e-10
9.577742095562120491e-10
9.577624430603150681e-10
9.577506576177282832e-10
9.577386391012868596e-10
9.577262282972951533e-10
9.577137088460995666e-10
9.577011232801809314e-10
9.576881988783756323e-10
9.576750850498817520e-10
9.576618922496441542e-10
9.576482997895596403e-10
9.576345780875030675e-10
9.576207975980777026e-10
9.576068475487863194e-10
9.575925934666200181e-10
9.575783347299783068e-10
9.575637619584542724e-10
9.575489429432340409e-10
9.575340655806054280e-10
9.575190223155790037e-10
9.575038114001393270e-10
9.574883909788952902e-10
9.574727050041792858e-10
9.574569168633994121e-10
9.574408451680178513e-10
9.574246625387017397e-10
9.574083982706767853e-10
9.573918228068163247e-10
9.573749747353308527e-10
9.573579877415574910e-10
9.573408444825336606e-10
9.573234290996049451e-10
9.573059355054020423e-10
9.572882515460462359e-10
9.572701837606938536e-10
9.572519650960604264e-10
9.572336858374994716e-10
9.572150494545287763e-10
9.571961688904727236e-10
9.571772693678998388e-10
9.571579777215791121e-10
9.571385075423250589e-10
9.571191054079439130e-10
9.570995552835925826e-10
9.570797953471203308e-10
9.570599896653909237e-10
