2.620110500363910311e-12
3.147668032666958704e-12
3.724819391677349260e-12
4.351961934667855837e-12
5.029492821270229516e-12
5.757752327559857734e-12
6.537211259153952330e-12
7.368251087928221117e-12
8.251345497647244895e-12
9.186827044034027542e-12
1.017524226627452395e-11
1.121694590529634763e-11
1.231238654445441177e-11
1.346198695024525050e-11
1.466615630134520940e-11
1.592543508418397554e-11
1.724010790183182795e-11
1.861067964062953709e-11
2.003741432427606713e-11
2.152093471962867317e-11
2.306149044729691106e-11
2.465943845931731648e-11
2.631516734264235419e-11
2.802904957648127425e-11
2.980143473839001532e-11
3.163261570765661570e-11
3.352286846526180949e-11
3.547252779039008065e-11
3.748205860883827170e-11
3.955157856642414620e-11
4.168109551937828994e-11
4.387136514814459584e-11
4.612216179608731178e-11
4.843384316874935856e-11
5.080669097870108114e-11
5.324073173454443325e-11
5.573608135273824662e-11
5.829321251648942182e-11
6.091151229158150840e-11
6.359195408474819568e-11
6.633419143127960353e-11
6.913781934001854359e-11
7.200369574593215780e-11
7.493159528884621264e-11
7.792125592147194664e-11
8.097254962183802468e-11
8.408560737653109728e-11
8.726077191978676838e-11
9.049760367326913560e-11
9.379601910894171368e-11
9.715592049331957079e-11
1.005769939971664668e-10
1.040592685007766078e-10
1.076025162969886139e-10
1.112064892969108769e-10
1.148711350515574074e-10
1.185960937060392068e-10
1.223811460023485442e-10
1.262261054167718307e-10
1.301305469964087758e-10
1.340941813453942818e-10
1.381167749508620238e-10
1.421978343772978999e-10
1.463370285759916830e-10
1.505342557865226982e-10
1.547888930938028664e-10
1.591007394475035921e-10
1.634697478090618624e-10
1.678947809026324556e-10
1.723750762044510828e-10
1.769105472712762329e-10
1.815012252068635212e-10
1.861465189410344932e-10
1.908458094868163889e-10
1.955979951931580608e-10
2.004028644112310576e-10
2.052600287270188250e-10
2.101697223945415686e-10
2.151300812883940643e-10
2.201406805050862339e-10
2.252014166783640979e-10
2.303124409541984774e-10
2.354714529887456334e-10
2.406784695320821239e-10
2.459339936053116134e-10
2.512360312822882501e-10
2.565837697149029471e-10
2.619781560483386302e-10
2.674175395600825454e-10
2.729001282142919738e-10
2.784276080865173056e-10
2.839981268109939988e-10
2.896098738477388101e-10
2.952644849232519541e-10
3.009594285278104746e-10
3.066944106209853745e-10
3.124703467253962327e-10
3.182834595999647207e-10
3.241353410948842824e-10
3.300252109728142484e-10
3.359510891918906145e-10
3.419142877179160101e-10
3.479110709132468951e-10
3.539432738253533613e-10
3.600094780093324602e-10
3.661087549476675670e-10
3.722414351949662442e-10
3.784038685192111796e-10
3.845988054410818060e-10
3.908228055492096547e-10
3.970780013902116133e-10
4.033612855531346696e-10
4.096726587050171661e-10
4.160111829650990376e-10
4.223762341583307220e-10
4.287682394363688773e-10
4.351850901424551010e-10
4.416273601519990699e-10
4.480920452473657886e-10
4.545810837928689350e-10
4.610916937193812678e-10
4.676255080852491661e-10
4.741795872767464168e-10
4.807550651357055359e-10
4.873490625759629821e-10
4.939632717752356871e-10
5.005952581420162593e-10
5.072460098319998149e-10
5.139134494157089805e-10
5.205978241420612665e-10
5.272977579354475382e-10
5.340129875874382853e-10
5.407434393532274342e-10
5.474875789208635978e-10
5.542457907021327064e-10
5.610160155493520727e-10
5.677993034551510250e-10
5.745933878970055649e-10
5.813997195353048955e-10
5.882163449603126131e-10
5.950433689217698272e-10
6.018795608325642123e-10
6.087243041515306435e-10
6.155778582083940413e-10
6.224388179484305629e-10
6.293081436846564529e-10
6.361843759122466447e-10
6.430671482047481562e-10
6.499554308030313934e-10
6.568486571444041820e-10
6.637472170016654229e-10
6.706500606539419163e-10
6.775576989538627934e-10
6.844695002901353172e-10
6.913845819485491235e-10
6.983020402402406986e-10
7.052213134200182726e-10
7.121426156566329790e-10
7.190656334914255050e-10
7.259901573507983526e-10
7.329161802926105204e-10
7.398433590638187758e-10
7.467704234502861469e-10
7.536967452500271991e-10
7.606223076882604108e-10
7.675469677222967108e-10
7.744707917348140709e-10
7.813935615548304748e-10
7.883149367209819398e-10
7.952351073145204721e-10
8.021527146275419352e-10
8.090673788434142415e-10
8.159793999317970186e-10
8.228881523835637090e-10
8.297939517078993565e-10
8.366968831869045682e-10
8.435960595359206446e-10
8.504919825902048913e-10
8.573842676538625487e-10
8.642716671797112090e-10
8.711548842015677204e-10
8.780336470371437275e-10
8.849073970540932312e-10
8.917769876910500462e-10
8.986417636939140882e-10
9.055012020798387328e-10
9.123561765580151169e-10
9.192058107140405247e-10
9.260495193328516985e-10
9.328882442480291409e-10
9.397213751070425081e-10
9.465484584596265060e-10
9.533704977910077026e-10
9.601868947182900900e-10
9.669968786020745137e-10
9.738014888735488613e-10
9.806004691181929277e-10
9.873927900833320976e-10
9.941794510913792093e-10
1.000960677391335345e-09
1.007735245634690401e-09
1.014504080694955109e-09
1.021267710471296353e-09
1.028024530538610849e-09
1.034775166158973600e-09
1.041520526604606828e-09
1.048259379904911438e-09
1.054991993665829418e-09
1.061719286362243581e-09
1.068440918681578377e-09
1.075156269252816404e-09
1.081866284850563414e-09
1.088571288593184002e-09
1.095269700167778895e-09
1.101962263050459214e-09
1.108649777465013759e-09
1.115331421434788646e-09
1.122007254326205773e-09
1.128678134988321802e-09
1.135344268930740976e-09
1.142004705104870120e-09
1.148660311834182615e-09
1.155311734157207997e-09
1.161957742623270189e-09
1.168598265155159336e-09
1.175234097764439909e-09
1.181865543237156189e-09
1.188491788947545236e-09
1.195113526713296095e-09
1.201731410787950766e-09
1.208345149848644740e-09
1.214954533654741555e-09
1.221560236816809138e-09
1.228162655950966087e-09
1.234760654127238950e-09
1.241354382763355375e-09
1.247944400071673639e-09
1.254531006058911372e-09
1.261113722297919558e-09
1.267693031255135373e-09
1.274269405749643930e-09
1.280842904307892925e-09
1.287413177722902989e-09
1.293980715304432133e-09
1.300545895250926724e-09
1.307108386402503123e-09
1.313667787313190142e-09
1.320224522392375376e-09
1.326778922466423034e-09
1.333330895446969465e-09
1.339880413231932064e-09
1.346427823743623493e-09
1.352973415179710101e-09
1.359517077441790199e-09
1.366058807293492549e-09
1.372598892932483292e-09
1.379137557816641619e-09
1.385674583972626880e-09
1.392209824479044793e-09
1.398743534898088247e-09
1.405275899171784860e-09
1.411806892397365983e-09
1.418336457765390842e-09
1.424864789643450845e-09
1.431392052802394846e-09
1.437918284509907734e-09
1.444443405721933665e-09
1.450967584136879114e-09
1.457490945775599977e-09
1.464013530635698022e-09
1.470535153651062185e-09
1.477055899955562204e-09
1.483575887244426101e-09
1.490095194598767206e-09
1.496613626415738005e-09
1.503131202335914549e-09
1.509648024440884268e-09
1.516164181459113175e-09
1.522679612368935961e-09
1.529194244722565854e-09
1.535708169607808422e-09
1.542221473764366834e-09
1.548734171496509782e-09
1.555246028525512174e-09
1.561757093681058835e-09
1.568267443511987377e-09
1.574777163189225643e-09
1.581285955905369962e-09
1.587793615014380771e-09
1.594300239830870722e-09
1.600805936908055413e-09
1.607310712817498725e-09
1.613814105758602603e-09
1.620316155617795535e-09
1.626817005450119191e-09
1.633316775927769194e-09
1.639815206658700481e-09
1.646311815967039684e-09
1.652806811746435795e-09
1.659300348255705585e-09
1.665792546006462041e-09
1.672282640004427601e-09
1.678770413906800038e-09
1.685256086971587123e-09
1.691739851837021053e-09
1.698221744918460229e-09
1.704700623517284035e-09
1.711176479690793801e-09
1.717649617336764344e-09
1.724120308952753541e-09
1.730588383023412903e-09
1.737052627861052843e-09
1.743513195698669393e-09
1.749970474727933527e-09
1.756424785287882154e-09
1.762875760359139642e-09
1.769321959682175176e-09
1.775763697728558334e-09
1.782201411149067797e-09
1.788635463170841967e-09
1.795065352465078930e-09
1.801489144434996730e-09
1.807907236215521854e-09
1.814320168589545726e-09
1.820728463168780389e-09
1.827131668047031611e-09
1.833527781491332830e-09
1.839917071033511270e-09
1.846300282817831630e-09
1.852677978675954073e-09
1.859050126762968742e-09
1.865414087793033626e-09
1.871770014320311692e-09
1.878118838913960583e-09
1.884461107446127945e-09
1.890797280062168834e-09
1.897123841654760654e-09
1.903440624389619277e-09
1.909748280099184887e-09
1.916047825893561387e-09
1.922339741855141826e-09
1.928622298834985812e-09
1.934893038635836504e-09
1.941153481067735338e-09
1.947404339972992154e-09
1.953646557827521532e-09
1.959879612229047208e-09
1.966099873722563499e-09
1.972307769793247011e-09
1.978504708398673289e-09
1.984691544743893152e-09
1.990869054248747744e-09
1.997033424553819124e-09
2.003182614311469613e-09
2.009318398708644662e-09
2.015441635062683090e-09
2.021553595613542506e-09
2.027653670082807536e-09
2.033737337222128762e-09
2.039805147437044891e-09
2.045858760405677148e-09
2.051899315923793515e-09
2.057927881932299094e-09
2.063941706218212726e-09
2.069936938549156644e-09
2.075915815406219789e-09
2.081879541831412483e-09
2.087829370547641234e-09
2.093766322346074514e-09
2.099684468292542661e-09
2.105582701510860810e-09
2.111462979968860894e-09
2.117326414668485059e-09
2.123174780339634170e-09
2.129008470053241357e-09
2.134820435757560802e-09
2.140611688312300082e-09
2.146383652252175522e-09
2.152138219088226424e-09
2.157876710087736176e-09
2.163598743914706722e-09
2.169297649604108899e-09
2.174974378686285045e-09
2.180630612789862838e-09
2.186268491786529212e-09
2.191889384760342633e-09
2.197492498516122352e-09
2.203070733986034136e-09
2.208625030533146071e-09
2.214157272182843787e-09
2.219669665362427639e-09
2.225163396140370759e-09
2.230638944302603423e-09
2.236088068329722335e-09
2.241512138627509737e-09
2.246912963117205324e-09
2.252292066611638878e-09
2.257651805547646538e-09
2.262993323327945055e-09
2.268308001420530274e-09
2.273595689025303428e-09
2.278858939565436075e-09
2.284099670418235318e-09
2.289319126228031345e-09
2.294519477896151531e-09
2.299695449840232160e-09
2.304842150753816658e-09
2.309962111714288645e-09
2.315058487035285589e-09
2.320132256423348856e-09
2.325185548138755671e-09
2.330216687532077053e-09
2.335217941083096699e-09
2.340191075541958287e-09
2.345138428940178837e-09
2.350061708994999561e-09
2.354963372446075044e-09
2.359844506096674918e-09
2.364697911687877661e-09
2.369520375910200200e-09
2.374315804619615156e-09
2.379086251022222713e-09
2.383833400205368138e-09
2.388558922754486229e-09
2.393261543045017167e-09
2.397933320428954477e-09
2.402575928481053261e-09
2.407191666099907965e-09
2.411782733104197991e-09
2.416351048279422717e-09
2.420898182785232042e-09
2.425419082211916653e-09
2.429909009573599843e-09
2.434370195990358409e-09
2.438804880463203482e-09
2.443215944746452801e-09
2.447604078755500651e-09
2.451971471191718173e-09
2.456310291134923666e-09
2.460617987706573994e-09
2.464897825602817143e-09
2.469152340199728115e-09
2.473382877407955933e-09
2.477591498388650083e-09
2.481779206219403355e-09
2.485937047218450187e-09
2.490064911423267782e-09
2.494165947465314116e-09
2.498242458146593112e-09
2.502295185090331730e-09
2.506326850579247904e-09
2.510337818791628139e-09
2.514319358478324027e-09
2.518271767064366256e-09
2.522197946932854825e-09
2.526100127919198377e-09
2.529979163264390083e-09
2.533837351360568584e-09
2.537675729600748117e-09
2.541486330420685104e-09
2.545268243776122363e-09
2.549024319063835617e-09
2.552756555978618606e-09
2.556467070897581892e-09
2.560156399730530269e-09
2.563826585764454487e-09
2.567472239186656958e-09
2.571090313360798015e-09
2.574683201250244858e-09
2.578253045240432125e-09
2.581801117985127762e-09
2.585329546799637451e-09
2.588839501533518173e-09
2.592328122895588935e-09
2.595790643055621876e-09
2.599228630029538440e-09
2.602644357430234805e-09
2.606038927581975933e-09
2.609414397841323862e-09
2.612771990889749214e-09
2.616111963957040992e-09
2.619427790763749301e-09
2.622719590400941733e-09
2.625989821022640880e-09
2.629239904557172790e-09
2.632471448239849153e-09
2.635685696369128233e-09
2.638883524513261882e-09
2.642062420006362984e-09
2.645218874541196565e-09
2.648354212003789404e-09
2.651470431915998244e-09
2.654568577840943362e-09
2.657650040158502686e-09
2.660716095592613662e-09
2.663767421619639367e-09
2.666799491549925471e-09
2.669811017153120507e-09
2.672804048571888970e-09
2.675779977693120607e-09
2.678740109003140727e-09
2.681685262619542912e-09
2.684616478937014405e-09
2.687534193920765354e-09
2.690433465513831994e-09
2.693314974608059918e-09
2.696180328574639706e-09
2.699030823586620671e-09
2.701867210988697220e-09
2.704690683204735739e-09
2.707502068430905716e-09
2.710300851417065338e-09
2.713083303517122458e-09
2.715850255107474216e-09
2.718603093090751687e-09
2.721342747015910869e-09
2.724070108120430537e-09
2.726786101074004533e-09
2.729491434777916619e-09
2.732185695186581139e-09
2.734865763197343222e-09
2.737532333314574334e-09
2.740186607523024841e-09
2.742829501512074966e-09
2.745461624670754250e-09
2.748083821692082257e-09
2.750696736317569321e-09
2.753300587298768025e-09
2.755892576594686014e-09
2.758473313724055987e-09
2.761043658419142850e-09
2.763604559542135985e-09
2.766156623505098568e-09
2.768700385983136131e-09
2.771236414057748939e-09
2.773765036276252352e-09
2.776284295486083232e-09
2.778793832301750386e-09
2.781294439269923719e-09
2.783786879982865076e-09
2.786271675700238014e-09
2.788749217516565729e-09
2.791220096205564782e-09
2.793684708179537088e-09
2.796142334259865241e-09
2.798591914726275079e-09
2.801034042977403941e-09
2.803469332120404038e-09
2.805898255134943951e-09
2.808321218809478787e-09
2.810738639808338422e-09
2.813150865189155916e-09
2.815558110924156995e-09
2.817959342449064259e-09
2.820354677434401153e-09
2.822744691120535378e-09
2.825129824438408563e-09
2.827510406077391513e-09
2.829886698134182685e-09
2.832258974625705305e-09
2.834627531389686715e-09
2.836992039051188818e-09
2.839351665782388364e-09
2.841706655287016981e-09
2.844057344215671749e-09
2.846404077087534691e-09
2.848747142866130560e-09
2.851086772655575892e-09
2.853423171934593590e-09
2.855756559022396231e-09
2.858086535802028504e-09
2.860412812507048320e-09
2.862735686099266466e-09
2.865055430682073426e-09
2.867372279385406477e-09
2.869686382780842095e-09
2.871997921926084521e-09
2.874307088236462345e-09
2.876614020283036571e-09
2.878918460749550111e-09
2.881220284294538633e-09
2.883519712035070002e-09
2.885816958362242328e-09
2.888112181351814187e-09
2.890405495345292940e-09
2.892697016919999721e-09
2.894986888618343834e-09
2.897275194548933393e-09
2.899561370835758027e-09
2.901845035370785956e-09
2.904126386647364420e-09
2.906405589911916532e-09
2.908682764761964450e-09
2.910957986183746809e-09
2.913231430312471861e-09
2.915503195628953787e-09
2.917773382633651779e-09
2.920041671395163740e-09
2.922307738856887551e-09
2.924571727505647220e-09
2.926833707516357638e-09
2.929093877481187245e-09
2.931352347442950779e-09
2.933609203814008539e-09
2.935864484164683090e-09
2.938118334644333337e-09
2.940370663998394103e-09
2.942620615990375766e-09
2.944868319204291488e-09
2.947113940251521579e-09
2.949357602670057434e-09
2.951599415001876461e-09
2.953839495448662486e-09
2.956077930842762289e-09
2.958314720473904003e-09
2.960549958795966142e-09
2.962782594006669469e-09
2.965011980338682909e-09
2.967238386997605119e-09
2.969461953765049045e-09
2.971682642990400182e-09
2.973900807018187938e-09
2.976116554229808321e-09
2.978329890863304953e-09
2.980541020019533169e-09
2.982749826671417906e-09
2.984954585480784844e-09
2.987155541460737513e-09
2.989352968980246795e-09
2.991547003929867622e-09
2.993737887258709339e-09
2.995925611419355594e-09
2.998110343047892101e-09
3.000292359724957022e-09
3.002471762618047583e-09
3.004647661978168809e-09
3.006818652966766551e-09
3.008984533069733636e-09
3.011145923923667864e-09
3.013303011484064894e-09
3.015456012668121169e-09
3.017605205309702549e-09
3.019750478402493905e-09
3.021892174390445711e-09
3.024030585856384606e-09
3.026164075115928409e-09
3.028291205250916124e-09
3.030411615850592243e-09
3.032526096731711864e-09
3.034634915666975962e-09
3.036738323790184127e-09
3.038836745492194488e-09
3.040929961619996411e-09
3.043018475367628877e-09
3.045102668917240703e-09
3.047180873443636606e-09
3.049251353936584803e-09
3.051313720691225527e-09
3.053368944773481892e-09
3.055417334348939375e-09
3.057459409262893530e-09
3.059495166346912152e-09
3.061524758667789330e-09
3.063548929954863467e-09
3.065567652031936778e-09
3.067580316893465770e-09
3.069583057322296877e-09
3.071576487086444614e-09
3.073561278986826377e-09
3.075537977709742860e-09
3.077506625605960065e-09
3.079467582530366060e-09
3.081421615398062216e-09
3.083368456442522459e-09
3.085309052271593137e-09
3.087242802754490186e-09
3.089166355856263446e-09
3.091078806072222108e-09
3.092981144059455357e-09
3.094872901661970645e-09
3.096755358345975825e-09
3.098628641614634450e-09
3.100493657880549941e-09
3.102350261451408806e-09
3.104198820680663981e-09
3.106040225360544276e-09
3.107872434544870474e-09
3.109691940371098658e-09
3.111498847761906416e-09
3.113294468775740400e-09
3.115079485237065871e-09
3.116853831362303961e-09
3.118618311068660120e-09
3.120373273544584666e-09
3.122119213485552950e-09
3.123856752299640895e-09
3.125585404185218268e-09
3.127302615947636630e-09
3.129006273204723785e-09
3.130696115484143143e-09
3.132373455616377144e-09
3.134039034483497680e-09
3.135693882857545337e-09
3.137337166100488046e-09
3.138970690799488612e-09
3.140594086816148765e-09
3.142208420961113191e-09
3.143813027900590560e-09
3.145404180847548202e-09
3.146980726869267347e-09
3.148543245856855145e-09
3.150091878228081858e-09
3.151627957312508196e-09
3.153152586434958858e-09
3.154665008475915303e-09
3.156166767135278070e-09
3.157657868929023882e-09
3.159139160230121121e-09
3.160610072592111079e-09
3.162066932214284945e-09
3.163508585484531561e-09
3.164935268750631215e-09
3.166347621362757804e-09
3.167746876736761010e-09
3.169134190862619560e-09
3.170508394440466940e-09
3.171871882947417225e-09
3.173223735289844624e-09
3.174565675243323444e-09
3.175896724818319657e-09
3.177214587043239185e-09
3.178517096488940286e-09
3.179802986776757156e-09
3.181074887946637582e-09
3.182333559014218101e-09
3.183578823257544370e-09
3.184812020886556246e-09
3.186032685944018092e-09
3.187242907501697606e-09
3.188441238357924419e-09
3.189630002042303841e-09
3.190807141778845853e-09
3.191967147947336019e-09
3.193112005036561473e-09
3.194242735301469084e-09
3.195359306508044268e-09
3.196462463855579557e-09
3.197552957848795571e-09
3.198631862277535276e-09
3.199698711814543785e-09
3.200754865569183181e-09
3.201800557548422635e-09
3.202835382044656648e-09
3.203856687938285904e-09
3.204863177604835397e-09
3.205853817869690327e-09
3.206830883778644553e-09
3.207795342383037396e-09
3.208746878995129687e-09
3.209686717976340864e-09
3.210614850259889639e-09
3.211532365187497094e-09
3.212439284666435430e-09
3.213336361109895548e-09
3.214223355267244525e-09
3.215094974336644827e-09
3.215952868182106418e-09
3.216797294700455921e-09
3.217628078472934748e-09
3.218446879999110310e-09
3.219254191392771845e-09
3.220050147136282012e-09
3.220834993033308147e-09
3.221610380349875521e-09
3.222375004599658824e-09
3.223131057516584579e-09
3.223877115337971841e-09
3.224608556308834615e-09
3.225327502037594930e-09
3.226034369892678798e-09
3.226728441109279561e-09
3.227411615011432858e-09
3.228084348520474176e-09
3.228746603219930188e-09
3.229398690493228971e-09
3.230042070919869160e-09
3.230675701060256254e-09
3.231301344712272144e-09
3.231918121607514309e-09
3.232522170581586004e-09
3.233115267846694927e-09
3.233697378469791577e-09
3.234268614358927138e-09
3.234830197225897353e-09
3.235382255555894182e-09
3.235925480789853817e-09
3.236459748982151084e-09
3.236985944144014514e-09
3.237504476158217691e-09
3.238015151070978922e-09
3.238518349989773971e-09
3.239011761021111399e-09
3.239495460720005996e-09
3.239968308129547817e-09
3.240432203592859844e-09
3.240887746104289993e-09
3.241334582411394591e-09
3.241773272511477868e-09
3.242204788495725598e-09
3.242628788994860357e-09
3.243045662466132276e-09
3.243456076232096974e-09
3.243859935375653967e-09
3.244256796168005510e-09
3.244644582451988957e-09
3.245024091412662617e-09
3.245396352401521270e-09
3.245760471241176230e-09
3.246117828373866733e-09
3.246468623886422405e-09
3.246813086610087490e-09
3.247151033794856225e-09
3.247483426519604295e-09
3.247810336132740013e-09
3.248131654932259761e-09
3.248447729876975398e-09
3.248757721122249622e-09
3.249061422009689959e-09
3.249358520667941789e-09
3.249649946053037631e-09
3.249936081705907357e-09
3.250216711005816053e-09
3.250492764051408530e-09
3.250763808787060261e-09
3.251030431113401797e-09
3.251292895295006956e-09
3.251550954706763460e-09
3.251805320955166546e-09
3.252055646945526706e-09
3.252300990807204711e-09
3.252541763046777927e-09
3.252777347252783459e-09
3.253008636268533518e-09
3.253235926209687716e-09
3.253459076368191647e-09
3.253678619275424041e-09
3.253894386868578062e-09
3.254106820140358017e-09
3.254316048533280116e-09
3.254521878291204652e-09
3.254724908544358019e-09
3.254924917743331929e-09
3.255121588155479956e-09
3.255315158500274226e-09
3.255505418963241938e-09
3.255692794491107005e-09
3.255877581662750185e-09
3.256059620073954896e-09
3.256239410868233974e-09
3.256416783598736458e-09
3.256591859326763732e-09
3.256764926169690616e-09
3.256935991304356549e-09
3.257105032576438192e-09
3.257272247626956710e-09
3.257437726370223828e-09
3.257601468954471141e-09
3.257763421009887917e-09
3.257923942959581952e-09
3.258082992983948454e-09
3.258240739510194201e-09
3.258397247284283527e-09
3.258552589149284280e-09
3.258706821488474402e-09
3.258859991457766668e-09
3.259012171690235477e-09
3.259163378855666248e-09
3.259313714831828901e-09
3.259463168087605252e-09
3.259611509705282147e-09
3.259758979164015215e-09
3.259905507147391786e-09
3.260051206304617701e-09
3.260196144636557170e-09
3.260340348188590306e-09
3.260483910673443450e-09
3.260626796169860066e-09
3.260769088032941322e-09
3.260910811529856224e-09
3.261051984726229765e-09
3.261192628862294872e-09
3.261332792866557362e-09
3.261472698763998957e-09
3.261612517168230643e-09
3.261752168837556241e-09
3.261891739807582579e-09
3.262031300487922985e-09
3.262170802110655933e-09
3.262310343601288729e-09
3.262449833804076569e-09
3.262589341745145907e-09
3.262728884841611724e-09
3.262868392461514541e-09
3.263008000285414606e-09
3.263147602705068277e-09
3.263287263712932119e-09
3.263427150772713759e-09
3.263567265576714716e-09
3.263707711250313302e-09
3.263848356294291849e-09
3.263989312703170452e-09
3.264130527873555695e-09
3.264272024095648982e-09
3.264413788856303719e-09
3.264555798741234233e-09
3.264698072841329000e-09
3.264840580343116759e-09
3.264983369378362550e-09
3.265126375899023272e-09
3.265269582920323543e-09
3.265412810971863708e-09
3.265555978767597587e-09
3.265699099827406414e-09
3.265842156715645950e-09
3.265985146609755916e-09
3.266128098439440214e-09
3.266270914551506161e-09
3.266413749902690111e-09
3.266556487094225574e-09
3.266699168149535059e-09
3.266841810621611196e-09
3.266984350487116286e-09
3.267126876993323197e-09
3.267269285341081358e-09
3.267411546779797940e-09
3.267553482462877898e-09
3.267695156395130496e-09
3.267836573085241803e-09
3.267977693227353901e-09
3.268118582635925962e-09
3.268259206377908487e-09
3.268399609768681138e-09
3.268539736072918730e-09
3.268679637103450044e-09
3.268819285431407268e-09
3.268958722987567857e-09
3.269097938704035183e-09
3.269236945995693135e-09
3.269375589683458799e-09
3.269513238341328101e-09
3.269649984990282293e-09
3.269785598452090282e-09
3.269920443837656177e-09
3.270054124370278117e-09
3.270187063316731615e-09
3.270319013483685903e-09
3.270450157454386305e-09
3.270580442242511029e-09
3.270709925775407116e-09
3.270838648705362906e-09
3.270966559546892284e-09
3.271093799675087688e-09
3.271220179027226683e-09
3.271345543511251279e-09
3.271468353293614375e-09
3.271589456958392310e-09
3.271708140972088648e-09
3.271825146988811900e-09
3.271940077811871657e-09
3.272053221367178551e-09
3.272164523741967264e-09
3.272274041208342666e-09
3.272381921533849382e-09
3.272488072074258393e-09
3.272592724983654298e-09
3.272695676975894546e-09
3.272797232498443180e-09
3.272897068630576560e-09
3.272995180851256741e-09
3.273089637701253047e-09
3.273181716478897969e-09
3.273270493620052677e-09
3.273356866668180052e-09
3.273440435653440210e-09
3.273521497729108128e-09
3.273600063617209332e-09
3.273676116598548840e-09
3.273749926138129973e-09
3.273821421029598212e-09
3.273890777970203326e-09
3.273957961125156862e-09
3.274023120306353447e-09
3.274086126676551811e-09
3.274146780155100539e-09
3.274202765210677874e-09
3.274255459191207057e-09
3.274303574774250062e-09
3.274348634438002520e-09
3.274389384829576342e-09
3.274427152552563311e-09
3.274461110028420752e-09
3.274492084360117494e-09
3.274519634091727261e-09
3.274544149107222130e-09
3.274565601242756605e-09
3.274584257011070983e-09
3.274600003003277162e-09
3.274613130956050608e-09
3.274623182150758215e-09
3.274628733053240915e-09
3.274629121986064891e-09
3.274624483894814357e-09
3.274615326741617787e-09
3.274601206278870584e-09
3.274582995616664678e-09
3.274560139538137206e-09
3.274533411054380196e-09
3.274502394705437502e-09
3.274467722429945974e-09
3.274429069787816620e-09
3.274386892928349549e-09
3.274341017822449603e-09
3.274291793491807074e-09
3.274238971378133585e-09
3.274182591886664682e-09
3.274119703310514711e-09
3.274052149035133668e-09
3.273978324190726383e-09
3.273900160434163452e-09
3.273816224892748391e-09
3.273728067658832688e-09
3.273634694777192619e-09
3.273537307238197439e-09
3.273435136403563951e-09
3.273329047545681932e-09
3.273218581210941004e-09
3.273104263309745003e-09
3.272985774787723311e-09
3.272863824008823993e-09
3.272737910508924534e-09
3.272608063390665004e-09
3.272470865385205188e-09
3.272328791507817284e-09
3.272179829124398337e-09
3.272026260605811166e-09
3.271866329775706029e-09
3.271701900802721677e-09
3.271531812354395255e-09
3.271357413546864858e-09
3.271177816119619725e-09
3.270994006597815621e-09
3.270805468601051140e-09
3.270612753912176130e-09
3.270415652068208187e-09
3.270214736845736202e-09
3.270009553268953492e-09
3.269800282482032383e-09
3.269583705870064196e-09
3.269361893203935946e-09
3.269133069661102539e-09
3.268899313078676263e-09
3.268659240525375171e-09
3.268414396763419325e-09
3.268163712629000634e-09
3.267908448596259261e-09
3.267647939380813442e-09
3.267382972545074000e-09
3.267113235402417515e-09
3.266839115353949911e-09
3.266560705161249013e-09
3.266277990211231691e-09
3.265991388508481684e-09
3.265700355687863993e-09
3.265403974559163129e-09
3.265101362556398875e-09
3.264793271407195668e-09
3.264479461990622505e-09
3.264160490697035673e-09
3.263836273238715158e-09
3.263507332833206850e-09
3.263173490337454172e-09
3.262835199652590755e-09
3.262492339593789026e-09
3.262145166495277250e-09
3.261793714746592670e-09
3.261438301796273298e-09
3.261078838588509627e-09
3.260715803155169388e-09
3.260348794667909240e-09
3.259978023070903491e-09
3.259600888174174396e-09
3.259219182266792834e-09
3.258831408773889079e-09
3.258439293274513270e-09
3.258041777586285856e-09
3.257640056257714338e-09
3.257233477215483538e-09
3.256822839287543305e-09
3.256407677134285637e-09
3.255988625325442651e-09
3.255565513420338701e-09
3.255138600699288108e-09
3.254708050864642818e-09
3.254273741199858034e-09
3.253836197670924127e-09
3.253394979711300656e-09
3.252950325910756999e-09
3.252499817841116620e-09
3.252045503390699323e-09
3.251585837266125078e-09
3.251122488391409124e-09
3.250654398917691963e-09
3.250182719115715551e-09
3.249706795368094785e-09
3.249227390612404524e-09
3.248744056938504447e-09
3.248257389727618384e-09
3.247767177114747799e-09
3.247273709860716309e-09
3.246777067701322781e-09
3.246277224974115892e-09
3.245774530354915250e-09
3.245268694521970236e-09
3.244760071839455680e-09
3.244247208787363996e-09
3.243731294337020121e-09
3.243211361054154289e-09
3.242688525172019697e-09
3.242162208917972921e-09
3.241633063525354524e-09
3.241100872793416074e-09
3.240565922640775895e-09
3.240028231608632822e-09
3.239487881946532186e-09
3.238944939691280549e-09
3.238399553925970999e-09
3.237851656946200442e-09
3.237301585334628376e-09
3.236749150924649530e-09
3.236194725460496437e-09
3.235637888152082353e-09
3.235078609310019877e-09
3.234516265815403961e-09
3.233951593603105519e-09
3.233383914542075731e-09
3.232814089482487216e-09
3.232241511264947239e-09
3.231666931895011269e-09
3.231089947666189146e-09
3.230511066960597480e-09
3.229929986603086023e-09
3.229347060476078790e-09
3.228762138650333178e-09
3.228175420026831444e-09
3.227586915482006029e-09
3.226996632872087516e-09
3.226404761784225326e-09
3.225811146730522725e-09
3.225216015214323206e-09
3.224618788678595684e-09
3.224019972442020667e-09
3.223419239890458070e-09
3.222816940051775157e-09
3.222212985506877814e-09
3.221607523343919522e-09
3.221000658207644768e-09
3.220392303321292484e-09
3.219782709880424111e-09
3.219171729635745447e-09
3.218559579245049098e-09
3.217946168330802192e-09
3.217331635914933761e-09
3.216715947892015392e-09
3.216099163554353806e-09
3.215481364941500883e-09
3.214862506633079619e-09
3.214242803853985766e-09
3.213622244202245392e-09
3.213000994715402675e-09
3.212378932664559700e-09
3.211756267184797710e-09
3.211132878011556100e-09
3.210508981104707893e-09
3.209884487334328614e-09
3.209259530484860927e-09
3.208634069879311916e-09
3.208008123138613863e-09
3.207381758572444797e-09
3.206754918877261460e-09
3.206127730154211273e-09
3.205500083237511391e-09
3.204872138858722300e-09
3.204243751418174325e-09
3.203615118155430167e-09
3.202986097954800813e-09
3.202356850504054833e-09
3.201727282510454434e-09
3.201097487742310840e-09
3.200467427536100001e-09
3.199837138202182975e-09
3.199206654784783577e-09
3.198575972188468406e-09
3.197945143152509770e-09
3.197314143638817384e-09
3.196683013138538865e-09
3.196051741429926691e-09
3.195420346930653922e-09
3.194788838145461159e-09
3.194157207631927738e-09
3.193525483195675770e-09
3.192893647209596003e-09
3.192261732568566563e-09
3.191629737994096268e-09
3.190997766623917374e-09
3.190366085359875523e-09
3.189734513063975771e-09
3.189103142485442829e-09
3.188471941575550569e-09
3.187840893991856238e-09
3.187210086566707858e-09
3.186579389326428423e-09
3.185949007051821259e-09
3.185318742108041346e-09
3.184688698417208603e-09
3.184058823548864956e-09
3.183429120189693862e-09
3.182799627423207091e-09
3.182170262586047323e-09
3.181541149105032465e-09
3.180912162219267717e-09
3.180283392998029801e-09
3.179654813215710538e-09
3.179026596870523953e-09
3.178398918967417881e-09
3.177771605532883288e-09
3.177144872026514779e-09
3.176518454554315035e-09
3.175892533099315247e-09
3.175267012664123403e-09
3.174641881773207443e-09
3.174017235806889410e-09
3.173392940461918959e-09
3.172769086887864750e-09
3.172145575930696359e-09
3.171522444987801420e-09
3.170899686289416607e-09
3.170277250771159276e-09
3.169655222319289738e-09
3.169033517436653030e-09
3.168412165077658868e-09
3.167791118234625246e-09
3.167170298752881324e-09
3.166549667944197237e-09
3.165929193284272186e-09
3.165308936517396259e-09
3.164688803319392861e-09
3.164068917407364457e-09
3.163449122496673534e-09
3.162829531205644385e-09
3.162210027685757417e-09
3.161590679820527209e-09
3.160971486844094943e-09
3.160352377618044922e-09
3.159733469646140981e-09
3.159114588874582558e-09
3.158495922839993343e-09
3.157877280219688975e-09
3.157258808719451399e-09
3.156640399889945783e-09
3.156022105117838697e-09
3.155403853524117871e-09
3.154785490695560451e-09
3.154167131634534442e-09
3.153548706882574621e-09
3.152930244813519105e-09
3.152311751189839325e-09
3.151693176873036842e-09
3.151074576955545304e-09
3.150455923835561970e-09
3.149837206451365117e-09
3.149218454356463670e-09
3.148599592119927527e-09
3.147980701484846623e-09
3.147361741940988895e-09
3.146742727162642073e-09
3.146123670953795805e-09
3.145504530722810749e-09
3.144885349567782052e-09
3.144266077565822371e-09
3.143646695446932568e-09
3.143027056592356867e-09
3.142406835061169357e-09
3.141786289769284418e-09
3.141165244742077676e-09
3.140543827210956969e-09
3.139922087697907607e-09
3.139299815165553384e-09
3.138677255751080860e-09
3.138054222393439777e-09
3.137430886669741928e-09
3.136807192425231663e-09
3.136183085024519506e-09
3.135558642381402129e-09
3.134933796445604516e-09
3.134308645203840223e-09
3.133683190126063382e-09
3.133057355731933494e-09
3.132431275040033578e-09
3.131804754794502762e-09
3.131177819620177424e-09
3.130550135213446090e-09
3.129921086947792026e-09
3.129291215433169455e-09
3.128660086402845891e-09
3.128028077974975555e-09
3.127395229615999417e-09
3.126761109949684927e-09
3.126126248363682358e-09
3.125490326439777989e-09
3.124853596670553293e-09
3.124216049871876107e-09
3.123577387068468846e-09
3.122938005389081438e-09
3.122297712998397988e-09
3.121656649060402150e-09
3.121014894397919788e-09
3.120372180849142094e-09
3.119728756465903711e-09
3.119084517196382798e-09
3.118439485744591921e-09
3.117793600971516758e-09
3.117145655759915852e-09
3.116496659789826798e-09
3.115846166571653841e-09
3.115194286395263270e-09
3.114541280202389791e-09
3.113886649437380755e-09
3.113231078154339470e-09
3.112574143240896920e-09
3.111915959575897404e-09
3.111256660054398165e-09
3.110596098650566075e-09
3.109934560943324503e-09
3.109271954140213251e-09
3.108608168074892631e-09
3.107943281414664605e-09
3.107277390460117356e-09
3.106610501850753798e-09
3.105942778884379136e-09
3.105273944792536967e-09
3.104603955229522923e-09
3.103932347709171660e-09
3.103258762879960981e-09
3.102583771547688731e-09
3.101906665058121458e-09
3.101228171100792900e-09
3.100548204368898185e-09
3.099866310942774420e-09
3.099183216662159051e-09
3.098498418898143306e-09
3.097812339453722643e-09
3.097124891039505695e-09
3.096435705302039527e-09
3.095745418095721925e-09
3.095053813049957807e-09
3.094360951927566105e-09
3.093666821502038840e-09
3.092971303414197824e-09
3.092274610668565189e-09
3.091576914937985233e-09
3.090877935646322519e-09
3.090177589367450013e-09
3.089475111085473444e-09
3.088770488574442915e-09
3.088064268876911220e-09
3.087355493332017455e-09
3.086645212197971347e-09
3.085933132842536276e-09
3.085218913813055014e-09
3.084503247560285429e-09
3.083785649400505004e-09
3.083066528734736092e-09
3.082345823018859547e-09
3.081623153211367558e-09
3.080899212661666182e-09
3.080173774428453029e-09
3.079446875637359192e-09
3.078718331500205881e-09
3.077988366234555580e-09
3.077257040306207609e-09
3.076524589090177857e-09
3.075790565991873636e-09
3.075055117815340009e-09
3.074317973906639247e-09
3.073578566860017109e-09
3.072837729435915275e-09
3.072094568874401756e-09
3.071349861688518350e-09
3.070603619712022158e-09
3.069855223581186843e-09
3.069105642104503793e-09
3.068354246579709670e-09
3.067601244023420745e-09
3.066846874263752023e-09
3.066090936052733984e-09
3.065333792342660208e-09
3.064575028717368124e-09
3.063814789337453587e-09
3.063053323122517879e-09
3.062290646479853887e-09
3.061526696933282532e-09
3.060761361558752738e-09
3.059994904864802012e-09
3.059227154397287084e-09
3.058458244057999835e-09
3.057687105523105548e-09
3.056914464023978866e-09
3.056140458066829419e-09
3.055364212466334972e-09
3.054586864939944918e-09
3.053807850228162429e-09
3.053027274019523911e-09
3.052245451412491420e-09
3.051462025161655029e-09
3.050677378153259278e-09
3.049891385357740693e-09
3.049103922817121811e-09
3.048315424334915215e-09
3.047525703208294861e-09
3.046734669745294756e-09
3.045942381391512781e-09
3.045149069612378376e-09
3.044354645172970548e-09
3.043559182772329996e-09
3.042762556386513374e-09
3.041964794423329037e-09
3.041166088505011569e-09
3.040365345272167404e-09
3.039563416906558057e-09
3.038760259643049521e-09
3.037955264873910401e-09
3.037149342325320464e-09
3.036341920027252865e-09
3.035533260706387227e-09
3.034723493456279557e-09
3.033912398287033298e-09
3.033100247189750522e-09
3.032286957451664344e-09
3.031472439544480104e-09
3.030657054231000551e-09
3.029840633948697684e-09
3.029023010146837709e-09
3.028204429462886019e-09
3.027384972682610787e-09
3.026564593091702843e-09
3.025743200680118367e-09
3.024920955194300743e-09
3.024097774637931098e-09
3.023273922803097684e-09
3.022448916849698548e-09
3.021623107686278378e-09
3.020796571728884381e-09
3.019969053517233147e-09
3.019140868884764003e-09
3.018311877632965800e-09
3.017482110257230730e-09
3.016651760770014060e-09
3.015820567031382671e-09
3.014988791348029707e-09
3.014156428148947923e-09
3.013323392090274755e-09
3.012489840580730748e-09
3.011655553661300067e-09
3.010820757275815302e-09
3.009985479921641585e-09
3.009149594033852269e-09
3.008313245613575495e-09
3.007476283453077061e-09
3.006638917342125194e-09
3.005801097385626233e-09
3.004962715186744842e-09
3.004123951065118889e-09
3.003284586386545421e-09
3.002444824029532383e-09
3.001604614222512302e-09
3.000763872378216184e-09
2.999922777963955404e-09
2.999081236800695854e-09
2.998239337098095041e-09
2.997397092462502283e-09
2.996554429251020260e-09
2.995711449140689868e-09
2.994868146353599106e-09
2.994024502487516722e-09
2.993180609680215517e-09
2.992336354053410101e-09
2.991491812310345616e-09
2.990646996556534049e-09
2.989801906551100404e-09
2.988956571949463087e-09
2.988110937047734474e-09
2.987265092587849446e-09
2.986418981661545410e-09
2.985572654241120103e-09
2.984726134926704083e-09
2.983879398386277387e-09
2.983032517592610193e-09
2.982185388799607444e-09
2.981338124153107867e-09
2.980490697632435512e-09
2.979643095621977467e-09
2.978795384192509294e-09
2.977947515876216120e-09
2.977099525828494838e-09
2.976251401313851878e-09
2.975403169912474096e-09
2.974554823270940352e-09
2.973706386026439310e-09
2.972857818403715350e-09
2.972009158751302973e-09
2.971160412176987038e-09
2.970311550671329374e-09
2.969462632035063793e-09
2.968613605403420927e-09
2.967764499511552623e-09
2.966915338416076358e-09
2.966066153041636054e-09
2.965217002909060312e-09
2.964368423813892986e-09
2.963519961589419633e-09
2.962671614549515706e-09
2.961823833186007637e-09
2.960976166973099168e-09
2.960128634513751402e-09
2.959281633304204145e-09
2.958434751553213118e-09
2.957588047753256810e-09
2.956741803521172233e-09
2.955895722475720615e-09
2.955049821824022245e-09
2.954204317244930426e-09
2.953358996169350071e-09
2.952513876122481782e-09
2.951669086796980357e-09
2.950824492997123405e-09
2.949980131842365463e-09
2.949136018041521341e-09
2.948292124446744606e-09
2.947448488856879702e-09
2.946605057911939645e-09
2.945761844230068370e-09
2.944919018298263224e-09
2.944076481447332462e-09
2.943234153160177830e-09
2.942392265028841170e-09
2.941550615660210474e-09
2.940709160967985212e-09
2.939868106523532931e-09
2.939027287225573833e-09
2.938186694001149244e-09
2.937346419855800262e-09
2.936506393076718216e-09
2.935666626822471432e-09
2.934827111467324559e-09
2.933987812874967634e-09
2.933148826496748977e-09
2.932310040795193902e-09
2.931471426537960421e-09
2.930633161490793968e-09
2.929795066884303160e-09
2.928957165598523771e-09
2.928119509721130228e-09
2.927282062991170628e-09
2.926444827984154527e-09
2.925607795376985075e-09
2.924770995377856527e-09
2.923934500817485271e-09
2.923098173013637227e-09
2.922262085550535310e-09
2.921426266564231750e-09
2.920590607074232158e-09
2.919755200682088560e-09
2.918920000058953253e-09
2.918084951038833223e-09
2.917250163229116161e-09
2.916415542308712510e-09
2.915581076332692924e-09
2.914746824235139497e-09
2.913912744495996834e-09
2.913078844412542697e-09
2.912245101249882973e-09
2.911411495132742347e-09
2.910578120274125167e-09
2.909744858095594962e-09
2.908911736569532626e-09
2.908078804226073382e-09
2.907245983200831366e-09
2.906413327400394511e-09
2.905580855514192006e-09
2.904748549041171811e-09
2.903916677795296627e-09
2.903084997906075628e-09
2.902253516266239837e-09
2.901422446065599015e-09
2.900591532634433974e-09
2.899760835845621385e-09
2.898930496969257169e-09
2.898100331445685242e-09
2.897270364066501178e-09
2.896440695637890538e-09
2.895611216191153552e-09
2.894781929997189159e-09
2.893952919123343337e-09
2.893124062983888546e-09
2.892295404466925661e-09
2.891467006471709758e-09
2.890638757361945784e-09
2.889810689081363346e-09
2.888982851315062247e-09
2.888155167918751409e-09
2.887327647668926732e-09
2.886500339583650400e-09
2.885673194419426215e-09
2.884846095898482854e-09
2.884019072166137381e-09
2.883191983178285144e-09
2.882364871372159815e-09
2.881537870245005709e-09
2.880710736358672424e-09
2.879883597392347132e-09
2.879056571831822078e-09
2.878229361862959983e-09
2.877402176389231931e-09
2.876575104843200075e-09
2.875747826552307248e-09
2.874920564548270224e-09
2.874093402998370278e-09
2.873266070260464299e-09
2.872438735363948208e-09
2.871611472702137161e-09
2.870784069011104772e-09
2.869956662926763420e-09
2.869129291441953174e-09
2.868301804232148697e-09
2.867474318445977475e-09
2.866646836637331526e-09
2.865819263231336754e-09
2.864991692808486556e-09
2.864164015498901124e-09
2.863336119345119292e-09
2.862507950418935176e-09
2.861679620270176161e-09
2.860851101621293067e-09
2.860022259582289870e-09
2.859193291868301877e-09
2.858364150761376039e-09
2.857534685359504109e-09
2.856705101576836867e-09
2.855875315465350494e-09
2.855045254135654614e-09
2.854215063483879610e-09
2.853384652632214190e-09
2.852554023621918836e-09
2.851723239216370975e-09
2.850892232297914848e-09
2.850061052452829885e-09
2.849229696061814611e-09
2.848398123247705170e-09
2.847566409688483217e-09
2.846734510525814088e-09
2.845902397033809945e-09
2.845070169830280024e-09
2.844237741789502640e-09
2.843405101374184291e-09
2.842572313429107618e-09
2.841739128265725066e-09
2.840905719758724056e-09
2.840072112035749996e-09
2.839238150143154399e-09
2.838403974183716319e-09
2.837569597084393513e-09
2.836734913017683231e-09
2.835899982647027190e-09
2.835064905039986492e-09
2.834229534130582863e-09
2.833393903786457177e-09
2.832558147495591393e-09
2.831722112620441499e-09
2.830885825089040043e-09
2.830049416184434277e-09
2.829212737280576940e-09
2.828375848435633160e-09
2.827538815294215047e-09
2.826701540653998362e-09
2.825864075895471875e-09
2.825026448651321116e-09
2.824188606305799965e-09
2.823350605115573140e-09
2.822512417037231813e-09
2.821673948981855081e-09
2.820835287154898489e-09
2.819995879233086972e-09
2.819156205054851135e-09
2.818316204768930191e-09
2.817475646350942289e-09
2.816634765873822485e-09
2.815793503023089677e-09
2.814951839297691825e-09
2.814109754260311686e-09
2.813267358262578231e-09
2.812424638985897335e-09
2.811581403819829033e-09
2.810737954837057666e-09
2.809894182164615973e-09
2.809049906066524314e-09
2.808205443596037968e-09
2.807360625164808194e-09
2.806515420135388591e-09
2.805669985536658782e-09
2.804824180209695504e-09
2.803978096051397805e-09
2.803131719248510371e-09
2.802285008290243058e-09
2.801438085133458401e-09
2.800590803628797083e-09
2.799743219001484603e-09
2.798895422879750504e-09
2.798046979949982104e-09
2.797198232687010599e-09
2.796349202667677244e-09
2.795499612660304081e-09
2.794649670073702247e-09
2.793799468132669883e-09
2.792948862420296398e-09
2.792097802559738144e-09
2.791246509810118020e-09
2.790394845535524061e-09
2.789542810217706257e-09
2.788690498582300491e-09
2.787837827808454256e-09
2.786984869173549175e-09
2.786131582278525433e-09
2.785277984342856434e-09
2.784424146857005529e-09
2.783569938099408485e-09
2.782715475055020629e-09
2.781860787932037458e-09
2.781005730466838299e-09
2.780150448441293836e-09
2.779294927717893956e-09
2.778439111755866355e-09
2.777583054662528818e-09
2.776726758324735328e-09
2.775870232908646043e-09
2.775013466336541418e-09
2.774156476874775469e-09
2.773299300012263482e-09
2.772441864780438894e-09
2.771584243574589802e-09
2.770726458314340695e-09
2.769868405550058045e-09
2.769010212716965753e-09
2.768151866656495904e-09
2.767293262235977463e-09
2.766434541929881324e-09
2.765575674859886920e-09
2.764716585193604031e-09
2.763857367366383567e-09
2.762998021452340912e-09
2.762138473021102389e-09
2.761278797716681069e-09
2.760419008771760662e-09
2.759559032765790412e-09
2.758698932298475174e-09
2.757838731574664017e-09
2.756978356803228443e-09
2.756117869012010528e-09
2.755257285544009453e-09
2.754396539176572941e-09
2.753535672257378302e-09
2.752674705322562325e-09
2.751813505331924867e-09
2.750952184561006989e-09
2.750090738179955274e-09
2.749229134362390159e-09
2.748367376770845712e-09
2.747505489004896064e-09
2.746643499441468023e-09
2.745781328326233049e-09
2.744919048594904458e-09
2.744056675990824967e-09
2.743194159924069615e-09
2.742331527551749258e-09
2.741468796602881799e-09
2.740605966033674906e-09
2.739742994373484404e-09
2.738879946136662815e-09
2.738016811252782076e-09
2.737153536503909824e-09
2.736290190545594774e-09
2.735426752103634998e-09
2.734563214519997499e-09
2.733699592935838336e-09
2.732835875644014466e-09
2.731972090471764710e-09
2.731108205256100348e-09
2.730244259716690461e-09
2.729380312491155614e-09
2.728516390038687910e-09
2.727652548189786958e-09
2.726788748821352687e-09
2.725924885389434749e-09
2.725061230197037313e-09
2.724197554724818649e-09
2.723333886370764608e-09
2.722470294093062818e-09
2.721606777514960223e-09
2.720743290017881401e-09
2.719879776361160285e-09
2.719016447227037150e-09
2.718153107423387571e-09
2.717289782415020887e-09
2.716426552731389294e-09
2.715563367393461657e-09
2.714700228535143924e-09
2.713837099101832106e-09
2.712974100571727030e-09
2.712111111590154057e-09
2.711248126910361157e-09
2.710385270200041230e-09
2.709522433439112001e-09
2.708659629131456053e-09
2.707796876825005621e-09
2.706934212552189490e-09
2.706071609155895975e-09
2.705209083231794286e-09
2.704346983634815930e-09
2.703485048030474495e-09
2.702623329170394163e-09
2.701761766866707472e-09
2.700900631418216219e-09
2.700039610549018626e-09
2.699178773544645404e-09
2.698318213327257430e-09
2.697457893191211744e-09
2.696597736081215136e-09
2.695737737439171559e-09
2.694878143899458128e-09
2.694018621136847486e-09
2.693159331658580619e-09
2.692300247356398566e-09
2.691441389850376419e-09
2.690582721675188130e-09
2.689724147666681662e-09
2.688865959987696759e-09
2.688007847372154151e-09
2.687149925393728611e-09
2.686292221947597786e-09
2.685434670719022839e-09
2.684577350576035169e-09
2.683720110205904886e-09
2.682863161096876639e-09
2.682006355561697741e-09
2.681149706203071149e-09
2.680293362122618380e-09
2.679437314602517936e-09
2.678581483388162027e-09
2.677725838645021591e-09
2.676870552320784921e-09
2.676015458681102771e-09
2.675160527922326798e-09
2.674305888687145393e-09
2.673451531003950865e-09
2.672597309739382960e-09
2.671743316892248961e-09
2.670889568215155598e-09
2.670036035636901601e-09
2.669182648624347870e-09
2.668329509697597778e-09
2.667476616725833654e-09
2.666623803675157683e-09
2.665771313094336087e-09
2.664918944417878769e-09
2.664066760183727903e-09
2.663214802918673113e-09
2.662362951864049862e-09
2.661511360160768036e-09
2.660659899774504528e-09
2.659808630587399603e-09
2.658957509223425842e-09
2.658106547729421243e-09
2.657255841689524736e-09
2.656405288734951164e-09
2.655555169531391502e-09
2.654705444491967281e-09
2.653855974082116690e-09
2.653006727565573785e-09
2.652158011307537729e-09
2.651309487397448691e-09
2.650461281371325125e-09
2.649613336246790294e-09
2.648765833936962795e-09
2.647918511786190523e-09
2.647071443987060022e-09
2.646224733640244618e-09
2.645378299320731787e-09
2.644532080034650108e-09
2.643686092930446296e-09
2.642840535337238589e-09
2.641995077450837574e-09
2.641149962391316649e-09
2.640305042928467715e-09
2.639460415063327904e-09
2.638616022387915111e-09
2.637771784764971592e-09
2.636927902942187621e-09
2.636084174535158356e-09
2.635240715972973751e-09
2.634397412994418802e-09
2.633554399393199768e-09
2.632711607872548992e-09
2.631869017723393926e-09
2.631026817804082037e-09
2.630185024537347605e-09
2.629343506152215176e-09
2.628502225050569746e-09
2.627661405625996593e-09
2.626820865953024004e-09
2.625980553943979204e-09
2.625140543494986382e-09
2.624300943484631688e-09
2.623461544008885955e-09
2.622622423293447953e-09
2.621783588941320159e-09
2.620945096066554997e-09
2.620106756968856620e-09
2.619268756973739929e-09
2.618430991065883937e-09
2.617593498436885620e-09
2.616756237575953594e-09
2.615919173630329470e-09
2.615082468983729282e-09
2.614245872011339446e-09
2.613409621738358457e-09
2.612573517725909033e-09
2.611737677162764630e-09
2.610902071739936852e-09
2.610066617991151870e-09
2.609231438092530088e-09
2.608396436706984542e-09
2.607561685192187970e-09
2.606727057706396789e-09
2.605892732101824108e-09
2.605058640779065004e-09
2.604224694679222518e-09
2.603390960926128142e-09
2.602557483071833742e-09
2.601724162641700868e-09
2.600890995046751925e-09
2.600058080182170340e-09
2.599225343049365192e-09
2.598392747816637135e-09
2.597560305524089525e-09
2.596728091259869648e-09
2.595896020859784508e-09
2.595064036078407581e-09
2.594232320413073773e-09
2.593400710494950362e-09
2.592569233481149443e-09
2.591737925061315742e-09
2.590906753270102523e-09
2.590075744267151253e-09
2.589244811785244532e-09
2.588414103662954506e-09
2.587583480578801916e-09
2.586752963041130699e-09
2.585922631557775926e-09
2.585092388907883684e-09
2.584262266621373247e-09
2.583432270167342382e-09
2.582602444413390588e-09
2.581772732815657282e-09
2.580943283484471151e-09
2.580114100341770515e-09
2.579285077201828826e-09
2.578456209728896598e-09
2.577627630818031074e-09
2.576799235756549354e-09
2.575971018352728273e-09
2.575142918764572711e-09
