2.103048868188963573e-06
2.215285392247499368e-06
2.324626730766055672e-06
2.431111688095686292e-06
2.534795559168450233e-06
2.635724034814906432e-06
2.733930797306288811e-06
2.829492493523905923e-06
2.922448770481182323e-06
3.012858452888646025e-06
3.100769551376135360e-06
3.186236279433930827e-06
3.269309649804416114e-06
3.350040081790884115e-06
3.428478350524581377e-06
3.504668405916587203e-06
3.578663169498921728e-06
3.650504386778381410e-06
3.720242909733885952e-06
3.787915855413363724e-06
3.853569327080568136e-06
3.917242890548467278e-06
3.978980513561964300e-06
4.038822497972667371e-06
4.096802248233357576e-06
4.152963519500798276e-06
4.207346060211645733e-06
4.259978261571409801e-06
4.310896433621345856e-06
4.360138916045973676e-06
4.407740847645245774e-06
4.453729404260756300e-06
4.498138548312277162e-06
4.541006250834853280e-06
4.582349813835894793e-06
4.622214088666000667e-06
4.660615635591873558e-06
4.697590115467369447e-06
4.733164751187851991e-06
4.767367148086744780e-06
4.800212359281263063e-06
4.831751630073424344e-06
4.861982934362978526e-06
4.890942489969790378e-06
4.918656888813114691e-06
4.945149097979297990e-06
4.970446834703721900e-06
4.994555114541166831e-06
5.017514947700318304e-06
5.039339315418916842e-06
5.060050631470270373e-06
5.079681511124096465e-06
5.098236723553628432e-06
5.115747947711621566e-06
5.132237590419930086e-06
5.147711702683145792e-06
5.162205683360497927e-06
5.175735331634361397e-06
5.188307571933410388e-06
5.199956981210691708e-06
5.210700299896449973e-06
5.220542756586854832e-06
5.229516234739475740e-06
5.237639105181970970e-06
5.244914098036620267e-06
5.251371064337612391e-06
5.257026083054712065e-06
5.261884256268684812e-06
5.265973112424511675e-06
5.269318925614159485e-06
5.271928342896732586e-06
5.273806903321826319e-06
5.274980018386732839e-06
5.275463267295363338e-06
5.275274544017733595e-06
5.274424901121947619e-06
5.272935668027475368e-06
5.270806904727189702e-06
5.268065507572677212e-06
5.264726326202308487e-06
5.260804513253690872e-06
5.256299603946258106e-06
5.251240681569062449e-06
5.245637671036196446e-06
5.239499127289962554e-06
5.232847881371327014e-06
5.225690855336944804e-06
5.218031726527712485e-06
5.209898647125929812e-06
5.201314635016345524e-06
5.192259004962598074e-06
5.182760076021488564e-06
5.172843753387424875e-06
5.162503864940730626e-06
5.151766531065724029e-06
5.140632702611688869e-06
5.129106570028846190e-06
5.117228362611748447e-06
5.104988945754841311e-06
5.092398734485301180e-06
5.079475619241335776e-06
5.066219951396689180e-06
5.052668163299300521e-06
5.038808697548754145e-06
5.024657741908049237e-06
5.010223967857230507e-06
4.995514729939011651e-06
4.980562085804356685e-06
4.965349695234970415e-06
4.949906981412458087e-06
4.934222472729354986e-06
4.918324639063759668e-06
4.902218564269114489e-06
4.885914871473971197e-06
4.869418788607164533e-06
4.852734677453495977e-06
4.835879062270774630e-06
4.818856738046668251e-06
4.801689187649643745e-06
4.784368591678795664e-06
4.766912570950428260e-06
4.749319156407848087e-06
4.731607125036275088e-06
4.713779608434298582e-06
4.695854066236609585e-06
4.677824924784752854e-06
4.659704688291202834e-06
4.641496956088783367e-06
4.623213933650946181e-06
4.604863215245311566e-06
4.586454434142220784e-06
4.567991711644632131e-06
4.549477023145343653e-06
4.530920526501751215e-06
4.512328491350656492e-06
4.493709446475798336e-06
4.475069491475782763e-06
4.456414407861001022e-06
4.437748059189043185e-06
4.419073992700581228e-06
4.400402751948077800e-06
4.381739799692421448e-06
4.363089838716961274e-06
4.344460266869776780e-06
4.325850652865082885e-06
4.307270606315371254e-06
4.288717396587791012e-06
4.270205462342608643e-06
4.251737989395849775e-06
4.233315352053318586e-06
4.214949181028583630e-06
4.196631671871874715e-06
4.178378016378187049e-06
4.160184494002799732e-06
4.142055900585099255e-06
4.124007968393927841e-06
4.106029368753738163e-06
4.088137281455086988e-06
4.070325727253621633e-06
4.052593634017081638e-06
4.034956651672661787e-06
4.017399931085437384e-06
3.999946166583017426e-06
3.982595606468710065e-06
3.965338234031456643e-06
3.948195652075976798e-06
3.931152662722055950e-06
3.914213915255051271e-06
3.897394185791437650e-06
3.880673902446092814e-06
3.864077633582012066e-06
3.847604686453692520e-06
3.831239742119213334e-06
3.815008955414100307e-06
3.798899665973083003e-06
3.782904119010716699e-06
3.767048317649513687e-06
3.751313749845984518e-06
3.735701434418044205e-06
3.720234763288174982e-06
3.704891755598977381e-06
3.689679243721678631e-06
3.674614807400347973e-06
3.659673674299079591e-06
3.644868848792210967e-06
3.630212452815594314e-06
3.615680740542523305e-06
3.601288741197378438e-06
3.587047290645423798e-06
3.572932616420910437e-06
3.558959219681120917e-06
3.545140044514817884e-06
3.531450344809522369e-06
3.517900409268590253e-06
3.504506843101686320e-06
3.491245395875981307e-06
3.478119042433951957e-06
3.465150048874575433e-06
3.452315951187092124e-06
3.439610973907565266e-06
3.427065479090994639e-06
3.414659401154757687e-06
3.402378571957572555e-06
3.390254620639124572e-06
3.378274392542428655e-06
3.366416775180578576e-06
3.354709789394523466e-06
3.343149468197363863e-06
3.331714953476451944e-06
3.320414996416448178e-06
3.309267426300358749e-06
3.298251223731634899e-06
3.287356540018750734e-06
3.276614573112694691e-06
3.266009442002549458e-06
3.255522537518987161e-06
3.245175277597247873e-06
3.234969736360375949e-06
3.224886150591399440e-06
3.214920472105323104e-06
3.205100510544055586e-06
3.195406940171916045e-06
3.185823062549093415e-06
3.176373369476066450e-06
3.167058575695695586e-06
3.157860050388759752e-06
3.148771462289342068e-06
3.139819434323938829e-06
3.130989076140161867e-06
3.122263037210768280e-06
3.113653214608245304e-06
3.105170765202211832e-06
3.096798248992051910e-06
3.088523592413999401e-06
3.080371500157349641e-06
3.072337380349039692e-06
3.064406433992082026e-06
3.056572002259431331e-06
3.048856276702036937e-06
3.041247855165394459e-06
3.033732621544830994e-06
3.026311642491875235e-06
3.019002696550519595e-06
3.011791741626018031e-06
3.004665828970919065e-06
2.997633445996846803e-06
2.990705764755588710e-06
2.983869615043233756e-06
2.977113757797132203e-06
2.970447401734963152e-06
2.963877472710933946e-06
2.957391895859174932e-06
2.950979647782026730e-06
2.944650687275189462e-06
2.938410136824483689e-06
2.932246907798438739e-06
2.926151009631547012e-06
2.920131187548945908e-06
2.914193626754602961e-06
2.908327592479753000e-06
2.902524710337785952e-06
2.896789721731851959e-06
2.891129758674194919e-06
2.885535830624395317e-06
2.879999486524590370e-06
2.874521503225027365e-06
2.869112096997536753e-06
2.863762683603829731e-06
2.858465908830316995e-06
2.853219050377192159e-06
2.848032480565303611e-06
2.842900947413375021e-06
2.837817485236330628e-06
2.832776954405645191e-06
2.827788052055318576e-06
2.822848595796745118e-06
2.817952608477621115e-06
2.813094790782566710e-06
2.808277505592223731e-06
2.803503992154057088e-06
2.798769244485081394e-06
2.794068390116993846e-06
2.789399034901701320e-06
2.784766614893836832e-06
2.780167808259729295e-06
2.775598912789749402e-06
2.771056067964758681e-06
2.766540951363789750e-06
2.762054114264071396e-06
2.757592150710804826e-06
2.753152058700251568e-06
2.748731804050432980e-06
2.744333620447424098e-06
2.739955489463170983e-06
2.735594853182431814e-06
2.731249575791045918e-06
2.726919015057623376e-06
2.722603229440037588e-06
2.718300168353862899e-06
2.714008181839020976e-06
2.709725877934314430e-06
2.705452002133217457e-06
2.701185250566662644e-06
2.696924477775267789e-06
2.692668812623523414e-06
2.688417354739816382e-06
2.684168317707141872e-06
2.679920789634136598e-06
2.675674308474643422e-06
2.671428587855070439e-06
2.667182591748200415e-06
2.662933033326226508e-06
2.658679402088740343e-06
2.654421949914732741e-06
2.650160908722191005e-06
2.645894742131035713e-06
2.641619005909473308e-06
2.637333830041928385e-06
2.633039935601469785e-06
2.628738029440047291e-06
2.624426897609788200e-06
2.620102254683603909e-06
2.615764672312289373e-06
2.611415233837622609e-06
2.607055109931956145e-06
2.602683040533452006e-06
2.598293554922404357e-06
2.593886921090678420e-06
2.589464883272975140e-06
2.585028834507569683e-06
2.580578664739361098e-06
2.576107530382774391e-06
2.571615455324624449e-06
2.567104657674381173e-06
2.562576572828045824e-06
2.558032538368070953e-06
2.553466282217114946e-06
2.548877774858581728e-06
2.544268390780507232e-06
2.539640384208400346e-06
2.534995082412213695e-06
2.530329010648082413e-06
2.525637073637024812e-06
2.520922252405872897e-06
2.516186153203928478e-06
2.511430887638561329e-06
2.506655825367624392e-06
2.501854477672782243e-06
2.497027548423381755e-06
2.492177761966769681e-06
2.487306982024018903e-06
2.482416972725850370e-06
2.477503345033159812e-06
2.472563814496363926e-06
2.467601148949053224e-06
2.462617067333375770e-06
2.457613642533160784e-06
2.452590646676596982e-06
2.447542094389237352e-06
2.442468827687773402e-06
2.437373319554917161e-06
2.432257410432005303e-06
2.427122937465517983e-06
2.421967437818843898e-06
2.416786868411370972e-06
2.411584114807070456e-06
2.406360697968713462e-06
2.401118578462404630e-06
2.395859282290371051e-06
2.390579031864648151e-06
2.385277568922792210e-06
2.379956888806228801e-06
2.374618442162323148e-06
2.369264048818437057e-06
2.363894669804395396e-06
2.358505691589435776e-06
2.353098267827608504e-06
2.347673639070934109e-06
2.342233610891874815e-06
2.336779434698465859e-06
2.331311637604356517e-06
2.325827804748114207e-06
2.320328838435983786e-06
2.314815977947407718e-06
2.309290742433166024e-06
2.303754121139007198e-06
2.298206687392186508e-06
2.292647549444368183e-06
2.287077578546189573e-06
2.281497731714662043e-06
2.275909154271820977e-06
2.270312431702361397e-06
2.264708413012655117e-06
2.259096593219721116e-06
2.253477765205758516e-06
2.247852552755687585e-06
2.242221616700223882e-06
2.236585564246197796e-06
2.230945013780411494e-06
2.225301271344135675e-06
2.219655157627946995e-06
2.214007066943060128e-06
2.208357246277712482e-06
2.202706095233527703e-06
2.197053702958783783e-06
2.191402200689678189e-06
2.185753259901291612e-06
2.180107130906895647e-06
2.174463551858235932e-06
2.168822527521106497e-06
2.163184015368912949e-06
2.157549192567358577e-06
2.151921856348241686e-06
2.146301973254407569e-06
2.140689220943061459e-06
2.135083349849217608e-06
2.129483670314148803e-06
2.123890094621782288e-06
2.118307314733210954e-06
2.112737775488292081e-06
2.107180142144631391e-06
2.101633774189294326e-06
2.096097955511151802e-06
2.090572118274773907e-06
2.085057654458451154e-06
2.079560742113225924e-06
2.074080969572602394e-06
2.068617394734153287e-06
2.063168892607677340e-06
2.057734385187549521e-06
2.052312914524373819e-06
2.046909552454563797e-06
2.041528933177087999e-06
2.036169989312354795e-06
2.030831505989731252e-06
2.025511297017988998e-06
2.020208898410302795e-06
2.014922798770193802e-06
2.009661158389916717e-06
2.004427098188549181e-06
1.999218348093256548e-06
1.994032883956845950e-06
1.988869604743101145e-06
1.983726633488745321e-06
1.978603274247900088e-06
1.973510020553586602e-06
1.968447691707244945e-06
1.963413636470732669e-06
1.958405761213048057e-06
1.953423351673853578e-06
1.948463520279904448e-06
1.943526138692476811e-06
1.938622898506509829e-06
1.933754130065991769e-06
1.928917052501201138e-06
1.924109323604420233e-06
1.919329984722505462e-06
1.914576245997173739e-06
1.909846995319922462e-06
1.905153728412268783e-06
1.900498343946839980e-06
1.895877782400337425e-06
1.891289754880785832e-06
1.886731460279346023e-06
1.882202193530255086e-06
1.877699238861818570e-06
1.873231337023015982e-06
1.868803591305539192e-06
1.864413260729411541e-06
1.860057713631684359e-06
1.855735135230138164e-06
1.851442336272777237e-06
1.847177559392394670e-06
1.842945974179124892e-06
1.838756171299518701e-06
1.834606288010107561e-06
1.830493262290992242e-06
1.826415519434767258e-06
1.822369666495476143e-06
1.818353686198203331e-06
1.814367330864911076e-06
1.810423074225349848e-06
1.806521303694153103e-06
1.802658380182531705e-06
1.798832219330603230e-06
1.795039957209423140e-06
1.791279336323541079e-06
1.787548775170890848e-06
1.783853676958003444e-06
1.780201500444834024e-06
1.776590326684422864e-06
1.773016904779967337e-06
1.769479458335779510e-06
1.765975235981302666e-06
1.762501714961189202e-06
1.759057638077777832e-06
1.755653121804516413e-06
1.752291283402624590e-06
1.748968619439700828e-06
1.745682709334325948e-06
1.742430874746350601e-06
1.739211362216137329e-06
1.736021945828324813e-06
1.732861907163794734e-06
1.729743681819717923e-06
1.726666202349808649e-06
1.723626474040176471e-06
1.720621975873506408e-06
1.717650983819203942e-06
1.714710707365922101e-06
1.711799190332530407e-06
1.708917941962834025e-06
1.706076813089072629e-06
1.703274194639889185e-06
1.700507239242279549e-06
1.697774050402852856e-06
1.695072397160699948e-06
1.692399928931176397e-06
1.689754831828553284e-06
1.687138437672789694e-06
1.684559692822215344e-06
1.682017163940402503e-06
1.679508195571711399e-06
1.677030717484742274e-06
1.674583095224820551e-06
1.672163005387788420e-06
1.669768666032314447e-06
1.667399721557242074e-06
1.665065867029081721e-06
1.662765700340819666e-06
1.660497199419494050e-06
1.658258011778712658e-06
1.656046347343876735e-06
1.653860565475118090e-06
1.651698928733020753e-06
1.649560469312879905e-06
1.647451764135568303e-06
1.645374152064920624e-06
1.643325571500174345e-06
1.641303990922333257e-06
1.639307873892873940e-06
1.637335924651905627e-06
1.635386191115212186e-06
1.633457351734636218e-06
1.631552238842411470e-06
1.629674878376350258e-06
1.627823616003473062e-06
1.625996681360059206e-06
1.624192697854012423e-06
1.622410236580222217e-06
1.620647800799748561e-06
1.618904141170191535e-06
1.617178640357779275e-06
1.615476598617311105e-06
1.613797843435314394e-06
1.612140579830399885e-06
1.610503414166386465e-06
1.608885158989153337e-06
1.607284747100027277e-06
1.605701084755237922e-06
1.604132958710642790e-06
1.602581449753490079e-06
1.601049457489588798e-06
1.599536111545745144e-06
1.598040261149489909e-06
1.596560766595496849e-06
1.595096487809255117e-06
1.593646450658326520e-06
1.592209790719104629e-06
1.590785592431345510e-06
1.589375418133495315e-06
1.587980398148715610e-06
1.586599504821112555e-06
1.585231749841713110e-06
1.583876310928163484e-06
1.582532541757714676e-06
1.581199657487424180e-06
1.579876841765380518e-06
1.578563482782584010e-06
1.577260533045832957e-06
1.575968430723193626e-06
1.574686365361482874e-06
1.573413558298787161e-06
1.572149456521923059e-06
1.570893564105039515e-06
1.569645347652124352e-06
1.568404191998811244e-06
1.567169631755750597e-06
1.565941754929013628e-06
1.564720484236999190e-06
1.563505326103832675e-06
1.562295747791501028e-06
1.561091370946692519e-06
1.559891855398674353e-06
1.558696821867690609e-06
1.557505958763308747e-06
1.556318944612291249e-06
1.555135219192224501e-06
1.553954236674500464e-06
1.552775732147329564e-06
1.551599324991594770e-06
1.550424831905845605e-06
1.549252090798762859e-06
1.548080956613854309e-06
1.546911262213616996e-06
1.545742865107168554e-06
1.544575346361364726e-06
1.543407013415233383e-06
1.542237828830439182e-06
1.541067727601837114e-06
1.539896576673863770e-06
1.538724374398985647e-06
1.537551165833655641e-06
1.536376939074789949e-06
1.535201553634670728e-06
1.534025042837356066e-06
1.532845521701164156e-06
1.531661776274735906e-06
1.530474093362118169e-06
1.529282496621661774e-06
1.528086803351320590e-06
1.526887536211764422e-06
1.525684818824473755e-06
1.524478593497654867e-06
1.523269151299759558e-06
1.522056204920812435e-06
1.520836470373909630e-06
1.519610338594558732e-06
1.518378093058894398e-06
1.517139866087507220e-06
1.515896050086416452e-06
1.514646606976231462e-06
1.513391819864775596e-06
1.512132186309366254e-06
1.510867873298514146e-06
1.509597506581167275e-06
1.508318943787186284e-06
1.507031873918723308e-06
1.505737120435596451e-06
1.504434965217514928e-06
1.503125778387804689e-06
1.501810027569772188e-06
1.500487560048616569e-06
1.499158954835343842e-06
1.497824706899311317e-06
1.496482779087495843e-06
1.495131422817947892e-06
1.493770194273818306e-06
1.492400077587650559e-06
1.491021429190740294e-06
1.489634672000954274e-06
1.488240418516873982e-06
1.486838434058462825e-06
1.485429445654571794e-06
1.484014017689925301e-06
1.482590495139680748e-06
1.481157201048256282e-06
1.479713840249437452e-06
1.478261318392352828e-06
1.476800114491251348e-06
1.475330841661290530e-06
1.473853545870865199e-06
1.472368519242888732e-06
1.470876625659576707e-06
1.469377906530797610e-06
1.467872022377136235e-06
1.466356194813952466e-06
1.464830903394298616e-06
1.463296820625475955e-06
1.461754450121518807e-06
1.460203904317947779e-06
1.458645620887910753e-06
1.457080288920068424e-06
1.455507724698931715e-06
1.453928861776120984e-06
1.452343434639659016e-06
1.450749704208732876e-06
1.449147389035627563e-06
1.447537061151286209e-06
1.445918628687417231e-06
1.444292809729742968e-06
1.442659848184455195e-06
1.441020447990796887e-06
1.439374609193925488e-06
1.437722629763478276e-06
1.436065163692515977e-06
1.434401570032397909e-06
1.432730935802806335e-06
1.431053372149689776e-06
1.429369495975866462e-06
1.427679714024744590e-06
1.425984129627170627e-06
1.424283199171197856e-06
1.422577041927983446e-06
1.420865997681224794e-06
1.419150472363550581e-06
1.417430400533792675e-06
1.415705729370284669e-06
1.413976197501831322e-06
1.412241881851379066e-06
1.410503166867162613e-06
1.408760402976305103e-06
1.407013846133510471e-06
1.405263477076004993e-06
1.403509782118401127e-06
1.401752716501927234e-06
1.399992583509880619e-06
1.398229541300918113e-06
1.396463839454241854e-06
1.394695709515150576e-06
1.392925255843522696e-06
1.391152635345973085e-06
1.389378028122620841e-06
1.387601627264113274e-06
1.385823450775513587e-06
1.384043712937895405e-06
1.382262442063907162e-06
1.380479716742785068e-06
1.378695833903091125e-06
1.376911753266631009e-06
1.375127909603805628e-06
1.373344400861176876e-06
1.371561289748677174e-06
1.369778617899383858e-06
1.367996257033462826e-06
1.366214590078209652e-06
1.364433300154784368e-06
1.362652510061258894e-06
1.360872168586825285e-06
1.359092543189628643e-06
1.357314778439308493e-06
1.355539667128727392e-06
1.353767810459453304e-06
1.351998570849395994e-06
1.350231895039998358e-06
1.348468038694340204e-06
1.346706664585641321e-06
1.344947888038159997e-06
1.343191274932193443e-06
1.341437341735262731e-06
1.339685425162164274e-06
1.337936502771343345e-06
1.336193506059817005e-06
1.334455581403919742e-06
1.332722585570809195e-06
1.330994771543985554e-06
1.329271789872680438e-06
1.327553522209259030e-06
1.325839532440940274e-06
1.324130115459549711e-06
1.322424698082783549e-06
1.320723178664810032e-06
1.319026015316933282e-06
1.317335281459701348e-06
1.315651926417113597e-06
1.313976837754290441e-06
1.312308793843431302e-06
1.310647384175778752e-06
1.308993060527726626e-06
1.307345026225225875e-06
1.305703350453539478e-06
1.304067504409730167e-06
1.302437505099907546e-06
1.300812917642997169e-06
1.299194059107392272e-06
1.297585317873249749e-06
1.295985681745786890e-06
1.294395072087763586e-06
1.292813842968413782e-06
1.291240973158144118e-06
1.289676111706927100e-06
1.288119343718366494e-06
1.286570379065434470e-06
1.285028077225430274e-06
1.283493542244547251e-06
1.281965081175178730e-06
1.280443986584461366e-06
1.278934961330146365e-06
1.277436196169178156e-06
1.275947535995403995e-06
1.274469817200994064e-06
1.273001523819347301e-06
1.271542259833221339e-06
1.270092243527723175e-06
1.268651073196783220e-06
1.267217511029656964e-06
1.265792616987067737e-06
1.264374732442164485e-06
1.262964873943820619e-06
1.261567916603291591e-06
1.260182109992756098e-06
1.258807622775532392e-06
1.257444564249196565e-06
1.256091799078744558e-06
1.254749289666494860e-06
1.253416317693182055e-06
1.252093003873389832e-06
1.250778483877619449e-06
1.249472286471892760e-06
1.248174631560030818e-06
1.246885247844750439e-06
1.245607523546298408e-06
1.244341469971112334e-06
1.243088816147284513e-06
1.241847211529598417e-06
1.240616070261077457e-06
1.239396108032096207e-06
1.238186539111329183e-06
1.236986154763332896e-06
1.235795442113560937e-06
1.234613893644809657e-06
1.233440646204467162e-06
1.232275894439451971e-06
1.231120676084420802e-06
1.229978597140372470e-06
1.228848392259215149e-06
1.227728814875169934e-06
1.226621470239824244e-06
1.225524331448336675e-06
1.224437150099529080e-06
1.223359717180330876e-06
1.222292215078973709e-06
1.221233264170030236e-06
1.220182751076645032e-06
1.219140822993001461e-06
1.218107142681372681e-06
1.217084024135338530e-06
1.216072098875150732e-06
1.215072261214053997e-06
1.214082769705901392e-06
1.213103266105237774e-06
1.212134183107732448e-06
1.211173863667110969e-06
1.210223282636254345e-06
1.209281158883144349e-06
1.208346982584780854e-06
1.207421524315353560e-06
1.206503179712877753e-06
1.205592757243723387e-06
1.204692956380738503e-06
1.203802843031566651e-06
1.202924040306544948e-06
1.202054575509157824e-06
1.201194041732317282e-06
1.200342878749690940e-06
1.199499957957482302e-06
1.198665663525951043e-06
1.197838996191718068e-06
1.197019626965910608e-06
1.196208170408527453e-06
1.195403130070649055e-06
1.194605232208943007e-06
1.193816374323458385e-06
1.193035937843997260e-06
1.192265077333959313e-06
1.191502242330996152e-06
1.190747057428030322e-06
1.190000027389529098e-06
1.189259682959647309e-06
1.188526834431116549e-06
1.187800786808632895e-06
1.187080849380960819e-06
1.186367112105972617e-06
1.185659483539299334e-06
1.184957695843215417e-06
1.184262574221808082e-06
1.183574698624517920e-06
1.182894551974034491e-06
1.182220499517970406e-06
1.181553454315130533e-06
1.180892413832597070e-06
1.180237268689910058e-06
1.179587845895639676e-06
1.178943695648722898e-06
1.178305124413677936e-06
1.177671339643459030e-06
1.177042334796812529e-06
1.176417911920894367e-06
1.175798138178888755e-06
1.175184644935524362e-06
1.174576110880522827e-06
1.173972848615917762e-06
1.173374788049394179e-06
1.172781175268918585e-06
1.172192272688870614e-06
1.171607596352599231e-06
1.171027230498373204e-06
1.170450797752878229e-06
1.169878068602177186e-06
1.169308997534040397e-06
1.168743514109974321e-06
1.168181423047217371e-06
1.167622771020196193e-06
1.167067929275853047e-06
1.166516902439671170e-06
1.165968958209470384e-06
1.165424526306901341e-06
1.164883034942243401e-06
1.164344411312880705e-06
1.163808838032335969e-06
1.163275742293231832e-06
1.162745161014958101e-06
1.162217183977222797e-06
1.161691526015857938e-06
1.161167981923960476e-06
1.160646668416304243e-06
1.160127286756302167e-06
1.159609750086028357e-06
1.159094182612127750e-06
1.158580169779756687e-06
1.158067802970944405e-06
1.157556876112147156e-06
1.157047292302410586e-06
1.156539193014472447e-06
1.156032243395474170e-06
1.155526444972015401e-06
1.155021930492397499e-06
1.154518384775344637e-06
1.154015845277698133e-06
1.153514255429774128e-06
1.153012948610853453e-06
1.152511710000645331e-06
1.152010546375332236e-06
1.151509404388533723e-06
1.151008124796389594e-06
1.150506866822003505e-06
1.150005319387167668e-06
1.149503761320629447e-06
1.149002013936499454e-06
1.148500118636131589e-06
1.147998117497296122e-06
1.147495839489796450e-06
1.146993465875328611e-06
1.146490749979939995e-06
1.145987362438954939e-06
1.145482435015219279e-06
1.144976315405050096e-06
1.144468892918822624e-06
1.143960061300588320e-06
1.143450057470671996e-06
1.142938648658774271e-06
1.142426159273280552e-06
1.141912280351522801e-06
1.141397271940641884e-06
1.140880996792147590e-06
1.140363671539010002e-06
1.139845230405238602e-06
1.139325727954474931e-06
1.138804956468935424e-06
1.138281787056794270e-06
1.137756541203408124e-06
1.137228704486470752e-06
1.136699028271648471e-06
1.136166763529086054e-06
1.135632616627967277e-06
1.135096316074687683e-06
1.134557938423849147e-06
1.134017656942412199e-06
1.133475484199283809e-06
1.132931531347001780e-06
1.132385786702844491e-06
1.131838351545727661e-06
1.131289087549336003e-06
1.130737973392186874e-06
1.130183412109461818e-06
1.129626440613889181e-06
1.129066208174128527e-06
1.128503524052860519e-06
1.127938072581665011e-06
1.127370027967135239e-06
1.126799512657580140e-06
1.126226438987227160e-06
1.125651150941219107e-06
1.125073536134269933e-06
1.124493784250573622e-06
1.123911837944706226e-06
1.123327864095196096e-06
1.122741718770630568e-06
1.122153524649569660e-06
1.121561807334689011e-06
1.120967680691176145e-06
1.120370357003720424e-06
1.119770517071425362e-06
1.119167980705598681e-06
1.118562877611212290e-06
1.117955347352050447e-06
1.117345247386196625e-06
1.116732977953731061e-06
1.116118438098013110e-06
1.115501773443487316e-06
1.114883049906884650e-06
1.114262276250566134e-06
1.113639507899870303e-06
1.113014774408479936e-06
1.112387114896055386e-06
1.111757293014157598e-06
1.111124687042577720e-06
1.110490021647390785e-06
1.109852762680074193e-06
1.109213491838755558e-06
1.108571982178801531e-06
1.107928475737936449e-06
1.107282947743985721e-06
1.106635407922873025e-06
1.105986096565579614e-06
1.105335014693142296e-06
1.104682180843999652e-06
1.104027787336109912e-06
1.103371650697582841e-06
1.102713767348840261e-06
1.102054003506660500e-06
1.101392403634766517e-06
1.100729199801612331e-06
1.100064185084562322e-06
1.099397749435015156e-06
1.098729637856059565e-06
1.098060146592012477e-06
1.097389173128173104e-06
1.096716918402024475e-06
1.096043340849349217e-06
1.095368478392356810e-06
1.094692463751418338e-06
1.094015214456997094e-06
1.093336871121623555e-06
1.092657543844326862e-06
1.091977298135487056e-06
1.091296289235037901e-06
1.090614439299996999e-06
1.089931912145981331e-06
1.089248658918649787e-06
1.088564723946520019e-06
1.087880184857036939e-06
1.087195042746469552e-06
1.086509375680786547e-06
1.085823111342331675e-06
1.085136425742725382e-06
1.084449119070843010e-06
1.083761478965351723e-06
1.083073307879657588e-06
1.082384789903553751e-06
1.081696068358788210e-06
1.081007703467656203e-06
1.080319455268832385e-06
1.079631602892253788e-06
1.078943891538690539e-06
1.078256595741837919e-06
1.077569445170537887e-06
1.076882729379110922e-06
1.076196208851087665e-06
1.075510095232568567e-06
1.074824180525295219e-06
1.074138682753285397e-06
1.073453350699115103e-06
1.072768461585697415e-06
1.072083749012823757e-06
1.071399455306211788e-06
1.070715645845926166e-06
1.070033406118421321e-06
1.069352204617635174e-06
1.068672525532493404e-06
1.067993902166660816e-06
1.067316739391948595e-06
1.066640628261045895e-06
1.065965889906048564e-06
1.065292208694531965e-06
1.064619784770034606e-06
1.063948421890306680e-06
1.063278218383046110e-06
1.062609055470075251e-06
1.061940969590150314e-06
1.061273900831868184e-06
1.060607846962996775e-06
1.059942975134888242e-06
1.059280100938978359e-06
1.058619661141108675e-06
1.057961332955854228e-06
1.057305357620943206e-06
1.056651379796684569e-06
1.055999682191095971e-06
1.055349886898785807e-06
1.054702261834040611e-06
1.054056443121156699e-06
1.053412684713291106e-06
1.052770656980152613e-06
1.052130607483409555e-06
1.051492153686022601e-06
1.050855600642141026e-06
1.050220493780815543e-06
1.049587239485960226e-06
1.048955760780893295e-06
1.048327887483713017e-06
1.047702492107645690e-06
1.047080520408855561e-06
1.046461009222639826e-06
1.045844643969364894e-06
1.045230731052179931e-06
1.044619710334556891e-06
1.044011110908373531e-06
1.043405192592452351e-06
1.042801650296607483e-06
1.042200508970023076e-06
1.041601718623849290e-06
1.041005090746348158e-06
1.040410786794390673e-06
1.039818418398678591e-06
1.039228331931344386e-06
1.038640550620002096e-06
1.038057145679784319e-06
1.037476506601930757e-06
1.036899882576312293e-06
1.036326033958065016e-06
1.035755849817080521e-06
1.035188437271860031e-06
1.034624370216204848e-06
1.034063053626195887e-06
1.033504825641615562e-06
1.032949291235383962e-06
1.032396521914421234e-06
1.031846419550508892e-06
1.031298794738761645e-06
1.030753808271456574e-06
1.030211039478522180e-06
1.029670872096158643e-06
1.029133159449719149e-06
1.028599880028749543e-06
1.028069713796230119e-06
1.027543689409093504e-06
1.027020794042695029e-06
1.026501578468029372e-06
1.025985534697825807e-06
1.025472770520907766e-06
1.024963199978877171e-06
1.024456570175431642e-06
1.023953091776293675e-06
1.023452378450710327e-06
1.022954627637961116e-06
1.022459539555483181e-06
1.021967091200561594e-06
1.021477214956375389e-06
1.020989738057395470e-06
1.020505022209098784e-06
1.020023557135699956e-06
1.019546151358401830e-06
1.019071851614333274e-06
1.018601659883733679e-06
1.018134353770168770e-06
1.017670965282013518e-06
1.017210307999566630e-06
1.016753160474796772e-06
1.016298712096813432e-06
1.015847450739334027e-06
1.015398866738997669e-06
1.014953159318483585e-06
1.014510100554920072e-06
1.014069614989470064e-06
1.013631766608551408e-06
1.013196206299924091e-06
1.012763252510037675e-06
1.012332722830209325e-06
1.011906044779869703e-06
1.011482308226201588e-06
1.011062034567200230e-06
1.010644824548724968e-06
1.010230629302920071e-06
1.009819552256262660e-06
1.009411099222910643e-06
1.009005839341642376e-06
1.008602973166963591e-06
1.008202976552132852e-06
1.007805341631823167e-06
1.007410285216389410e-06
1.007017567349056708e-06
1.006627172526686271e-06
1.006239109123508719e-06
1.005853079719349847e-06
1.005469357649846284e-06
1.005087732622825325e-06
1.004709477609898725e-06
1.004333629012479736e-06
1.003960759305968310e-06
1.003590402477068575e-06
1.003222591815965984e-06
1.002857372077118026e-06
1.002494377760612050e-06
1.002134002155105073e-06
1.001775631995343435e-06
1.001419643321864743e-06
1.001065619171872454e-06
1.000713749521621325e-06
1.000363809410707528e-06
1.000015807944081549e-06
9.996697098897355382e-07
9.993253533179916996e-07
9.989829147692631979e-07
9.986422385995245926e-07
9.983037738905391674e-07
9.979674651729527438e-07
9.976331056267864949e-07
9.973009766098655320e-07
9.969705931617298175e-07
9.966423847451316296e-07
9.963157440139203880e-07
9.959910746808348046e-07
9.956679337656744674e-07
9.953466063172681539e-07
9.950267384739678828e-07
9.947085575580562203e-07
9.943918490666624819e-07
9.940766953247475552e-07
9.937628503602077899e-07
9.934504743123008533e-07
9.931392799199924905e-07
9.928295220565896262e-07
9.925209170206282044e-07
9.922140497737620950e-07
9.919082941903765824e-07
9.916041137725429139e-07
9.913010556559233138e-07
9.909993698467566629e-07
9.906987942886020881e-07
9.903993551670848364e-07
9.901011122376523141e-07
9.898038599850567063e-07
9.895077241575035268e-07
9.892125090988630891e-07
9.889183340453922661e-07
9.886250226740580997e-07
9.883326745300906572e-07
9.880411487898951558e-07
9.877505463732671532e-07
9.874606849215212056e-07
9.871717071473621496e-07
9.868833725286456068e-07
9.865958392331435429e-07
9.863088961840925139e-07
9.860226973804141702e-07
9.857370493513043474e-07
9.854520811467093405e-07
9.851676124939709203e-07
9.848837274360731371e-07
9.846003345765427258e-07
9.843174426117360892e-07
9.840350482446501132e-07
9.837530843951148980e-07
9.834716031247302563e-07
9.831904955786091596e-07
9.829098552759749892e-07
9.826295378643912130e-07
9.823496683885940119e-07
9.820700937678473560e-07
9.817908979547299872e-07
9.815118527963391375e-07
9.812328770416212532e-07
9.809539885624618193e-07
9.806751557466165212e-07
9.803963959137591488e-07
9.801177134175405833e-07
9.798390081742985945e-07
9.795603834962569940e-07
9.792816761631475550e-07
9.790030263953804049e-07
9.787243756239761976e-07
9.784457024149493737e-07
9.781670826938885762e-07
9.778883735258182057e-07
9.776097037668548318e-07
9.773309457014471121e-07
9.770522165349726909e-07
9.767734394907755602e-07
9.764946308587572510e-07
9.762156912477596008e-07
9.759362736319924801e-07
9.756566110541782170e-07
9.753766183823736517e-07
9.750962580649544781e-07
9.748156608028504608e-07
9.745345701429518311e-07
9.742532633211583752e-07
9.739715671355547048e-07
9.736895747026222692e-07
9.734072756724330871e-07
9.731245657337521478e-07
9.728415957973227378e-07
9.725583019738886770e-07
9.722747153906124873e-07
9.719908643701549542e-07
9.717066798688448206e-07
9.714222326105802021e-07
9.711374580927774673e-07
9.708523680707733104e-07
9.705668776412974211e-07
9.702806860269412368e-07
9.699940777625916355e-07
9.697068127241862191e-07
9.694190890478578763e-07
9.691308671092098819e-07
9.688420427158334542e-07
9.685527880048447929e-07
9.682629469748861737e-07
9.679727092614169047e-07
9.676819530406767827e-07
9.673907234456127684e-07
9.670990195844802217e-07
9.668068519599947153e-07
9.665142735042173053e-07
9.662212911839609484e-07
9.659278750778043589e-07
9.656340873657636506e-07
9.653398484599168856e-07
9.650451707477499173e-07
9.647500294408742490e-07
9.644541816711342305e-07
9.641578831581086746e-07
9.638608998642422564e-07
9.635634400561401974e-07
9.632654525516659826e-07
9.629668606177989298e-07
9.626678273281606634e-07
9.623682126010571007e-07
9.620681789829449355e-07
9.617676137689199781e-07
9.614665543623196530e-07
9.611650506919520809e-07
9.608630925073129491e-07
9.605607227602010506e-07
9.602579410790831709e-07
9.599547357989828200e-07
9.596510929062252353e-07
9.593470842758841180e-07
9.590426578260427232e-07
9.587379150887504459e-07
9.584326722580169740e-07
9.581271008458579333e-07
9.578210967922032756e-07
9.575147342351812615e-07
9.572080343284110270e-07
9.569009165141333683e-07
9.565935263596765505e-07
9.562857215497199735e-07
9.559776237598786250e-07
9.556692009969805333e-07
9.553604580382936384e-07
9.550514537762906040e-07
9.547421184410134661e-07
9.544325431852964153e-07
9.541226231741051959e-07
9.538124840368716090e-07
9.535020645907935472e-07
9.531914172236773991e-07
9.528805280278200589e-07
9.525694281311969883e-07
9.522582243363509018e-07
9.519469084613072238e-07
9.516355258558086682e-07
9.513240649538402514e-07
9.510125285658490336e-07
9.507008699715206768e-07
9.503892136653147135e-07
9.500774682422022106e-07
9.497656463714502011e-07
9.494537856650259360e-07
9.491418196764972845e-07
9.488298821935675712e-07
9.485178690297903853e-07
9.482057989625398085e-07
9.478937261045080529e-07
9.475815653922306547e-07
9.472694440772013683e-07
9.469572375082795768e-07
9.466450160089136413e-07
9.463327791459003135e-07
9.460206227077179211e-07
9.457087749908226818e-07
9.453972136319105439e-07
9.450858771396318729e-07
9.447749672389342043e-07
9.444642698540901105e-07
9.441537986968930820e-07
9.438437488934779377e-07
9.435338890273989264e-07
9.432243427828417458e-07
9.429150504272042094e-07
9.426059829556441483e-07
9.422973143815849129e-07
9.419888332996323812e-07
9.416805809549218484e-07
9.413726235515434957e-07
9.410649127525403487e-07
9.407574931116643795e-07
9.404502854633202546e-07
9.401432613213889935e-07
9.398365663470135837e-07
9.395301927041558578e-07
9.392243626414154971e-07
9.389193688438752909e-07
9.386148907354797824e-07
9.383112183174687034e-07
9.380081368392251378e-07
9.377055600576215185e-07
9.374038798541027131e-07
9.371026135631899264e-07
9.368019926572882471e-07
9.365020708837118492e-07
9.362026536906002763e-07
9.359038477121072575e-07
9.356055446164696068e-07
9.353077950957985502e-07
9.350107348529471647e-07
9.347141160390488395e-07
9.344179565145570793e-07
9.341223633563499356e-07
9.338272857604566935e-07
9.335327102515140515e-07
9.332386414308492422e-07
9.329451412887673514e-07
9.326529844191830549e-07
9.323616376062060497e-07
9.320710257379490467e-07
9.317818088460564145e-07
9.314931934929394797e-07
9.312055520092756428e-07
9.309189044676308183e-07
9.306329904969768448e-07
9.303480567176625928e-07
9.300638792545340828e-07
9.297805210772247769e-07
9.294981274514262492e-07
9.292163666678431321e-07
9.289353282225619816e-07
9.286551918523154462e-07
9.283757948132130872e-07
9.280970627490927401e-07
9.278190404662138868e-07
9.275416535295105969e-07
9.272650674596453042e-07
9.269892014572037990e-07
9.267140262687920464e-07
9.264405364641144600e-07
9.261679741213040090e-07
9.258963486687431922e-07
9.256263076830299068e-07
9.253569890586625427e-07
9.250889071944016182e-07
9.248219143772885919e-07
9.245558266729664736e-07
9.242908965832317302e-07
9.240268607564319620e-07
9.237638077408218454e-07
9.235018511514312487e-07
9.232406393060909619e-07
9.229802894333384160e-07
9.227210576901065572e-07
9.224626315716050747e-07
9.222049652535566099e-07
9.219481317787255801e-07
9.216921721433420961e-07
9.214369981146892540e-07
9.211826474349212569e-07
9.209290725514584151e-07
9.206771202470337094e-07
9.204262501857815822e-07
9.201763449014786875e-07
9.199279816240419296e-07
9.196805434969402523e-07
9.194340942776929189e-07
9.191891376429966932e-07
9.189449291753338429e-07
9.187018885169802668e-07
9.184599643354772541e-07
9.182189107975079260e-07
9.179788792554734767e-07
9.177397505452858283e-07
9.175016916676329538e-07
9.172645496405143837e-07
9.170281927247291777e-07
9.167926739918491652e-07
9.165581740162837220e-07
9.163245061191838645e-07
9.160914814085638193e-07
9.158593752182538208e-07
9.156281757068542863e-07
9.153978077761424739e-07
9.151689806576122010e-07
9.149410133128604412e-07
9.147141424366083801e-07
9.144885585342672907e-07
9.142637632057831877e-07
9.140401777053461507e-07
9.138175386807724787e-07
9.135957955073817562e-07
9.133751469710008363e-07
9.131553517377050575e-07
9.129364962228983239e-07
9.127186062309022489e-07
9.125013993923054711e-07
9.122851481218081556e-07
9.120698427553044636e-07
9.118552502120562752e-07
9.116413697942646134e-07
9.114283531144478200e-07
9.112161595937429043e-07
9.110045661242207545e-07
9.107937514216349152e-07
9.105837378103257109e-07
9.103745465269457528e-07
9.101665379503136213e-07
9.099592402959826662e-07
9.097529525296690430e-07
9.095476446361540020e-07
9.093430351602854871e-07
9.091394256095438401e-07
9.089365818087695279e-07
9.087344830688026017e-07
9.085332894580214356e-07
9.083328123683201717e-07
9.081331018131568626e-07
9.079341650013089558e-07
9.077357787009769236e-07
9.075382729760705990e-07
9.073414578185591027e-07
9.071452204580353874e-07
9.069495949374906278e-07
9.067547013852791262e-07
9.065604562774587172e-07
9.063666791006643130e-07
9.061735569567173638e-07
9.059811063643045879e-07
9.057891377237896065e-07
9.055981565481483099e-07
9.054077541461422054e-07
9.052179430418091275e-07
9.050290291795885308e-07
9.048405845806390162e-07
9.046527928349394948e-07
9.044657241828087141e-07
9.042791345085072071e-07
9.040932066173203391e-07
9.039078826991766151e-07
9.037230035534020241e-07
9.035387188256894751e-07
9.033550199365971467e-07
9.031717999338205465e-07
9.029890701951730431e-07
9.028067805613813444e-07
9.026250996663002959e-07
9.024438062269969041e-07
9.022629377410504318e-07
9.020825884082020711e-07
9.019026043379727294e-07
9.017230998129214704e-07
9.015439780501465101e-07
9.013653217645026607e-07
9.011871839938660396e-07
9.010093648917386201e-07
9.008320886098714026e-07
9.006552178138133542e-07
9.004786930741950016e-07
9.003026318375795268e-07
9.001269021194261788e-07
8.999515175323123027e-07
8.997765507527660216e-07
8.996019188920595293e-07
8.994276037919378891e-07
8.992536292727086541e-07
8.990799560417278346e-07
8.989066467890405752e-07
8.987336244697308745e-07
8.985608314446429221e-07
8.983884253476257004e-07
8.982162531283651091e-07
8.980443399479334476e-07
8.978727207419406688e-07
8.977013301959148614e-07
8.975302289736615643e-07
8.973593318494538121e-07
8.971886682747383537e-07
8.970182653482759407e-07
8.968480132268147032e-07
8.966780381940074798e-07
8.965082541525781539e-07
8.963386417972187128e-07
8.961692518558544181e-07
8.960000019161888264e-07
8.958309325578682221e-07
8.956620545268346416e-07
8.954933258788959690e-07
8.953247330342005064e-07
8.951563083712139140e-07
8.949880342987684368e-07
8.948198992720855834e-07
8.946519071773932794e-07
8.944840134350281794e-07
8.943162983587264949e-07
8.941486886339694871e-07
8.939811806065356842e-07
8.938138252869277385e-07
8.936465580901080197e-07
8.934794064006359366e-07
8.933123559441654078e-07
8.931453795861537278e-07
8.929784753039818274e-07
8.928116416319353186e-07
8.926448851639214324e-07
8.924781767608476189e-07
8.923115212585074536e-07
8.921449410969235153e-07
8.919783901620062283e-07
8.918118940808432908e-07
8.916454394490045873e-07
8.914790035234345142e-07
8.913126264961629974e-07
8.911462825216786935e-07
8.909799651239464176e-07
8.908136767374497153e-07
8.906474316042158085e-07
8.904812079183874276e-07
8.903150102394852236e-07
8.901488474797075936e-07
8.899826940512902382e-07
8.898165721146729241e-07
8.896504783019842550e-07
8.894843906662842007e-07
8.893183348582153872e-07
8.891522873747044288e-07
8.889862299178753954e-07
8.888201697659340607e-07
8.886541083523157634e-07
8.884880482928587797e-07
8.883219687750877636e-07
8.881558929474927564e-07
8.879898038469835805e-07
8.878236837530837961e-07
8.876575726189920134e-07
8.874914334878271573e-07
8.873252662724616190e-07
8.871591015492726288e-07
8.869929078922579823e-07
8.868266949459839507e-07
8.866604742994616152e-07
8.864942314092174337e-07
8.863279679495450105e-07
8.861616938588831921e-07
8.859954016298945812e-07
8.858290856192820944e-07
8.856627566605299997e-07
8.854964137588619455e-07
8.853300491600742647e-07
8.851636680546908373e-07
8.849972868590096742e-07
8.848309030393022852e-07
8.846645425115986826e-07
8.844981898505054193e-07
8.843318330325384632e-07
8.841655049163729221e-07
8.839991787213324214e-07
8.838328446718270810e-07
8.836665338868058500e-07
8.835002219545440312e-07
8.833339001992519228e-07
8.831675959836010727e-07
8.830012913528259396e-07
8.828349780372920847e-07
8.826686795060968137e-07
8.825023857709622851e-07
8.823360830858449136e-07
8.821697893950833706e-07
8.820035070849129349e-07
8.818372140909879276e-07
8.816709277279369987e-07
8.815046563780191583e-07
8.813383745309608101e-07
8.811720972902743051e-07
8.810058343857662280e-07
8.808395864353275260e-07
8.806733698251350834e-07
8.805073205813434416e-07
8.803413207306021583e-07
8.801753955619737054e-07
8.800095897427567275e-07
8.798438573091749512e-07
8.796782066539903834e-07
8.795126331937365399e-07
8.793471697472083114e-07
8.791817620905822338e-07
8.790164099046603995e-07
8.788511952683094968e-07
8.786860221608128690e-07
8.785208911758707320e-07
8.783559070265612201e-07
8.781909572513897784e-07
8.780260621627715588e-07
8.778612804419176672e-07
8.776965447578943113e-07
8.775318734658786710e-07
8.773672896887375112e-07
8.772027606785337415e-07
8.770383010089550986e-07
8.768739094530566765e-07
8.767095811413051421e-07
8.765453695909332042e-07
8.763812421550608379e-07
8.762174881236063405e-07
8.760538486693858343e-07
8.758903582534665810e-07
8.757271516926917478e-07
8.755640921401241383e-07
8.754012089711842124e-07
8.752385293622060106e-07
8.750760592793548236e-07
8.749137231117708641e-07
8.747515514692212954e-07
8.745896413554656016e-07
8.744278259157981264e-07
8.742661678572412016e-07
8.741047645940963578e-07
8.739434479800457730e-07
8.737823112361051387e-07
8.736213608972799678e-07
8.734605225471679598e-07
8.732998763603486127e-07
8.731393636020953851e-07
8.729789940820223059e-07
8.728187989552122205e-07
8.726587047303273093e-07
8.724987880733568202e-07
8.723390543554392687e-07
8.721794616970739387e-07
8.720203572933518822e-07
8.718614898150799276e-07
8.717028757919879854e-07
8.715446188245058982e-07
8.713866967999113945e-07
8.712289821163087540e-07
8.710715213728535694e-07
8.709145064973760475e-07
8.707576452639520665e-07
8.706010487017561728e-07
8.704448005428717265e-07
8.702887516845684431e-07
8.701329891606676050e-07
8.699774646377505061e-07
8.698222169377322106e-07
8.696672145730270896e-07
8.695123881020574535e-07
8.693579071028602682e-07
8.692036147758824527e-07
8.690494781944926105e-07
8.688956978797353143e-07
8.687420823232079907e-07
8.685886486264080127e-07
8.684354831516471531e-07
8.682825095477369118e-07
8.681298225287289456e-07
8.679773857820713545e-07
8.678255859903616504e-07
8.676740501606606175e-07
8.675228105319364835e-07
8.673720965508448456e-07
8.672216828072331118e-07
8.670716010073697479e-07
8.669219118787096305e-07
8.667726349312821772e-07
8.666235988606224686e-07
8.664749141444756972e-07
8.663266884296569387e-07
8.661786675709444372e-07
8.660310169261233909e-07
8.658836936370103582e-07
8.657366454414147839e-07
8.655899608873272817e-07
8.654435003219648894e-07
8.652974133482300000e-07
8.651516014878857618e-07
8.650059763101988731e-07
8.648607813867387307e-07
8.647158016221365858e-07
8.645710476040188290e-07
8.644266113171646120e-07
8.642824212563705108e-07
8.641385680927371385e-07
8.639949664471138165e-07
8.638520864890649052e-07
8.637094960377163864e-07
8.635672312559637320e-07
8.634255191978480441e-07
8.632841908930050159e-07
8.631431748978850577e-07
8.630025745079320470e-07
8.628624919297799352e-07
8.627226571432022904e-07
8.625831963642941916e-07
8.624441778204318215e-07
8.623054605361497192e-07
8.621671227441104365e-07
8.620290859326556035e-07
8.618914875107115190e-07
8.617541462020562705e-07
8.616170849112114349e-07
8.614804982699439099e-07
8.613441064047810850e-07
8.612080633255470895e-07
8.610723374005564025e-07
8.609368565733003361e-07
8.608017564981579658e-07
8.606668512477836091e-07
8.605322694823735263e-07
8.603980382465986392e-07
8.602640162805595052e-07
8.601305559448131749e-07
8.599975219694728621e-07
8.598648009568261186e-07
8.597324196151831649e-07
8.596006332526650191e-07
8.594690987045668922e-07
8.593379118264025698e-07
8.592071849269022031e-07
8.590767836507089385e-07
8.589466854041673732e-07
8.588169678077316437e-07
8.586876803386747121e-07
8.585586003672417059e-07
8.584299293849267628e-07
8.583015794704759933e-07
8.581735024861072443e-07
8.580458002632924576e-07
8.579183219827685406e-07
8.577912345285222314e-07
8.576644017213826985e-07
8.575378196223240176e-07
8.574115930232808670e-07
8.572855830101539536e-07
8.571598968453959771e-07
8.570344297636991635e-07
8.569092375672430886e-07
8.567843734454900509e-07
8.566596930967101926e-07
8.565355114050157262e-07
8.564116869922541042e-07
8.562881179385346859e-07
8.561648680584136037e-07
8.560420976058606091e-07
8.559195408499898098e-07
8.557972914769580523e-07
8.556754261154334657e-07
8.555538297717475217e-07
8.554324947346958629e-07
8.553114816306119258e-07
8.551908219753905569e-07
8.550703599300815879e-07
8.549502235989940965e-07
8.548303390920553267e-07
8.547107384402705061e-07
8.545913940987011021e-07
8.544722515152438557e-07
8.543534722976606312e-07
8.542348553766569459e-07
8.541165122798286377e-07
8.539984062064539432e-07
8.538804895199305752e-07
8.537628836735357369e-07
8.536454133825925609e-07
8.535282028655559528e-07
8.534112392311623434e-07
8.532944633821167618e-07
8.531779675146452058e-07
8.530618090558385174e-07
8.529458773620844534e-07
8.528301587097129567e-07
8.527147786479284676e-07
8.525996238230529220e-07
8.524846728993048076e-07
8.523699839105108072e-07
8.522555902618655561e-07
8.521413656350974499e-07
8.520273555393011932e-07
8.519136028172395691e-07
8.518000756713146901e-07
8.516867001698416124e-07
8.515735718878013625e-07
8.514606911283568790e-07
8.513479107309536982e-07
8.512354223220825387e-07
8.511230852980407001e-07
8.510109196556775042e-07
8.508989747446130716e-07
8.507871633057204381e-07
8.506755754638793740e-07
8.505641310888751083e-07
8.504528778788752476e-07
8.503417640319683166e-07
8.502308149693088223e-07
8.501200682465086901e-07
8.500094314525678243e-07
8.498990471981513318e-07
8.497888676671850430e-07
8.496788364787045697e-07
8.495689726169168395e-07
8.494593479654440220e-07
8.493498573191602968e-07
8.492405340149026228e-07
8.491313941686703144e-07
8.490224293804300104e-07
8.489135996037721012e-07
8.488049192494413365e-07
8.486964085092598348e-07
8.485880559639828815e-07
8.484798093515699519e-07
8.483717307068906527e-07
8.482638205963362224e-07
8.481559806372225371e-07
8.480483406412233043e-07
8.479408022580148704e-07
8.478333861832073400e-07
8.477261133497229796e-07
8.476189435827411378e-07
8.475119134116099973e-07
8.474049786384916189e-07
8.472981910934027724e-07
8.471914856162115373e-07
8.470848917312980112e-07
8.469784396599806829e-07
8.468720754957474419e-07
8.467658469206080000e-07
8.466597816710556970e-07
8.465538271755035119e-07
8.464479742465999001e-07
8.463422808783393966e-07
8.462367051915678279e-07
8.461312234279556771e-07
8.460258529170270920e-07
8.459206330455911385e-07
8.458154894634090595e-07
8.457104458486200687e-07
8.456055191905277900e-07
8.455007020968965452e-07
8.453959564098966415e-07
8.452913274230235702e-07
8.451867866074558201e-07
8.450823449390844384e-07
8.449779849687465319e-07
8.448737068035170178e-07
8.447695437820179771e-07
8.446654284489423820e-07
8.445614311673871468e-07
8.444574942070281876e-07
8.443536388047401441e-07
8.442498754953682429e-07
8.441461679035062924e-07
8.440425448417260176e-07
8.439389970845209575e-07
8.438355350929438868e-07
8.437321306723913197e-07
8.436288684185358811e-07
8.435257045858904833e-07
8.434226178337280002e-07
8.433196136340415721e-07
8.432167435183159711e-07
8.431139367645429176e-07
8.430112186925683902e-07
8.429085823035984325e-07
8.428060574448861138e-07
8.427035899980632542e-07
8.426011949087404402e-07
8.424988886022871941e-07
8.423966698578536472e-07
8.422944981942543190e-07
8.421924161201491639e-07
8.420904096156355037e-07
8.419884665891170579e-07
8.418865955929603457e-07
8.417847740490675243e-07
8.416830545914328849e-07
8.415813676326848857e-07
8.414797667736885628e-07
8.413782119968639200e-07
8.412767269759964218e-07
8.411753061267627007e-07
8.410739293831035376e-07
8.409726205040946853e-07
8.408713662245056230e-07
8.407701861072647754e-07
8.406690535181207652e-07
8.405680618682374868e-07
8.404671706695895627e-07
8.403663574814057431e-07
8.402656146508207471e-07
8.401650073412181487e-07
8.400644777351165029e-07
8.399640233770557046e-07
8.398636398835585132e-07
