9.198711732259101054e-12
1.106244734488605044e-11
1.310529763297673302e-11
1.532939500726981579e-11
1.773687979402686108e-11
2.033010590521982203e-11
2.311122602955613100e-11
2.608257475712742792e-11
2.924640116369657383e-11
3.260520390857830712e-11
3.616105447966656189e-11
3.991632775617511424e-11
4.387330209685460944e-11
4.803422270864492841e-11
5.240120612676973233e-11
5.697621442258319287e-11
6.176173980736174389e-11
6.675924929875957836e-11
7.197130661457454381e-11
7.739922695451051918e-11
8.304487240085866508e-11
8.891015541954737551e-11
9.499659343410278214e-11
1.013057191654660053e-10
1.078389322826428234e-10
1.145976122211394876e-10
1.215830298226032461e-10
1.287960838546361890e-10
1.362375900163192695e-10
1.439091054422007429e-10
1.518113281213104647e-10
1.599440034673082258e-10
1.683093097609431622e-10
1.769060271667745269e-10
1.857360343318815553e-10
1.947980731772858801e-10
2.040938808045085035e-10
2.136217433249663687e-10
2.233830157160894006e-10
2.333768704499814862e-10
2.436024240564556142e-10
2.540602763809515466e-10
2.647497920471149924e-10
2.756691748093493817e-10
2.868184118160473221e-10
2.981968345612782182e-10
3.098037233994974390e-10
3.216373388723147808e-10
3.336962723279400595e-10
3.459796319359710228e-10
3.584857398723699258e-10
3.712135548456533909e-10
3.841613952963683239e-10
3.973273380637366581e-10
4.107098010215029777e-10
4.243069026765573704e-10
4.381164840922656330e-10
4.521369815971027397e-10
4.663658553754818427e-10
4.808007444670581233e-10
4.954399095023797339e-10
5.102810203827474443e-10
5.253208238282523980e-10
5.405576605140566249e-10
5.559887211410409014e-10
5.716107312174742030e-10
5.874212237238985447e-10
6.034182456162135840e-10
6.195994613704736497e-10
6.359608770272799021e-10
6.525001787192015490e-10
6.692137334880467056e-10
6.860977051512433069e-10
7.031514891051438290e-10
7.203716464108057026e-10
7.377539566715118849e-10
7.552943244046120606e-10
7.729910086842313931e-10
7.908423664168004538e-10
8.088430051745838272e-10
8.269887695304091070e-10
8.452785654078174320e-10
8.637096815178720087e-10
8.822764313133516715e-10
9.009751673390956434e-10
9.198064990903665120e-10
9.387646519708682446e-10
9.578441801008511855e-10
9.770450423462780407e-10
9.963638440595584325e-10
1.015794713568068136e-09
1.035337431104874028e-09
1.054986230789648793e-09
1.074737060497241103e-09
1.094591789891945969e-09
1.114542699782520147e-09
1.134586743715442673e-09
1.154722440287263730e-09
1.174944308620949346e-09
1.195253104826813051e-09
1.215642951006537835e-09
1.236109627163630137e-09
1.256652775009506222e-09
1.277266544038894597e-09
1.297951864592550667e-09
1.318702210099503962e-09
1.339515937644061662e-09
1.360390425142562123e-09
1.381321258890547076e-09
1.402308905325766754e-09
1.423346611884625194e-09
1.444435446451205360e-09
1.465568983110637656e-09
1.486747861886311395e-09
1.507967111607503784e-09
1.529226374408088769e-09
1.550520940640884223e-09
1.571849812438609186e-09
1.593209894164774611e-09
1.614599659212958660e-09
1.636016310401907005e-09
1.657457681012870446e-09
1.678920859801021015e-09
1.700404461171863730e-09
1.721906510424783576e-09
1.743425413782586586e-09
1.764958477076989724e-09
1.786504111911576439e-09
1.808059122171632488e-09
1.829623056716822458e-09
1.851194061980712914e-09
1.872771493670868487e-09
1.894352192715443920e-09
1.915935581058921941e-09
1.937518308967635028e-09
1.959099579241700969e-09
1.980678739228470032e-09
2.002255279821965644e-09
2.023827320173881723e-09
2.045393298102412854e-09
2.066951716128481637e-09
2.088500746010881177e-09
2.110039255674195601e-09
2.131567975058596325e-09
2.153085915524167973e-09
2.174591948641971923e-09
2.196084658378325030e-09
2.217562874547681954e-09
2.239025884308290109e-09
2.260472019663811521e-09
2.281902807420780183e-09
2.303317030056154467e-09
2.324714070292556891e-09
2.346093616445156274e-09
2.367453786731792708e-09
2.388795457707688448e-09
2.410116906634882892e-09
2.431418529912090277e-09
2.452701225484231940e-09
2.473962894159083824e-09
2.495205194616680273e-09
2.516426309377367987e-09
2.537626253115991950e-09
2.558805900208782158e-09
2.579963450052157579e-09
2.601100532888080146e-09
2.622216893574344693e-09
2.643311263648406933e-09
2.664385763403140848e-09
2.685438840506674994e-09
2.706470671968778313e-09
2.727482875024163043e-09
2.748473817829975394e-09
2.769444547147413173e-09
2.790395988269974418e-09
2.811326360071600720e-09
2.832237865646871405e-09
2.853130465951803182e-09
2.874002463084500256e-09
2.894857147745728508e-09
2.915693754642278886e-09
2.936511497380292828e-09
2.957312759554953139e-09
2.978096667946230622e-09
2.998862766477704330e-09
3.019613393007954703e-09
3.040347575573027512e-09
3.061065109770108300e-09
3.081768935104220735e-09
3.102458169305847372e-09
3.123132569862043046e-09
3.143794280967892717e-09
3.164442593472589868e-09
3.185077130232597152e-09
3.205699915087029262e-09
3.226310609580577890e-09
3.246908396746789450e-09
3.267496313567239180e-09
3.288074351170315749e-09
3.308641670266011831e-09
3.329200093514646819e-09
3.349749787208904464e-09
3.370290156372725995e-09
3.390821991024212196e-09
3.411346185862030637e-09
3.431862090901684957e-09
3.452370306855765389e-09
3.472872924000414603e-09
3.493369585514533655e-09
3.513860129285545558e-09
3.534345759984883723e-09
3.554826442348449386e-09
3.575301791428354555e-09
3.595772531783994264e-09
3.616239131476246043e-09
3.636701250382206298e-09
3.657159074739009140e-09
3.677614028562564040e-09
3.698066079212455547e-09
3.718514859172734966e-09
3.738961094114527658e-09
3.759404917178707438e-09
3.779846146730705470e-09
3.800284701480769806e-09
3.820721007799875106e-09
3.841155004631768949e-09
3.861586365816886701e-09
3.882015556347727389e-09
3.902442827742255197e-09
3.922867899955495896e-09
3.943290599868738144e-09
3.963711215798232899e-09
3.984129629055606012e-09
4.004545563064483170e-09
4.024958795790000327e-09
4.045369197293068210e-09
4.065776604838540619e-09
4.086180572022055728e-09
4.106581007859567853e-09
4.126977672706398803e-09
4.147370166717469451e-09
4.167758070614647280e-09
4.188141342196633277e-09
4.208519751979967414e-09
4.228892688468271664e-09
4.249259659275999831e-09
4.269620344825032454e-09
4.289974305314687495e-09
4.310320802199998412e-09
4.330659082794781126e-09
4.350988961084248500e-09
4.371309778723688983e-09
4.391620638479688911e-09
4.411920607143227767e-09
4.432210037422001161e-09
4.452488217674925711e-09
4.472754057294142268e-09
4.493006423892950350e-09
4.513245444475470068e-09
4.533470315304843267e-09
4.553679501903595067e-09
4.573872027371685086e-09
4.594048012198492108e-09
4.614206325531504075e-09
4.634345386245023294e-09
4.654464109845709702e-09
4.674562561503219471e-09
4.694640111755605761e-09
4.714695228993658181e-09
4.734725782941161090e-09
4.754732214554996499e-09
4.774714094684863717e-09
4.794669704172574311e-09
4.814597555255579233e-09
4.834495998725790068e-09
4.854365947091800894e-09
4.874205897805042951e-09
4.894013366102835797e-09
4.913786482187476939e-09
4.933526916567815831e-09
4.953233258568712337e-09
4.972903028430274361e-09
4.992533207381076237e-09
5.012125188597617032e-09
5.031679221329927732e-09
5.051193349309889460e-09
5.070665028319461625e-09
5.090091040276130909e-09
5.109475448133306285e-09
5.128815905027388710e-09
5.148109059290298752e-09
5.167351615196247985e-09
5.186545269068473722e-09
5.205690428400762601e-09
5.224785390822062067e-09
5.243826218515376434e-09
5.262810576890612408e-09
5.281741445764151236e-09
5.300618672539831098e-09
5.319439289941594356e-09
5.338200767047700110e-09
5.356898478435687136e-09
5.375540180072851249e-09
5.394122367027912753e-09
5.412640256368398718e-09
5.431090570022804919e-09
5.449474841823803232e-09
5.467795959336356999e-09
5.486052566782591016e-09
5.504238919983160832e-09
5.522349758828524718e-09
5.540390335957394637e-09
5.558363362858818812e-09
5.576266930179714905e-09
5.594095830684454508e-09
5.611844203439732168e-09
5.629517799273040525e-09
5.647119430173886993e-09
5.664646113613268139e-09
5.682093040755384714e-09
5.699454076869883812e-09
5.716735219010383920e-09
5.733939936710656213e-09
5.751065568687413662e-09
5.768106600644996565e-09
5.785055755371836388e-09
5.801920985922855117e-09
5.818706064022476216e-09
5.835410214327444715e-09
5.852026139948557922e-09
5.868546139949191812e-09
5.884977783103419650e-09
5.901328005465996784e-09
5.917592903639110513e-09
5.933764409370299236e-09
5.949842980170116558e-09
5.965823301287452235e-09
5.981720335739844238e-09
5.997527791553743335e-09
6.013243760899138303e-09
6.028862261619603447e-09
6.044380584494021258e-09
6.059808053886068238e-09
6.075147311201286555e-09
6.090395152498377945e-09
6.105547145106757454e-09
6.120592951586991464e-09
6.135542460350466385e-09
6.150405572949226009e-09
6.165176929462541648e-09
6.179849339949708941e-09
6.194423804156831735e-09
6.208891513363187699e-09
6.223270013514819049e-09
6.237558169990446510e-09
6.251751639369229196e-09
6.265848152731010472e-09
6.279835327885587160e-09
6.293724795081839611e-09
6.307527982845104809e-09
6.321237792896877349e-09
6.334851356449326143e-09
6.348363841086842874e-09
6.361772391651415367e-09
6.375088120503274527e-09
6.388315485471472030e-09
6.401453647388290933e-09
6.414491240941405142e-09
6.427431245446914587e-09
6.440266604360686793e-09
6.453016534860238412e-09
6.465679443046085510e-09
6.478252477851385045e-09
6.490730556432061474e-09
6.503104067898073830e-09
6.515383284141211107e-09
6.527579934521149417e-09
6.539690265779312940e-09
6.551711055008276932e-09
6.563642446955384166e-09
6.575469946964142333e-09
6.587207711691545865e-09
6.598867087561616358e-09
6.610442829617701282e-09
6.621933234588246180e-09
6.633338196703188137e-09
6.644643273590732525e-09
6.655862904420888604e-09
6.667007953315530441e-09
6.678073880800100574e-09
6.689058744136242444e-09
6.699962295207888768e-09
6.710771676326480163e-09
6.721498934339758408e-09
6.732154716515397958e-09
6.742737396546963713e-09
6.753245318322519343e-09
6.763673355484848014e-09
6.774017496675964546e-09
6.784279156317541681e-09
6.794474377829287490e-09
6.804602826813711702e-09
6.814662822322813186e-09
6.824646005531065970e-09
6.834557265952569343e-09
6.844389400528195346e-09
6.854156817833124839e-09
6.863862719529608062e-09
6.873505736365593199e-09
6.883083499420741604e-09
6.892593910525622328e-09
6.902032086213951325e-09
6.911404381238712902e-09
6.920723376712092128e-09
6.929985190581506574e-09
6.939189770139801703e-09
6.948332223049082137e-09
6.957412525562779201e-09
6.966426663688105853e-09
6.975390801289678890e-09
6.984305358790713495e-09
6.993169495322544687e-09
7.001980469957494160e-09
7.010737219225050209e-09
7.019435140659991457e-09
7.028080923857484776e-09
7.036683766077030789e-09
7.045243334533148807e-09
7.053758465566152538e-09
7.062223773618802355e-09
7.070642155917001759e-09
7.079009942882147975e-09
7.087334723632986871e-09
7.095623248087195447e-09
7.103873332183025530e-09
7.112084257898057616e-09
7.120254197580302517e-09
7.128380957251373002e-09
7.136463422045445103e-09
7.144513684824796062e-09
7.152532287313582458e-09
7.160517764161746202e-09
7.168470234135482597e-09
7.176389368329251247e-09
7.184269501874580582e-09
7.192114623583556308e-09
7.199932994015823998e-09
7.207724459441256473e-09
7.215488632910851229e-09
7.223224331265164741e-09
7.230932260920145897e-09
7.238607046868879822e-09
7.246252788707420789e-09
7.253876728772343916e-09
7.261478537290958826e-09
7.269058115886212047e-09
7.276614671571681711e-09
7.284148439667414247e-09
7.291655652139932255e-09
7.299138157252713732e-09
7.306603009159670882e-09
7.314050207471697945e-09
7.321479405551149169e-09
7.328891021175320568e-09
7.336283103245641221e-09
7.343655652195684463e-09
7.351007308990204009e-09
7.358343210369981837e-09
7.365664922852573676e-09
7.372971854018901051e-09
7.380264242046158400e-09
7.387539736613264067e-09
7.394799607194436485e-09
7.402042663526272679e-09
7.409270236672874260e-09
7.416486904852615092e-09
7.423692054712526807e-09
7.430885003772223416e-09
7.438065482103480455e-09
7.445233788194885183e-09
7.452387492414484719e-09
7.459528033797670460e-09
7.466658928626492992e-09
7.473779766538900358e-09
7.480890631103692530e-09
7.487991730125580040e-09
7.495081011105030046e-09
7.502159820514732262e-09
7.509226771748517141e-09
7.516282704552201614e-09
7.523329790258217671e-09
7.530366940081944583e-09
7.537394339015378030e-09
7.544411199397286403e-09
7.551417935647538872e-09
7.558412858413449885e-09
7.565395799601331058e-09
7.572369490489037847e-09
7.579334273945448782e-09
7.586289257984519308e-09
7.593235259105776514e-09
7.600170119539903475e-09
7.607095208883589366e-09
7.614008709245840096e-09
7.620910956013586296e-09
7.627803287743994787e-09
7.634685253407903023e-09
7.641556460508772093e-09
7.648417426034749540e-09
7.655265644811778476e-09
7.662102939978222099e-09
7.668927456844798718e-09
7.675739269397189297e-09
7.682539292056164792e-09
7.689326048543355559e-09
7.696100038948598536e-09
7.702861022359843311e-09
7.709606773470130305e-09
7.716338889580839531e-09
7.723055328787232128e-09
7.729756566398670075e-09
7.736443857625866370e-09
7.743116068692457102e-09
7.749773223522887867e-09
7.756415586019802502e-09
7.763040079523955541e-09
7.769649173622902780e-09
7.776240072613992192e-09
7.782813174763645247e-09
7.789368363784826198e-09
7.795906489818034425e-09
7.802425068756510625e-09
7.808926676391448499e-09
7.815406060995755293e-09
7.821867303910866473e-09
7.828305802304689520e-09
7.834722287117953518e-09
7.841116989746295373e-09
7.847491917586331672e-09
7.853843008907557258e-09
7.860172760590517674e-09
7.866477925881163735e-09
7.872759102557116096e-09
7.879014002732091642e-09
7.885243157513218357e-09
7.891445811045881198e-09
7.897625486471509436e-09
7.903779226308393284e-09
7.909906977882730125e-09
7.916009029733117068e-09
7.922081042007368913e-09
7.928127404974660067e-09
7.934141848629240785e-09
7.940126197410199234e-09
7.946081206060419714e-09
7.952009538331232332e-09
7.957906292646259235e-09
7.963774382807309307e-09
7.969609954799649465e-09
7.975412880840948077e-09
7.981182001551682216e-09
7.986916782445062437e-09
7.992617181175264732e-09
7.998286047052597565e-09
8.003921548511778707e-09
8.009521974310144268e-09
8.015090529656365559e-09
8.020619614936958498e-09
8.026115636111225424e-09
8.031569472151042779e-09
8.036985814026516413e-09
8.042362882023485958e-09
8.047707439255872339e-09
8.053015326783434208e-09
8.058285611386033741e-09
8.063520748120905918e-09
8.068712062564401368e-09
8.073868046049233353e-09
8.078977688716745498e-09
8.084046925474806912e-09
8.089073470638361351e-09
8.094065175972542779e-09
8.099017245815561256e-09
8.103928502522157741e-09
8.108801801906265549e-09
8.113627482883200658e-09
8.118415344192147721e-09
8.123152777616926148e-09
8.127846812597673722e-09
8.132495026495223934e-09
8.137106617569635077e-09
8.141676482821153233e-09
8.146203425771800570e-09
8.150690287749660474e-09
8.155128021834577424e-09
8.159524852832937944e-09
8.163870035889342932e-09
8.168169467934939308e-09
8.172421741607544548e-09
8.176634782424510128e-09
8.180805508456986857e-09
8.184932253053830960e-09
8.189016758608401752e-09
8.193055383991286178e-09
8.197047628067617093e-09
8.200993295717531746e-09
8.204889251226647589e-09
8.208737670607783041e-09
8.212540935632882486e-09
8.216304945034096647e-09
8.220025956358872529e-09
8.223703769995955177e-09
8.227338055661258072e-09
8.230922780525668237e-09
8.234464750982784433e-09
8.237952398429196023e-09
8.241393200654932243e-09
8.244785373910250129e-09
8.248140909534175446e-09
8.251454202736165992e-09
8.254724068911528275e-09
8.257951754632827416e-09
8.261133477803192115e-09
8.264269688106590717e-09
8.267360205053537053e-09
8.270400992516684982e-09
8.273394278170980566e-09
8.276344626894028750e-09
8.279258230258975341e-09
8.282132500912626911e-09
8.284963828331517767e-09
8.287756222873075418e-09
8.290500624087384508e-09
8.293205478415470884e-09
8.295860988530047936e-09
8.298472060587824178e-09
8.301039196068303286e-09
8.303566976124828286e-09
8.306059036027991218e-09
8.308514052140051833e-09
8.310930330661401607e-09
8.313309343356785020e-09
8.315642783774311415e-09
8.317940099312898653e-09
8.320188498154033891e-09
8.322396414320710575e-09
8.324562898350404721e-09
8.326695529634218192e-09
8.328794431240744270e-09
8.330859743848391206e-09
8.332889865731090634e-09
8.334886037791580886e-09
8.336840659760456738e-09
8.338762062770031347e-09
8.340639478396213855e-09
8.342479740692463912e-09
8.344282796262353920e-09
8.346054331097239569e-09
8.347796914818208934e-09
8.349510463845344736e-09
8.351192067767616858e-09
8.352843408289003338e-09
8.354458631858090861e-09
8.356043459552457374e-09
8.357592872263550846e-09
8.359107842222140882e-09
8.360589066461168898e-09
8.362041842688911191e-09
8.363470324931759222e-09
8.364872088304850384e-09
8.366247174575908701e-09
8.367595603144635643e-09
8.368916021279297413e-09
8.370207228988847031e-09
8.371472848503274916e-09
8.372704836005961203e-09
8.373906802476181190e-09
8.375081470653698221e-09
8.376238504925036629e-09
8.377371927236057158e-09
8.378484927064441101e-09
8.379575104895021411e-09
8.380644937808419094e-09
8.381688532130858308e-09
8.382710773529849970e-09
8.383705940538710371e-09
8.384677462668905586e-09
8.385625543578390473e-09
8.386555275005086522e-09
8.387468960254982258e-09
8.388365183694618429e-09
8.389244292539740773e-09
8.390105516105246133e-09
8.390950110402293640e-09
8.391774143817344333e-09
8.392582173912814865e-09
8.393367570615602360e-09
8.394134311909535084e-09
8.394882490768655097e-09
8.395618868650404516e-09
8.396341646752206111e-09
8.397052386855642647e-09
8.397748638016882891e-09
8.398431799849346086e-09
8.399100466069228531e-09
8.399754561123308912e-09
8.400396047594337556e-09
8.401020122672095843e-09
8.401629029662464082e-09
8.402224497173340370e-09
8.402812235120525994e-09
8.403390058864171966e-09
8.403959495655504162e-09
8.404519197020717532e-09
8.405069321059041076e-09
8.405609573951156655e-09
8.406139463044702695e-09
8.406660622795100647e-09
8.407169666347993058e-09
8.407667488802270564e-09
8.408156460245587438e-09
8.408640018382865330e-09
8.409117130938757193e-09
8.409588804685506823e-09
8.410053468024948996e-09
8.410512015211058985e-09
8.410964583776047039e-09
8.411409480298293086e-09
8.411848729939870990e-09
8.412279824280470094e-09
8.412703703599718442e-09
8.413120979805334438e-09
8.413534459583869851e-09
8.413943726347580564e-09
8.414348304753752675e-09
8.414749170157119179e-09
8.415145097330345224e-09
8.415537244819155681e-09
8.415923351240928354e-09
8.416306042036751937e-09
8.416683050087473600e-09
8.417055111570074229e-09
8.417422173010305074e-09
8.417786094745040001e-09
8.418148150728772341e-09
8.418506979191397353e-09
8.418863658155982173e-09
8.419217868344574639e-09
8.419569468067091523e-09
8.419918433866014141e-09
8.420264255946092859e-09
8.420607855887644619e-09
8.420948266607213157e-09
8.421284875040880095e-09
8.421619537145300173e-09
8.421951930907663604e-09
8.422282635417397248e-09
8.422611071874124237e-09
8.422937334285796222e-09
8.423261841774903416e-09
8.423584377987525871e-09
8.423903875762205814e-09
8.424221775268300000e-09
8.424536940361458037e-09
8.424850140381588882e-09
8.425159803096840786e-09
8.425467465841837468e-09
8.425772878188111697e-09
8.426075525026340888e-09
8.426375049357548759e-09
8.426672343290070250e-09
8.426967013382395317e-09
8.427258808805833663e-09
8.427546785667632328e-09
8.427832937478890917e-09
8.428115077342947033e-09
8.428394574934311001e-09
8.428670119878190343e-09
8.428942441091964191e-09
8.429212244180017992e-09
8.429479039391607414e-09
8.429741856430374344e-09
8.430001687549359073e-09
8.430258489046426084e-09
8.430511578496775927e-09
8.430760756433678644e-09
8.431006861924795413e-09
8.431248394867365106e-09
8.431487059533499852e-09
8.431720320888055000e-09
8.431949824225826745e-09
8.432174600173193492e-09
8.432394700748036720e-09
8.432609590952170843e-09
8.432818681679475003e-09
8.433023587285278810e-09
8.433222874959883030e-09
8.433415711394391736e-09
8.433603802650803552e-09
8.433785619298900345e-09
8.433961673524152847e-09
8.434131253852237288e-09
8.434295179017259549e-09
8.434450851882795659e-09
8.434601210008340486e-09
8.434744024929619144e-09
8.434878180424496158e-09
8.435006709105444945e-09
8.435127461874648381e-09
8.435238721586152331e-09
8.435342684263928594e-09
8.435439968074739658e-09
8.435526480504256085e-09
8.435605473409371175e-09
8.435676419340551088e-09
8.435737181051028424e-09
8.435790808840912725e-09
8.435835494079926994e-09
8.435871005027797794e-09
8.435896617603174727e-09
8.435914029696835453e-09
8.435921637036848202e-09
8.435918546881191513e-09
8.435906263612789872e-09
8.435883824161534999e-09
8.435850493762344051e-09
8.435806034493720660e-09
8.435752406081267142e-09
8.435685616722342094e-09
8.435609934351268932e-09
8.435523127735563221e-09
8.435423137983240342e-09
8.435313063209949107e-09
8.435191436776023764e-09
8.435056579578936213e-09
8.434909453577063990e-09
8.434750946542992136e-09
8.434577364651270365e-09
8.434392541783188000e-09
8.434193421668641406e-09
8.433981231669488462e-09
8.433755377387769971e-09
8.433518922897939385e-09
8.433269325360502235e-09
8.433004186249731835e-09
8.432727955190106976e-09
8.432437796334378492e-09
8.432132389135417604e-09
8.431812841582993631e-09
8.431479837952937711e-09
8.431129741056922274e-09
8.430766593625974073e-09
8.430386499360681206e-09
8.429992094391423463e-09
8.429582726821527604e-09
8.429161672321159449e-09
8.428726625138522838e-09
8.428275741201364678e-09
8.427811752376757716e-09
8.427333019184257542e-09
8.426839105447424343e-09
8.426329153060207962e-09
8.425804031129234260e-09
8.425263936091766918e-09
8.424705886247041907e-09
8.424130989673767007e-09
8.423541595014310453e-09
8.422935797034552310e-09
8.422317217869985883e-09
8.421682187780807440e-09
8.421034095828159960e-09
8.420368664955969277e-09
8.419688415774673647e-09
8.418994651594016676e-09
8.418279674440136770e-09
8.417550853475852240e-09
8.416808178267570060e-09
8.416042135818699863e-09
8.415262098458541071e-09
8.414465647639096310e-09
8.413650072877433681e-09
8.412821521850010593e-09
8.411979812333040916e-09
8.411122297973780675e-09
8.410248433101429151e-09
8.409360926853724045e-09
8.408457285757574541e-09
8.407537595160549803e-09
8.406600691263997196e-09
8.405647849312017712e-09
8.404679628594113678e-09
8.403691593404675206e-09
8.402685723602748374e-09
8.401665053801921937e-09
8.400628252093178920e-09
8.399579064564431849e-09
8.398515264341180800e-09
8.397438641665676278e-09
8.396346865572068864e-09
8.395240311675266136e-09
8.394120493024133724e-09
8.392983427115657890e-09
8.391832189247213941e-09
8.390665460878347088e-09
8.389481744418807685e-09
8.388283201990338514e-09
8.387066165270592541e-09
8.385834665334099677e-09
8.384589806568621633e-09
8.383333265514147145e-09
8.382062107201513979e-09
8.380780060047674495e-09
8.379484262174204175e-09
8.378173550582896522e-09
8.376851568965703952e-09
8.375513538170038063e-09
8.374161923247593216e-09
8.372796439461891445e-09
8.371415505531592751e-09
8.370020128534666887e-09
8.368608022535918192e-09
8.367182716085346005e-09
8.365745337962084543e-09
8.364298027691949233e-09
8.362838659718021438e-09
8.361368991286383203e-09
8.359888038331891160e-09
8.358395160002917004e-09
8.356890693687506702e-09
8.355374915439521117e-09
8.353845274676261152e-09
8.352303890834567702e-09
8.350752824329496501e-09
8.349184512117946266e-09
8.347603946682517726e-09
8.346012913090354778e-09
8.344409316968586133e-09
8.342797935885583886e-09
8.341178556155581874e-09
8.339549566869615788e-09
8.337911762159190162e-09
8.336264598282357116e-09
8.334608156634483019e-09
8.332943879775145724e-09
8.331266867017351973e-09
8.329581908208539920e-09
8.327888462786311612e-09
8.326181268473249539e-09
8.324466673090696824e-09
8.322740305974850715e-09
8.321003674877179853e-09
8.319261300467316178e-09
8.317512258619079344e-09
8.315754639745923558e-09
8.313991434631453021e-09
8.312221363456794733e-09
8.310442710048758960e-09
8.308657402326331454e-09
8.306865491479154288e-09
8.305063766923338008e-09
8.303255263033449259e-09
8.301440925208636160e-09
8.299615067557598785e-09
8.297782375458437344e-09
8.295942599622208620e-09
8.294093934081230745e-09
8.292242246717126315e-09
8.290386035281493871e-09
8.288523536335911128e-09
8.286657366177481417e-09
8.284786779385182722e-09
8.282909538117291336e-09
8.281028243562489788e-09
8.279142786904572928e-09
8.277249844190908755e-09
8.275352409212333134e-09
8.273451256995257773e-09
8.271542015024848235e-09
8.269627912895589684e-09
8.267708872658481057e-09
8.265784473945893706e-09
8.263858306819888995e-09
8.261929148460029131e-09
8.259996368998585552e-09
8.258061654453051582e-09
8.256124052453727343e-09
8.254182481208778480e-09
8.252238499887220509e-09
8.250292377783591372e-09
8.248341524103890990e-09
8.246388027134264830e-09
8.244432347670430017e-09
8.242472025379989193e-09
8.240509075408322227e-09
8.238542450321633385e-09
8.236572636868993992e-09
8.234601768083711935e-09
8.232629360351796582e-09
8.230654164988394398e-09
8.228677671957282131e-09
8.226699876072235864e-09
8.224719433395311977e-09
8.222737590932650584e-09
8.220754172730626946e-09
8.218768155896901488e-09
8.216780393140071606e-09
8.214791063309820624e-09
8.212799161012450864e-09
8.210805585721513438e-09
8.208809247968673210e-09
8.206811362014041248e-09
8.204812483395028620e-09
8.202813084224771416e-09
8.200813111284718956e-09
8.198812068075921294e-09
8.196810495900077331e-09
8.194808650349643597e-09
8.192805790728453735e-09
8.190802083690504814e-09
8.188798497247548270e-09
8.186793019155821473e-09
8.184787367061557394e-09
8.182781122876175409e-09
8.180773907949743014e-09
8.178766118530890381e-09
8.176756664389746812e-09
8.174747478892778700e-09
8.172737778653359147e-09
8.170727995306507881e-09
8.168718034594133832e-09
8.166707828367142440e-09
8.164697501267225986e-09
8.162686868180098408e-09
8.160676288617247464e-09
8.158665511271938638e-09
8.156654428839920591e-09
8.154642799919979727e-09
8.152631472807142393e-09
8.150619644070276387e-09
8.148607805016547430e-09
8.146595788613973306e-09
8.144582926734610271e-09
8.142570460320107232e-09
8.140556676343472459e-09
8.138543248115116880e-09
8.136528715048748637e-09
8.134513863499315716e-09
8.132498063587972247e-09
8.130482000318733004e-09
8.128465514136001714e-09
8.126448158229634001e-09
8.124430246079906201e-09
8.122411218174969838e-09
8.120392342988485678e-09
8.118372425193117210e-09
8.116351726773772739e-09
8.114330555879979686e-09
8.112308229592218419e-09
8.110285937373445779e-09
8.108261951171629042e-09
8.106237905631183882e-09
8.104213032596194583e-09
8.102187407180748814e-09
8.100160400061866077e-09
8.098132935260112298e-09
8.096105111880724583e-09
8.094075940972502949e-09
8.092045567944269963e-09
8.090014739334337037e-09
8.087982856208883543e-09
8.085950316345169422e-09
8.083916343432733956e-09
8.081881768212375055e-09
8.079845876663905544e-09
8.077809500650971384e-09
8.075771324145629266e-09
8.073731514735730086e-09
8.071690578208734147e-09
8.069648259789307014e-09
8.067604389232561318e-09
8.065557945413809362e-09
8.063510997758684555e-09
8.061462182868396619e-09
8.059411989526484139e-09
8.057358955968220673e-09
8.055305023030903207e-09
8.053249428317381275e-09
8.051191915245757985e-09
8.049131969446011692e-09
8.047070996662756687e-09
8.045007735337297429e-09
8.042942893391977963e-09
8.040874581279199143e-09
8.038804548218347047e-09
8.036732078966330683e-09
8.034657165224080054e-09
8.032578984460928788e-09
8.030498073437155698e-09
8.028415106039468125e-09
8.026329225406954347e-09
8.024240227014509524e-09
8.022148015414490693e-09
8.020053395978000202e-09
8.017956343207493453e-09
8.015855717506696096e-09
8.013751367719137621e-09
8.011644745581733168e-09
8.009535008352551455e-09
8.007422278082952130e-09
8.005305504181824149e-09
8.003186423950800023e-09
8.001064620668727942e-09
7.998939615529852742e-09
7.996811000228824342e-09
7.994678702625434809e-09
7.992544340271239644e-09
7.990405868393234668e-09
7.988264340589762589e-09
7.986118393523178317e-09
7.983970111899854328e-09
7.981817942248395164e-09
7.979662636193280391e-09
7.977501908883251823e-09
7.975339084426583763e-09
7.973171887805276448e-09
7.971001384446487694e-09
7.968826385109606808e-09
7.966648035855622414e-09
7.964466385984234322e-09
7.962280687300652309e-09
7.960091568310734779e-09
7.957897370423385843e-09
7.955700194704095864e-09
7.953498697620702945e-09
7.951294236968874420e-09
7.949083155877089908e-09
7.946869455786696359e-09
7.944650883063834858e-09
7.942429603771333671e-09
7.940201134104552307e-09
7.937970167279292715e-09
7.935733635435658261e-09
7.933493922607965392e-09
7.931248435422998704e-09
7.928999448031607978e-09
7.926746739783033944e-09
7.924489323132416008e-09
7.922228266664227293e-09
7.919962037501884364e-09
7.917691992723988224e-09
7.915417278137780934e-09
7.913138517768846000e-09
7.910854943527971549e-09
7.908565781228102583e-09
7.906273146420581047e-09
7.903975657540936318e-09
7.901674027358658483e-09
7.899364821520694082e-09
7.897052682647978939e-09
7.894735051208381472e-09
7.892412814674319422e-09
7.890085931155778381e-09
7.887755536168980873e-09
7.885421719058168082e-09
7.883083252650476353e-09
7.880741537971222974e-09
7.878395030037076712e-09
7.876044802185159620e-09
7.873690201017961955e-09
7.871332104969530512e-09
7.868969095560375338e-09
7.866601151839930574e-09
7.864229688674561261e-09
7.861853827113265806e-09
7.859473643843230881e-09
7.857087135197696542e-09
7.854697464851073529e-09
7.852302758970076753e-09
7.849903334542493043e-09
7.847500231603550035e-09
7.845093520236753786e-09
7.842683704428560796e-09
7.840269210879857803e-09
7.837852017159525553e-09
7.835430526655457097e-09
7.833005175688617246e-09
7.830575697065639163e-09
7.828143107369790456e-09
7.825706424803858473e-09
7.823264387603477485e-09
7.820819426328895545e-09
7.818370082561695747e-09
7.815917621957301420e-09
7.813458246120868568e-09
7.810996719808072469e-09
7.808529547198266868e-09
7.806058983787459675e-09
7.803584044232017167e-09
7.801107067001971278e-09
7.798626987075945915e-09
7.796143273641421744e-09
7.793656546794014091e-09
7.791166947579002355e-09
7.788674438903490287e-09
7.786177652171346384e-09
7.783677955194931975e-09
7.781175773933881344e-09
7.778669187295235505e-09
7.776159262401541653e-09
7.773645926651223601e-09
7.771130394054253001e-09
7.768609387267309264e-09
7.766085781587406982e-09
7.763557583647971547e-09
7.761027141774527932e-09
7.758492059998330161e-09
7.755955788297807291e-09
7.753417167660307539e-09
7.750876761944546585e-09
7.748333572632881398e-09
7.745788781433946886e-09
7.743241958302498282e-09
7.740692688713051997e-09
7.738140914900078609e-09
7.735587220305430842e-09
7.733031868364825621e-09
7.730473068774867251e-09
7.727912670527217364e-09
7.725349232679866337e-09
7.722784789722308973e-09
7.720216209986862628e-09
7.717646493062038991e-09
7.715073026964250015e-09
7.712498065432969034e-09
7.709920402290367484e-09
7.707342121197790940e-09
7.704762055238182035e-09
7.702180724951668037e-09
7.699597435317540176e-09
7.697013419311896584e-09
7.694428002436578011e-09
7.691840644245918229e-09
7.689251663773288637e-09
7.686661658573963742e-09
7.684070526557709389e-09
7.681476921135102483e-09
7.678881981285410123e-09
7.676285669632243063e-09
7.673688303708136199e-09
7.671088314238441557e-09
7.668487371415165330e-09
7.665884110188597085e-09
7.663280008376855200e-09
7.660673656877898538e-09
7.658067480415388750e-09
7.655460524346136589e-09
7.652853072267096011e-09
7.650244248334552851e-09
7.647635007836500187e-09
7.645025561306947526e-09
7.642415495743482397e-09
7.639804078804594977e-09
7.637192251831616171e-09
7.634579825002080217e-09
7.631967017365854117e-09
7.629352738976558513e-09
7.626738207179357289e-09
7.624122981084072276e-09
7.621506962224711544e-09
7.618890105576179991e-09
7.616272334584698634e-09
7.613653875487473729e-09
7.611034883887898758e-09
7.608415895151030452e-09
7.605797092718000102e-09
7.603178183436528017e-09
7.600559457368282423e-09
7.597940621077492288e-09
7.595322347166815944e-09
7.592704047102673864e-09
7.590085706677147149e-09
7.587467498569813499e-09
7.584849322647084867e-09
7.582231767186842708e-09
7.579613969725052353e-09
7.576996286704824711e-09
7.574378633612388678e-09
7.571761360109297628e-09
7.569144248357471069e-09
7.566527196944830602e-09
7.563910244014858028e-09
7.561293123597090325e-09
7.558676694670286284e-09
7.556060439273533960e-09
7.553444330313955140e-09
7.550828526113124973e-09
7.548212689149589802e-09
7.545597451547891596e-09
7.542982463724298135e-09
7.540367790815113667e-09
7.537752984487122699e-09
7.535138957304505845e-09
7.532524932656635086e-09
7.529911504013174448e-09
7.527297993051610925e-09
7.524684802018362047e-09
7.522072288218130047e-09
7.519459689637311565e-09
7.516847722680756219e-09
7.514235711671870171e-09
7.511624374683099154e-09
7.509013237839213847e-09
7.506402450695792491e-09
7.503791960517887277e-09
7.501182013503829956e-09
7.498572659770442437e-09
7.495963442696556533e-09
7.493354744256179674e-09
7.490746154687594502e-09
7.488138753070012361e-09
7.485531387705969758e-09
7.482924650286361531e-09
7.480317924195289577e-09
7.477712007177383346e-09
7.475106717442431699e-09
7.472501626785104250e-09
7.469897181148395392e-09
7.467292928980629133e-09
7.464689631389348276e-09
7.462086513248085344e-09
7.459484048604387922e-09
7.456881689119301506e-09
7.454280659808932106e-09
7.451679639336822116e-09
7.449079098287477854e-09
7.446478907538932142e-09
7.443879564290525295e-09
7.441280788302730203e-09
7.438682416912663162e-09
7.436084293994417243e-09
7.433486898753970679e-09
7.430890312436606187e-09
7.428293951022371059e-09
7.425698162644188896e-09
7.423102842554789068e-09
7.420508531472211833e-09
7.417914416004217530e-09
7.415320895767980482e-09
7.412727898484326415e-09
7.410135818600881695e-09
7.407543951758399309e-09
7.404953254256547310e-09
7.402362523664029737e-09
7.399772858037301721e-09
7.397182541447754289e-09
7.394592502935417672e-09
7.392002495507072636e-09
7.389412518273334588e-09
7.386822915220371456e-09
7.384232924901562559e-09
7.381642963059736652e-09
7.379053190451159210e-09
7.376463535741627092e-09
7.373874017013440838e-09
7.371284076650252890e-09
7.368694395348121393e-09
7.366104739877053716e-09
7.363515310637633641e-09
7.360925926812414429e-09
7.358336304526509438e-09
7.355746762001726624e-09
7.353157166013812366e-09
7.350568066541524014e-09
7.347978932060834556e-09
7.345389570264560021e-09
7.342799772030588947e-09
7.340210167326705662e-09
7.337620501861178603e-09
7.335030703866229638e-09
7.332440838517072766e-09
7.329850383383640107e-09
7.327260097088755430e-09
7.324669872728390460e-09
7.322079401313661066e-09
7.319488719659530813e-09
7.316897630066921623e-09
7.314306611347147317e-09
7.311715666218389562e-09
7.309124360516441188e-09
7.306532912418460562e-09
7.303941374248055117e-09
7.301349430368190875e-09
7.298757605843739231e-09
7.296165411691050065e-09
7.293573268800265470e-09
7.290980999333377101e-09
7.288388155563062718e-09
7.285795304955604265e-09
7.283201841662215887e-09
7.280608693511141305e-09
7.278015062902276065e-09
7.275421307590573352e-09
7.272826887180394823e-09
7.270232316558716918e-09
7.267637864575385280e-09
7.265042754964408422e-09
7.262447833786233894e-09
7.259851708575871135e-09
7.257256151220896078e-09
7.254660175799575014e-09
7.252063680577427626e-09
7.249467160741561581e-09
7.246869944923339673e-09
7.244272704663717374e-09
7.241675170056704833e-09
7.239077429351488451e-09
7.236479179740407028e-09
7.233880469789418086e-09
7.231281153878470216e-09
7.228681243536211226e-09
7.226080884338223295e-09
7.223479696834127782e-09
7.220878242748117339e-09
7.218275937115268127e-09
7.215672964427296991e-09
7.213069375279070057e-09
7.210465110876706968e-09
7.207860499203011603e-09
7.205255173737033868e-09
7.202648799703295039e-09
7.200041949804328861e-09
7.197434537486338316e-09
7.194826508491304478e-09
7.192217887922107531e-09
7.189607997673021962e-09
7.186997850386229895e-09
7.184386698961995891e-09
7.181775365886517090e-09
7.179163029601891522e-09
7.176549855033374951e-09
7.173936645651010155e-09
7.171322775089020413e-09
7.168708581469193984e-09
7.166093733501328027e-09
7.163478444404261793e-09
7.160862598152216262e-09
7.158246400943451041e-09
7.155629650014954519e-09
7.153012269880209227e-09
7.150394419283247998e-09
7.147776150375359999e-09
7.145157292817160744e-09
7.142537831783720774e-09
7.139918028053720536e-09
7.137297321420479843e-09
7.134676559745450051e-09
7.132054764310912667e-09
7.129432622249846838e-09
7.126809850326611102e-09
7.124186446373330508e-09
7.121562733269964825e-09
7.118938245434796079e-09
7.116313902980656631e-09
7.113689034227624664e-09
7.111063751327097561e-09
7.108438398359740362e-09
7.105812436997733908e-09
7.103186637153528491e-09
7.100560385407451067e-09
7.097933608129576166e-09
7.095306700790321609e-09
7.092679256524028628e-09
7.090051833197184196e-09
7.087424043038105061e-09
7.084795669409379935e-09
7.082167312117538082e-09
7.079538297603832729e-09
7.076909239554751469e-09
7.074279771516048052e-09
7.071649805888898561e-09
7.069019768577350745e-09
7.066389144499875283e-09
7.063758574063408184e-09
7.061127036999294426e-09
7.058495679135059176e-09
7.055864293377499577e-09
7.053232507352403171e-09
7.050600561877324911e-09
7.047968089163941655e-09
7.045335683476804910e-09
7.042703140535390601e-09
7.040070555359325356e-09
7.037437366941482850e-09
7.034803866566435128e-09
7.032170469693519605e-09
7.029536755771672063e-09
7.026903164701630305e-09
7.024268719566679644e-09
7.021634299495698590e-09
7.018999799741416513e-09
7.016365123644403937e-09
7.013730100654047539e-09
7.011094747985497877e-09
7.008459312948817446e-09
7.005823384503798537e-09
7.003187732001467415e-09
7.000551382927563135e-09
6.997915421030566161e-09
6.995279842152603512e-09
6.992644280022864511e-09
6.990008895886776161e-09
6.987373574257748851e-09
6.984738364213136243e-09
6.982103605586791941e-09
6.979469281463732686e-09
6.976834835800709922e-09
6.974200498147887520e-09
6.971566391846232794e-09
6.968932340680864280e-09
6.966299135392507745e-09
6.963665749631341001e-09
6.961032609757221400e-09
6.958399638571566129e-09
6.955766656741088992e-09
6.953134402593969863e-09
6.950502239847793791e-09
6.947870264478275845e-09
6.945238361443518709e-09
6.942606764023542899e-09
6.939975448538483582e-09
6.937344644216102714e-09
6.934714519944976159e-09
6.932084567880941736e-09
6.929454922104285739e-09
6.926825894800118184e-09
6.924197315884752659e-09
6.921569461150793301e-09
6.918942180308919581e-09
6.916315054064323021e-09
6.913688466764556183e-09
6.911062444474146344e-09
6.908436809310615927e-09
6.905812034187547159e-09
6.903187773945896176e-09
6.900563904127406268e-09
6.897940574009722988e-09
6.895317744109728990e-09
6.892695389085521981e-09
6.890073978487698687e-09
6.887453004082991170e-09
6.884832364014628731e-09
6.882212730746303359e-09
6.879593280824612167e-09
6.876974536579568921e-09
6.874356541980124516e-09
6.871738936497557563e-09
6.869122083234246123e-09
6.866505570127189374e-09
6.863889529983743562e-09
6.861274209819361708e-09
6.858659494375359002e-09
6.856045689638946570e-09
6.853432223335607004e-09
6.850819047160639509e-09
6.848206987674734401e-09
6.845595067916707760e-09
6.842984154486232622e-09
6.840374096476977893e-09
6.837764194243434912e-09
6.835155298365236701e-09
6.832546848930311719e-09
6.829938895382884774e-09
6.827332208452528252e-09
6.824725859504993645e-09
6.822120001575576420e-09
6.819515293420328500e-09
6.816911006911199581e-09
6.814307582176832270e-09
6.811704936565604458e-09
6.809103025875101793e-09
6.806501997581966024e-09
6.803901531891290194e-09
6.801302132572743310e-09
6.798703408880762381e-09
6.796105542088603750e-09
6.793508716354465041e-09
6.790912579420901594e-09
6.788317333200451003e-09
6.785722978009956528e-09
6.783129140480206697e-09
6.780536396509961138e-09
6.777944990418726647e-09
6.775354342983668671e-09
6.772764470297089720e-09
6.770175414927159953e-09
6.767586871259098046e-09
6.765000148305826316e-09
6.762414287794354640e-09
6.759828934126487476e-09
6.757244993496188277e-09
6.754661536151919140e-09
6.752079412534346744e-09
6.749498289013075034e-09
6.746917800317851000e-09
6.744338048744578985e-09
6.741758795971539553e-09
6.739180676524613081e-09
6.736603572582575396e-09
6.734027128619493454e-09
6.731451590439034593e-09
6.728876833015959423e-09
6.726302963115329875e-09
6.723729936501379675e-09
6.721157883057611558e-09
6.718586518575619662e-09
6.716016204601359004e-09
6.713447066521381466e-09
6.710878589665498104e-09
6.708311130226680407e-09
6.705744443229500442e-09
6.703178470597144182e-09
6.700614256089137252e-09
6.698050587040702202e-09
6.695487608404851991e-09
6.692926440706120071e-09
6.690365550734403782e-09
6.687805837479651361e-09
6.685246871274606497e-09
6.682688448455755675e-09
6.680130899084839265e-09
6.677573793922617290e-09
6.675017458467175419e-09
6.672462075648248804e-09
6.669907130373190818e-09
6.667352956555888856e-09
6.664799834080116191e-09
6.662247201310618630e-09
6.659695321338476568e-09
6.657144260984266328e-09
6.654593521003063031e-09
6.652044095504497309e-09
6.649495559946391576e-09
6.646947501515327586e-09
6.644400495020568840e-09
6.641853973963039144e-09
6.639308099649310693e-09
6.636763757367250314e-09
6.634219866486781451e-09
6.631676529292692795e-09
6.629134679761098247e-09
6.626593230435895316e-09
6.624052876999272564e-09
6.621513132896711546e-09
6.618974187500427069e-09
6.616435896435506160e-09
6.613898029607036883e-09
6.611361393442265793e-09
6.608825481336610488e-09
6.606290037697614436e-09
6.603755482553828406e-09
6.601221833331631800e-09
6.598688924699987131e-09
6.596156815964170900e-09
6.593625352043303073e-09
6.591094626422821853e-09
6.588564809870128060e-09
6.586036041796256899e-09
6.583508253251667674e-09
6.580981045514129309e-09
6.578454552669486752e-09
6.575928530364881283e-09
6.573404053443830114e-09
6.570880660043354606e-09
6.568357582124270770e-09
6.565835757831683622e-09
6.563314727720628891e-09
6.560794260612257168e-09
6.558275076096526649e-09
6.555756339330352983e-09
6.553238187328991624e-09
6.550720427690761487e-09
6.548203209821157162e-09
6.545686972914967430e-09
6.543171260395493339e-09
6.540656305954095776e-09
6.538141930618801038e-09
6.535627952593839329e-09
6.533114890418222581e-09
6.530602359344175163e-09
6.528090629755731145e-09
6.525579402613996548e-09
6.523068952177387084e-09
6.520559377184268716e-09
6.518050417750904244e-09
6.515542090686662506e-09
6.513034482423050137e-09
6.510527296155751953e-09
6.508021310568773809e-09
6.505516140425178547e-09
6.503011192939016548e-09
6.500507532225603348e-09
6.498004616299525641e-09
6.495501960207157252e-09
6.493000197240357431e-09
6.490499099316446889e-09
6.487998373711162268e-09
6.485498311992566952e-09
6.482998599262927911e-09
6.480499517857384705e-09
6.478000974023683754e-09
6.475502925688375079e-09
6.473005615053118409e-09
6.470509040594842626e-09
6.468012750100391943e-09
6.465517051068931295e-09
6.463022026257697211e-09
6.460527237844888377e-09
6.458033508511254812e-09
6.455540473147744466e-09
6.453047883254742949e-09
6.450555981867708047e-09
6.448064580987412420e-09
6.445573434376613740e-09
6.443083508963125967e-09
6.440594386747306939e-09
6.438105460424003530e-09
6.435617245775135425e-09
6.433130042934651387e-09
6.430643197804651303e-09
6.428157077289632376e-09
6.425671681306214801e-09
6.423187036280238343e-09
6.420702793989840944e-09
6.418218909359899616e-09
6.415736224420837966e-09
6.413254042662228029e-09
6.410772333678233976e-09
6.408291603712125715e-09
6.405811552885652558e-09
6.403331973082819364e-09
6.400853231602786921e-09
6.398375057583478593e-09
6.395897466839263376e-09
6.393420721038206314e-09
6.390944861697892014e-09
6.388469996928576606e-09
6.385995631376392810e-09
6.383521888265576211e-09
6.381048576695282227e-09
6.378576222541945694e-09
6.376105167484893251e-09
6.373634645163654329e-09
6.371164642148521550e-09
6.368695826367325471e-09
6.366227526912797144e-09
6.363759776719959838e-09
6.361293169002779508e-09
6.358827262159570312e-09
6.356361809803006273e-09
6.353896785829649538e-09
6.351432272613189531e-09
6.348968584979096785e-09
6.346505587084991779e-09
6.344043270615128553e-09
6.341581722706962766e-09
6.339120810058419646e-09
6.336660280050922398e-09
6.334200360489217627e-09
6.331741462808177455e-09
6.329282970519752818e-09
6.326825308933215514e-09
6.324368539844118909e-09
6.321912471528937670e-09
6.319456813681422809e-09
6.317002239537919181e-09
6.314547972732379530e-09
6.312094392931969991e-09
6.309642205196327947e-09
6.307190562247660681e-09
6.304739199082710921e-09
6.302289164997423396e-09
6.299839927989726874e-09
6.297390924451045092e-09
6.294942900858544274e-09
6.292495789274358699e-09
6.290049180525988306e-09
6.287603400217133183e-09
6.285158045267577744e-09
6.282713388712833881e-09
6.280269605722756158e-09
6.277826277841892808e-09
6.275383826271670535e-09
6.272942600479089831e-09
6.270501702408056283e-09
6.268061338490292954e-09
6.265621977809469660e-09
6.263183125373031614e-09
6.260744691275313607e-09
6.258308047697778791e-09
6.255871934349104671e-09
6.253436273852831514e-09
6.251001676304556614e-09
6.248567616833961458e-09
6.246133889748623925e-09
6.243701791215417595e-09
6.241270785346772289e-09
6.238839926348875476e-09
6.236409994856820468e-09
6.233981318342015001e-09
6.231553019076361302e-09
6.229125865132395283e-09
6.226699466776228927e-09
6.224274208366532107e-09
6.221849554577158669e-09
6.219425430193965177e-09
6.217002310126090541e-09
6.214580353506673354e-09
6.212158994131246066e-09
6.209738649126742208e-09
6.207319338537667081e-09
6.204900842947282538e-09
6.202483179765292019e-09
6.200066397018463634e-09
6.197650580126629042e-09
6.195235405331561188e-09
6.192821406680915870e-09
6.190408612045782822e-09
6.187997048691358523e-09
6.185586057511395864e-09
6.183176050713419834e-09
6.180766730448088350e-09
6.178358260640099507e-09
6.175951554159359875e-09
6.173546058470131393e-09
6.171140823187153561e-09
6.168737010274722458e-09
6.166334458604144462e-09
6.163932176556064978e-09
6.161531494332994292e-09
6.159131732634096341e-09
6.156732771809349882e-09
6.154334452525504788e-09
6.151936788934893423e-09
6.149539919242323134e-09
6.147144056955683169e-09
6.144749092569495314e-09
6.142355015677959812e-09
6.139961819516195091e-09
6.137569657892149482e-09
6.135177991294010584e-09
6.132787119233157940e-09
6.130397595796193997e-09
6.128008639947802378e-09
6.125620400787751716e-09
6.123233742164181455e-09
6.120847973192021190e-09
6.118462725593786251e-09
6.116078647714170152e-09
6.113695554772406053e-09
6.111312730191326074e-09
6.108931415952047365e-09
6.106551905318022695e-09
6.104172476001543242e-09
6.101793866564252336e-09
6.099417217341725274e-09
6.097040972177736853e-09
6.094665533891245938e-09
6.092291310732016072e-09
6.089918093311120414e-09
6.087545458687273647e-09
6.085173993693107261e-09
6.082802965503508560e-09
6.080433045737254169e-09
6.078064173960660884e-09
6.075695784058199616e-09
6.073328518387893827e-09
6.070962534804391755e-09
6.068597289037673416e-09
6.066232870798851139e-09
6.063869387203182037e-09
6.061506890040642785e-09
6.059144886464318932e-09
6.056784180661319582e-09
6.054425048257489262e-09
6.052066729451568790e-09
6.049709040268796117e-09
6.047352702189071701e-09
6.044996816344737688e-09
6.042641729857042701e-09
6.040288656963863196e-09
6.037936734267310679e-09
6.035585058013670677e-09
6.033234687982508828e-09
6.030885810027412138e-09
6.028537296719999241e-09
6.026190390324878630e-09
6.023844329678920962e-09
6.021499400602541679e-09
6.019155247731008694e-09
6.016811909752551874e-09
6.014469110352053631e-09
6.012128090198788842e-09
6.009787969635806893e-09
6.007448331708492521e-09
6.005110252655585017e-09
6.002773091036238783e-09
6.000436437216585499e-09
5.998101472760735075e-09
5.995767213425667225e-09
5.993433917116238426e-09
5.991101532937415252e-09
5.988770406220559830e-09
5.986440454553072163e-09
5.984112117135299687e-09
5.981784352720228254e-09
5.979457670852968082e-09
5.977131884423676423e-09
5.974806789679901306e-09
5.972483612693892946e-09
5.970162239796741499e-09
5.967840967655747314e-09
5.965520999252513070e-09
5.963202932008905588e-09
5.960885152536801001e-09
5.958568541137953755e-09
5.956253513938739709e-09
5.953939181632385398e-09
5.951625459049198581e-09
5.949312656061889329e-09
5.947000324615174836e-09
5.944689054971375934e-09
5.942378879053840915e-09
5.940069359374287689e-09
5.937760868751621010e-09
5.935453220159377112e-09
5.933146565743468519e-09
5.930840565108616775e-09
5.928535305053199661e-09
5.926231447157065190e-09
5.923928215893522818e-09
5.921625579255844446e-09
5.919324518702164848e-09
5.917024453486578355e-09
5.914725100417912733e-09
5.912426547500773619e-09
5.910129397254313291e-09
5.907832528559222349e-09
5.905536652245020735e-09
5.903242716812585339e-09
5.900949549547182968e-09
5.898656687107233094e-09
5.896365309767237965e-09
5.894075473419460699e-09
5.891785901674717639e-09
5.889497507747551885e-09
5.887209999297247184e-09
5.884923622344258371e-09
5.882637726136994870e-09
5.880353032672311938e-09
5.878068688908092956e-09
5.875785601716457133e-09
5.873503446194094746e-09
5.871221740361259360e-09
5.868941152501535368e-09
5.866661653315259031e-09
5.864383153897322812e-09
5.862105403897080631e-09
5.859828356621841272e-09
5.857552529682321495e-09
5.855277242804920837e-09
5.853002531987480767e-09
5.850729917933133083e-09
5.848458170395078626e-09
5.846187093497477740e-09
5.843916927896684421e-09
5.841647845638589844e-09
5.839379053053057734e-09
5.837111537590451572e-09
5.834845930252465277e-09
5.832581164127780493e-09
5.830316759059889201e-09
5.828053662821484655e-09
5.825792005290510937e-09
5.823530627015182622e-09
5.821270841533166153e-09
5.819011937686981020e-09
5.816754085982771319e-09
5.814497059260594277e-09
5.812240703618004450e-09
5.809984772317480676e-09
