1.363397757644178889e-06
1.475634354471564422e-06
1.584975354623702153e-06
1.691459951451483292e-06
1.795143487715798178e-06
1.896071847655002095e-06
1.994277997262790094e-06
2.089839315235653759e-06
2.182795212204190084e-06
2.273204263339280747e-06
2.361115143736226763e-06
2.446581128427644221e-06
2.529654068439705745e-06
2.610384040439747474e-06
2.688821659059218080e-06
2.765011141806215982e-06
2.839005340839507211e-06
2.910845967148701005e-06
2.980583895887636338e-06
3.048256253321383484e-06
3.113909145301486539e-06
3.177582158607747565e-06
3.239319256843722345e-06
3.299160693298539445e-06
3.357139976342666513e-06
3.413300792137217127e-06
3.467682878437376683e-06
3.520314660459124274e-06
3.571232472846460198e-06
3.620474613722297629e-06
3.668076266568223756e-06
3.714064579553290908e-06
3.758473530289525184e-06
3.801341107396286551e-06
3.842684620538612342e-06
3.882548894711633255e-06
3.920950527005194880e-06
3.957925153898636648e-06
3.993500016880832127e-06
4.027702727647627667e-06
4.060548339664242004e-06
4.092088096864342256e-06
4.122319985555294765e-06
4.151280223236952710e-06
4.178995403547199887e-06
4.205488512292663914e-06
4.230787253920527067e-06
4.254896657492613782e-06
4.277857729956161734e-06
4.299683461387443597e-06
4.320396274807499377e-06
4.340028768516173530e-06
4.358585737894872000e-06
4.376098857548081880e-06
4.392590538095939472e-06
4.408066836286881340e-06
4.422563149309796225e-06
4.436095286312972557e-06
4.448670170098678775e-06
4.460322382195221160e-06
4.471068668278711651e-06
4.480914265400632317e-06
4.489891052060324135e-06
4.498017406118359937e-06
4.505296060657749443e-06
4.511756864462722196e-06
4.517415904188787794e-06
4.522278296764309942e-06
4.526371561753827185e-06
4.529721967835522379e-06
4.532336176409715492e-06
4.534219739508315760e-06
4.535398050788727581e-06
4.535886695647182904e-06
4.535703579246044439e-06
4.534859761223395223e-06
4.533376556052680957e-06
4.531254041597998241e-06
4.528519116043268373e-06
4.525186627714909549e-06
4.521271722839469723e-06
4.516773951886357038e-06
4.511722395704952027e-06
4.506126982944876881e-06
4.499996268221904550e-06
4.493353082298490911e-06
4.486204354743045090e-06
4.478553768123761461e-06
4.470429467262790133e-06
4.461854463967282923e-06
4.452808099812029953e-06
4.443318683743379401e-06
4.433412108639836898e-06
4.423082218586162606e-06
4.412355129909551243e-06
4.401231804102215764e-06
4.389716430655436817e-06
4.377849216569725006e-06
4.365621048491098991e-06
4.353042350266114216e-06
4.340131006604546251e-06
4.326887367416383232e-06
4.313347842055626740e-06
4.299500901243048341e-06
4.285362734926903288e-06
4.270942018211495453e-06
4.256246096276307586e-06
4.241306995565612621e-06
4.226108418056273389e-06
4.210679766940207267e-06
4.195009602205844637e-06
4.179126364247146281e-06
4.163035129579094032e-06
4.146746525714732898e-06
4.130265786320676780e-06
4.113597288052078337e-06
4.096757539696106630e-06
4.079751341475675791e-06
4.062600145336789477e-06
4.045296166934727018e-06
4.027857002782275261e-06
4.010280712665045248e-06
3.992586043251623828e-06
3.974776145005164161e-06
3.956868445272293946e-06
3.938857403033209889e-06
3.920755495832383334e-06
3.902566345957593525e-06
3.884302135079070562e-06
3.865970470568273291e-06
3.847580971239193550e-06
3.829137761079851039e-06
3.810642819409393036e-06
3.792106287333507488e-06
3.773534450830232669e-06
3.754935809947149723e-06
3.736316495940336518e-06
3.717682252674124292e-06
3.699036978922372886e-06
3.680384186813600950e-06
3.661734436453378201e-06
3.643093172338250443e-06
3.624465093550654097e-06
3.605857616202050873e-06
3.587270279191421631e-06
3.568712725059717222e-06
3.550182188178296716e-06
3.531693119875291369e-06
3.513248687379982148e-06
3.494849255873302438e-06
3.476506483621928006e-06
3.458212532330011151e-06
3.439982623942577266e-06
3.421813017021672290e-06
3.403708496400212930e-06
3.385684796157897900e-06
3.367730559656270497e-06
3.349862997033827346e-06
3.332076112609651958e-06
3.314368828891259908e-06
3.296756815338075918e-06
3.279225194250106382e-06
3.261796664338343096e-06
3.244471458292732928e-06
3.227239545642245768e-06
3.210122553298212294e-06
3.193105262671465254e-06
3.176192324931134294e-06
3.159398525747042221e-06
3.142704271124454900e-06
3.126134135096882219e-06
3.109687414007670238e-06
3.093348774626591135e-06
3.077144383571897484e-06
3.061061567701145745e-06
3.045092565546917632e-06
3.029263392357212989e-06
3.013555522539615947e-06
2.997969970769081823e-06
2.982530132157658946e-06
2.967214013094310399e-06
2.952028440425070465e-06
2.936990989539735989e-06
2.922076878281432760e-06
2.907299113519285147e-06
2.892669818780321747e-06
2.878165240622534000e-06
2.863800409335450573e-06
2.849586160324452988e-06
2.835498714955902085e-06
2.821552561839980110e-06
2.807760633117493062e-06
2.794098180541449957e-06
2.780575492721276229e-06
2.767209175162025001e-06
2.753974976398437186e-06
2.740875870047565787e-06
2.727934120376379367e-06
2.715127263499898899e-06
2.702449516847712056e-06
2.689931220069657480e-06
2.677552309507049701e-06
2.665298618742534056e-06
2.653201769125901521e-06
2.641248608971101195e-06
2.629418030099244889e-06
2.617738042893765957e-06
2.606204680968771236e-06
2.594797091676026581e-06
2.583524012900584260e-06
2.572403255986946890e-06
2.561413809530778967e-06
2.550545827766662526e-06
2.539830491234701799e-06
2.529251926665790308e-06
2.518791532944932290e-06
2.508470712925139818e-06
2.498291538905021967e-06
2.488234258143038587e-06
2.478294819356666095e-06
2.468501004447833517e-06
2.458833500015551994e-06
2.449275617517374879e-06
2.439851826813321122e-06
2.430562841409070178e-06
2.421390043603725912e-06
2.412327103960508603e-06
2.403400619992985998e-06
2.394595713753999429e-06
2.385895047662084815e-06
2.377310502222238435e-06
2.368853220717599557e-06
2.360505778810497971e-06
2.352256111880830034e-06
2.344128895612901211e-06
2.336119542138810823e-06
2.328213266428923565e-06
2.320403413146191791e-06
2.312712145143432126e-06
2.305128073302773879e-06
2.297637095358659819e-06
2.290240273269880774e-06
2.282955362240973316e-06
2.275768336985984257e-06
2.268666262340155082e-06
2.261657612220652358e-06
2.254753543748590915e-06
2.247940903196231637e-06
2.241208463851524047e-06
2.234565415580493882e-06
2.228018671907072931e-06
2.221556174472215879e-06
2.215166913072459991e-06
2.208860830664492411e-06
2.202643043014505290e-06
2.196502477255073007e-06
2.190429155343688501e-06
2.184431808162961066e-06
2.178516612287179421e-06
2.172672848836014048e-06
2.166892154252033040e-06
2.161179256356568136e-06
2.155541271345603679e-06
2.149969223477855346e-06
2.144454673704332644e-06
2.138998397248964779e-06
2.133610595876793655e-06
2.128282700040041309e-06
2.123007366327872138e-06
2.117781875952439713e-06
2.112616585714953221e-06
2.107506253253857326e-06
2.102443923513668905e-06
2.097424463572708132e-06
2.092456549355503235e-06
2.087538001001990969e-06
2.082662851787140103e-06
2.077825810436715430e-06
2.073029238108081686e-06
2.068276372366060545e-06
2.063562216251397448e-06
2.058881904530044309e-06
2.054233047139382958e-06
2.049621075935728031e-06
2.045042675311776115e-06
2.040494148790186172e-06
2.035971640691741850e-06
2.031476824829928120e-06
2.027010251050825207e-06
2.022568518668917015e-06
2.018148629655915956e-06
2.013748554048723067e-06
2.009370531427607768e-06
2.005012547604485652e-06
2.000672047222070540e-06
1.996346896234765474e-06
1.992036458705077906e-06
1.987740802473147133e-06
1.983457877375641883e-06
1.979186033792222808e-06
1.974923879967776482e-06
1.970670174653445737e-06
1.966423618754058214e-06
1.962183065217766148e-06
1.957947641276474358e-06
1.953716447338523576e-06
1.949487717039670310e-06
1.945260539541817687e-06
1.941034448723603041e-06
1.936809154516010134e-06
1.932583626091461806e-06
1.928354604043735386e-06
1.924121576121969197e-06
1.919884787238709565e-06
1.915644463797329434e-06
1.911399078794402416e-06
1.907144220530100348e-06
1.902880012724237040e-06
1.898607167817410272e-06
1.894326385523250909e-06
1.890036459410169903e-06
1.885733134875211323e-06
1.881416974866296650e-06
1.877089052558034925e-06
1.872750529126738043e-06
1.868400154276327033e-06
1.864032500178425385e-06
1.859647829713307745e-06
1.855247871889921136e-06
1.850834009416326588e-06
1.846406133679669748e-06
1.841957456175306539e-06
1.837487997647413286e-06
1.832999957339618090e-06
1.828494760068487900e-06
1.823973733428720150e-06
1.819430653940094360e-06
1.814865489455719230e-06
1.810279601272568284e-06
1.805675226696309840e-06
1.801053683773038495e-06
1.796411530640764088e-06
1.791743716316196032e-06
1.787053194424354239e-06
1.782341558652858742e-06
1.777610904083219178e-06
1.772860609730086013e-06
1.768084248571666869e-06
1.763282516038485596e-06
1.758458111970685320e-06
1.753612885625673672e-06
1.748748587309389420e-06
1.743860870687092459e-06
1.738947471254145382e-06
1.734011129309473724e-06
1.729053549241995881e-06
1.724076786884404046e-06
1.719080621553888914e-06
1.714059134359974622e-06
1.709013157492118141e-06
1.703945139568770611e-06
1.698856904196025976e-06
1.693750273753031475e-06
1.688622819130452918e-06
1.683470546248040835e-06
1.678296308318300199e-06
1.673101609592060711e-06
1.667888393445282344e-06
1.662658171427763043e-06
1.657407221094545441e-06
1.652135289565319775e-06
1.646844347190678433e-06
1.641535829639692971e-06
1.636211537142804384e-06
1.630872424277006928e-06
1.625513949756278482e-06
1.620137253940143774e-06
1.614743559794634971e-06
1.609334651889550410e-06
1.603911767095349253e-06
1.598475433577900465e-06
1.593023293115423420e-06
1.587556236074413870e-06
1.582075483056940905e-06
1.576582531983872942e-06
1.571078358711110347e-06
1.565563538500995180e-06
1.560037225647838463e-06
1.554500279249088841e-06
1.548953638244538489e-06
1.543398428594172997e-06
1.537835226033740504e-06
1.532264871875010523e-06
1.526686908852667279e-06
1.521102116295319289e-06
1.515511102778224408e-06
1.509914516416456318e-06
1.504312948262172475e-06
1.498707007065183262e-06
1.493098039310418017e-06
1.487486861450118003e-06
1.481873850472369268e-06
1.476259240812301534e-06
1.470643423331320135e-06
1.465026474855313387e-06
1.459410542020324209e-06
1.453797312295681571e-06
1.448187020148787362e-06
1.442579387828792772e-06
1.436974414935262553e-06
1.431372047933279429e-06
1.425773461352058812e-06
1.420182457827030232e-06
1.414598994343828175e-06
1.409022738991215828e-06
1.403453434459959060e-06
1.397890384275290627e-06
1.392333495759799195e-06
1.386787463567527481e-06
1.381254732102322980e-06
1.375733957230789220e-06
1.370224492547101690e-06
1.364725618447262624e-06
1.359236762782814291e-06
1.353759313147799801e-06
1.348299440505634151e-06
1.342856728954458150e-06
1.337430232884393109e-06
1.332018824121413711e-06
1.326621422807039149e-06
1.321237070044915143e-06
1.315870812016165171e-06
1.310527261116306610e-06
1.305205349535223856e-06
1.299903860764283188e-06
1.294620612802566554e-06
1.289355141966684083e-06
1.284105937533287874e-06
1.278881128612950618e-06
1.273683823446603897e-06
1.268511757721929770e-06
1.263362912443042469e-06
1.258236188329354215e-06
1.253129713497556275e-06
1.248042791696942160e-06
1.242985865240762204e-06
1.237959746702482891e-06
1.232961795903700825e-06
1.227989926402282439e-06
1.223043425957974419e-06
1.218119417582184652e-06
1.213217769568023114e-06
1.208350091720913186e-06
1.203516708580108979e-06
1.198714854191264431e-06
1.193942197906887245e-06
1.189197784978565719e-06
1.184478839295656903e-06
1.179784252759643670e-06
1.175125447074378244e-06
1.170504309102566498e-06
1.165917798515413096e-06
1.161363640042301289e-06
1.156839047233863638e-06
1.152343318467393600e-06
1.147873751946123966e-06
1.143439020403449647e-06
1.139044188281231891e-06
1.134686534790572462e-06
1.130363445593099955e-06
1.126073117158014528e-06
1.121812379593725956e-06
1.117579486253753092e-06
1.113379557626697935e-06
1.109221103926548913e-06
1.105102278516564969e-06
1.101020043024490997e-06
1.096972835524145545e-06
1.092957285694417634e-06
1.088971390170525152e-06
1.085014900064849093e-06
1.081100184834051259e-06
1.077227628865356483e-06
1.073393624772116823e-06
1.069596105915066476e-06
1.065832229231082600e-06
1.062099753739019748e-06
1.058397109157753636e-06
1.054729641181025225e-06
1.051104732350061772e-06
1.047520483757412419e-06
1.043973674390750999e-06
1.040462543761151007e-06
1.036984362104648386e-06
1.033536626561502606e-06
1.030118087698517113e-06
1.026738751147237318e-06
1.023401699769487439e-06
1.020103466727441698e-06
1.016841656158953214e-06
1.013613613006870985e-06
1.010417598696186107e-06
1.007251405982567203e-06
1.004114321009113876e-06
1.001018652621626396e-06
9.979633447256300753e-07
9.949454354410694939e-07
9.919624299799516535e-07
9.890126202026225775e-07
9.860932401165979082e-07
9.832023513691718137e-07
9.803414406942573582e-07
9.775202376585276644e-07
9.747371512486153339e-07
9.719893667761436351e-07
9.692750102092300143e-07
9.665918719358848365e-07
9.639376236422129635e-07
9.613104691986508030e-07
9.587117199549151682e-07
9.561502090193536036e-07
9.536245204174490412e-07
9.511320308243187259e-07
9.486706952437547117e-07
9.462388963188283897e-07
9.438343340014837902e-07
9.414552447850592195e-07
9.391012745758909254e-07
9.367820014751626208e-07
9.344960397119536797e-07
9.322413948405162624e-07
9.300157435453390040e-07
9.278173151895115057e-07
9.256444866340677840e-07
9.234955383106026851e-07
9.213695107803232995e-07
9.192728847809929961e-07
9.172069778560243986e-07
9.151697577526296699e-07
9.131592195598630279e-07
9.111738459268529354e-07
9.092123557936218485e-07
9.072728185852486821e-07
9.053539279248623529e-07
9.034584732024431354e-07
9.015904227383694835e-07
8.997481462565126963e-07
8.979298979075446017e-07
8.961343208360574835e-07
8.943600028960279039e-07
8.926054646139704093e-07
8.908694714263730089e-07
8.891514121401906541e-07
8.874565134434178145e-07
8.857846049110452453e-07
8.841339182740218699e-07
8.825030800918971160e-07
8.808909186178317511e-07
8.792963793474753475e-07
8.777183813792360833e-07
8.761557262120082035e-07
8.746094744320292795e-07
8.730824770730233644e-07
8.715738769450170237e-07
8.700825403467251238e-07
8.686073451625478439e-07
8.671471667856654326e-07
8.657010430160104062e-07
8.642681203404310174e-07
8.628474945130442983e-07
8.614407049724827380e-07
8.600488651460222737e-07
8.586709636051413526e-07
8.573060267065691318e-07
8.559532453350737968e-07
8.546119812882815097e-07
8.532814596225143974e-07
8.519608744497262217e-07
8.506496217022505175e-07
8.493486422722367227e-07
8.480583690861861827e-07
8.467780039712415657e-07
8.455067798487435511e-07
8.442441526563647403e-07
8.429896326929966129e-07
8.417426930225665395e-07
8.405027260285305886e-07
8.392692721563819524e-07
8.380424215219456191e-07
8.368221000763304727e-07
8.356078209450408889e-07
8.343990587012788840e-07
8.331954411664753283e-07
8.319966323053067763e-07
8.308022567707076348e-07
8.296120064877638163e-07
8.284255636066948253e-07
8.272423845141109952e-07
8.260619400891767103e-07
8.248839680047822484e-07
8.237080933917163948e-07
8.225341335138117787e-07
8.213619271983701860e-07
8.201913302166762108e-07
8.190221773931441951e-07
8.178543260571126296e-07
8.166873666311573530e-07
8.155196542738987990e-07
8.143511494374854452e-07
8.131817841725738501e-07
8.120114259432627300e-07
8.108400714587121942e-07
8.096677626055805987e-07
8.084944859361398330e-07
8.073201035216199970e-07
8.061446459874397285e-07
8.049662796817461038e-07
8.037838230524257404e-07
8.025975515895221833e-07
8.014074849845083066e-07
8.002134443285672991e-07
7.990159369899873253e-07
7.978150825129744626e-07
7.966108240778489012e-07
7.954034440627266425e-07
7.941926630102202118e-07
7.929752907755568247e-07
7.917517059608224236e-07
7.905221798401768281e-07
7.892868392004017654e-07
7.880460646491032992e-07
7.867998192231502043e-07
7.855483783402819164e-07
7.842922254834423755e-07
7.830315230420718719e-07
7.817649380433330933e-07
7.804903922512955796e-07
7.792075833148703842e-07
7.779173057656368776e-07
7.766198322647922945e-07
7.753155222874444345e-07
7.740048303570526240e-07
7.726876088590675626e-07
7.713644204953378126e-07
7.700357463991276480e-07
7.686996147169322043e-07
7.673543333277294290e-07
7.659994712154157684e-07
7.646359783526197282e-07
7.632641986721355742e-07
7.618845431913964177e-07
7.604976064700493519e-07
7.591031621563800665e-07
7.577019159617223997e-07
7.562944159292152923e-07
7.548790646772856784e-07
7.534542439864502289e-07
7.520196694537399298e-07
7.505762109347056793e-07
7.491243326495765624e-07
7.476646275720046997e-07
7.461971411740750678e-07
7.447221584185398975e-07
7.432405158453869957e-07
7.417522549326762949e-07
7.402570515568023842e-07
7.387522368030920335e-07
7.372382719614421415e-07
7.357158032645970472e-07
7.341853155525530334e-07
7.326469172433996018e-07
7.311010330367139189e-07
7.295483281891235455e-07
7.279886265630386700e-07
7.264228309452329291e-07
7.248506895488310742e-07
7.232705406611243469e-07
7.216821199611088546e-07
7.200859727152749981e-07
7.184820134208669102e-07
7.168709269640347302e-07
7.152529510013121202e-07
7.136287644172078597e-07
7.119983694918714328e-07
7.103620538757007762e-07
7.087204476683741537e-07
7.070729468245235601e-07
7.054186968621183998e-07
7.037578053356345572e-07
7.020908580198861080e-07
7.004182442769877186e-07
6.987400645666353320e-07
6.970567570153608480e-07
6.953684346734965389e-07
6.936754250284273017e-07
6.919781189483135589e-07
6.902764578894884851e-07
6.885704156229311120e-07
6.868597584710233420e-07
6.851445630113566883e-07
6.834251903124666372e-07
6.817019740087089118e-07
6.799751529554019401e-07
6.782447171337343547e-07
6.765111241983497203e-07
6.747743343700079713e-07
6.730346336147930402e-07
6.712921829595550789e-07
6.695472574822354569e-07
6.678000928551083481e-07
6.660507847316883914e-07
6.642994843116765398e-07
6.625463542156151180e-07
6.607915722422845775e-07
6.590351627853019572e-07
6.572773215611270771e-07
6.555180765599742672e-07
6.537574970723045043e-07
6.519958775191890975e-07
6.502341843916482918e-07
6.484728510929256568e-07
6.467119710368851101e-07
6.449515999011724792e-07
6.431917668189145551e-07
6.414323363239520890e-07
6.396736916549124863e-07
6.379155038828666528e-07
6.361579006535094297e-07
6.344008175167179593e-07
6.326445231681246332e-07
6.308901463290751656e-07
6.291384747703753579e-07
6.273901025770798490e-07
6.256443907634152038e-07
6.239012803719280967e-07
6.221610206627101090e-07
6.204232729553332600e-07
6.186881537864539054e-07
6.169552234198070744e-07
6.152249955445903970e-07
6.134968066607852140e-07
6.117716214667933808e-07
6.100523236127825406e-07
6.083380702608845530e-07
6.066287156817806545e-07
6.049245055199912795e-07
6.032250962465875774e-07
6.015303655490799108e-07
5.998398817311130953e-07
5.981539338382122826e-07
5.964719553010184013e-07
5.947938459749322943e-07
5.931200518836599022e-07
5.914526060556806595e-07
5.897924392887981556e-07
5.881404224219370945e-07
5.864953548077376054e-07
5.848568311582350749e-07
5.832252918888245269e-07
5.815999544353374655e-07
5.799808856719674004e-07
5.783675629699838101e-07
5.767600025743986560e-07
5.751577762089954824e-07
5.735611907416455688e-07
5.719745303620922124e-07
5.703967991455661136e-07
5.688279225649840236e-07
5.672682467240750639e-07
5.657167707261241776e-07
5.641731514326845968e-07
5.626374666161827802e-07
5.611094372104016563e-07
5.595879425419311461e-07
5.580740602504077456e-07
5.565661342802334046e-07
5.550654265811576012e-07
5.535765124217513738e-07
5.520976264876685701e-07
5.506286189432383315e-07
5.491703065604358936e-07
5.477212090567747410e-07
5.462809411609913875e-07
5.448497103330542734e-07
5.434271288616629010e-07
5.420119848779649143e-07
5.406053101995919341e-07
5.392054870288300994e-07
5.378135056231841938e-07
5.364341066224226912e-07
5.350655834100580245e-07
5.337081037136062330e-07
5.323617748314423663e-07
5.310254908774987200e-07
5.296992155394093178e-07
5.283822472117159601e-07
5.270747038760920348e-07
5.257757402414711921e-07
5.244848971307950935e-07
5.232023886617531788e-07
5.219279460597269163e-07
5.206648479060920133e-07
5.194131021922866896e-07
5.181743838541357467e-07
5.169464194727211603e-07
5.157286373711813837e-07
5.145217295572654669e-07
5.133249387221616156e-07
5.121370847107145242e-07
5.109586388469538026e-07
5.097891107055792541e-07
5.086276585737834506e-07
5.074744694306590152e-07
5.063305448881556256e-07
5.051993759775834951e-07
5.040797347611235166e-07
5.029704162891554855e-07
5.018729771245015938e-07
5.007854534008283746e-07
4.997076059136280674e-07
4.986392269682832470e-07
4.975804967955326942e-07
4.965300723053339466e-07
4.954878437294697596e-07
4.944539537608362573e-07
4.934280727309175278e-07
4.924124368576645300e-07
4.914076562501847318e-07
4.904145961213888257e-07
4.894315763669946089e-07
4.884582464965528535e-07
4.874950316032996058e-07
4.865403227815352424e-07
4.855950643572912511e-07
4.846580144205694829e-07
4.837286784758540835e-07
4.828077996603650737e-07
4.818938247187215746e-07
4.809875340498111712e-07
4.800915247941235924e-07
4.792048929406369310e-07
4.783292045330449211e-07
4.774625613082134926e-07
4.766045660735683708e-07
4.757556477069629256e-07
4.749147133325331235e-07
4.740821331003841798e-07
4.732569405095855639e-07
4.724388183386856617e-07
4.716283543513853779e-07
4.708241050428602294e-07
4.700267717872121657e-07
4.692381812908669361e-07
4.684577368975591974e-07
4.676865534664107688e-07
4.669231387834488334e-07
4.661671266732069122e-07
4.654190106823969036e-07
4.646773680611275461e-07
4.639429811400827038e-07
4.632151791400542209e-07
4.624932922082127005e-07
4.617774065845612167e-07
4.610674338623864163e-07
4.603631140061415656e-07
4.596652432403815332e-07
4.589743806480700891e-07
4.582909936635027834e-07
4.576135052402714190e-07
4.569427972009674563e-07
4.562779035004066008e-07
4.556187196289108045e-07
4.549650767290856565e-07
4.543165397603836469e-07
4.536734039142846846e-07
4.530349031944680961e-07
4.524010304861112872e-07
4.517715935819695338e-07
4.511466570152386087e-07
4.505277976057664127e-07
4.499137369400347129e-07
4.493047789519091266e-07
4.487008571900561671e-07
4.481012432358614641e-07
4.475061923854153092e-07
4.469152365485010665e-07
4.463284567511469229e-07
4.457454877601682546e-07
4.451661070566640376e-07
4.445902697945383011e-07
4.440179082485518224e-07
4.434488333280752552e-07
4.428830970129902202e-07
4.423210633653523599e-07
4.417627358346822290e-07
4.412074056456312514e-07
4.406554913385874233e-07
4.401064376137217791e-07
4.395601771800584061e-07
4.390168843803239830e-07
4.384760041428380805e-07
4.379375728121221630e-07
4.374016752925564189e-07
4.368680378004449638e-07
4.363364579411400684e-07
4.358070524664445098e-07
4.352795469129182519e-07
4.347538601380766124e-07
4.342301172230736892e-07
4.337079072836935836e-07
4.331873286904887898e-07
4.326681728049611471e-07
4.321503508546803983e-07
4.316339968878831735e-07
4.311187841503869358e-07
4.306047159924504076e-07
4.300919172401755313e-07
4.295800872033988791e-07
4.290692547074139758e-07
4.285593716772564315e-07
4.280498174568822092e-07
4.275403942187712217e-07
4.270311131133817594e-07
4.265219068166504734e-07
4.260126347223680810e-07
4.255034346766870061e-07
4.249940178121602394e-07
4.244846433382018934e-07
4.239751392541101598e-07
4.234655432960498188e-07
4.229558922849348401e-07
4.224460247509063056e-07
4.219361096050286450e-07
4.214259143942821210e-07
4.209151339234525378e-07
4.204029712314053876e-07
4.198897412876807612e-07
4.193753402572838993e-07
4.188596653741963745e-07
4.183429319070350313e-07
4.178249257837653467e-07
4.173059422622532782e-07
4.167856974152868835e-07
4.162644299140077055e-07
4.157420110764927710e-07
4.152186403875562970e-07
4.146942565659315605e-07
4.141689078040767446e-07
4.136424042105354675e-07
4.131137053108509450e-07
4.125831068322197142e-07
4.120501344924129657e-07
4.115154747933174147e-07
4.109784366077700510e-07
4.104396674753277562e-07
4.098989186584447444e-07
4.093562574741643675e-07
4.088118457669565585e-07
4.082656940043486005e-07
4.077179043988226782e-07
4.071684666694104623e-07
4.066174722743675364e-07
4.060647958222396056e-07
4.055104184317095755e-07
4.049528779887026921e-07
4.043931253227905881e-07
4.038303785217555451e-07
4.032653753356774517e-07
4.026978271223880866e-07
4.021278887385368445e-07
4.015556758850656116e-07
4.009811049923801639e-07
4.004044951499045150e-07
3.998257428835642740e-07
3.992450210722334041e-07
3.986622801607788805e-07
3.980776697730495856e-07
3.974910622073304603e-07
3.969025729692162585e-07
3.963108643505848100e-07
3.957169511780846041e-07
3.951201146871167237e-07
3.945209693040522003e-07
3.939193554774558088e-07
3.933153844157759310e-07
3.927091883648057017e-07
3.921006319101817778e-07
3.914900868247444544e-07
3.908774593406653330e-07
3.902628820722601962e-07
3.896464188811757085e-07
3.890280729005444962e-07
3.884079012116627118e-07
3.877859332672000612e-07
3.871613152111046843e-07
3.865347345940806671e-07
3.859056337422775043e-07
3.852746589941170595e-07
3.846413334708017173e-07
3.840061751910535261e-07
3.833689865987205789e-07
3.827299786352140545e-07
3.820891369661953866e-07
3.814464628018417757e-07
3.808021832871774677e-07
3.801562937306777091e-07
3.795088140197549531e-07
3.788599193810678043e-07
3.782094453922122485e-07
3.775574137700012695e-07
3.769037102829682485e-07
3.762483743439477623e-07
3.755916124688899255e-07
3.749332375948033430e-07
3.742735992783257701e-07
3.736124663830548946e-07
3.729501028251445179e-07
3.722864201653447926e-07
3.716215962723160709e-07
3.709555975115869332e-07
3.702884519298688073e-07
3.696202872789473048e-07
3.689510202004995006e-07
3.682807869776796849e-07
3.676096909794241784e-07
3.669378463438777449e-07
3.662653664264211964e-07
3.655922063843783519e-07
3.649184848779279656e-07
3.642441815250007191e-07
3.635693092478255355e-07
3.628939577404046776e-07
3.622181067723195413e-07
3.615418436163500443e-07
3.608650848183526592e-07
3.601880047881498740e-07
3.595104054458164237e-07
3.588325642629239778e-07
3.581542820707817087e-07
3.574757416891587158e-07
3.567970739889228661e-07
3.561188568687103414e-07
3.554408263672626238e-07
3.547632756937059052e-07
3.540859300862963743e-07
3.534090744302297015e-07
3.527324257608091405e-07
3.520562720904019406e-07
3.513803689445896745e-07
3.507049270518393851e-07
3.500297379241920542e-07
3.493550120005141071e-07
3.486805073035566590e-07
3.480064849961507765e-07
3.473326885971435475e-07
3.466593500768942662e-07
3.459865272227012056e-07
3.453152779871752277e-07
3.446450761074014330e-07
3.439763995093430935e-07
3.433087827353301569e-07
3.426426254005782880e-07
3.419775213284264403e-07
3.413137873201024360e-07
3.406511083377845820e-07
3.399896818178330977e-07
3.393293126232539903e-07
3.386700968770401800e-07
3.380119185889139137e-07
3.373548092452285991e-07
3.366987147303304264e-07
3.360436249892181748e-07
3.353897060017461384e-07
3.347377327077063209e-07
3.340881281360518428e-07
3.334405780187340186e-07
3.327953138923465699e-07
3.321519964582867070e-07
3.315108914325051721e-07
3.308716379721795835e-07
3.302344890943416211e-07
3.295990976387579680e-07
3.289657029684480132e-07
3.283339929221351280e-07
3.277041982033879476e-07
3.270759564724651139e-07
3.264495539937438527e-07
3.258245587951381030e-07
3.252013566071619210e-07
3.245798683290927443e-07
3.239618334397873172e-07
3.233461744702438782e-07
3.227337954832698115e-07
3.221237747958772466e-07
3.215167702120423295e-07
3.209121146782526578e-07
3.203102323424978603e-07
3.197106682730274485e-07
3.191136757725456047e-07
3.185189561206320972e-07
3.179265394816231792e-07
3.173363707369779256e-07
3.167482758187046352e-07
3.161624030098944319e-07
3.155783858414568654e-07
3.149965503929339061e-07
3.144169141757048168e-07
3.138414335287012037e-07
3.132685832564038019e-07
3.126995457377470935e-07
3.121331483753647292e-07
3.115702344930468458e-07
3.110099557021275526e-07
3.104528588934314749e-07
3.098983762016818013e-07
3.093468324401592383e-07
3.087978464625451915e-07
3.082514919062312656e-07
3.077076687356417669e-07
3.071662031807815613e-07
3.066272414034644881e-07
3.060903899811963402e-07
3.055560070146044483e-07
3.050239538093599463e-07
3.044960931324742280e-07
3.039711794776378325e-07
3.034501839445878589e-07
3.029321511938210378e-07
3.024176040364976121e-07
3.019060595112552492e-07
3.013976230826744314e-07
3.008922110371443168e-07
3.003895864514709818e-07
2.998899449422808255e-07
2.993929246895930823e-07
2.988987071737318883e-07
2.984070143196569508e-07
2.979178184835586517e-07
2.974310601102434201e-07
2.969465714704694398e-07
2.964646953533139927e-07
2.959858824420750545e-07
2.955108920281509120e-07
2.950388280139036328e-07
2.945706310807726740e-07
2.941051578301527313e-07
2.936433731589586308e-07
2.931841675794856368e-07
2.927282705390166943e-07
2.922749203746200832e-07
2.918245759615775314e-07
2.913767556180756937e-07
2.909316493156688752e-07
2.904890381923302196e-07
2.900488554402946169e-07
2.896111560889423457e-07
2.891756165816505681e-07
2.887425305985594809e-07
2.883117292824227983e-07
2.878845458051306812e-07
2.874601291828353962e-07
2.870389663730736658e-07
2.866206854965543826e-07
2.862052429668784927e-07
2.857927327565916702e-07
2.853826947155111871e-07
2.849756614842652379e-07
2.845708837874613186e-07
2.841688076011598726e-07
2.837689553617477874e-07
2.833715307551849498e-07
2.829763073213895598e-07
2.825832713438171719e-07
2.821924293132916901e-07
2.818035023398637579e-07
2.814167459801603606e-07
2.810319637830794149e-07
2.806503513144713226e-07
2.802710035456358538e-07
2.798944581978425164e-07
2.795202790210759901e-07
2.791484991363468037e-07
2.787791590305382166e-07
2.784119174425460566e-07
2.780471447086850388e-07
2.776842636569144316e-07
2.773236282619323686e-07
2.769648453436230149e-07
2.766080940812609607e-07
2.762531618514710629e-07
2.759000577465378587e-07
2.755487477800798202e-07
2.751990801320499223e-07
2.748512200954964346e-07
2.745050225256062668e-07
2.741609126103139076e-07
2.738188383614685769e-07
2.734786041963888267e-07
2.731404772376929092e-07
2.728040006513534196e-07
2.724695799246947103e-07
2.721366423624463993e-07
2.718055706427013041e-07
2.714759465080441193e-07
2.711480386345304524e-07
2.708215132978282407e-07
2.704965842828595488e-07
2.701730500750334502e-07
2.698509871736010747e-07
2.695301638744361715e-07
2.692107307255960713e-07
2.688924166494431863e-07
2.685754635303387035e-07
2.682596076210269795e-07
2.679454205446888477e-07
2.676322959640757303e-07
2.673206801274103444e-07
2.670101409843091799e-07
2.667009156315232112e-07
2.663927588909083449e-07
2.660856897241759018e-07
2.657797768667578263e-07
2.654748134828222231e-07
2.651709252961247881e-07
2.648679228734961042e-07
2.645659197561240365e-07
2.642647504466879440e-07
2.639645046098403978e-07
2.636650556833371994e-07
2.633664919864673139e-07
2.630686458178456683e-07
2.627716527394627014e-07
2.624752986545506874e-07
2.621797501324986927e-07
2.618847914348832604e-07
2.615905870739680657e-07
2.612969322106637431e-07
2.610039617315260717e-07
2.607114989747790063e-07
2.604196205243559014e-07
2.601282514644700888e-07
2.598373858769764814e-07
2.595470304295702091e-07
2.592571116855535364e-07
2.589676824426499994e-07
2.586786395328501337e-07
2.583900658334362128e-07
2.581018341212136414e-07
2.578140529005947431e-07
2.575265823199918880e-07
2.572395037230389073e-07
2.569526149692087024e-07
2.566658738594998357e-07
2.563792669337435060e-07
2.560927907602069035e-07
2.558064333780118952e-07
2.555202117734725021e-07
2.552340288891596445e-07
2.549479705407658295e-07
2.546619061455308589e-07
2.543759394950498532e-07
2.540900298659798237e-07
2.538041480227668377e-07
2.535183652364042036e-07
2.532325524519250501e-07
2.529468253923152960e-07
2.526610655686876366e-07
2.523753771400483211e-07
2.520896856726571314e-07
2.518040135118043756e-07
2.515182701470644968e-07
2.512321879803689027e-07
2.509459433244313611e-07
2.506594727160494528e-07
2.503727387452401446e-07
2.500858454026301239e-07
2.497985841832667207e-07
2.495111748495516386e-07
2.492234767953920621e-07
2.489355647265528401e-07
2.486474278657679166e-07
2.483589844192160366e-07
2.480703513204096675e-07
2.477814792407334117e-07
2.474923898778785373e-07
2.472031073232408333e-07
2.469135736887569757e-07
2.466238469054454469e-07
2.463338727695609577e-07
2.460436634192762246e-07
2.457531488893521670e-07
2.454620963968813195e-07
2.451707254168882825e-07
2.448788495915579240e-07
2.445866191831480705e-07
2.442940020975591746e-07
2.440009148108522473e-07
2.437074923982702441e-07
2.434136088979247439e-07
2.431194170233022191e-07
2.428248156482084762e-07
2.425298455365170302e-07
2.422345011631590213e-07
2.419387948292657171e-07
2.416427651214442056e-07
2.413464186837997492e-07
2.410497321249987019e-07
2.407527528560691599e-07
2.404554207751530759e-07
2.401577444219625090e-07
2.398597112645073615e-07
2.395611376191508072e-07
2.392622185128360834e-07
2.389627742002378157e-07
2.386629621204075256e-07
2.383627387548782020e-07
2.380620507707603044e-07
2.377610183749356862e-07
2.374595322887086984e-07
2.371577212832053920e-07
2.368554912816632770e-07
2.365528820667318061e-07
2.362499238283486179e-07
2.359466134515394875e-07
2.356429827435986062e-07
2.353390290072024931e-07
2.350347501481363014e-07
2.347301272800640546e-07
2.344252234325708039e-07
2.341199952727957120e-07
2.338145319178691734e-07
2.335087270698361649e-07
2.332026854862694349e-07
2.328963350675338515e-07
2.325897361196436044e-07
2.322828937540401631e-07
2.319757595767772765e-07
2.316684301282868506e-07
2.313607959655593797e-07
2.310529613169412681e-07
2.307448904372081431e-07
2.304365949981192434e-07
2.301281136475751052e-07
2.298193887667894723e-07
2.295105060284439265e-07
2.292013687846709938e-07
2.288920840973805947e-07
2.285825975361455414e-07
2.282729475875065669e-07
2.279631350394478343e-07
2.276531863333680476e-07
2.273432142243767331e-07
2.270332241176822950e-07
2.267232334114102911e-07
2.264132607732139671e-07
2.261032779670806194e-07
2.257932487920343985e-07
2.254832976907201374e-07
2.251733173407229330e-07
2.248633363722857714e-07
2.245533718274628151e-07
2.242433693909862198e-07
2.239334595580065071e-07
2.236235268770277527e-07
2.233135961845171020e-07
2.230037120493682471e-07
2.226938012802477211e-07
2.223839791930733695e-07
2.220741285082349835e-07
2.217643043148390403e-07
2.214545166069108970e-07
2.211448504454578011e-07
2.208355301023578126e-07
2.205265367878367901e-07
2.202177966633909317e-07
2.199095192240168854e-07
2.196014814529328492e-07
2.192937067283753016e-07
2.189863744580475515e-07
2.186792592692992847e-07
2.183724867167654815e-07
2.180659879169211009e-07
2.177597431094826942e-07
2.174539129964103388e-07
2.171482918901524334e-07
2.168429234672904648e-07
2.165378622197198226e-07
2.162330756338372778e-07
2.159285914290554597e-07
2.156243407437979893e-07
2.153202898152045340e-07
2.150165800071871911e-07
2.147132030812916514e-07
2.144103630982899865e-07
2.141083404732303094e-07
2.138068228961765212e-07
2.135060947508225541e-07
2.132059437133201560e-07
2.129062920057529563e-07
2.126075085871336548e-07
2.123091329004231292e-07
2.120113893770804466e-07
2.117143206761888719e-07
2.114177451553656641e-07
2.111217644292783825e-07
2.108262705853789490e-07
2.105313212243430230e-07
2.102370333570541847e-07
2.099431778563621114e-07
2.096497703523540998e-07
2.093569081652405343e-07
2.090645491274819838e-07
2.087726731176837313e-07
2.084812897089962647e-07
2.081904476377524873e-07
2.079008671634371750e-07
2.076120516220455046e-07
2.073239316944921059e-07
2.070371173294776091e-07
2.067508726734500438e-07
2.064655481895101146e-07
2.061811537459622075e-07
2.058974517578890845e-07
2.056146717414462434e-07
2.053326023318542890e-07
2.050513052400108840e-07
2.047709100190653539e-07
2.044911104512812374e-07
2.042119928108712313e-07
2.039337163996445775e-07
2.036561381015010483e-07
2.033791826357203914e-07
2.031028925541727559e-07
2.028272010012621931e-07
2.025522560528375199e-07
2.022779874414223918e-07
2.020043603097422893e-07
2.017322844232432731e-07
2.014610665735071168e-07
2.011907154747134907e-07
2.009218216597890516e-07
2.006535973043954892e-07
2.003865172239209429e-07
2.001204390579403877e-07
1.998551979803061817e-07
1.995910263530192635e-07
1.993276800147985131e-07
1.990652424691536498e-07
1.988038135359739622e-07
1.985430724060994410e-07
1.982831302117562495e-07
1.980242137181803154e-07
1.977660436393866544e-07
1.975085742243305766e-07
1.972518711416870726e-07
1.969959752480903796e-07
1.967408008541300150e-07
1.964863869820474056e-07
1.962326866396669271e-07
1.959804698346189838e-07
1.957292469081522086e-07
1.954789084397882513e-07
1.952299810569888986e-07
1.949819032176313357e-07
1.947347350419223551e-07
1.944889325952813155e-07
1.942438198766107363e-07
1.939997788722529616e-07
1.937567617676428114e-07
1.935145443557320363e-07
1.932732653392774006e-07
1.930328148624626771e-07
1.927933460547733151e-07
1.925547185846769613e-07
1.923168113923030615e-07
1.920796744169884093e-07
1.918434692978450407e-07
1.916080291654647399e-07
1.913731792257421320e-07
1.911391704971611012e-07
1.909059925894225933e-07
1.906735752334250459e-07
1.904425648720506610e-07
1.902123402839773234e-07
1.899831181206241281e-07
1.897550709305380708e-07
1.895277463325808494e-07
1.893015290770798083e-07
1.890761768366436861e-07
1.888516455854646057e-07
1.886281168022201768e-07
1.884053702411547178e-07
1.881834843802889880e-07
1.879624824055617581e-07
1.877421062008029264e-07
1.875226062190861351e-07
1.873039707076597551e-07
1.870859886221822228e-07
1.868686596478537960e-07
1.866521195404077922e-07
1.864363340300770116e-07
1.862210978682634226e-07
1.860065740489876963e-07
1.857927845021974555e-07
1.855797484337878174e-07
1.853677987516145313e-07
1.851565015243091969e-07
1.849461295250152524e-07
1.847366582743587878e-07
1.845278295056625343e-07
1.843199187481246378e-07
1.841127124531347175e-07
1.839061916613002317e-07
1.837005040210940973e-07
1.834954765795322622e-07
1.832911542923696471e-07
1.830875450033431020e-07
1.828844429203293554e-07
1.826821505222191409e-07
1.824804947615471484e-07
1.822793709308797653e-07
1.820788099815843897e-07
1.818789235035497007e-07
1.816796335705174155e-07
1.814807743558563914e-07
1.812825189352063189e-07
1.810848832781770638e-07
1.808876945228563917e-07
1.806914351875396619e-07
1.804957141469231043e-07
1.803005430528184112e-07
1.801062174816765132e-07
1.799123298753415615e-07
1.797190506267199346e-07
1.795264549511303267e-07
1.793343067462755008e-07
1.791427765961365865e-07
1.789518196292384941e-07
1.787612797978766091e-07
1.785712958637189167e-07
1.783818664785907469e-07
1.781928860984334039e-07
1.780043660451815989e-07
1.778162633486422121e-07
1.776287302658621307e-07
1.774415630156960611e-07
1.772547967783076147e-07
1.770685178570366483e-07
1.768825849694028536e-07
1.766971020539298036e-07
1.765119865195370167e-07
1.763273245459717608e-07
1.761431690122939904e-07
1.759593267185416347e-07
1.757760112873874913e-07
1.755930958832604967e-07
1.754105183132852007e-07
1.752283933966740346e-07
1.750465986713093085e-07
1.748651415554208181e-07
1.746840931505582511e-07
1.745033777454598022e-07
1.743229750844814058e-07
1.741429074488617176e-07
1.739631388494254762e-07
1.737837284932040006e-07
1.736046019144233190e-07
1.734257046362070742e-07
1.732471872741581808e-07
1.730689042102316406e-07
1.728908774662570547e-07
1.727131397103417290e-07
1.725356337941415327e-07
1.723584113910019452e-07
1.721814030029919630e-07
1.720046526673228296e-07
1.718281880021601612e-07
1.716518941093375474e-07
1.714758991633682212e-07
1.713001235826533459e-07
1.711245354162471569e-07
1.709491927640930818e-07
1.707740200100881202e-07
1.705990423359394588e-07
1.704242778076052479e-07
1.702496915075233716e-07
1.700752588644961747e-07
1.699010127353234341e-07
1.697269455705646564e-07
1.695530359536905460e-07
1.693792856370587462e-07
1.692056608471098393e-07
1.690322336998901416e-07
1.688589278296566917e-07
1.686857470747339961e-07
1.685127394754427178e-07
1.683398360344853033e-07
1.681670693889836403e-07
1.679944328723330479e-07
1.678218989104559746e-07
1.676495133761210124e-07
1.674772322006708991e-07
1.673050604389018023e-07
1.671330139206577782e-07
1.669610480039779024e-07
1.667891919104453841e-07
1.666174332948037538e-07
1.664457563487130836e-07
1.662741606822311418e-07
1.661026414125941789e-07
1.659312076619817008e-07
1.657598505815199169e-07
1.655885693885133793e-07
1.654173434867683463e-07
1.652462042951296202e-07
1.650751312302996155e-07
1.649041124937446517e-07
1.647331650134181002e-07
1.645622710872632055e-07
1.643914384221467751e-07
1.642206638668786847e-07
1.640499386075146383e-07
1.638792758198585946e-07
1.637086616783264717e-07
1.635381012606265991e-07
1.633676064067073804e-07
1.631971552035193147e-07
1.630267640520185288e-07
1.628564266211206801e-07
1.626861292907425204e-07
1.625158723695692990e-07
1.623456564790955591e-07
1.621754819933657562e-07
1.620053315498773881e-07
1.618352214034732130e-07
1.616651414824180536e-07
1.614950874080915296e-07
1.613250726913468027e-07
1.611550797293303720e-07
1.609851149843425717e-07
1.608151832804635705e-07
1.606452736311784901e-07
1.604753890858694416e-07
1.603055304800973699e-07
1.601356947420814363e-07
1.599658818434618395e-07
1.597960931519215830e-07
1.596263260606426563e-07
1.594566003929170391e-07
1.592869276396096551e-07
1.591173454625528759e-07
1.589478138699331562e-07
1.587783277676889780e-07
1.586089437491356513e-07
1.584395953764339830e-07
1.582702854134471067e-07
1.581010667116270232e-07
1.579318797488513984e-07
1.577627298953303731e-07
1.575936505343476138e-07
1.574246073195800507e-07
1.572556038814690498e-07
1.570866586302228596e-07
1.569177512569718755e-07
1.567488879860318314e-07
1.565800687488936437e-07
1.564112926452248170e-07
1.562425586663785176e-07
1.560738598171860902e-07
1.559052103012306839e-07
1.557365968909069813e-07
1.555680135920063630e-07
1.553994820664646658e-07
1.552310059811404581e-07
1.550625865175547834e-07
1.548943917160910763e-07
1.547262813083209909e-07
1.545582758689447813e-07
1.543904396177241339e-07
1.542227092990484435e-07
1.540550931418269902e-07
1.538875960568073746e-07
1.537202400233299077e-07
1.535529690205836338e-07
1.533857918115902870e-07
1.532187840862875121e-07
1.530518391410021713e-07
1.528849750181765834e-07
1.527182890185976879e-07
1.525516559292865377e-07
1.523851135821385707e-07
1.522187124332917985e-07
1.520523774176541139e-07
1.518861387545976565e-07
1.517200117031191361e-07
1.515539612064519452e-07
1.513880095282853287e-07
1.512221453243546696e-07
1.510563692636995293e-07
1.508907321952694484e-07
1.507251958736580919e-07
1.505600491884412845e-07
1.503950346969036451e-07
1.502301834119178311e-07
1.500656329149331502e-07
1.499012431390409031e-07
1.497370429674134347e-07
1.495730638251689645e-07
1.494093016854016882e-07
1.492456868860679686e-07
1.490822542158803551e-07
1.489190876486369558e-07
1.487560250873145353e-07
1.485931391887316334e-07
1.484305117082277396e-07
1.482679781264029790e-07
1.481056416414105750e-07
1.479434971671617863e-07
1.477814704061669385e-07
1.476196500452267107e-07
1.474579687533639005e-07
1.472964363743825186e-07
1.471350906347434976e-07
1.469738516750530372e-07
1.468127946138933486e-07
1.466519282891109122e-07
1.464912035161865167e-07
1.463309490305498733e-07
1.461709306486398348e-07
1.460111554167117313e-07
1.458517309159490314e-07
1.456926296011261641e-07
1.455337306896753069e-07
1.453750829840349904e-07
1.452168596880063105e-07
1.450587902325843762e-07
1.449009784004175224e-07
1.447434989663355471e-07
1.445862159073820934e-07
1.444292083369108910e-07
1.442724309735570192e-07
1.441159199224810196e-07
1.439596461023260134e-07
1.438035447408531011e-07
1.436477707768895961e-07
1.434921818834046679e-07
1.433367463816890206e-07
1.431816465591462786e-07
1.430267095947388675e-07
1.428719487176656652e-07
1.427174419058327089e-07
1.425631227921174686e-07
1.424090729376295114e-07
1.422552592002406390e-07
1.421020335541636541e-07
1.419490562695499853e-07
1.417963556451668892e-07
1.416441411387149888e-07
1.414922073347043185e-07
1.413405827748522809e-07
1.411893242495787528e-07
1.410384447366619516e-07
1.408877926312491836e-07
1.407374681670954354e-07
1.405875642532329880e-07
1.404378541665392536e-07
1.402884873576027635e-07
1.401394231416733883e-07
1.399906140505377993e-07
1.398421421777239515e-07
1.396938792673399742e-07
1.395459592322560978e-07
1.393982958508498630e-07
1.392508078457412968e-07
1.391037128755934029e-07
1.389568199157148752e-07
1.388101366047016920e-07
1.386637447547822196e-07
1.385175826332952895e-07
1.383717281189699688e-07
1.382261044727018139e-07
1.380811318978691941e-07
1.379364243671366914e-07
1.377920122778063037e-07
1.376481008166267755e-07
1.375045377259582968e-07
1.373612585590237899e-07
1.372183585830587886e-07
1.370759244609845972e-07
1.369337179576168635e-07
1.367918513248639363e-07
1.366503838358574418e-07
1.365091915155570850e-07
1.363683422917753917e-07
1.362277671115700375e-07
1.360875882329238250e-07
1.359476426015921202e-07
1.358079530416240551e-07
1.356686902521813846e-07
1.355296054020680838e-07
1.353908373365913739e-07
1.352523553337232418e-07
1.351140955425796618e-07
1.349761808636601989e-07
1.348384430739980672e-07
1.347009961321989682e-07
1.345638678785894579e-07
1.344269299740249149e-07
1.342904974382905246e-07
1.341544520068356584e-07
1.340186897774162232e-07
1.338832341028311600e-07
1.337483169132057509e-07
1.336136274082335555e-07
1.334792541443039428e-07
1.333452963848215426e-07
1.332116332826163884e-07
1.330782460590315670e-07
1.329452025284036323e-07
1.328125490337050735e-07
1.326800846704257386e-07
1.325479895165261340e-07
1.324161860683698251e-07
1.322846301291064071e-07
1.321534132126148997e-07
1.320223995991767411e-07
1.318917397467408386e-07
1.317613107616420973e-07
1.316311088894810941e-07
1.315012286809140771e-07
1.313715450280471243e-07
1.312421543794620330e-07
1.311129621385986631e-07
1.309840192066790761e-07
1.308553735142219688e-07
1.307268962342605636e-07
1.305988768520148151e-07
1.304711838785210327e-07
1.303437264391718438e-07
1.302165597374496436e-07
1.300898354258527287e-07
1.299633064330760167e-07
1.298370601362960773e-07
1.297111659336475509e-07
1.295855200044820871e-07
1.294601147604962092e-07
1.293350029906254867e-07
1.292102203634802682e-07
1.290856186148687464e-07
1.289613157059925816e-07
1.288372456155569145e-07
1.287134373554830979e-07
1.285898647993522169e-07
1.284664768187256222e-07
1.283434260367484285e-07
1.282205238513546523e-07
1.280978730366728498e-07
1.279754414648756807e-07
1.278531849982091700e-07
1.277312139187589817e-07
1.276093673625011659e-07
1.274877623689120117e-07
1.273663836751883754e-07
1.272451822635335995e-07
1.271242452520645206e-07
1.270036318503270336e-07
1.268832321278653209e-07
1.267630333484908171e-07
1.266431591718299232e-07
1.265234984270476554e-07
1.264040324412550460e-07
1.262848126491778581e-07
1.261658798508208562e-07
1.260471054494037600e-07
1.259285360078364575e-07
1.258102122832532581e-07
1.256921054062196326e-07
1.255741444337875451e-07
1.254564150257583829e-07
1.253389285994215909e-07
1.252215369551980940e-07
1.251044226806323209e-07
1.249874539843115852e-07
1.248706522288409212e-07
1.247540599129867265e-07
1.246375932214147963e-07
1.245213462792743776e-07
1.244052343098012249e-07
1.242893050644195060e-07
1.241735105168005099e-07
1.240578753365194217e-07
1.239424353713287641e-07
1.238271039041870950e-07
1.237120322659531252e-07
1.235971676570557278e-07
1.234824543109738258e-07
1.233679064620908038e-07
1.232536096236448794e-07
1.231394460853679029e-07
1.230254532181841004e-07
1.229116449474262979e-07
1.227980230136519108e-07
1.226845341035643297e-07
1.225711986197573280e-07
1.224580388820731677e-07
1.223450414572045798e-07
1.222321546026457920e-07
1.221194338957277784e-07
1.220068954613161707e-07
1.218944267555249898e-07
1.217821620737021932e-07
1.216700020721497214e-07
1.215579729284419853e-07
1.214460886125557409e-07
1.213343077649097894e-07
1.212226780680433440e-07
1.211111439301041097e-07
1.209997620460830344e-07
1.208884645438865053e-07
1.207772871583204955e-07
1.206662545542062176e-07
1.205553172931316283e-07
1.204445333518338133e-07
1.203339341549015965e-07
1.202234567036824846e-07
1.201130911582529630e-07
1.200029082748908877e-07
1.198928569444434905e-07
1.197829105179148801e-07
1.196730865489723332e-07
1.195634384450442898e-07
1.194538746396192202e-07
1.193444251877554337e-07
1.192351049715994674e-07
1.191259164351590114e-07
1.190168046174201327e-07
1.189078264871825132e-07
1.187989499831426095e-07
1.186901870151184027e-07
1.185815181229513929e-07
1.184729388834302887e-07
1.183644976488855670e-07
1.182561084910646429e-07
1.181478557190848721e-07
1.180396699931404203e-07
1.179315831354332589e-07
1.178235992501556412e-07
1.177156784126372784e-07
1.176078592204437074e-07
1.175001242678260738e-07
1.173924924369328746e-07
1.172849263666442502e-07
1.171775379130607339e-07
1.170702677387926760e-07
1.169630915086947147e-07
1.168560135318563470e-07
1.167491039317530091e-07
1.166422700839395951e-07
1.165355425237580170e-07
1.164289170146670569e-07
1.163224318007813644e-07
1.162160142781848214e-07
1.161096874857818010e-07
1.160034707991916206e-07
1.158973631835782071e-07
1.157913121950342872e-07
1.156853744728636867e-07
1.155795301374784062e-07
1.154737642949634708e-07
1.153680891299672363e-07
1.152624736280183234e-07
1.151569881146995103e-07
1.150515411115325003e-07
1.149462035471610072e-07
1.148409216732364578e-07
1.147357286150839416e-07
1.146306156690005405e-07
1.145255570493445499e-07
1.144205846906292159e-07
1.143156801738743110e-07
1.142108685917744471e-07
1.141061128392625437e-07
1.140015299680862931e-07
1.138970675456092409e-07
1.137926989667329781e-07
1.136884167488425642e-07
1.135842977409503013e-07
1.134802727743298744e-07
1.133763372760621199e-07
1.132724907465564308e-07
