2.291187300104015045e-13
2.974541714149503503e-13
3.774585672108503535e-13
4.698264779128273801e-13
5.752280701622142583e-13
6.942335532894252625e-13
8.274106238640149143e-13
9.753052237712240901e-13
1.138408838198457424e-12
1.317140764077521897e-12
1.511954914838209414e-12
1.723205305298209961e-12
1.951247514824427169e-12
2.196395746891339119e-12
2.458933756091380698e-12
2.739159872384562483e-12
3.037264745010359950e-12
3.353478525253855511e-12
3.687941740338495645e-12
4.040894565501038292e-12
4.412406443698605693e-12
4.802555200530789583e-12
5.211464207363202437e-12
5.639217963399301141e-12
6.085809460903499400e-12
6.551282764625531369e-12
7.035666944025260204e-12
7.538872284735180582e-12
8.060995657863069443e-12
8.601938769983682828e-12
9.161488472149793599e-12
9.739848882721531595e-12
1.033663058472214382e-11
1.095193546575054242e-11
1.158549714606386169e-11
1.223731210373313607e-11
1.290701928234038587e-11
1.359477597665165033e-11
1.429994013901616535e-11
1.502286399845302600e-11
1.576291544095726825e-11
1.652004752553717531e-11
1.729400756281991407e-11
1.808471193859956890e-11
1.889171955384943154e-11
1.971471733617606058e-11
2.055370471213717816e-11
2.140817557150957371e-11
2.227814094064009025e-11
2.316305731364436168e-11
2.406262395391091617e-11
2.497678684498303532e-11
2.590490643616729055e-11
2.684690181791859774e-11
2.780250332787568070e-11
2.877111178658472344e-11
2.975272087715005099e-11
3.074692027678578335e-11
3.175311940315701676e-11
3.277133113388095246e-11
3.380112482283545698e-11
3.484186215200222618e-11
3.589358527164653309e-11
3.695588198513568252e-11
3.802805192980273585e-11
3.911017592940219558e-11
4.020190197616436426e-11
4.130255254577706586e-11
4.241184274579389435e-11
4.352973047110251642e-11
4.465555404155581215e-11
4.578875751615098685e-11
4.692958790402158832e-11
4.807754958848660010e-11
4.923187734017198979e-11
5.039223248948518971e-11
5.155884943434485794e-11
5.273111097927591714e-11
5.390832830270175182e-11
5.509027191934306849e-11
5.627708154592812794e-11
5.746810388269464860e-11
5.866270099993957321e-11
5.986074303330518313e-11
6.106228338968354572e-11
6.226668698400656847e-11
6.347332354902434291e-11
6.468221189093449185e-11
6.589315512036187181e-11
6.710583719384986282e-11
6.831953940309387720e-11
6.953411638724869028e-11
7.074952866007224124e-11
7.196551122350149838e-11
7.318155749772270433e-11
7.439712522307252714e-11
7.561231515381119418e-11
7.682705168134823602e-11
7.804089278102177012e-11
7.925329666275898877e-11
8.046397386463639619e-11
8.167305910043700908e-11
8.288057072934437331e-11
8.408587552659134061e-11
8.528858059842512406e-11
8.648836332712170003e-11
8.768538293999277724e-11
8.887995420718213819e-11
9.007113228545370888e-11
9.125897446033674397e-11
9.244276305301353200e-11
9.362285783304339435e-11
9.479935504842359978e-11
9.597189698405341396e-11
9.714017494737411443e-11
9.830372370059969302e-11
9.946273714849627279e-11
1.006169915672991519e-10
1.017670321741889410e-10
1.029118735605323363e-10
1.040519138713684890e-10
1.051863742050145060e-10
1.063158589289965045e-10
1.074398256211005330e-10
1.085589638434113828e-10
1.096722513876533165e-10
1.107802355977102070e-10
1.118822396536556709e-10
1.129788241201531281e-10
1.140695648621337307e-10
1.151548161946821650e-10
1.162343090785476961e-10
1.173078146425309438e-10
1.183756936631017102e-10
1.194374780713848934e-10
1.204938909961575322e-10
1.215440185781278334e-10
1.225888620068801158e-10
1.236272634753580481e-10
1.246601934646344981e-10
1.256870787943159393e-10
1.267084490722131494e-10
1.277243442812505069e-10
1.287342202653414047e-10
1.297389095543101877e-10
1.307373369980642551e-10
1.317305480405799816e-10
1.327180468439269661e-10
1.337003941624109120e-10
1.346778237979317750e-10
1.356494926774547006e-10
1.366164388940581533e-10
1.375776907520553221e-10
1.385339215991118415e-10
1.394853835556735223e-10
1.404319556209038925e-10
1.413745166199320819e-10
1.423121055041334358e-10
1.432452786841012927e-10
1.441741700202281798e-10
1.450981670897043029e-10
1.460181785998715080e-10
1.469340228869244419e-10
1.478462166178426272e-10
1.487551738360138520e-10
1.496601119733368573e-10
1.505617078677991660e-10
1.514598967204230584e-10
1.523544181026226120e-10
1.532459722777282578e-10
1.541344202650046355e-10
1.550201452367774756e-10
1.559035723711484379e-10
1.567843116822138120e-10
1.576627726664607627e-10
1.585391672379036776e-10
1.594132018415055211e-10
1.602852944647629630e-10
1.611556139819123296e-10
1.620241913407756090e-10
1.628913882163659874e-10
1.637573549386092302e-10
1.646222308359183061e-10
1.654862725598361570e-10
1.663495071524558549e-10
1.672119838101582157e-10
1.680738700435609521e-10
1.689352883051674597e-10
1.697963702677104744e-10
1.706572069820844621e-10
1.715182140765451572e-10
1.723797747821171979e-10
1.732418507436395415e-10
1.741046045455445812e-10
1.749682034365630192e-10
1.758325402010495513e-10
1.766977593442012007e-10
1.775641593901356602e-10
1.784315787048897309e-10
1.793001982253065135e-10
1.801708731908792835e-10
1.810433820790488980e-10
1.819176203968921143e-10
1.827942578866126265e-10
1.836730867227943308e-10
1.845538121199826273e-10
1.854371701816505584e-10
1.863231157187402887e-10
1.872112816378863540e-10
1.881021863263951142e-10
1.889965257106576157e-10
1.898938171080512198e-10
1.907939498509886989e-10
1.916980022502681646e-10
1.926055205708138628e-10
1.935160575908610694e-10
1.944304788854099908e-10
1.953488699379980922e-10
1.962706392542011568e-10
1.971958773995195435e-10
1.981258169610435937e-10
1.990597589171485868e-10
1.999972067345489050e-10
2.009394164843767058e-10
2.018864659154715529e-10
2.028376460567593943e-10
2.037928727634872968e-10
2.047534417826717878e-10
2.057186665052300860e-10
2.066878854406573875e-10
2.076618911516572802e-10
2.086412752997197787e-10
2.096252110284868714e-10
2.106132752323766124e-10
2.116070582948554841e-10
2.126063360270834518e-10
2.136103817128828439e-10
2.146190191677570494e-10
2.156336180540779575e-10
2.166534666757918459e-10
2.176778762722785508e-10
2.187070975574699837e-10
2.197422717447185971e-10
2.207825067610240495e-10
2.218271453850915539e-10
2.228769588764697449e-10
2.239327576264986644e-10
2.249936683728909144e-10
2.260590850548852699e-10
2.271298542042313859e-10
2.282064751424086748e-10
2.292881006152204459e-10
2.303741037418869679e-10
2.314653226218472465e-10
2.325620856636892218e-10
2.336635780826921940e-10
2.347692087005024665e-10
2.358798007815621235e-10
2.369958334910800441e-10
2.381164771348362845e-10
2.392412043604090968e-10
2.403705716416058663e-10
2.415051941149279374e-10
2.426443126150403827e-10
2.437873666630704448e-10
2.449344969036391511e-10
2.460864879322146833e-10
2.472425815294160916e-10
2.484022606580098494e-10
2.495654039198136869e-10
2.507328791181250468e-10
2.519041921850087348e-10
2.530788108396000490e-10
2.542564089467613610e-10
2.554377756398307829e-10
2.566227054977859116e-10
2.578106863012114688e-10
2.590013611906547796e-10
2.601948864336525881e-10
2.613914069846736417e-10
2.625904719307008075e-10
2.637917450562034526e-10
2.649950631310622340e-10
2.662006926298412012e-10
2.674083335790134503e-10
2.686177040955756709e-10
2.698285813181843432e-10
2.710409529945903449e-10
2.722547386645202481e-10
2.734696889009009272e-10
2.746856436885019303e-10
2.759024424160740706e-10
2.771198330060668745e-10
2.783376450648476475e-10
2.795557700108948892e-10
2.807741503464604458e-10
2.819924725227874584e-10
2.832102597677725764e-10
2.844275300364805030e-10
2.856442851237405525e-10
2.868605302018213816e-10
2.880754262456488974e-10
2.892886815875786990e-10
2.905004173887402046e-10
2.917107437884312745e-10
2.929196442742234363e-10
2.941260538283427618e-10
2.953299598215132735e-10
2.965316115814717187e-10
2.977312229683240011e-10
2.989285267241027519e-10
3.001220762277727923e-10
3.013120137020503226e-10
3.024987372152144852e-10
3.036825431398455385e-10
3.048629185747188459e-10
3.060380987286392950e-10
3.072084617055157619e-10
3.083744902466696896e-10
3.095365639144496257e-10
3.106942479967115549e-10
3.118458343714522009e-10
3.129918429814965713e-10
3.141328467972770318e-10
3.152693488495866596e-10
3.164008201672709602e-10
3.175249932557007457e-10
3.186422021133973265e-10
3.197532948027949751e-10
3.208588085896423623e-10
3.219586556605105931e-10
3.230499032216154775e-10
3.241327796858540951e-10
3.252083326419672743e-10
3.262771102962599924e-10
3.273396178829883778e-10
3.283930577669078808e-10
3.294375693735102399e-10
3.304739245538475297e-10
3.315030436985835711e-10
3.325253876905038479e-10
3.335391838750295660e-10
3.345420648340853135e-10
3.355355937306903505e-10
3.365204661841957410e-10
3.374975492302991006e-10
3.384663056280859437e-10
3.394233807176383398e-10
3.403693037658623355e-10
3.413054588592351898e-10
3.422326019707790758e-10
3.431514430897668662e-10
3.440594124745921319e-10
3.449553185708946379e-10
3.458407780388915910e-10
3.467165854821991532e-10
3.475836757810582998e-10
3.484415801125398821e-10
3.492865736100656016e-10
3.501192586566900545e-10
3.509410634578236651e-10
3.517529034643991281e-10
3.525555578354711944e-10
3.533470378483764844e-10
3.541245406007805272e-10
3.548899668596857555e-10
3.556443112155750418e-10
3.563884842044839850e-10
3.571232615854512881e-10
3.578451818012418190e-10
3.585538703285746378e-10
3.592508598544951876e-10
3.599370064854331044e-10
3.606134264538793363e-10
3.612804089553550352e-10
3.619334829394160884e-10
3.625734398670343258e-10
3.632014059472418461e-10
3.638186078543520682e-10
3.644258739799228643e-10
3.650230294285739663e-10
3.656063796629538298e-10
3.661766781749309450e-10
3.667351319521388380e-10
3.672830223626417678e-10
3.678211332681726565e-10
3.683491913512400470e-10
3.688639211975854161e-10
3.693660813223413175e-10
3.698568909270104081e-10
3.703375598212847572e-10
3.708086836852656608e-10
3.712706008024881194e-10
3.717195622917850944e-10
3.721564253500295752e-10
3.725822910383262039e-10
3.729979672758919542e-10
3.734045597858719101e-10
3.738026448122863392e-10
3.741887761927936157e-10
3.745631332906569104e-10
3.749270262386180775e-10
3.752813929963480928e-10
3.756267865134678857e-10
3.759641171634625002e-10
3.762916626779140002e-10
3.766078055883676228e-10
3.769137722756427656e-10
3.772109105526057669e-10
3.774996009365899475e-10
3.777806671909770982e-10
3.780537735269320699e-10
3.783168985852498236e-10
3.785708337004740432e-10
3.788165404359728150e-10
3.790546658558881197e-10
3.792859744671469474e-10
3.795108569419776617e-10
3.797276486722609311e-10
3.799357033953193758e-10
3.801362739877150234e-10
3.803300762115233550e-10
3.805175794721463957e-10
3.806992682244594968e-10
3.808750126718343070e-10
3.810433514575751561e-10
3.812048429406245847e-10
3.813601793470906156e-10
3.815099553456486531e-10
3.816546183770553269e-10
3.817945195866592494e-10
3.819293741768351433e-10
3.820588613156576068e-10
3.821835267508542779e-10
3.823039588816156476e-10
3.824206278493364282e-10
3.825336595110514614e-10
3.826434767420625898e-10
3.827495507518271036e-10
3.828518167797473778e-10
3.829507902691583257e-10
3.830468737607374164e-10
3.831402737140245056e-10
3.832312322526054669e-10
3.833199534519451651e-10
3.834063079285646164e-10
3.834904960734491542e-10
3.835728304284452215e-10
3.836535679701968952e-10
3.837327856438214259e-10
3.838106725994809679e-10
3.838873982938846206e-10
3.839638218970887353e-10
3.840401915899455875e-10
3.841166172611541731e-10
3.841931917609533601e-10
3.842699544943100227e-10
3.843469094843506078e-10
3.844241385820590279e-10
3.845026005930877417e-10
3.845825404032535706e-10
3.846638740111640883e-10
3.847465614011591401e-10
3.848305369118399147e-10
3.849157862872958899e-10
3.850022507451779673e-10
3.850910764193797812e-10
3.851829269180787701e-10
3.852775952252252292e-10
3.853749276029755729e-10
3.854748099001936658e-10
3.855770236116652391e-10
3.856814433059220405e-10
3.857890899969446512e-10
3.859016053269406514e-10
3.860187471632935784e-10
3.861401705928886883e-10
3.862656749470501192e-10
3.863949311839199187e-10
3.865277302318610297e-10
3.866641775037877475e-10
3.868065575621389448e-10
3.869549952592964748e-10
3.871088846756020629e-10
3.872679002075938479e-10
3.874316809456009399e-10
3.875999339396355758e-10
3.877724614593492023e-10
3.879506270534061621e-10
3.881361853298857593e-10
3.883287032066650006e-10
3.885275623865371346e-10
3.887324364363550878e-10
3.889429017978788678e-10
3.891585694514774253e-10
3.893793231147961325e-10
3.896078173311694477e-10
3.898448741143030520e-10
3.900896590898752261e-10
3.903416028263148132e-10
3.906002106099995143e-10
3.908651751763322398e-10
3.911361125154002493e-10
3.914129924277914632e-10
3.916990784502847616e-10
3.919941172839426959e-10
3.922973041115549988e-10
3.926079968143550303e-10
3.929258330998632138e-10
3.932502755465532788e-10
3.935809211238384063e-10
3.939183751135916154e-10
3.942657287410882119e-10
3.946225306146898329e-10
3.949879582906090946e-10
3.953614208591523172e-10
3.957424201547553042e-10
3.961304471503151697e-10
3.965250859003767904e-10
3.969268974899910907e-10
3.973388291088268902e-10
3.977604225765019022e-10
3.981908328569575757e-10
3.986293842308702488e-10
3.990756645580484154e-10
3.995291280377097453e-10
3.999893334590740498e-10
4.004562991564907283e-10
4.009332101096615151e-10
4.014196554426770878e-10
4.019148711261026364e-10
4.024180624095749364e-10
4.029287419303695216e-10
4.034464852091265037e-10
4.039708593691686525e-10
4.045016763169127034e-10
4.050414994635234232e-10
4.055908985826054648e-10
4.061490667957170450e-10
4.067152706667948303e-10
4.072889986051780539e-10
4.078698875293396043e-10
4.084574116864005104e-10
4.090511911448869606e-10
4.096523741089546429e-10
4.102624743465690896e-10
4.108808214980601384e-10
4.115067362962123293e-10
4.121396534330463807e-10
4.127791601407449637e-10
4.134248341535707766e-10
4.140763102068522115e-10
4.147334537888656794e-10
4.153982438263450391e-10
4.160706304783513163e-10
4.167498791958012216e-10
4.174354132018699809e-10
4.181268104848054792e-10
4.188237585185647660e-10
4.195259449441708691e-10
4.202330045477491868e-10
4.209454418309496379e-10
4.216644685856781905e-10
4.223897239745085137e-10
4.231207438647727701e-10
4.238570234534252738e-10
4.245981729103397848e-10
4.253439058733419698e-10
4.260939577371992354e-10
4.268480558459107214e-10
4.276066756327952984e-10
4.283701596359232566e-10
4.291380820394077069e-10
4.299100528991113817e-10
4.306857020388522097e-10
4.314648374909249688e-10
4.322472334477569294e-10
4.330326530122145136e-10
4.338209121973738413e-10
4.346121395558998412e-10
4.354063591791412876e-10
4.362032923594751333e-10
4.370026534876520159e-10
4.378041979702205509e-10
4.386077906113901048e-10
4.394132937138973929e-10
4.402205589706683038e-10
4.410294531534512985e-10
4.418396112696213409e-10
4.426507313498917702e-10
4.434627154394844033e-10
4.442754169685841718e-10
4.450886803119547522e-10
4.459024203021293802e-10
4.467166163606576176e-10
4.475312188125375738e-10
4.483461757578562891e-10
4.491607291002747409e-10
4.499741130369766156e-10
4.507863387546017120e-10
4.515972664935263863e-10
4.524069948643753588e-10
4.532155623927619730e-10
4.540229994982188241e-10
4.548292703710816238e-10
4.556344747846631078e-10
4.564382701297770635e-10
4.572386560478487946e-10
4.580357863579971383e-10
4.588298939545480383e-10
4.596210423315593015e-10
4.604093463095594585e-10
4.611949769301256849e-10
4.619780359386251834e-10
4.627584438749220907e-10
4.635363566204955514e-10
4.643097658743695706e-10
4.650774166660147770e-10
4.658398268781534532e-10
4.665972278563659793e-10
4.673495184908125667e-10
4.680973271997304419e-10
4.688408323135095903e-10
4.695800140054958563e-10
4.703152350490477325e-10
4.710462150986194038e-10
4.717693623070516630e-10
4.724851760793566534e-10
4.731942230656848724e-10
4.738967684097174289e-10
4.745932991106976368e-10
4.752837775167214160e-10
4.759685035493897177e-10
4.766480222080202710e-10
4.773225142296544475e-10
4.779904035420487432e-10
4.786492394809181323e-10
4.792987179965544681e-10
4.799400261641470144e-10
4.805735678721881029e-10
4.811997664441227677e-10
4.818191161488167491e-10
4.824314171168011519e-10
4.830372853266794958e-10
4.836372424765971648e-10
4.842287907388992227e-10
4.848097713099738962e-10
4.853797280582535547e-10
4.859400298785100275e-10
4.864912091362698489e-10
4.870337265224182358e-10
4.875682520782973514e-10
4.880944578231431429e-10
4.886131411555385999e-10
4.891249106185274217e-10
4.896275506783498704e-10
4.901188078140812763e-10
4.905982865661534275e-10
4.910674491525541395e-10
4.915268921880504621e-10
4.919774065342092199e-10
4.924189988138370979e-10
4.928519146340689035e-10
4.932771781052480195e-10
4.936947709494660610e-10
4.941040611825327214e-10
4.945006886123623065e-10
4.948853811437834025e-10
4.952592057011526967e-10
4.956229340971423244e-10
4.959767624919072572e-10
4.963211603269720843e-10
4.966570404953556278e-10
4.969840963284794814e-10
4.973034857699876323e-10
4.976146232303309628e-10
4.979143220185115686e-10
4.982018298990413451e-10
4.984782861617578310e-10
4.987434193291515712e-10
4.989986618769720305e-10
4.992442290029808533e-10
4.994810804542691554e-10
4.997090970304739683e-10
4.999286695516992506e-10
5.001407222420934131e-10
5.003436757151871653e-10
5.005349974162032002e-10
5.007148208206051334e-10
5.008844919622337912e-10
5.010447404809194787e-10
5.011957074197579413e-10
5.013381080249523337e-10
5.014721980201529278e-10
5.015984423124004463e-10
5.017174151736605347e-10
5.018287878758883851e-10
5.019311349725178884e-10
5.020231188349270997e-10
5.021047107785850391e-10
5.021769824102077522e-10
5.022406604854816674e-10
5.022965405280139995e-10
5.023441288976937779e-10
5.023846744524713862e-10
5.024179392815298758e-10
5.024446669250308228e-10
5.024645870602511969e-10
5.024760773557650920e-10
5.024787310795738222e-10
5.024729868868014413e-10
5.024590814883257857e-10
5.024379033212071146e-10
5.024101789322995643e-10
5.023755372231723245e-10
5.023348510113565703e-10
5.022881204018327919e-10
5.022358063767228515e-10
5.021778330226538928e-10
5.021132585950102388e-10
5.020418856456488751e-10
5.019639346924762148e-10
5.018797759240914992e-10
5.017900990617436226e-10
5.016954006703250582e-10
5.015954153532981984e-10
5.014909788282847184e-10
5.013817499784028509e-10
5.012684665123125525e-10
5.011508778729883546e-10
5.010288970834595290e-10
5.009021785725071088e-10
5.007706450123428762e-10
5.006349582377625593e-10
5.004954618140658326e-10
5.003523478636065712e-10
5.002059361188364927e-10
5.000560966273493362e-10
4.999034126555757703e-10
4.997476398708225004e-10
4.995892797133703646e-10
4.994282553904931313e-10
4.992647396505490839e-10
4.990988400884680682e-10
4.989308684514049841e-10
4.987610209096744424e-10
4.985893496973211013e-10
4.984161162317800691e-10
4.982414185908715075e-10
4.980653171192358331e-10
4.978879002353514718e-10
4.977091754176732454e-10
4.975293903718188323e-10
4.973491893251968657e-10
4.971688391260119797e-10
4.969886143887735912e-10
4.968083622109675419e-10
4.966281555619951125e-10
4.964482830797387631e-10
4.962685802031962617e-10
4.960891091542416924e-10
4.959099130956947073e-10
4.957310151289260001e-10
4.955523758817046798e-10
4.953742269693997020e-10
4.951984550374330762e-10
4.950249198238547936e-10
4.948535523790036984e-10
4.946845291142697947e-10
4.945176177336035080e-10
4.943527071246612846e-10
4.941900298736002426e-10
4.940293206166186541e-10
4.938703479054131283e-10
4.937135942002283608e-10
4.935584552001386687e-10
4.934055095174357666e-10
4.932574098453126265e-10
4.931133470996066761e-10
4.929732217655057382e-10
4.928374237634418419e-10
4.927053188436761408e-10
4.925767042842029514e-10
4.924518803926810311e-10
4.923305097062297957e-10
4.922121640192435115e-10
4.920974232895712246e-10
4.919854969401096975e-10
4.918769406646494221e-10
4.917747533721603924e-10
4.916780599287659393e-10
4.915868476724540503e-10
4.915011602593404637e-10
4.914204047083404480e-10
4.913445613971172848e-10
4.912733076492478877e-10
4.912066913640953198e-10
4.911443725863369865e-10
4.910860984538901486e-10
4.910319890238949093e-10
4.909820633531478077e-10
4.909389732137217131e-10
4.909028347638010003e-10
4.908749382699646369e-10
4.908534414664819723e-10
4.908380574267670263e-10
4.908293660262646991e-10
4.908266573502047247e-10
4.908293565520500168e-10
4.908378432754246325e-10
4.908517073386455197e-10
4.908704985116335915e-10
4.908944221273629416e-10
4.909243733484237320e-10
4.909630970432111409e-10
4.910097312715365368e-10
4.910632570061482992e-10
4.911248096108363152e-10
4.911928952334658436e-10
4.912672750059778897e-10
4.913479795341606869e-10
4.914350242795083952e-10
4.915276179582742337e-10
4.916256759166060267e-10
4.917293032863410117e-10
4.918383638410729007e-10
4.919547931934533623e-10
4.920791295935649842e-10
4.922120858956345458e-10
4.923521189845459397e-10
4.924990845029779442e-10
4.926530667108235962e-10
4.928129677889590158e-10
4.929795218529991569e-10
4.931517966167393255e-10
4.933294365132296927e-10
4.935131456325120661e-10
4.937016893759325965e-10
4.938957707984022715e-10
4.940980638432141177e-10
4.943078376841445237e-10
4.945265355693042846e-10
4.947522297573273148e-10
4.949847224512644589e-10
4.952242134720450332e-10
4.954698494201580745e-10
4.957219853794169651e-10
4.959798266028448545e-10
4.962430730717619445e-10
4.965124636834792873e-10
4.967866576272216679e-10
4.970662687345706730e-10
4.973530950258952801e-10
4.976465802915327744e-10
4.979476986880048112e-10
4.982549422427252760e-10
4.985681174832674861e-10
4.988874135360879953e-10
4.992117221935014039e-10
4.995417281365601556e-10
4.998768426127520391e-10
5.002165809832034414e-10
5.005610424477849659e-10
5.009101558059613080e-10
5.012637453010599511e-10
5.016225278702617689e-10
5.019870319033769638e-10
5.023576210034491372e-10
5.027328627308514911e-10
5.031135235747248113e-10
5.034986548086805418e-10
5.038881129682969530e-10
5.042818192481555658e-10
5.046794219701032611e-10
5.050812079342978728e-10
5.054865351484010104e-10
5.058954266652438924e-10
5.063077568738752210e-10
5.067236001050575146e-10
5.071442943791142746e-10
5.075688122500291929e-10
5.079973464689109144e-10
5.084297964835586523e-10
5.088655317230689803e-10
5.093046877534865355e-10
5.097468806800386033e-10
5.101921936913647330e-10
5.106403408723044228e-10
5.110911612481273852e-10
5.115446552839089920e-10
5.120007486658191121e-10
5.124593002785173895e-10
5.129200852592561772e-10
5.133832090254651943e-10
5.138487138527091786e-10
5.143160430256123142e-10
5.147854269968556961e-10
5.152564936599690998e-10
5.157290536108053396e-10
5.162033435997508793e-10
5.166789507257873925e-10
5.171558809660346146e-10
5.176342807198552099e-10
5.181138497913441760e-10
5.185945757013589714e-10
5.190764094239710293e-10
5.195585916335527090e-10
5.200409544819680184e-10
5.205234122813625463e-10
5.210060176834455352e-10
5.214884849446377304e-10
5.219709830757629848e-10
5.224532456214474255e-10
5.229354891069490567e-10
5.234175559857740945e-10
5.238993796404103697e-10
5.243811951742912472e-10
5.248626063399295134e-10
5.253439114108442292e-10
5.258248288810589911e-10
5.263039760762546809e-10
5.267808322566570619e-10
5.272552362443477182e-10
5.277277280537601514e-10
5.281977090122823765e-10
5.286658845284217134e-10
5.291315737805729232e-10
5.295953745665100912e-10
5.300571132280432617e-10
5.305169064437443011e-10
5.309749261785678633e-10
5.314308970221839901e-10
5.318851917538416752e-10
5.323373974578475809e-10
5.327868050220247308e-10
5.332312460601795984e-10
5.336717350594360843e-10
5.341080970363655589e-10
5.345402694439930357e-10
5.349689234852196436e-10
5.353935029842474422e-10
5.358148995501302181e-10
5.362323531393087704e-10
5.366465175888652013e-10
5.370571392758897961e-10
5.374647380912816096e-10
5.378691801227222650e-10
5.382706659113306355e-10
5.386686435900274508e-10
5.390604046046657172e-10
5.394467317479822974e-10
5.398264098393437606e-10
5.402014693769090283e-10
5.405701541745038306e-10
5.409343008548706263e-10
5.412931941729349489e-10
5.416471637744750249e-10
5.419965097425138271e-10
5.423413127698622106e-10
5.426818402871976865e-10
5.430180350247944149e-10
5.433502253370570328e-10
5.436779785188894024e-10
5.440012124167831044e-10
5.443157302640581183e-10
5.446241845789400019e-10
5.449244738456037933e-10
5.452188638981794131e-10
5.455065004713482257e-10
5.457880516264960259e-10
5.460636946396915955e-10
5.463333374429704911e-10
5.465976987299628577e-10
5.468565081553692177e-10
5.471102972460001489e-10
5.473587825260825191e-10
5.476025385622049930e-10
5.478410096391296300e-10
5.480744225340882723e-10
5.482985333068716601e-10
5.485163865736375062e-10
5.487258833855051558e-10
5.489291414490135145e-10
5.491254956772263500e-10
5.493155884654721426e-10
5.494996287171932314e-10
5.496774297035539118e-10
5.498498101691871798e-10
5.500165613336924685e-10
5.501780798475467715e-10
5.503344000111774409e-10
5.504857240002396407e-10
5.506319565375241481e-10
5.507730438029895932e-10
5.509054538053368853e-10
5.510316143434043645e-10
5.511494561902312756e-10
5.512615643084787237e-10
5.513660539920431315e-10
5.514650611723168389e-10
5.515575800676622159e-10
5.516446905545550923e-10
5.517259606006784095e-10
5.518017547809925159e-10
5.518723638849172800e-10
5.519380379073240550e-10
5.519986949938426062e-10
5.520548571169223691e-10
5.521059140210944760e-10
5.521507982853199866e-10
5.521888350402794706e-10
5.522201767155100718e-10
5.522456896682865763e-10
5.522647586390660229e-10
5.522786847458067920e-10
5.522867654607584455e-10
5.522900513922644757e-10
5.522880588654664767e-10
5.522815431681908896e-10
5.522702125628062337e-10
5.522544466963229406e-10
5.522343071020326257e-10
5.522099221892396330e-10
5.521813206052240006e-10
5.521487076321625575e-10
5.521100872732543838e-10
5.520670158621372414e-10
5.520182362970630599e-10
5.519654482801417918e-10
5.519075542676822964e-10
5.518457995640992027e-10
5.517796650449646984e-10
5.517099871887271240e-10
5.516363457886231629e-10
5.515592248660599860e-10
5.514785522451989609e-10
5.513944121757735886e-10
5.513069694987344193e-10
5.512164487528564720e-10
5.511227488407172316e-10
5.510261863803443839e-10
5.509254747467433361e-10
5.508218235396449186e-10
5.507143851165371810e-10
5.506042556778113081e-10
5.504907321132442955e-10
5.503746332295545244e-10
5.502557432081274307e-10
5.501345156034270095e-10
5.500107527787970255e-10
5.498847042346842648e-10
5.497564211756464187e-10
5.496258227022976124e-10
5.494932276496749061e-10
5.493585480474428589e-10
5.492219119357804985e-10
5.490835818406277757e-10
5.489435270421850160e-10
5.488020949076289819e-10
5.486590340220283820e-10
5.485148025014225870e-10
5.483692129509698711e-10
5.482225607092482570e-10
5.480747515172473687e-10
5.479260507398977254e-10
5.477763783165295121e-10
5.476258709555566725e-10
5.474745189411962491e-10
5.473223304077495492e-10
5.471694501798707489e-10
5.470157254532532249e-10
5.468614413619115356e-10
5.467065114255572062e-10
5.465517748972866950e-10
5.463973828757545152e-10
5.462432892790035721e-10
5.460896773331305635e-10
5.459362612550476071e-10
5.457834467969345856e-10
5.456309286843101062e-10
5.454790719289892784e-10
5.453275314609508637e-10
5.451766670542695557e-10
5.450260727626075705e-10
5.448761923309538859e-10
5.447265721235690488e-10
5.445776719011881530e-10
5.444290191586601529e-10
5.442810512439316069e-10
5.441338754166719225e-10
5.439892672257630479e-10
5.438463232298241892e-10
5.437057945569677102e-10
5.435669722417635415e-10
5.434303234466416163e-10
5.432954313479222272e-10
5.431625513644730912e-10
5.430314677612126854e-10
5.429022268074826371e-10
5.427748173290604210e-10
5.426490572659235742e-10
5.425251420602958184e-10
5.424027250798643384e-10
5.422821294853171486e-10
5.421628950045623042e-10
5.420454554591022214e-10
5.419300052165206575e-10
5.418189881410703352e-10
5.417106437931704345e-10
5.416063599449064335e-10
5.415047396017058792e-10
5.414067134253966070e-10
5.413113939982457887e-10
5.412193136394981692e-10
5.411299604254899192e-10
5.410435592742811159e-10
5.409599046892180613e-10
5.408788800921944205e-10
5.408006140268445329e-10
5.407247077667850844e-10
5.406515470817645643e-10
5.405804956495244901e-10
5.405121611224668587e-10
5.404463844245423960e-10
5.403857661639043194e-10
5.403286720289238105e-10
5.402763561277094076e-10
5.402275618450359645e-10
5.401828571788689967e-10
5.401417467789296375e-10
5.401042225109166830e-10
5.400702861978799550e-10
5.400395460545711858e-10
5.400123951113306500e-10
5.399882377930378002e-10
5.399675080352060801e-10
5.399496460407719356e-10
5.399348481595329712e-10
5.399228682594514123e-10
5.399136676094680488e-10
5.399076391191392764e-10
5.399058070760333719e-10
5.399093041212180571e-10
5.399168259737719621e-10
5.399297915105091513e-10
5.399463310454501776e-10
5.399680443087189840e-10
5.399930931502753072e-10
5.400226287396936531e-10
5.400555263692773713e-10
5.400924475171140957e-10
5.401327841797374853e-10
5.401767142924492846e-10
5.402240892163012145e-10
5.402746574562155233e-10
5.403286909705803236e-10
5.403855447316510688e-10
5.404458587608405259e-10
5.405092837471381278e-10
5.405780714922703177e-10
5.406508187423387998e-10
5.407283473259224081e-10
5.408099876114419214e-10
5.408955861963143474e-10
5.409853966345913712e-10
5.410785861932603121e-10
5.411760040161681039e-10
5.412764872571908851e-10
5.413807269774910280e-10
5.414880421059930655e-10
5.415987289396462714e-10
5.417124956516420640e-10
5.418292882322966474e-10
5.419491686675599942e-10
5.420717081309731407e-10
5.421973270087823969e-10
5.423257182768302605e-10
5.424586995529882940e-10
5.425949145728896956e-10
5.427351624272233448e-10
5.428787511991790426e-10
5.430256429975422232e-10
5.431759810553258769e-10
5.433291421039850898e-10
5.434856643168426736e-10
5.436447045520054601e-10
5.438067761306205629e-10
5.439713460437322875e-10
5.441386519752640087e-10
5.443084361504936806e-10
5.444806772933581177e-10
5.446553787790391828e-10
5.448322787532470064e-10
5.450116760392374401e-10
5.451933113225732050e-10
5.453777827272580804e-10
5.455649979764957444e-10
5.457547054995771505e-10
5.459472329860299127e-10
5.461419021642606083e-10
5.463392982716255297e-10
5.465385812671095271e-10
5.467402185874463780e-10
5.469436407863905349e-10
5.471492207910664831e-10
5.473565199756996743e-10
5.475658215112808928e-10
5.477768712782179637e-10
5.479897640288172459e-10
5.482042133422053432e-10
5.484204100583930791e-10
5.486380112555101463e-10
5.488572889212938528e-10
5.490777696249581949e-10
5.492996199345531787e-10
5.495224942314496700e-10
5.497467358055141905e-10
5.499718845302731180e-10
5.501982379669577030e-10
5.504253869972365307e-10
5.506535323394538849e-10
5.508823647682462780e-10
5.511120130755892792e-10
5.513424223893781046e-10
5.515734925118622721e-10
5.518053443039043793e-10
5.520377275132610987e-10
5.522709001280024506e-10
5.525044902504905027e-10
5.527388407755037429e-10
5.529735810933919712e-10
5.532088819432077010e-10
5.534440650928665508e-10
5.536788480972111462e-10
5.539134311067874918e-10
5.541474668593993150e-10
5.543813498528575131e-10
5.546148777331528233e-10
5.548480056961562446e-10
5.550809084871145053e-10
5.553131393685280937e-10
5.555451147746328467e-10
5.557765485340252863e-10
5.560076502319572652e-10
5.562383780658411637e-10
5.564686115010443884e-10
5.566986191986620662e-10
5.569279663833360057e-10
5.571570797536930005e-10
5.573856363296567176e-10
5.576136756979344005e-10
5.578405234000983517e-10
5.580650691491704770e-10
5.582882184692104322e-10
5.585091671796645171e-10
5.587287667441117404e-10
5.589466708327640523e-10
5.591628090499374339e-10
5.593776695101525825e-10
5.595903439282476345e-10
5.598018468037634019e-10
5.600116811214067408e-10
5.602200743571512911e-10
5.604271460669397373e-10
5.606325274607848104e-10
5.608365750165971133e-10
5.610390446376072559e-10
5.612402898408218783e-10
5.614402578277847275e-10
5.616387730958084736e-10
5.618355946219100290e-10
5.620284999266791339e-10
5.622190795267835008e-10
5.624067246353533657e-10
5.625914576290547003e-10
5.627740330484329829e-10
5.629531324808269363e-10
5.631303473832138284e-10
5.633048068130383619e-10
5.634769826715310496e-10
5.636469308377070918e-10
5.638139803412029937e-10
5.639791079777295345e-10
5.641418896088315829e-10
5.643025952174560486e-10
5.644613445875678784e-10
5.646178151849760380e-10
5.647723812067315666e-10
5.649247328766052912e-10
5.650748785174120504e-10
5.652223668503958208e-10
5.653652896707367151e-10
5.655054709369077005e-10
5.656414041155721570e-10
5.657744596660514873e-10
5.659044528755884013e-10
5.660307809152429007e-10
5.661545105445635870e-10
5.662748157967049981e-10
5.663927045506590504e-10
5.665076396377556620e-10
5.666196890842787171e-10
5.667290224654637669e-10
5.668355512860727131e-10
5.669396985986327056e-10
5.670414658469088183e-10
5.671406567454465179e-10
5.672377069399265236e-10
5.673320310338288275e-10
5.674237688590214254e-10
5.675125124068065361e-10
5.675965822995395105e-10
5.676776929772482203e-10
5.677543096623062008e-10
5.678278970041869941e-10
5.678982746598085743e-10
5.679647288278616518e-10
5.680285249746754490e-10
5.680888046661863021e-10
5.681465049827120183e-10
5.682011355170914379e-10
5.682525642669754209e-10
5.683013913747041578e-10
5.683473905879484632e-10
5.683908749847458677e-10
5.684319312508308677e-10
5.684702362695394488e-10
5.685059849559345755e-10
5.685393686230039827e-10
5.685701728665488812e-10
5.685986817459438646e-10
5.686225612912794730e-10
5.686438057609686364e-10
5.686614819431714963e-10
5.686759743128760618e-10
5.686878024844196501e-10
5.686959893606956114e-10
5.687019953671202360e-10
5.687049198821136390e-10
5.687051993957165561e-10
5.687029872789050982e-10
5.686980576857264409e-10
5.686909948613010582e-10
5.686814909901659686e-10
5.686696055793748373e-10
5.686552042650799289e-10
5.686387361349911271e-10
5.686200576338161558e-10
5.685995572952275357e-10
5.685767694107198396e-10
5.685518109337333291e-10
5.685243569437443446e-10
5.684939745319042753e-10
5.684615209526560203e-10
5.684260222837086938e-10
5.683885066246673000e-10
5.683486963408555176e-10
5.683064297243720403e-10
5.682623561850539003e-10
5.682159633928610109e-10
5.681678676255350763e-10
5.681177597023011593e-10
5.680655766410229580e-10
5.680118090289087627e-10
5.679562414096962670e-10
5.678991063153592602e-10
5.678401349544236481e-10
5.677795433120053191e-10
5.677172566272603622e-10
5.676536711764606357e-10
5.675884530965437198e-10
5.675218699677559591e-10
5.674538270417422300e-10
5.673842569920890302e-10
5.673135926401612114e-10
5.672414076863711451e-10
5.671681967924152295e-10
5.670936396975526124e-10
5.670180613629447862e-10
5.669414903252469287e-10
5.668637732343663444e-10
5.667852582719257562e-10
5.667056596221012988e-10
5.666252628281060249e-10
5.665440558527318702e-10
5.664619340433269123e-10
5.663792017069710658e-10
5.662954010341006498e-10
5.662110237176063536e-10
5.661258154002790657e-10
5.660399599634975217e-10
5.659534704130004693e-10
5.658663524216896395e-10
5.657789771687068536e-10
5.656914604346449768e-10
5.656038272980085236e-10
5.655160066209123321e-10
5.654281024853877052e-10
5.653399496328199219e-10
5.652518850762529296e-10
5.651636743331064900e-10
5.650753490928394421e-10
5.649871997480902786e-10
5.648989983476505558e-10
5.648108084820926874e-10
5.647227025439891373e-10
5.646344370698407608e-10
5.645464529831421811e-10
5.644583949991494702e-10
5.643703173504888662e-10
5.642824168068802440e-10
5.641944836842999753e-10
5.641067209999407967e-10
5.640189785711885815e-10
5.639316041467621129e-10
5.638455875540741527e-10
5.637602765544563256e-10
5.636755514728750995e-10
5.635923812924547853e-10
5.635096875426687209e-10
5.634278222595073243e-10
5.633470727860924720e-10
5.632669697215376143e-10
5.631878406966712507e-10
5.631094910346121107e-10
5.630319042850171069e-10
5.629554355356504428e-10
5.628795845224652577e-10
5.628043813263471277e-10
5.627302835085187102e-10
5.626568435136478491e-10
5.625841404457266572e-10
5.625122094015675787e-10
5.624408812614149325e-10
5.623705433189289483e-10
5.623009555930303137e-10
5.622323235944828770e-10
5.621664733802421664e-10
5.621020126465611774e-10
5.620389492398911529e-10
5.619785434187347492e-10
5.619191892167829716e-10
5.618616663247663898e-10
5.618059629978419624e-10
5.617516272410152413e-10
5.616990724497295335e-10
5.616479367011946638e-10
5.615982770534822530e-10
5.615504609532792009e-10
5.615038010735711917e-10
5.614583802558845624e-10
5.614149275801530850e-10
5.613726416878814477e-10
5.613315711212974265e-10
5.612918898066863141e-10
5.612535519809837212e-10
5.612165687777745472e-10
5.611808548247106089e-10
5.611464358764617709e-10
5.611150208491587670e-10
5.610854525859473031e-10
5.610575908395524854e-10
5.610325333828160940e-10
5.610090575984160869e-10
5.609872250128711246e-10
5.609680944794505568e-10
5.609501538624675075e-10
5.609342244249601146e-10
5.609202456727187140e-10
5.609077457795795369e-10
5.608969901381294727e-10
5.608877926725568584e-10
5.608804417407960430e-10
5.608746759389576209e-10
5.608702704014719149e-10
5.608672767274205131e-10
5.608661427232985216e-10
5.608663936071183383e-10
5.608677575220859669e-10
5.608707602662333763e-10
5.608753743278767765e-10
5.608815173954727208e-10
5.608905852591389708e-10
5.609012576893730383e-10
5.609139590882106400e-10
5.609291143617068380e-10
5.609456796293058324e-10
5.609644441321481005e-10
5.609849795150587648e-10
5.610071051950809696e-10
5.610311933244018678e-10
5.610567884041595229e-10
5.610840642804927675e-10
5.611130905120631097e-10
5.611433385538469362e-10
5.611752577943855540e-10
5.612089459683366302e-10
5.612438900107959238e-10
5.612800756184424872e-10
5.613178968584408605e-10
5.613571647318914273e-10
5.613975177658404423e-10
5.614393015918986055e-10
5.614825203923566479e-10
5.615272378825216837e-10
5.615740500687252714e-10
5.616221317003603740e-10
5.616720610166425684e-10
5.617237054389585524e-10
5.617765446006099163e-10
5.618311506700001322e-10
5.618870784764364303e-10
5.619442756735565705e-10
5.620029928838574704e-10
5.620628958604767967e-10
5.621241031840535961e-10
5.621865942704934218e-10
5.622500011504638862e-10
5.623149060592153491e-10
5.623809619264515464e-10
5.624479859047959779e-10
5.625160387796947460e-10
5.625853350309777277e-10
5.626557201870663365e-10
5.627268930457093945e-10
5.627991652936696553e-10
5.628725371567116948e-10
5.629466530582908026e-10
5.630219978607874815e-10
5.630982053992936433e-10
5.631752923995852179e-10
5.632534778020379965e-10
5.633323171313144259e-10
5.634120909694487768e-10
5.634927006680009921e-10
5.635739540250348733e-10
5.636561150046113849e-10
5.637388924984179528e-10
5.638222279357600595e-10
5.639063540467198037e-10
5.639911076886615497e-10
5.640764742218748098e-10
5.641624468412476687e-10
5.642488799714587174e-10
5.643361173798667608e-10
5.644237907438177944e-10
5.645119493595935115e-10
5.646007609404353579e-10
5.646899626471549445e-10
5.647797691712368843e-10
5.648698472224962357e-10
5.649600916634517011e-10
5.650504676411167974e-10
5.651408738074700935e-10
5.652315253913159779e-10
5.653221781880825404e-10
5.654129209024048258e-10
5.655038121061063497e-10
5.655946241640493435e-10
5.656855095893039919e-10
5.657764918856663212e-10
5.658673935315485564e-10
5.659582904685440613e-10
5.660492090021885924e-10
5.661400715326472567e-10
5.662309635411998593e-10
5.663218276678147714e-10
5.664126047401345253e-10
5.665034415531743700e-10
5.665941772817731618e-10
5.666848893237064566e-10
5.667756313522685104e-10
5.668662083524955845e-10
5.669568361446952749e-10
5.670471182369904763e-10
5.671366445210715383e-10
5.672253948813057600e-10
5.673135406646172156e-10
5.674009830554996626e-10
5.674875904021037544e-10
5.675737035594239120e-10
5.676591279899886799e-10
5.677436926426256910e-10
5.678277956826930384e-10
5.679112577305594566e-10
5.679938693590085339e-10
5.680759489509832144e-10
5.681574798467435677e-10
5.682381781895386813e-10
5.683183321205686588e-10
5.683979898682482871e-10
5.684768691962525875e-10
5.685551831344379593e-10
5.686330230198554096e-10
5.687101855023093464e-10
5.687867498489065228e-10
5.688628445840916185e-10
5.689383225375153547e-10
5.690129993807848021e-10
5.690868936311189349e-10
5.691587835906220575e-10
5.692297579953407866e-10
5.692998548617889391e-10
5.693679373846695506e-10
5.694352850661016949e-10
5.695017178751229931e-10
5.695663904991132086e-10
5.696303598627468283e-10
5.696932906721776143e-10
5.697547400437091991e-10
5.698154926247353553e-10
5.698751101365948504e-10
5.699334582176973250e-10
5.699911250228431719e-10
5.700476585124492888e-10
5.701030450672616174e-10
5.701576972445718525e-10
5.702114035779441696e-10
5.702639756238598030e-10
5.703157745397664769e-10
5.703667955196987171e-10
5.704167076874604741e-10
5.704658262071551348e-10
5.705138705481096236e-10
5.705602308087413436e-10
5.706047467909503721e-10
5.706480533455740579e-10
5.706898152306921157e-10
5.707295966741952667e-10
5.707684106946081013e-10
5.708058490958479952e-10
5.708413380032951257e-10
5.708759802898154228e-10
5.709093110720736094e-10
5.709407944259274735e-10
5.709715601720794841e-10
5.710009408163777814e-10
5.710287372259106566e-10
5.710557672332219543e-10
5.710815118177354575e-10
5.711058163385489151e-10
5.711292704783248680e-10
5.711516139794941420e-10
5.711726276877692478e-10
5.711927117812001126e-10
5.712118425956976866e-10
5.712297487559112847e-10
5.712466695131355748e-10
5.712624703810457036e-10
5.712767487783263179e-10
5.712891740522887752e-10
5.713004273947922150e-10
5.713103249967026153e-10
5.713181928488638480e-10
5.713251533956819169e-10
5.713308792038721842e-10
5.713347300680236207e-10
5.713377087411410688e-10
5.713394375324650197e-10
5.713397212887507109e-10
5.713390456332056210e-10
5.713370764504752787e-10
5.713339290272921193e-10
5.713298922289963143e-10
5.713244460975240179e-10
5.713180532359873699e-10
5.713107904506583049e-10
5.713021280259236026e-10
5.712926956239836019e-10
5.712823230707619350e-10
5.712707084596216701e-10
5.712584089817374606e-10
5.712450842703309452e-10
5.712306585587761748e-10
5.712155276910060324e-10
5.711987194142591784e-10
5.711809249155618907e-10
5.711622569068002413e-10
5.711421404178314415e-10
5.711210994044474618e-10
5.710991381234414335e-10
5.710759914091198343e-10
5.710519268033494829e-10
5.710270633309612790e-10
5.710011434627522737e-10
5.709742814040420859e-10
5.709468422377618511e-10
5.709183527639696510e-10
5.708889322078628976e-10
5.708590048219079569e-10
5.708280857533194142e-10
5.707963543585873302e-10
5.707640632943489396e-10
5.707308808778637721e-10
5.706969988476860999e-10
5.706625052136598882e-10
5.706271851059468390e-10
5.705913023983018173e-10
5.705547186286837416e-10
5.705174634637001845e-10
5.704797097493523106e-10
5.704412802276327235e-10
5.704023029144507652e-10
5.703628497198071070e-10
5.703227543482623487e-10
5.702822032069377700e-10
5.702411952561870753e-10
5.701995910377823364e-10
5.701576537668103164e-10
5.701152896549797610e-10
5.700723686985233173e-10
5.700291771314938823e-10
5.699856967651603788e-10
5.699416217978806575e-10
5.698973056049939607e-10
5.698527558416162803e-10
5.698076506237585939e-10
5.697622952631536490e-10
5.697167274416193753e-10
5.696706737671619154e-10
5.696243975214684795e-10
5.695778931569363807e-10
5.695309646753967029e-10
5.694838266735125876e-10
5.694364700089433133e-10
5.693887977022142317e-10
5.693410295092757820e-10
5.692934139101183212e-10
5.692456689150648617e-10
5.691980289338866872e-10
5.691503290483090245e-10
5.691027171499990866e-10
5.690551044993283668e-10
5.690074057928067113e-10
5.689599702601695390e-10
5.689124393577595657e-10
5.688649312541957273e-10
5.688176249695786484e-10
5.687702853931378720e-10
5.687230542136560933e-10
5.686758863041606810e-10
5.686288255295996654e-10
5.685818288789801211e-10
5.685348222140037787e-10
5.684880695862153615e-10
5.684413027662949940e-10
5.683945094980426807e-10
5.683480257971871448e-10
5.683014982996774710e-10
5.682550134536305987e-10
5.682087302713173852e-10
5.681624428237450537e-10
5.681164303259427842e-10
5.680706321753336349e-10
5.680257144471388355e-10
5.679810414670442291e-10
5.679366954088773065e-10
5.678930516363278923e-10
5.678497317683610809e-10
5.678068004233430140e-10
5.677643107174936515e-10
5.677224279252314138e-10
5.676807504394160010e-10
5.676394659128251471e-10
5.675989033399061721e-10
5.675585099962384304e-10
5.675185842433890858e-10
5.674791074749621668e-10
5.674399835264934326e-10
5.674013217183192560e-10
5.673629168427651049e-10
5.673250813745123210e-10
5.672875575326302479e-10
5.672502161063498370e-10
5.672135768166823414e-10
5.671771481948082023e-10
5.671410005190140371e-10
5.671053409853967328e-10
5.670699600758695381e-10
5.670351624259999538e-10
5.670007585859233491e-10
5.669679083240266684e-10
5.669355372832156409e-10
5.669038096181161380e-10
5.668731809336996877e-10
5.668433030263314638e-10
5.668140319456311565e-10
5.667854732834315555e-10
5.667580722273576108e-10
5.667310682478915410e-10
5.667047563167437392e-10
5.666793837912897764e-10
5.666545436223316035e-10
5.666304786141357128e-10
5.666069639095985172e-10
5.665843611560771428e-10
5.665622561741607225e-10
5.665406200975773901e-10
5.665200511067724566e-10
5.664998201314068246e-10
5.664802446592668807e-10
5.664613487715417084e-10
5.664429438661130670e-10
5.664252773297060332e-10
5.664079878976347066e-10
5.663914282848764717e-10
5.663755087358619714e-10
5.663599780580381161e-10
5.663456763093524429e-10
5.663321626571806680e-10
5.663192754026521260e-10
5.663071048606684663e-10
5.662960961494320586e-10
5.662855970505933920e-10
5.662757329617560998e-10
5.662667951007284112e-10
5.662584968169215331e-10
5.662507361075965467e-10
5.662437542056976233e-10
5.662375837472022849e-10
5.662317733822385858e-10
5.662267999032286896e-10
5.662224157829091198e-10
5.662185475992204460e-10
5.662154189991671932e-10
5.662127088268517450e-10
5.662107599375437550e-10
5.662092961928222724e-10
5.662083183591583328e-10
5.662080366629752629e-10
5.662081592780292389e-10
5.662089221447759298e-10
5.662101094062208318e-10
5.662118109133191173e-10
5.662141598350590221e-10
5.662168155213271824e-10
5.662202772789284131e-10
5.662243849447563570e-10
5.662288837783661261e-10
5.662339502470244988e-10
5.662397696645873709e-10
5.662459559243524730e-10
5.662526218606836152e-10
5.662599372339432988e-10
5.662676620765984312e-10
5.662757826373224378e-10
5.662844672406146992e-10
5.662936159048946346e-10
5.663030845702859685e-10
5.663130810006838669e-10
5.663234422950210728e-10
5.663342275630054280e-10
5.663454149568245428e-10
5.663569369959809157e-10
5.663689613073610249e-10
5.663812524336453379e-10
5.663939810828438307e-10
5.664070534581992621e-10
5.664204003408260377e-10
5.664342430139725047e-10
5.664483011089521599e-10
5.664627089828397839e-10
5.664775178644626505e-10
5.664925367659342377e-10
5.665078625690863129e-10
5.665234728876578162e-10
5.665393412456605348e-10
5.665554516781453075e-10
5.665718457150890447e-10
5.665884754418898451e-10
5.666052918128647248e-10
5.666224092336996082e-10
5.666397107069300273e-10
5.666572161280682706e-10
5.666749080455047912e-10
5.666928222604375805e-10
5.667109017808316377e-10
5.667290922335220146e-10
5.667475714499585503e-10
5.667661474031729780e-10
5.667848274581733325e-10
5.668037794235866683e-10
5.668228452246301702e-10
5.668420000497655591e-10
5.668613636942462124e-10
5.668808759601783102e-10
5.669004693394080844e-10
5.669202194997892947e-10
5.669401310474857640e-10
5.669601321673179824e-10
5.669802394512965384e-10
5.670004641825754758e-10
5.670206813061493119e-10
5.670406734456270711e-10
5.670605232150771722e-10
5.670802565599408006e-10
5.670999961144619018e-10
5.671193605084812036e-10
5.671387088698218988e-10
5.671579046571360224e-10
5.671770536902787296e-10
5.671958476328349964e-10
5.672146474616407621e-10
5.672333216772377509e-10
5.672517790898862068e-10
5.672700824757122731e-10
5.672882336538149502e-10
5.673063970147440142e-10
5.673241431636780851e-10
5.673418750787135820e-10
5.673594658998563788e-10
5.673769358499773526e-10
5.673941501650608115e-10
5.674112875615543402e-10
5.674283850682514127e-10
5.674451461991249838e-10
5.674618715564567268e-10
5.674784354468910946e-10
5.674949152315169419e-10
5.675111340558809962e-10
5.675272535025850023e-10
5.675431487581914427e-10
5.675585425074807352e-10
5.675733365512845984e-10
5.675878115139681675e-10
5.676019948524669398e-10
5.676155246456844955e-10
5.676286735270449889e-10
5.676415136531970825e-10
5.676540364371813190e-10
5.676658803580688216e-10
5.676774992096341746e-10
5.676887160821116750e-10
5.676996059231657329e-10
5.677098867713398681e-10
5.677200123261517441e-10
5.677296829369181903e-10
5.677389782991346306e-10
5.677478786487967422e-10
5.677564428986326423e-10
5.677647898623837695e-10
5.677725128927129597e-10
5.677801118478550572e-10
5.677872178125238517e-10
5.677941332047132294e-10
5.678005751096751753e-10
5.678067271136013722e-10
5.678126744364490362e-10
5.678181525599049370e-10
5.678233929937931962e-10
5.678281683264830383e-10
5.678327221439512432e-10
5.678363547766282216e-10
5.678394689000859373e-10
5.678421431272782066e-10
5.678444000228202919e-10
5.678457729599087967e-10
5.678468248489023086e-10
5.678474269570884064e-10
5.678475031092073010e-10
5.678468523430890575e-10
5.678459390137799217e-10
5.678445611493773060e-10
5.678426464035903289e-10
5.678401865348795068e-10
5.678374881463513836e-10
5.678341885182667617e-10
5.678304392674100633e-10
5.678263127327348710e-10
5.678217148522102232e-10
5.678168558895109051e-10
5.678112965268934226e-10
5.678055851044283527e-10
5.677992812449716953e-10
5.677927365775726467e-10
5.677857118001394811e-10
5.677782829665834546e-10
5.677705969757717215e-10
5.677624456500950424e-10
5.677539617166074861e-10
5.677449946444526118e-10
5.677358057483428272e-10
5.677257764353196220e-10
5.677152047243521128e-10
5.677042121637563674e-10
5.676928017641040982e-10
5.676806453606334041e-10
5.676680586773436879e-10
5.676550890057264515e-10
5.676416710557657824e-10
