9.993066177314780952e-08
1.078336053514457698e-07
1.154782714626388745e-07
1.228696634841359841e-07
1.300150796830350985e-07
1.369194905475807151e-07
1.435898808454679667e-07
1.500319117549911687e-07
1.562515609863927706e-07
1.622544670382921277e-07
1.680463998533116182e-07
1.736328328346862540e-07
1.790190621233621793e-07
1.842102307005049231e-07
1.892113911024368840e-07
1.940274756198291409e-07
1.986629470082701946e-07
2.031226682938333456e-07
2.074107538696461139e-07
2.115318836193834627e-07
2.154902845667120294e-07
2.192897604944266340e-07
2.229343277549076567e-07
2.264279790182145677e-07
2.297743766063790458e-07
2.329769981490668419e-07
2.360394437155060211e-07
2.389652885090987588e-07
2.417576374457386147e-07
2.444196816213480281e-07
2.469543010100632368e-07
2.493651422185671861e-07
2.516543722174187835e-07
2.538255976810611887e-07
2.558810302645669457e-07
2.578239159369384296e-07
2.596564779148428736e-07
2.613817471210477444e-07
2.630020081693425234e-07
2.645198503109051116e-07
2.659378946887041142e-07
2.672584383707631796e-07
2.684835492763038306e-07
2.696162151162362496e-07
2.706581167862772968e-07
2.716118279931785743e-07
2.724791855481333078e-07
2.732625529801990659e-07
2.739642242798957600e-07
2.745858087360850906e-07
2.751298529358056481e-07
2.755979509295698307e-07
2.759919974065382439e-07
2.763143556672575488e-07
2.765665162066946296e-07
2.767504347080740946e-07
2.768681990122787437e-07
2.769211234127999366e-07
2.769112980406611875e-07
2.768406837847670511e-07
2.767104380791212366e-07
2.765224646764423994e-07
2.762788445275240447e-07
2.759805865881489424e-07
2.756295224060166674e-07
2.752275887207182017e-07
2.747760264276662071e-07
2.742761859636038679e-07
2.737297678130574021e-07
2.731384382228378192e-07
2.725032795673661943e-07
2.718261352227541290e-07
2.711086642757000870e-07
2.703516482646935391e-07
2.695565360004290956e-07
2.687251901736231925e-07
2.678589628319887531e-07
2.669588216977592864e-07
2.660258604342115593e-07
2.650620702197102455e-07
2.640685963829967441e-07
2.630462803418408668e-07
2.619963356477270839e-07
2.609206243860266599e-07
2.598201513328878377e-07
2.586954385544298381e-07
2.575480400320391906e-07
2.563796325510422191e-07
2.551908478419318496e-07
2.539824676457272070e-07
2.527559823202139015e-07
2.515122411424631959e-07
2.502527738218555362e-07
2.489783104787747399e-07
2.476891586150470667e-07
2.463869914370971796e-07
2.450728462282231916e-07
2.437475270606953350e-07
2.424118242846864606e-07
2.410663005535899756e-07
2.397122853473353867e-07
2.383507928869377029e-07
2.369824007805060193e-07
2.356078872724500946e-07
2.342277695192225482e-07
2.328432893064908305e-07
2.314551347527757165e-07
2.300640250703739318e-07
2.286705579973819350e-07
2.272751685971334282e-07
2.258790450528133099e-07
2.244826829831143724e-07
2.230868257062386195e-07
2.216919019771178940e-07
2.202983779004806430e-07
2.189070076791950247e-07
2.175185333926717991e-07
2.161334369812572958e-07
2.147521381892878165e-07
2.133750928850348218e-07
2.120027433326504220e-07
2.106357623919914868e-07
2.092747453896511445e-07
2.079200132103249173e-07
2.065717990000095727e-07
2.052305573190618538e-07
2.038966466987321977e-07
2.025706826942967660e-07
2.012530328985827562e-07
1.999442001373765592e-07
1.986439067578694599e-07
1.973528185138707307e-07
1.960710262202241699e-07
1.947992361205377700e-07
1.935375534448311996e-07
1.922865465545189606e-07
1.910458050453194221e-07
1.898158012870238672e-07
1.885966740987462142e-07
1.873886499794856153e-07
1.861923534182792298e-07
1.850075663406603182e-07
1.838350804384692029e-07
1.826740550175866004e-07
1.815250296829124309e-07
1.803879681926406801e-07
1.792632152682838102e-07
1.781511864704001224e-07
1.770514758773295597e-07
1.759649541391119462e-07
1.748905990783205065e-07
1.738289727665594624e-07
1.727801205954697482e-07
1.717438261288442297e-07
1.707209188578236218e-07
1.697106317534243335e-07
1.687135791115224152e-07
1.677295059460861826e-07
1.667578264103710724e-07
1.657994914869809687e-07
1.648536231511583339e-07
1.639209333753768096e-07
1.630013000014801582e-07
1.620941924391288299e-07
1.612002357153801975e-07
1.603187483121648939e-07
1.594496949745127460e-07
1.585935713632753873e-07
1.577496215293452412e-07
1.569183887076824027e-07
1.560997532236460850e-07
1.552930227237980047e-07
1.544987146271384370e-07
1.537164816944964972e-07
1.529457945459676517e-07
1.521873978643207001e-07
1.514405170506739123e-07
1.507051483747782038e-07
1.499819899690835516e-07
1.492697134590721147e-07
1.485686325935748552e-07
1.478790182380641248e-07
1.471999265213242060e-07
1.465316687125803551e-07
1.458744209608722577e-07
1.452273738536060657e-07
1.445909198269103013e-07
1.439650976893798534e-07
1.433488344539763893e-07
1.427425216398423944e-07
1.421462025222862585e-07
1.415590306290496604e-07
1.409812963203529415e-07
1.404131405259903142e-07
1.398537886831869188e-07
1.393033811905917230e-07
1.387623004162818445e-07
1.382292960211186240e-07
1.377044364708562651e-07
1.371881948913324921e-07
1.366796545775822302e-07
1.361787380027961291e-07
1.356857386260718735e-07
1.352003068030947456e-07
1.347219802844125810e-07
1.342510459474086345e-07
1.337872944124945500e-07
1.333297966769730220e-07
1.328788543301372666e-07
1.324344746592369074e-07
1.319959504791302120e-07
1.315633445126226741e-07
1.311368673376294890e-07
1.307160136986889023e-07
1.303004604307784542e-07
1.298903774173769652e-07
1.294856863196705765e-07
1.290855270450886226e-07
1.286899439677507342e-07
1.282992204839641927e-07
1.279126707088727243e-07
1.275301811212332574e-07
1.271518437204640819e-07
1.267775784086886092e-07
1.264067936759044640e-07
1.260395101646038117e-07
1.256759090110231882e-07
1.253153814745357163e-07
1.249576430411335892e-07
1.246027960464812195e-07
1.242507866373256253e-07
1.239011195282034994e-07
1.235537829504536311e-07
1.232088417816192469e-07
1.228660548321419431e-07
1.225250309271183738e-07
1.221857843920631661e-07
1.218483672843963163e-07
1.215123987939715717e-07
1.211775985601730362e-07
1.208440087528888045e-07
1.205116305608012397e-07
1.201800990524843021e-07
1.198493373504490375e-07
1.195193313076874538e-07
1.191900094456703194e-07
1.188610564019786354e-07
1.185323974725905613e-07
1.182039935089509615e-07
1.178757666988856285e-07
1.175474437102654548e-07
1.172189686607130045e-07
1.168902893965396912e-07
1.165613323373275697e-07
1.162319317721224578e-07
1.159020514642038212e-07
1.155716167257670461e-07
1.152405514849356187e-07
1.149087027522158453e-07
1.145760132748460851e-07
1.142424015859941717e-07
1.139078117480539769e-07
1.135721595285978596e-07
1.132353758666075924e-07
1.128973817982121791e-07
1.125581576328140349e-07
1.122176451511294998e-07
1.118758139300828059e-07
1.115326119525949596e-07
1.111879514482909006e-07
1.108418318437806616e-07
1.104941845389664050e-07
1.101449594264373425e-07
1.097941271573505390e-07
1.094416197225837457e-07
1.090874867226568581e-07
1.087317000580324713e-07
1.083741810692886546e-07
1.080148952484264463e-07
1.076539555995951428e-07
1.072913334925527769e-07
1.069269742771344501e-07
1.065607994858366936e-07
1.061928930688630100e-07
1.058232795158593970e-07
1.054519202341471419e-07
1.050787724410199637e-07
1.047037821489937959e-07
1.043271641312226530e-07
1.039488833639194462e-07
1.035688821732927646e-07
1.031871066863408546e-07
1.028036949011406182e-07
1.024187643000554688e-07
1.020322844085090561e-07
1.016442132403440621e-07
1.012545637383030787e-07
1.008634280908312989e-07
1.004708924155945770e-07
1.000769022437089733e-07
9.968144751382287599e-08
9.928455144624398669e-08
9.888645595685436774e-08
9.848714914301808356e-08
9.808660081373362206e-08
9.768479485405940127e-08
9.728187127971533855e-08
9.687800741378175021e-08
9.647318528521353199e-08
9.606742316825721379e-08
9.566066720140140134e-08
9.525306969486142506e-08
9.484479330262356732e-08
9.443577321299676754e-08
9.402608224010594539e-08
9.361566540994365580e-08
9.320470077716751592e-08
9.279339881303949376e-08
9.238166614353634280e-08
9.196960607087874672e-08
9.155717581170734893e-08
9.114453550655666604e-08
9.073189881355340953e-08
9.031916456205264520e-08
8.990646292915289031e-08
8.949375315583043591e-08
8.908116122232210461e-08
8.866885567668972617e-08
8.825676367868272170e-08
8.784501326404270633e-08
8.743359763343610088e-08
8.702263716847651207e-08
8.661228957022552923e-08
8.620254153950442433e-08
8.579351351925937450e-08
8.538515339928178144e-08
8.497769216138080942e-08
8.457108409260640034e-08
8.416549534172897920e-08
8.376093161893504049e-08
8.335740324208364685e-08
8.295505736389784687e-08
8.255391693196262373e-08
8.215411417449885782e-08
8.175555048227926835e-08
8.135840830962258789e-08
8.096275102922198004e-08
8.056859421072458660e-08
8.017605469870724770e-08
7.978512517384809891e-08
7.939598481489810532e-08
7.900853229463999974e-08
7.862302791599590218e-08
7.823932907082430816e-08
7.785762940404675855e-08
7.747783529896007791e-08
7.710010174677807927e-08
7.672457057646012646e-08
7.635116261238588034e-08
7.597986246691298752e-08
7.561078319650181838e-08
7.524398607330160672e-08
7.487948753627558878e-08
7.451745336387359524e-08
7.415780736051100921e-08
7.380065505566379527e-08
7.344581775315934885e-08
7.309369542462971113e-08
7.274410451619431835e-08
7.239733871533534305e-08
7.205304083049111137e-08
7.171144605175251129e-08
7.137243115540600886e-08
7.103620355931301756e-08
7.070292690654620090e-08
7.037249212379631479e-08
7.004467374568067189e-08
6.971972873888807950e-08
6.939758191762858983e-08
6.907829821418836169e-08
6.876218066023992962e-08
6.844900134179388454e-08
6.813857743921565992e-08
6.783116422461293426e-08
6.752670203802226086e-08
6.722521085177084148e-08
6.692704226199116296e-08
6.663190017635005460e-08
6.633955755473580508e-08
6.605026758503982166e-08
6.576396443850711142e-08
6.548067115251111460e-08
6.520072733402558157e-08
6.492386702571684689e-08
6.464984096371094346e-08
6.437886315630687053e-08
6.411080581899879527e-08
6.384587643179360177e-08
6.358415035086981639e-08
6.332567651001569990e-08
6.307003550275496608e-08
6.281739083138627459e-08
6.256759209723728839e-08
6.232108837214423732e-08
6.207755193716510863e-08
6.183726028490211586e-08
6.159987631996551383e-08
6.136533036372216784e-08
6.113361761942443141e-08
6.090485113834073355e-08
6.067903164842618425e-08
6.045633489717768430e-08
6.023657983718170937e-08
6.001942156276742772e-08
5.980509719858486906e-08
5.959347704071697917e-08
5.938474524979576025e-08
5.917890554205875069e-08
5.897604193102592676e-08
5.877579122624799193e-08
5.857813830766791093e-08
5.838303261539870284e-08
5.819066751773074180e-08
5.800097220903681462e-08
5.781414022536515510e-08
5.762993111689687471e-08
5.744802085238555266e-08
5.726852173821871179e-08
5.709134435032744233e-08
5.691676336350344149e-08
5.674459031447586883e-08
5.657494294980795799e-08
5.640765535085426556e-08
5.624242942861980353e-08
5.607942146233122304e-08
5.591860590997740400e-08
5.575998978597258952e-08
5.560373710628804177e-08
5.544977175309113036e-08
5.529779134080460577e-08
5.514772489356501647e-08
5.499963556045702701e-08
5.485352978333032712e-08
5.470933874871025505e-08
5.456737490027236435e-08
5.442736033941206150e-08
5.428901639330116305e-08
5.415229906357617557e-08
5.401722765000513232e-08
5.388385741355559649e-08
5.375209053191243735e-08
5.362221300642149613e-08
5.349395621595932996e-08
5.336711695031594404e-08
5.324163695045609132e-08
5.311757534106735171e-08
5.299493651965139633e-08
5.287364216164662205e-08
5.275394778040476991e-08
5.263561976856105880e-08
5.251847212334912571e-08
5.240243081214894063e-08
5.228753969072833627e-08
5.217377625307089496e-08
5.206115041625900297e-08
5.194972967979367187e-08
5.183946598238479991e-08
5.173016131294937431e-08
5.162163526435210407e-08
5.151395010613565476e-08
5.140708960274831134e-08
5.130109909336533063e-08
5.119595832961327992e-08
5.109162983559364424e-08
5.098809418431324755e-08
5.088514786265938751e-08
5.078270484269933194e-08
5.068088730282277151e-08
5.057964952615478200e-08
5.047896219287261754e-08
5.037896309771725000e-08
5.027945757279686529e-08
5.018032706293840432e-08
5.008153394333936723e-08
4.998307999222539294e-08
4.988495558430469663e-08
4.978717633787348610e-08
4.968973752929434757e-08
4.959260456867962912e-08
4.949573619196353727e-08
4.939899549789778472e-08
4.930228939976436268e-08
4.920573207374643845e-08
4.910924886389640662e-08
4.901285265012186395e-08
4.891656932051585654e-08
4.882036013680888913e-08
4.872410969305685469e-08
4.862779017631755407e-08
4.853135893706571496e-08
4.843487119434474010e-08
4.833825548337227292e-08
4.824156153931033617e-08
4.814478443503622357e-08
4.804786686254643987e-08
4.795071950907250897e-08
4.785335394768637707e-08
4.775572415833846847e-08
4.765786094485333203e-08
4.755971697543345330e-08
4.746133385770077886e-08
4.736268531671900028e-08
4.726374950151615270e-08
4.716446247390030252e-08
4.706481327762962159e-08
4.696478785351728781e-08
4.686438821451527602e-08
4.676359043712612527e-08
4.666242216078578596e-08
4.656085962303632236e-08
4.645890452338045553e-08
4.635651202279186269e-08
4.625369559544229508e-08
4.615041824506322875e-08
4.604670800729930796e-08
4.594251354827897742e-08
4.583788772856945733e-08
4.573277169586682827e-08
4.562722304490779807e-08
4.552116209819583455e-08
4.541466649708329623e-08
4.530765374290384162e-08
4.520020042056160447e-08
4.509220174174456047e-08
4.498375858893076845e-08
4.487475760221752429e-08
4.476529481070994299e-08
4.465531820462545240e-08
4.454489837789843570e-08
4.443400101220766022e-08
4.432263514594848713e-08
4.421074821899867150e-08
4.409841001697327026e-08
4.398553444965598775e-08
4.387221639210356864e-08
4.375839313064156747e-08
4.364415464675472635e-08
4.352951791126669976e-08
4.341442211797829885e-08
4.329889015913323866e-08
4.318291959392324449e-08
4.306653513445049109e-08
4.294963491814669675e-08
4.283237772562038980e-08
4.271470109308044691e-08
4.259668706899558854e-08
4.247834641881593315e-08
4.235963079133525486e-08
4.224053317268695703e-08
4.212110995249655178e-08
4.200129663627534926e-08
4.188115443076696885e-08
4.176068037434471857e-08
4.163994312245236953e-08
4.151896689384570390e-08
4.139773455578768194e-08
4.127624884703074841e-08
4.115449877081586293e-08
4.103253126105442304e-08
4.091027246650521656e-08
4.078783187398375893e-08
4.066515488124179224e-08
4.054234807958620831e-08
4.041946674911913723e-08
4.029643994275210064e-08
4.017328197235890853e-08
4.005003057915771982e-08
3.992665869769601034e-08
3.980314677861672234e-08
3.967959234071306480e-08
3.955595481898857860e-08
3.943230883535995732e-08
3.930873230261424527e-08
3.918514844356491368e-08
3.906156880634942929e-08
3.893805154227092367e-08
3.881454114799648481e-08
3.869105962906390864e-08
3.856767060203769248e-08
3.844434081339049847e-08
3.832114308294180245e-08
3.819814459955907180e-08
3.807530776146462384e-08
3.795259928323453337e-08
3.783010606864647096e-08
3.770776868757591921e-08
3.758562746843527279e-08
3.746370980404570130e-08
3.734199308507012506e-08
3.722056122411115547e-08
3.709943405181238955e-08
3.697865802832336558e-08
3.685812489911532042e-08
3.673793456369378244e-08
3.661809602268809668e-08
3.649857330156002236e-08
3.637937715994703347e-08
3.626057377553869702e-08
3.614219281076615493e-08
3.602416993716855853e-08
3.590666073096822060e-08
3.578950825454928933e-08
3.567281995980209941e-08
3.555663271387547740e-08
3.544083927275172721e-08
3.532556284926740113e-08
3.521078287420691574e-08
3.509650262782705409e-08
3.498270282779246874e-08
3.486946515048205237e-08
3.475682223057279169e-08
3.464465728677317205e-08
3.453309536513938917e-08
3.442211740594095988e-08
3.431169817581152121e-08
3.420185385123769186e-08
3.409265297428082214e-08
3.398409597610539174e-08
3.387608000686112313e-08
3.376874854322752946e-08
3.366205392283347667e-08
3.355595246420146862e-08
3.345061958348963121e-08
3.334586186058109860e-08
3.324186742198738206e-08
3.313852850550688551e-08
3.303584427850950406e-08
3.293391275865683234e-08
3.283258962520681555e-08
3.273201219026023164e-08
3.263206923515804754e-08
3.253282513018749295e-08
3.243438774804790816e-08
3.233656273653507034e-08
3.223959825993567131e-08
3.214332920918277459e-08
3.204776446836836477e-08
3.195296264959823886e-08
3.185883285110274897e-08
3.176546953955932649e-08
3.167278500791326245e-08
3.158082459619142590e-08
3.148972062340497585e-08
3.139925846296671383e-08
3.130969678711953699e-08
3.122085278151251812e-08
3.113273739901450091e-08
3.104543131916248384e-08
3.095878475259022628e-08
3.087288396177263281e-08
3.078771452349736972e-08
3.070325887054307783e-08
3.061966804995916023e-08
3.053675422414374951e-08
3.045468298898426896e-08
3.037335074220799688e-08
3.029278128102451325e-08
3.021298566162117310e-08
3.013380249619151019e-08
3.005533787896168713e-08
2.997760250190553910e-08
2.990052515566726009e-08
2.982421558141724740e-08
2.974861779423006896e-08
2.967367631866389712e-08
2.959956964395557585e-08
2.952618449781263675e-08
2.945354012054865291e-08
2.938146445705025574e-08
2.931005484079839078e-08
2.923933305387460904e-08
2.916922295533753719e-08
2.909976101989413620e-08
2.903104548879602055e-08
2.896292948174636889e-08
2.889561595977900726e-08
2.882893042073780566e-08
2.876289008163665053e-08
2.869751535977381406e-08
2.863266348617140889e-08
2.856840244281764850e-08
2.850475241940383072e-08
2.844167298049633764e-08
2.837920557064671666e-08
2.831735136439110637e-08
2.825603446557014005e-08
2.819546303345430480e-08
2.813545406240536343e-08
2.807604061684709070e-08
2.801711552025697568e-08
2.795867054972412116e-08
2.790067572496015879e-08
2.784322031529062783e-08
2.778623160723161906e-08
2.772980351272736756e-08
2.767384542917531586e-08
2.761834652107475791e-08
2.756346233604049108e-08
2.750905767693223415e-08
2.745516098990490421e-08
2.740162932995708579e-08
2.734851039876184465e-08
2.729575111769328753e-08
2.724342144335257874e-08
2.719148230995115976e-08
2.714000169060035863e-08
2.708889871699600498e-08
2.703816875647101442e-08
2.698794797045954381e-08
2.693810920255901340e-08
2.688868880699329277e-08
2.683953976119079299e-08
2.679070339363824612e-08
2.674212933803909363e-08
2.669389703286324146e-08
2.664595696803359732e-08
2.659834495527962348e-08
2.655102896860427048e-08
2.650399721369278330e-08
2.645736294575281037e-08
2.641101844910880303e-08
2.636497234753212166e-08
2.631912667926995849e-08
2.627348218885652845e-08
2.622803484541027954e-08
2.618278979202610737e-08
2.613776756945721704e-08
2.609292829044229472e-08
2.604831307630405305e-08
2.600390042239980660e-08
2.595972941100375071e-08
2.591576362477125951e-08
2.587198955478781814e-08
2.582836755340760554e-08
2.578487023343571959e-08
2.574149594195456057e-08
2.569821886154982099e-08
2.565508336128601559e-08
2.561204886624824376e-08
2.556915259014760181e-08
2.552636740515098377e-08
2.548368676882139667e-08
2.544116632606917376e-08
2.539876220343576246e-08
2.535648672319530922e-08
2.531422031758904610e-08
2.527200919554815947e-08
2.522984913717485808e-08
2.518770617093710110e-08
2.514564027669257006e-08
2.510358275601269928e-08
2.506159069145185590e-08
2.501964665631989387e-08
2.497772827676955378e-08
2.493587311604603002e-08
2.489406219223209352e-08
2.485226818425742541e-08
2.481045441567042823e-08
2.476862741122167644e-08
2.472678029509551523e-08
2.468490895212306057e-08
2.464303274999809159e-08
2.460110730979899249e-08
2.455919673545739797e-08
2.451726332824385040e-08
2.447529007102411191e-08
2.443332451275680623e-08
2.439134915809843019e-08
2.434931324497447407e-08
2.430722819599842494e-08
2.426509090677161822e-08
2.422290221099219125e-08
2.418063881115528555e-08
2.413833057497829633e-08
2.409593428796598131e-08
2.405351691457558220e-08
2.401102856184006219e-08
2.396845724710424015e-08
2.392584849677825889e-08
2.388320131217529377e-08
2.384045677356448264e-08
2.379763386530661228e-08
2.375473012185763056e-08
2.371176532675919071e-08
2.366868724373373507e-08
2.362553854646063667e-08
2.358229205769738573e-08
2.353897039815690631e-08
2.349556336308972261e-08
2.345206829350726161e-08
2.340847733315808263e-08
2.336483118185298439e-08
2.332108811718023772e-08
2.327724496144381721e-08
2.323332190021936700e-08
2.318933175954117343e-08
2.314522864358560550e-08
2.310105162642988908e-08
2.305678375301055923e-08
2.301240018575392463e-08
2.296796522417282122e-08
2.292344133664659218e-08
2.287878377802358112e-08
2.283406853997298514e-08
2.278929408620471111e-08
2.274441255090779105e-08
2.269946438453090804e-08
2.265444207047250015e-08
2.260938709749296128e-08
2.256422696089276575e-08
2.251900132192570602e-08
2.247370081276018129e-08
2.242834399631672143e-08
2.238290572849398721e-08
2.233741055777128024e-08
2.229182042418867126e-08
2.224619079687943211e-08
2.220048663078188855e-08
2.215474554429892528e-08
2.210894499166512498e-08
2.206312692942430945e-08
2.201727682758720807e-08
2.197137260240691194e-08
2.192542807627121432e-08
2.187943839515533321e-08
2.183343994809531554e-08
2.178737400225141217e-08
2.174128073127908154e-08
2.169514088934749226e-08
2.164900057447525541e-08
2.160279364559713218e-08
2.155661810422644436e-08
2.151041750890848485e-08
2.146423592399452459e-08
2.141806695671549321e-08
2.137188220542582496e-08
2.132569685273935285e-08
2.127951879551477337e-08
2.123336589564332718e-08
2.118718876714392982e-08
2.114103507343260659e-08
2.109487285815190924e-08
2.104875207104296189e-08
2.100260544751215868e-08
2.095654888482233801e-08
2.091049814345811551e-08
2.086451022768290078e-08
2.081859679236145674e-08
2.077270455979118247e-08
2.072685896936652966e-08
2.068107479801199950e-08
2.063535408115225749e-08
2.058966145176909103e-08
2.054404623122682585e-08
2.049846847620910579e-08
2.045296267512571706e-08
2.040749927316174191e-08
2.036215578269250034e-08
2.031686687063340888e-08
2.027167015114306538e-08
2.022659565281479376e-08
2.018161048205376231e-08
2.013669339655070826e-08
2.009188319341900532e-08
2.004718983774307516e-08
2.000259504779196838e-08
1.995807134437042500e-08
1.991368159996355766e-08
1.986936809975321627e-08
1.982518278889761082e-08
1.978110779713634194e-08
1.973716927983485803e-08
1.969333838292925042e-08
1.964964422553399646e-08
1.960612251277129279e-08
1.956269118571058599e-08
1.951939980589791623e-08
1.947626733162882832e-08
1.943327173838443120e-08
1.939040037010549299e-08
1.934768159436083516e-08
1.930511161804585727e-08
1.926269012700112799e-08
1.922039076086247364e-08
1.917828989601638040e-08
1.913631475485480938e-08
1.909451070586689541e-08
1.905286682153938528e-08
1.901142040211852434e-08
1.897009503447520806e-08
1.892894477462766993e-08
1.888800761688212688e-08
1.884721759214455673e-08
1.880658042142744823e-08
1.876616137771586606e-08
1.872589244477498597e-08
1.868581910485379287e-08
1.864589208937189117e-08
1.860619085584175142e-08
1.856663015342650022e-08
1.852726225238035394e-08
1.848806666152759770e-08
1.844908317147500614e-08
1.841024683172729656e-08
1.837159899616621826e-08
1.833318706390647147e-08
1.829492849711265468e-08
1.825685674997304628e-08
1.821900663899414906e-08
1.818133597590188656e-08
1.814387739349098939e-08
1.810657866183874141e-08
1.806951234211027347e-08
1.803260288745225332e-08
1.799588896517013309e-08
1.795934609669884628e-08
1.792303633987797804e-08
1.788687596083885788e-08
1.785091747707418707e-08
1.781518368434527111e-08
1.777963174749723466e-08
1.774427796856169971e-08
1.770909515866612942e-08
1.767418073919457988e-08
1.763944568729004708e-08
1.760487620531542760e-08
1.757055064460917677e-08
1.753639246477364015e-08
1.750239977314565607e-08
1.746859049253567033e-08
1.743500403885590424e-08
1.740158529771062321e-08
1.736835288701729647e-08
1.733530047648582694e-08
1.730249196298733665e-08
1.726984458999907063e-08
1.723735808299888153e-08
1.720515823539094072e-08
1.717309735975318544e-08
1.714125328505529225e-08
1.710959912554211501e-08
1.707813243591976056e-08
1.704681099598706530e-08
1.701567264333099264e-08
1.698467974099344164e-08
1.695388184306540780e-08
1.692323388367944744e-08
1.689276553653522844e-08
1.686248244839897023e-08
1.683237423361848120e-08
1.680244385667181768e-08
1.677264514592360357e-08
1.674311427284328146e-08
1.671371770623061652e-08
1.668448423342554588e-08
1.665545783969717806e-08
1.662656270085634881e-08
1.659780432217302923e-08
1.656920825074103013e-08
1.654073599523374650e-08
1.651243333886608366e-08
1.648428307782061084e-08
1.645626071339687556e-08
1.642841529715357718e-08
1.640072303917590260e-08
1.637318776845245053e-08
1.634576698181448529e-08
1.631857980601264730e-08
1.629151962889394518e-08
1.626459165729138543e-08
1.623785029211635646e-08
1.621120686514310545e-08
1.618467692827439347e-08
1.615828792075633950e-08
1.613199946303726886e-08
1.610583840595737151e-08
1.607981870674536259e-08
1.605390169084962164e-08
1.602811860263288718e-08
1.600247657897223802e-08
1.597695783261476327e-08
1.595152981896592316e-08
1.592629827324746419e-08
1.590116404803466660e-08
1.587615469896522091e-08
1.585129136015343707e-08
1.582649562903553973e-08
1.580179316629056866e-08
1.577719046630708318e-08
1.575266791813138596e-08
1.572823584450855324e-08
1.570389809046500154e-08
1.567965503516471970e-08
1.565548411977901410e-08
1.563144236547886275e-08
1.560747229473733010e-08
1.558358816007489048e-08
1.555982931026039320e-08
1.553614478404832890e-08
1.551258525521509813e-08
1.548910590886552951e-08
1.546569739006867813e-08
1.544235173242296358e-08
1.541906074914077703e-08
1.539584741887136005e-08
1.537268361550116927e-08
1.534958867619361100e-08
1.532656971945973726e-08
1.530359385081570563e-08
1.528068115854185388e-08
1.525786171661113067e-08
1.523509959690261137e-08
1.521238247076022281e-08
1.518976339732434506e-08
1.516719941792932519e-08
1.514470792857754051e-08
1.512229530168499455e-08
1.509989663998824314e-08
1.507754327783488097e-08
1.505522896418162200e-08
1.503296365506179164e-08
1.501072487331810932e-08
1.498852891065951239e-08
1.496637748041196543e-08
1.494425014688790915e-08
1.492216908451669650e-08
1.490014345091239641e-08
1.487815077373307590e-08
1.485618643308528626e-08
1.483427956516522458e-08
1.481241416243908685e-08
1.479059602734787334e-08
1.476882011834195451e-08
1.474704172588359941e-08
1.472528818596350805e-08
1.470355487352325975e-08
1.468185140773892247e-08
1.466015196419204188e-08
1.463847594640916806e-08
1.461682143893203848e-08
1.459517714938566327e-08
1.457354799967437061e-08
1.455196207054290199e-08
1.453038210038872140e-08
1.450881917866533252e-08
1.448727622756711871e-08
1.446575581244397465e-08
1.444427228241168108e-08
1.442280441099727363e-08
1.440132989972059691e-08
1.437986531902426616e-08
1.435840903704089465e-08
1.433697030545525620e-08
1.431553027056534512e-08
1.429409611592439610e-08
1.427267213882379271e-08
1.425125552401121857e-08
1.422982976640794490e-08
1.420844003580508874e-08
1.418704628281863294e-08
1.416565979182022103e-08
1.414427766276276898e-08
1.412290324768355173e-08
1.410155128171941803e-08
1.408020835819307550e-08
1.405885918896139564e-08
1.403751581846156537e-08
1.401616683282116167e-08
1.399482821774158856e-08
1.397350074389544556e-08
1.395216480478734358e-08
1.393083378522683957e-08
1.390950250668648674e-08
1.388817453303771052e-08
1.386684348374217611e-08
1.384553683633646766e-08
1.382421235094851736e-08
1.380290188915121334e-08
1.378158155766001214e-08
1.376026900398771880e-08
1.373898204502957580e-08
1.371768005660390948e-08
1.369638623959613640e-08
1.367509166631344623e-08
1.365380181142505408e-08
1.363251858833071903e-08
1.361124737326562488e-08
1.358997502948230016e-08
1.356870238793022225e-08
1.354743510014321991e-08
1.352617226647859682e-08
1.350491354183896385e-08
1.348367297071080191e-08
1.346242036760047697e-08
1.344118441780893912e-08
1.341994326901834110e-08
1.339870791391527491e-08
1.337750021136539568e-08
1.335627552485236267e-08
1.333507834766541271e-08
1.331388003963656177e-08
1.329269660038931045e-08
1.327152405758748554e-08
1.325037446802911013e-08
1.322923440982639033e-08
1.320809506018341679e-08
1.318697135687365668e-08
1.316586400727668293e-08
1.314476753343361292e-08
1.312369431964118105e-08
1.310261574511691201e-08
1.308156576207260574e-08
1.306052066890679167e-08
1.303948548716166496e-08
1.301848480446755967e-08
1.299747634587739402e-08
1.297650663068854388e-08
1.295554988828594376e-08
1.293461141328115391e-08
1.291369619426616081e-08
1.289281200805313729e-08
1.287195725703357779e-08
1.285110863682269136e-08
1.283028509226088459e-08
1.280948733722198332e-08
1.278872182218811100e-08
1.276797886515646308e-08
1.274725378971053138e-08
1.272655020844524204e-08
1.270588455820330913e-08
1.268523389681057110e-08
1.266461285270328853e-08
1.264401038696472602e-08
1.262344108482119929e-08
1.260292171284484630e-08
1.258241527652816263e-08
1.256194759381440965e-08
1.254151037689143425e-08
1.252112316249445608e-08
1.250076672659261822e-08
1.248043085601314226e-08
1.246013761859684949e-08
1.243988790010768061e-08
1.241967206110480730e-08
1.239949360532216367e-08
1.237933885397179459e-08
1.235923043152589365e-08
1.233917054736297413e-08
1.231913029183798672e-08
1.229914433286916264e-08
1.227917814718639479e-08
1.225927474990060749e-08
1.223941193386310525e-08
1.221958143387456824e-08
1.219980364292257601e-08
1.218006359476547466e-08
1.216039234734720815e-08
1.214075090935394133e-08
1.212114934046305449e-08
1.210159523640540306e-08
1.208210837605730191e-08
1.206265981206645348e-08
1.204325821062977409e-08
1.202389052310346107e-08
1.200458647646610062e-08
1.198534263669125984e-08
1.196612987941023987e-08
1.194697792863007984e-08
1.192786250032792601e-08
1.190881853292940937e-08
1.188982051515447817e-08
1.187086373487657874e-08
1.185196775868080855e-08
1.183311575283498832e-08
1.181433955540189206e-08
1.179560339786830379e-08
1.177691588692317101e-08
1.175828300396277186e-08
1.173971906059850986e-08
1.172121185549900910e-08
1.170275026445965438e-08
1.168434229074335482e-08
1.166598691131897489e-08
1.164772251849504748e-08
1.162948450012082796e-08
1.161132231320628164e-08
1.159319738076027199e-08
1.157514922887703963e-08
1.155715466466601584e-08
1.153920877344594758e-08
1.152131964344178244e-08
1.150348334332428839e-08
1.148571376845978771e-08
1.146800916007886088e-08
1.145034683557772933e-08
1.143275059076650586e-08
1.141519627671594409e-08
1.139773799320723227e-08
1.138031512445251557e-08
1.136296228543792882e-08
1.134564324192901257e-08
1.132842570833026195e-08
1.131125035762336178e-08
1.129414423516637413e-08
1.127708738865473522e-08
1.126010130874408534e-08
1.124317924496273002e-08
1.122630557855407592e-08
1.120947908130043099e-08
1.119272013745213730e-08
1.117600807245628971e-08
1.115936946783552809e-08
1.114277802101245183e-08
1.112624561558336843e-08
1.110976494306349192e-08
1.109334891577222582e-08
1.107700845210289403e-08
1.106070696553441780e-08
1.104447652707999324e-08
1.102828557213864248e-08
1.101219622366286887e-08
1.099613838866080214e-08
1.098016288856426479e-08
1.096422468844169638e-08
1.094836614984018035e-08
1.093255528167241879e-08
1.091679238522319863e-08
1.090107261467992085e-08
1.088541436215252075e-08
1.086980200007511674e-08
1.085425055213031309e-08
1.083874431226757804e-08
1.082329421346550264e-08
1.080788813339261690e-08
1.079254038229109723e-08
1.077726333907594005e-08
1.076202154318233117e-08
1.074684656323311643e-08
1.073170404326718545e-08
1.071665406478368691e-08
1.070163373654492169e-08
1.068668938626579777e-08
1.067178147120434505e-08
1.065694356905943587e-08
1.064214383262728043e-08
1.062738773600849983e-08
1.061266724010854391e-08
1.059800219816207818e-08
1.058337459705464790e-08
1.056879761683346978e-08
1.055426222560842380e-08
1.053977522895748052e-08
1.052533112709300190e-08
1.051092012142935119e-08
1.049658185986549813e-08
1.048227918608573401e-08
1.046802771656399106e-08
1.045380074752497206e-08
1.043965115691985550e-08
1.042553943398202442e-08
1.041147776886449971e-08
1.039746393335428410e-08
1.038350191983300572e-08
1.036957570940223276e-08
1.035568110460550621e-08
1.034181907063281463e-08
1.032799719052223469e-08
1.031421674784403746e-08
1.030046802400595751e-08
1.028675582299293896e-08
1.027308336365220044e-08
1.025944819641712179e-08
1.024584026076299199e-08
1.023227241518978829e-08
1.021875880886663626e-08
1.020527209540641636e-08
1.019182453462728080e-08
1.017840381487280988e-08
1.016504579364913729e-08
1.015170815980245517e-08
1.013842770876290677e-08
1.012517379283989532e-08
1.011196740276507224e-08
1.009877815982509371e-08
1.008561738117601351e-08
1.007247539509082712e-08
1.005937127173476385e-08
1.004629258426575426e-08
1.003323771280199400e-08
1.002020864125587794e-08
1.000721292343271145e-08
9.994242507004030639e-09
9.981292366078685354e-09
9.968370498901738376e-09
9.955493091294113140e-09
9.942633846705824358e-09
9.929801671834078178e-09
9.916991611256706587e-09
9.904226076210255628e-09
9.891474768883490134e-09
9.878768994813461227e-09
9.866084140274728343e-09
9.853430863738068547e-09
9.840790369142533085e-09
9.828171455556519212e-09
9.815565303115716812e-09
9.802988605689422540e-09
9.790431197092889083e-09
9.777889618350983183e-09
9.765369178830689860e-09
9.752871939782371683e-09
9.740392537830183088e-09
9.727930126284111014e-09
9.715485258861837009e-09
9.703073808580433464e-09
9.690680134016829420e-09
9.678303101785065401e-09
9.665941952722960312e-09
9.653613268958908424e-09
9.641297464144364756e-09
9.629008911038628583e-09
9.616744191673971068e-09
9.604499736638545771e-09
9.592267597219066824e-09
9.580051433382005463e-09
9.567844009040773024e-09
9.555656088531535436e-09
9.543485294735530427e-09
9.531329327962518204e-09
9.519186239933176923e-09
9.507058038750639640e-09
9.494944117416230262e-09
9.482847362888557310e-09
9.470760684700016467e-09
9.458692678499372446e-09
9.446649263077631201e-09
9.434614038012131297e-09
9.422590190745827034e-09
9.410586579825119060e-09
9.398601604978306160e-09
9.386625935133869325e-09
9.374678854242782015e-09
9.362741482584929332e-09
9.350817691683149203e-09
9.338907728352046099e-09
9.327006673305325102e-09
9.315112520553433626e-09
9.303236342238151442e-09
9.291371282801741648e-09
9.279518596295512772e-09
9.267677413216240591e-09
9.255846015678215077e-09
9.244025046421582394e-09
9.232218522274223303e-09
9.220421926839672932e-09
9.208639949652991262e-09
9.196874607147359263e-09
9.185116437383332504e-09
9.173366067925765414e-09
9.161635878607020884e-09
9.149916458779572478e-09
9.138205968341759775e-09
9.126518068781351531e-09
9.114836558187937525e-09
9.103164532505929957e-09
9.091512415433376750e-09
9.079865768694998478e-09
9.068226934698008268e-09
9.056604808020564297e-09
9.044992086197361609e-09
9.033394271282617328e-09
9.021809645047717013e-09
9.010231843238148790e-09
8.998664267246293635e-09
8.987111630650478311e-09
8.975570765618266895e-09
8.964043629580068768e-09
8.952531690489747771e-09
8.941028588349130938e-09
8.929531997937080305e-09
8.918054535356711991e-09
8.906592625585186815e-09
8.895137666707795639e-09
8.883700110332962235e-09
8.872274320651602658e-09
8.860856561060326767e-09
8.849460486549674232e-09
8.838075578366946021e-09
8.826696467129625292e-09
8.815335179697651750e-09
8.803985053323686135e-09
8.792652100428366727e-09
8.781336515920722828e-09
8.770028448696767103e-09
8.758731808132042134e-09
8.747451316649925248e-09
8.736182140462609791e-09
8.724934777219676982e-09
8.713698716584863136e-09
8.702477134645906393e-09
8.691264489811980167e-09
8.680066435050926752e-09
8.668892040607398128e-09
8.657726646602833963e-09
8.646573297114952088e-09
8.635443391803162866e-09
8.624317211987167452e-09
8.613210684153011233e-09
8.602129620815956922e-09
8.591054889095822201e-09
8.579992535896711020e-09
8.568949829210021561e-09
8.557919164791535655e-09
8.546911740674454642e-09
8.535923007017103575e-09
8.524941394883439334e-09
8.513974960592731452e-09
8.503027870904468620e-09
8.492095860598113448e-09
8.481188875067827368e-09
8.470293316745024046e-09
8.459415157950715124e-09
8.448547327281529694e-09
8.437698953690856739e-09
8.426878993317624163e-09
8.416066829772634536e-09
8.405272164037444970e-09
8.394501338535209637e-09
8.383738473848236788e-09
8.372999377375528037e-09
8.362285066922677437e-09
8.351582352038407273e-09
8.340894299614811205e-09
8.330228626319561179e-09
8.319577076331439661e-09
8.308952231852190715e-09
8.298349927653557735e-09
8.287757277711839972e-09
8.277183179023054461e-09
8.266629838167853809e-09
8.256091787038700940e-09
8.245587936541713559e-09
8.235096100891645925e-09
8.224623572934249989e-09
8.214167186641021852e-09
8.203728038273366884e-09
8.193323855228599531e-09
8.182931837167399730e-09
8.172557835966179759e-09
8.162211991335726762e-09
8.151876442821932079e-09
8.141566623533449099e-09
8.131285195209150290e-09
8.121017567264157897e-09
8.110764843521398312e-09
8.100535838464183172e-09
8.090327877565424429e-09
8.080142788969001667e-09
8.069983528481215012e-09
8.059838169725501013e-09
8.049712657524342073e-09
8.039611937669080380e-09
8.029524255595715864e-09
8.019471118537982921e-09
8.009439616239522748e-09
7.999422590135020927e-09
7.989433056572596332e-09
7.979452242156062227e-09
7.969505028661588790e-09
7.959589888254494990e-09
7.949682535984493837e-09
7.939806796734580371e-09
7.929947884033040638e-09
7.920113406994702653e-09
7.910303619234417736e-09
7.900513004068280398e-09
7.890742688827924961e-09
7.880987936582964888e-09
7.871258773745784907e-09
7.861546953432253467e-09
7.851862427404166704e-09
7.842202248897292931e-09
7.832556245241666411e-09
7.822931725233523141e-09
7.813330463329860561e-09
7.803742830023545047e-09
7.794191903600899323e-09
7.784662110732525890e-09
7.775146748453342422e-09
7.765660218324946428e-09
7.756181303784321515e-09
7.746741890951168795e-09
7.737327105671865071e-09
7.727922235890613843e-09
7.718554151831891210e-09
7.709199107939986279e-09
7.699872017568826542e-09
7.690566408872266393e-09
7.681278189586719651e-09
7.672011478958685319e-09
7.662759759856570896e-09
7.653533807643764809e-09
7.644324950167317805e-09
7.635140718311411762e-09
7.625980041194406967e-09
7.616834824328670491e-09
7.607710264048197418e-09
7.598608531555411763e-09
7.589519763827388098e-09
7.580463592606604689e-09
7.571432064581079940e-09
7.562414015410799755e-09
7.553423017730246561e-09
7.544440720719725671e-09
7.535489838598470780e-09
7.526572115728016553e-09
7.517661371589970150e-09
7.508782147942357268e-09
7.499921885034166188e-09
7.491083588720144190e-09
7.482268382229970025e-09
7.473469515673677244e-09
7.464688595644567509e-09
7.455919549470408259e-09
7.447175360552253003e-09
7.438452188586673133e-09
7.429745350069621391e-09
7.421058881245767905e-09
7.412388123359372148e-09
7.403738837011566140e-09
7.395109373755251089e-09
7.386493454159940995e-09
7.377897161893392531e-09
7.369329043038066153e-09
7.360779776072944473e-09
7.352246784274103279e-09
7.343732687989219493e-09
7.335231449653583540e-09
7.326765157977075496e-09
7.318313468444128773e-09
7.309875762958039771e-09
7.301472340483374258e-09
7.293077662355138844e-09
7.284709155292337440e-09
7.276354456014281109e-09
7.268013425957712883e-09
7.259689111698235864e-09
7.251376121630518075e-09
7.243084789575934910e-09
7.234807818654433123e-09
7.226547060816834407e-09
7.218303604629228299e-09
7.210073355067855130e-09
7.201859765889116043e-09
7.193664432298936587e-09
7.185480485551927863e-09
7.177314244535115905e-09
7.169170875574503237e-09
7.161042846717364339e-09
7.152929749134132515e-09
7.144831283351554629e-09
7.136745604130441637e-09
7.128689321562140088e-09
7.120643609655055018e-09
7.112611481426296244e-09
7.104608398210050474e-09
7.096612908463714981e-09
7.088638811125763356e-09
7.080676211222436324e-09
7.072725918116852880e-09
7.064788332980297592e-09
7.056860009539027768e-09
7.048951222951093186e-09
7.041054573566465817e-09
7.033170914408384362e-09
7.025301196595620830e-09
7.017442649891855784e-09
7.009599507037690821e-09
7.001769797493737710e-09
6.993951122716133002e-09
6.986144833473453648e-09
6.978357724200550597e-09
6.970587711620144848e-09
6.962827467139769227e-09
6.955080321980557950e-09
6.947341008663260694e-09
6.939626233404202161e-09
6.931925573273951481e-09
6.924232002614454046e-09
6.916561663853074192e-09
6.908902174012031055e-09
6.901256118085079667e-09
6.893623018338056666e-09
6.886001607781226083e-09
6.878389049397760786e-09
6.870783269592328187e-09
6.863192801691978317e-09
6.855614307007976505e-09
6.848045276158202874e-09
6.840487472245677822e-09
6.832941991390926281e-09
6.825406556142945609e-09
6.817880965889076151e-09
6.810368021479999612e-09
6.802862802373434999e-09
6.795372133448141729e-09
6.787896198245082697e-09
6.780430830014796296e-09
6.772975625641441099e-09
6.765528394848150618e-09
6.758092846957313574e-09
6.750677216056913277e-09
6.743268304535617307e-09
6.735868470657599315e-09
6.728489540471103154e-09
6.721116246154630161e-09
6.713755136147656568e-09
6.706404272371237426e-09
6.699064062706781171e-09
6.691730589273716347e-09
6.684402905458467968e-09
6.677089572652329089e-09
6.669784891650003396e-09
6.662489283725416663e-09
6.655204156147374301e-09
6.647928784663258166e-09
6.640661679592898654e-09
6.633402832009683542e-09
6.626155289278936844e-09
6.618913749342062406e-09
6.611686467996478122e-09
6.604470594840213011e-09
6.597263772530813334e-09
6.590066069008007621e-09
6.582874408680926960e-09
6.575693481582727238e-09
6.568529580522243015e-09
6.561372008999861833e-09
6.554221480288546357e-09
6.547088745658994191e-09
6.539962056731369651e-09
6.532844383149390946e-09
6.525736895680951386e-09
6.518641261361028887e-09
6.511550912327717303e-09
6.504465962578097981e-09
6.497393397812524888e-09
6.490329759591743798e-09
6.483273853442794030e-09
6.476229001966135288e-09
6.469194401629791301e-09
6.462165391907678016e-09
6.455144686654741509e-09
6.448134203133497305e-09
6.441130483531615505e-09
6.434139324192474921e-09
6.427158689845885208e-09
6.420187693840603909e-09
6.413224487642454864e-09
6.406268827889023915e-09
6.399319100768501977e-09
6.392385663597778844e-09
6.385463907989065447e-09
6.378545988260997297e-09
6.371639607264303457e-09
6.364746811970775619e-09
6.357857361520034983e-09
6.350979737534858262e-09
6.344113986367959651e-09
6.337255485297543216e-09
6.330402801557562524e-09
6.323557648515155901e-09
6.316724139130454832e-09
6.309897668331897711e-09
6.303082399568405335e-09
6.296277639296477025e-09
6.289480021880870331e-09
6.282689453429553039e-09
6.275907481862407113e-09
6.269136084457620524e-09
6.262370264980315167e-09
6.255619938175583361e-09
6.248878397266913718e-09
6.242144491660492762e-09
6.235420321487061196e-09
6.228702186390864827e-09
6.221992363511521602e-09
6.215299107288333825e-09
6.208614877513803981e-09
6.201935237394342277e-09
6.195268710368493756e-09
6.188613444680954925e-09
6.181962543746412007e-09
6.175323397231218433e-09
6.168697528956840427e-09
6.162078036567778905e-09
6.155465667919974515e-09
6.148860822836917794e-09
6.142267412144781275e-09
6.135681680997815658e-09
6.129107181252756346e-09
6.122543852365258257e-09
6.115988855222751114e-09
6.109440409024246907e-09
6.102901165777315484e-09
6.096372597667868604e-09
6.089849338505875626e-09
6.083342385570477497e-09
6.076845271265695920e-09
6.070355691485130976e-09
6.063876074592280548e-09
6.057404380409170122e-09
6.050938135922576311e-09
6.044489436079759536e-09
6.038053366693545026e-09
6.031620434333750556e-09
6.025199150916241469e-09
6.018792610759744610e-09
6.012389551780239522e-09
6.005999740323340167e-09
5.999620864242752995e-09
5.993251184773582845e-09
5.986889559950366988e-09
5.980533830898625573e-09
5.974190420945260887e-09
5.967857723489530777e-09
5.961532758592696613e-09
5.955220248857828301e-09
5.948919621743119908e-09
5.942623858129046214e-09
5.936337626908659566e-09
5.930063353019427948e-09
5.923795253888450216e-09
5.917537946225969003e-09
5.911296666277620140e-09
5.905064947229702441e-09
5.898839704960248699e-09
5.892626999018515073e-09
5.886418755448522932e-09
5.880222361187860264e-09
5.874044149550927154e-09
5.867872572362809569e-09
5.861707324606648727e-09
5.855558585425214464e-09
5.849418492822758333e-09
5.843285629127280783e-09
5.837166394340122234e-09
5.831058397704707628e-09
5.824957433525800329e-09
5.818865719298370254e-09
5.812780495196554754e-09
5.806707328972338928e-09
5.800644844486099479e-09
5.794591157793285759e-09
5.788548827316902570e-09
5.782518105083300954e-09
5.776493151010487089e-09
5.770477008452801088e-09
5.764474112222435737e-09
5.758476467522395897e-09
5.752490501818540043e-09
5.746519688007483399e-09
5.740558976841278773e-09
5.734604311992001458e-09
5.728663113337367244e-09
5.722726212095597167e-09
5.716800407491750065e-09
5.710893386881098873e-09
5.704993324505583796e-09
5.699098913210097086e-09
5.693221250287119661e-09
5.687353358997485104e-09
5.681491999059026021e-09
5.675644291747321374e-09
5.669806423096388148e-09
5.663976320247028249e-09
5.658155854230684056e-09
5.652340433279889826e-09
5.646537632064316293e-09
5.640745804183768584e-09
5.634960818989140708e-09
5.629187122722072796e-09
5.623425707880579642e-09
5.617669574523301157e-09
5.611923321801668130e-09
5.606188155328502584e-09
5.600460197609457930e-09
5.594738745200282088e-09
5.589035136623986642e-09
5.583341901197424236e-09
5.577655098757783624e-09
5.571979303364716176e-09
5.566311812186383096e-09
5.560648764332054554e-09
5.555004115884842728e-09
5.549373224333229593e-09
5.543744519830202982e-09
5.538127805861157704e-09
5.532527032436755721e-09
5.526929956773155493e-09
5.521346031113472849e-09
5.515770887200151105e-09
5.510205664557108644e-09
5.504647508780479644e-09
5.499096098455471984e-09
5.493553423678320657e-09
5.488022235027766764e-09
5.482499233540677669e-09
5.476985327193150160e-09
5.471480643205332492e-09
5.465985885260857851e-09
5.460498513265502774e-09
5.455019017106924047e-09
5.449550822647989186e-09
5.444088366437599808e-09
5.438634983583077291e-09
5.433195258110932680e-09
5.427767346980068787e-09
5.422344695401846451e-09
5.416932369519612624e-09
5.411526584836027794e-09
5.406127751040647732e-09
5.400745869910977576e-09
5.395374549411493207e-09
5.390006294651874649e-09
5.384650577151881194e-09
5.379308836115113073e-09
5.373970222420356064e-09
5.368644591704576214e-09
5.363326793230832536e-09
5.358017284540611055e-09
5.352714248444696059e-09
5.347417325484484754e-09
5.342128146255841680e-09
5.336849223493794673e-09
5.331578119411529865e-09
5.326314633917041549e-09
5.321059102121635501e-09
5.315813518600549406e-09
5.310573488768302664e-09
5.305340803717080477e-09
5.300118515141009269e-09
5.294902083445221466e-09
5.289691282964315127e-09
5.284494727892900074e-09
5.279307642112126568e-09
5.274126203283447422e-09
5.268953394427760603e-09
5.263788150652512644e-09
5.258626016047245188e-09
5.253478283870481203e-09
5.248344597543198216e-09
5.243212242550858107e-09
5.238087769098498704e-09
5.232979004602991636e-09
5.227873960476362481e-09
5.222776924235869868e-09
5.217689604139469326e-09
5.212609618091246219e-09
5.207535614588447865e-09
5.202468484386721572e-09
5.197405016912742637e-09
5.192352427316495846e-09
5.187307511932022411e-09
5.182267277404185658e-09
5.177236212132394353e-09
5.172213182136364713e-09
5.167195070467373448e-09
5.162185590740865905e-09
5.157182120878245061e-09
5.152186679677285272e-09
5.147196050990965840e-09
5.142214167516807042e-09
5.137242177191340208e-09
5.132279385825580880e-09
5.127321334121345058e-09
5.122371666405974021e-09
5.117426175548508633e-09
5.112487173119132654e-09
5.107561779851488571e-09
5.102645020978374441e-09
5.097730586042427850e-09
5.092825235943002081e-09
5.087932724103390258e-09
5.083042621844366208e-09
5.078161548812522101e-09
5.073287259413630439e-09
5.068421183510089688e-09
5.063559840349144197e-09
5.058703894320803649e-09
5.053851775901801014e-09
5.049010145914966236e-09
5.044175060625444253e-09
5.039344317963789771e-09
5.034522259836149416e-09
5.029707168016483759e-09
5.024895887182833331e-09
5.020092994139677139e-09
5.015295274402317322e-09
5.010504872820177997e-09
5.005719204913928583e-09
5.000941405231233225e-09
4.996171927820033573e-09
4.991411565861267149e-09
4.986655497796403707e-09
4.981906290644750510e-09
4.977161753530448984e-09
4.972422061865600152e-09
4.967694180395890962e-09
4.962976373108385013e-09
4.958259921087338277e-09
4.953550615493911685e-09
4.948853637931365227e-09
4.944159755312646830e-09
4.939471582075353672e-09
4.934792125625142090e-09
4.930119111915589718e-09
4.925451020868053860e-09
4.920787623959271536e-09
4.916127617386677337e-09
4.911475534270901237e-09
4.906830036979267380e-09
4.902188745977096860e-09
4.897555013760993059e-09
4.892927210667431520e-09
4.888305555459456848e-09
4.883688093665109999e-09
4.879075861603283063e-09
4.874471029401825435e-09
4.869870875018858608e-09
4.865274847595561309e-09
4.860689368581947297e-09
4.856110005601438904e-09
4.851536143203125968e-09
4.846967266059661771e-09
4.842405134717641040e-09
4.837845209720925971e-09
4.833293153895175447e-09
4.828752249637362563e-09
4.824216074359723850e-09
4.819682690422454618e-09
4.815157269307188865e-09
4.810642022043929119e-09
4.806128511298237233e-09
4.801621849863425843e-09
4.797120969313206055e-09
4.792628447907516923e-09
4.788139209276594952e-09
4.783654950603991613e-09
4.779173770587843959e-09
4.774700785363497640e-09
4.770233488345695864e-09
4.765769849330522745e-09
4.761314257612578417e-09
4.756864612953191654e-09
4.752419889865628790e-09
4.747979717636441798e-09
4.743544243172790833e-09
4.739116051247631607e-09
4.734691621468007043e-09
4.730271488013431318e-09
4.725862457897142536e-09
4.721458830710179129e-09
4.717059995856417645e-09
4.712666205751047707e-09
4.708278717096735724e-09
4.703893174426638679e-09
4.699515324463925420e-09
4.695148051595107862e-09
4.690785863214590800e-09
4.686426038321908676e-09
4.682073169644864895e-09
4.677730530839047573e-09
4.673389671700631752e-09
4.669055175915286222e-09
4.664726924635936442e-09
4.660406336157097411e-09
4.656089806853248590e-09
4.651777636976718213e-09
4.647468483064093018e-09
