-8.551475918207150905e-15
-1.008730240968854273e-14
-1.170241865723113608e-14
-1.338273443870801823e-14
-1.511345755895177159e-14
-1.687899445021754196e-14
-1.866339100430414614e-14
-2.044994616891727186e-14
-2.222167323872439363e-14
-2.396125893748716264e-14
-2.565066311779028741e-14
-2.727176842869463606e-14
-2.880610006694570966e-14
-3.023498751835607611e-14
-3.153961589814872674e-14
-3.270067274483551306e-14
-3.369922235012462160e-14
-3.451598815216649500e-14
-3.513221471289747164e-14
-3.552802714315824536e-14
-3.568416586587450531e-14
-3.558128058983141382e-14
-3.520070273092964629e-14
-3.452341860531830840e-14
-3.352958767940619148e-14
-3.220101617076557638e-14
-3.052050776649671982e-14
-2.846723295586805107e-14
-2.602411817958273603e-14
-2.317329004983697391e-14
-1.989769199210917083e-14
-1.617956951202223904e-14
-1.200031810440162974e-14
-7.346878021154857992e-15
-2.197290263996601081e-15
3.458758785822697163e-15
9.641881697132620859e-15
1.636469198165786704e-14
2.364237480050218802e-14
3.149090587885343911e-14
3.992659832129864835e-14
4.895422407764626525e-14
5.860002771378987139e-14
6.886888694836556315e-14
7.977441507873175542e-14
9.133038289743548685e-14
1.035425721763769896e-13
1.164359636597646210e-13
1.300084018252128499e-13
1.442750888186006009e-13
1.592498209096378424e-13
1.749318268351214048e-13
1.913399820845945266e-13
2.084800946791555282e-13
2.263560734332163585e-13
2.449836601452876351e-13
2.643644359435375828e-13
2.845050542276505764e-13
3.054175710999091852e-13
3.271012647073656054e-13
3.495625684196611466e-13
3.728126257934267104e-13
3.968473419537579146e-13
4.216721288676757889e-13
4.473010862147389358e-13
4.737254807323308024e-13
5.009513188546058893e-13
5.289929936345135526e-13
5.578422481551791871e-13
5.874880037109319654e-13
6.179420624044610123e-13
6.492183177819164334e-13
6.813039864838209511e-13
7.141984099641161913e-13
7.479012006611126541e-13
7.824175304388721650e-13
8.177364912115115459e-13
8.538708192443584991e-13
8.908074679139195933e-13
9.285466402654624895e-13
9.670829305082480311e-13
1.006427243640018308e-12
1.046557735695738585e-12
1.087477130415729875e-12
1.129194195032159389e-12
1.171688795638045139e-12
1.214952950161057351e-12
1.259002137907726138e-12
1.303821943436079811e-12
1.349388669896511919e-12
1.395727160610958112e-12
1.442819279699633608e-12
1.490639513714015502e-12
1.539214612131043417e-12
1.588516530770682962e-12
1.638538959788930901e-12
1.689298775104063179e-12
1.740745461678396834e-12
1.792901940466124548e-12
1.845765906170024377e-12
1.899307101957068792e-12
1.953545793752265544e-12
2.008430445115311492e-12
2.063987273590866742e-12
2.120205241391128270e-12
2.177067386901909076e-12
2.234583362879794120e-12
2.292694638245220917e-12
2.351446436506348083e-12
2.410790243740831148e-12
2.470758472304083274e-12
2.531311580867299668e-12
2.592443214808433741e-12
2.654145663039523985e-12
2.716401154853453441e-12
2.779226850277466046e-12
2.842586117783570608e-12
2.906499656408543814e-12
2.970913560335935521e-12
3.035860339197598925e-12
3.101287429746364509e-12
3.167232217016615050e-12
3.233644185198632818e-12
3.300555491876202710e-12
3.367913315942384243e-12
3.435743410948660334e-12
3.503993432133832446e-12
3.572695457562055789e-12
3.641809872561178464e-12
3.711357081250515960e-12
3.781310003722045953e-12
3.851662193481529023e-12
3.922395144844300327e-12
3.993492034390480802e-12
4.064967287598499363e-12
4.136786107296090811e-12
4.208978717118768704e-12
4.281496686523993509e-12
4.354362468612603653e-12
4.427526589822452010e-12
4.501012850455868255e-12
4.574794878561143929e-12
4.648868576947268936e-12
4.723243111216593894e-12
4.797884719496109084e-12
4.872810066166434192e-12
4.947977603379181753e-12
5.023405932551384287e-12
5.099071947440391696e-12
5.174965562177851092e-12
5.251102317833111121e-12
5.327448021737498240e-12
5.404019827741973807e-12
5.480790341720175629e-12
5.557754893630945384e-12
5.634914807514717167e-12
5.712243542344066123e-12
5.789758599385811690e-12
5.867439309712551075e-12
5.945279608987487051e-12
6.023285930580261331e-12
6.101433753107631862e-12
6.179732733186360873e-12
6.258167740469846270e-12
6.336726500369832734e-12
6.415417245098067680e-12
6.494219839203497769e-12
6.573135620623193002e-12
6.652166558819044610e-12
6.731295854304266459e-12
6.810533616880305173e-12
6.889870701017726599e-12
6.969295770923125023e-12
7.048807933351730983e-12
7.128392685621589573e-12
7.208046617653054741e-12
7.287778648769234716e-12
7.367577662434731753e-12
7.447444775012501363e-12
7.527387069153818854e-12
7.607394156352519239e-12
7.687458239824726320e-12
7.767567292805500340e-12
7.847713005879567892e-12
7.927901510550794365e-12
8.008136698648815371e-12
8.088411807530959757e-12
8.168734846676809202e-12
8.249110670643941042e-12
8.329533373748800346e-12
8.409990630062789788e-12
8.490467342822839334e-12
8.570959025346160047e-12
8.651472843663836211e-12
8.732017154671305162e-12
8.812587267096440867e-12
8.893187916989413724e-12
8.973828461031294236e-12
9.054505615370197020e-12
9.135212719658119470e-12
9.215934601086521647e-12
9.296666075438778889e-12
9.377407609410192797e-12
9.458173422731799911e-12
9.538963067237145965e-12
9.619774157337344355e-12
9.700617321255503201e-12
9.781495044559073556e-12
9.862404977558805783e-12
9.943342208566515447e-12
1.002429880376207369e-11
1.010527062465058624e-11
1.018625987963885087e-11
1.026728117794968458e-11
1.034833281106910537e-11
1.042941225868807808e-11
1.051052928126210179e-11
1.059168740892230511e-11
1.067288370407460544e-11
1.075411664079135519e-11
1.083538734778807343e-11
1.091668973718088626e-11
1.099802159052653565e-11
1.107939818138416177e-11
1.116082363280795467e-11
1.124229300145628243e-11
1.132380721570152138e-11
1.140537981125148467e-11
1.148700662065995984e-11
1.156868320742644629e-11
1.165041649439092820e-11
1.173221083621816553e-11
1.181405904603212739e-11
1.189595888647469135e-11
1.197793080065295054e-11
1.205997436201743952e-11
1.214208362280867857e-11
1.222425839465007059e-11
1.230651472313599306e-11
1.238884627217324348e-11
1.247124707856164113e-11
1.255372272218587088e-11
1.263628990332619342e-11
1.271893821263148749e-11
1.280166149389276383e-11
1.288447495504616520e-11
1.296739450812397335e-11
1.305040940369354398e-11
1.313351359054268078e-11
1.321671774823483632e-11
1.330002778438365415e-11
1.338343256971515430e-11
1.346692510109769154e-11
1.355052539470287166e-11
1.363424402278125014e-11
1.371806830310996823e-11
1.380199084653975560e-11
1.388603415249356496e-11
1.397021329688951654e-11
1.405451379827662476e-11
1.413892839489143684e-11
1.422346566365943307e-11
1.430813363065895544e-11
1.439291764266117513e-11
1.447780863095416610e-11
1.456281738318631374e-11
1.464797381109089501e-11
1.473326077857375933e-11
1.481866842288473419e-11
1.490419966308905484e-11
1.498989164913638002e-11
1.507573383502534805e-11
1.516171311352770467e-11
1.524782251548134652e-11
1.533408085731512541e-11
1.542047948490003669e-11
1.550700360333878744e-11
1.559364463879403888e-11
1.568042326366735158e-11
1.576736129027031664e-11
1.585444214841061049e-11
1.594165469105744483e-11
1.602899969179012851e-11
1.611651594962558299e-11
1.620419246228962718e-11
1.629201774228393585e-11
1.637998109190221974e-11
1.646809185933316712e-11
1.655635060932055701e-11
1.664473961246115543e-11
1.673324929551800426e-11
1.682187911459228238e-11
1.691066634354529460e-11
1.699960272970636238e-11
1.708867300530661469e-11
1.717786897326190047e-11
1.726720420363561124e-11
1.735670278315515037e-11
1.744634658752125297e-11
1.753612474570573599e-11
1.762602993418232491e-11
1.771607371842490508e-11
1.780625053090136244e-11
1.789654411988390281e-11
1.798694635931563104e-11
1.807745452815834730e-11
1.816809793479978978e-11
1.825887071447426902e-11
1.834975844633556512e-11
1.844075360960240552e-11
1.853185787418701408e-11
1.862309055370892750e-11
1.871444283191174105e-11
1.880590355751847047e-11
1.889746596286822254e-11
1.898912815724668987e-11
1.908089325349996006e-11
1.917274829340257232e-11
1.926468357980591603e-11
1.935669504215419358e-11
1.944878358372863711e-11
1.954096336288348333e-11
1.963322476855204852e-11
1.972555947973853232e-11
1.981796261640819292e-11
1.991043369140679919e-11
2.000297549255359157e-11
2.009558166445448767e-11
2.018824551626609837e-11
2.028096262152438331e-11
2.037372899922963362e-11
2.046653716257012509e-11
2.055937983781586253e-11
2.065225005040050022e-11
2.074514534834011998e-11
2.083806440141800717e-11
2.093100478081130075e-11
2.102396403955431590e-11
2.111693722465497753e-11
2.120992264226797373e-11
2.130291915750150406e-11
2.139591568624564998e-11
2.148889930501654290e-11
2.158186993159242346e-11
2.167482573509172707e-11
2.176776779095954295e-11
2.186068888491258388e-11
2.195356577521601381e-11
2.204639517338573915e-11
2.213917876323061159e-11
2.223191753295573734e-11
2.232461290966825561e-11
2.241724773720109693e-11
2.250981257240524192e-11
2.260231254275273169e-11
2.269474962658385921e-11
2.278712660283947044e-11
2.287943491428097559e-11
2.297163357741775480e-11
2.306372236720152532e-11
2.315570866660527933e-11
2.324759700245763711e-11
2.333939033937390757e-11
2.343106518625188128e-11
2.352258800279265979e-11
2.361397357038291717e-11
2.370522686942197839e-11
2.379635390016771077e-11
2.388735887523039794e-11
2.397820314729803629e-11
2.406887952486238677e-11
2.415940204584018564e-11
2.424977686103617496e-11
2.434001241651586694e-11
2.443010717940329362e-11
2.451998356556124311e-11
2.460964547453970556e-11
2.469910413288909777e-11
2.478837219851317494e-11
2.487745726669461121e-11
2.496635117007261758e-11
2.505499436851757472e-11
2.514339343050529402e-11
2.523156359716943079e-11
2.531952084886738539e-11
2.540727242883376649e-11
2.549481043644595777e-11
2.558207801208068975e-11
2.566908523504401605e-11
2.575585086540621391e-11
2.584239264685316708e-11
2.592871465380084397e-11
2.601481602118375998e-11
2.610059222237895629e-11
2.618605265845953391e-11
2.627121789605821822e-11
2.635609687109688342e-11
2.644071060802515552e-11
2.652506715569641014e-11
2.660907998864732853e-11
2.669275162911702802e-11
2.677610963413131068e-11
2.685917104173585453e-11
2.694194446514179229e-11
2.702444610550860464e-11
2.710663025178787872e-11
2.718844904377810898e-11
2.726993515323854745e-11
2.735112277071476890e-11
2.743201372824639399e-11
2.751262800417530615e-11
2.759293388213586082e-11
2.767282583571945794e-11
2.775231896574235902e-11
2.783144448751933673e-11
2.791021468664014611e-11
2.798865382141702445e-11
2.806676858983468897e-11
2.814448877856936176e-11
2.822178365849545611e-11
2.829870144224856177e-11
2.837526593090304821e-11
2.845148715975896048e-11
2.852738165828375794e-11
2.860293349996950456e-11
2.867806194459892964e-11
2.875278783557940120e-11
2.882714488537367476e-11
2.890115469012346932e-11
2.897483410432308820e-11
2.904819169968677220e-11
2.912115735630700293e-11
2.919365958565079855e-11
2.926572745774001309e-11
2.933738986618644751e-11
2.940867838549428102e-11
2.947959196608159625e-11
2.955015566801923308e-11
2.962028991609109876e-11
2.968996966508803606e-11
2.975924217148000598e-11
2.982813683321082251e-11
2.989666431421022462e-11
2.996484301053388327e-11
3.003268229990082167e-11
3.010008312034650816e-11
3.016704049513878732e-11
3.023360532649101384e-11
3.029980697181516459e-11
3.036564534406426431e-11
3.043114944860221474e-11
3.049631873805603615e-11
3.056103118318489456e-11
3.062528713893197790e-11
3.068912917686441183e-11
3.075258599102288391e-11
3.081566120591983384e-11
3.087837859946857073e-11
3.094074945129693831e-11
3.100269158327202902e-11
3.106419997446268080e-11
3.112531804123555954e-11
3.118607018588747554e-11
3.124648115118277923e-11
3.130654682622683073e-11
3.136629212787791811e-11
3.142565305769593780e-11
3.148459070819300550e-11
3.154314156942166533e-11
3.160134027160155923e-11
3.165919694711615808e-11
3.171673502260274614e-11
3.177396130509600731e-11
3.183083686452604594e-11
3.188729719445356300e-11
3.194336146046033392e-11
3.199906661388996206e-11
3.205442390136576534e-11
3.210945564976083524e-11
3.216417321281838547e-11
3.221857738264657706e-11
3.227260719914997635e-11
3.232626727466011054e-11
3.237959692700157162e-11
3.243261499576427499e-11
3.248533973668647195e-11
3.253778149233822703e-11
3.258994543979485295e-11
3.264180264491268578e-11
3.269330964056373841e-11
3.274448253622829512e-11
3.279535828131986903e-11
3.284594882346978527e-11
3.289626648436044197e-11
3.294632391243817345e-11
3.299612701898377826e-11
3.304562043054181864e-11
3.309478203003980713e-11
3.314364627263838028e-11
3.319223463848097974e-11
3.324056114155125047e-11
3.328863215615813603e-11
3.333645844775400493e-11
3.338404618200528832e-11
3.343135273870664051e-11
3.347838736240102548e-11
3.352517845414176426e-11
3.357174551090676051e-11
3.361809407069779659e-11
3.366423769373480180e-11
3.371018234476203003e-11
3.375592015461730310e-11
3.380140655833852491e-11
3.384665011181321819e-11
3.389167695866365617e-11
3.393650060371626136e-11
3.398112957410023306e-11
3.402557371191380330e-11
3.406983823727323210e-11
3.411391780093935936e-11
3.415778095174065461e-11
3.420143541485471330e-11
3.424490160096315018e-11
3.428819235441623053e-11
3.433131279380758483e-11
3.437427241459161229e-11
3.441707615007349265e-11
3.445972836225232493e-11
3.450221196849738961e-11
3.454453540734685534e-11
3.458671317318329203e-11
3.462876179026293732e-11
3.467068608245495651e-11
3.471249070590387444e-11
3.475418069620953779e-11
3.479575833106890642e-11
3.483720344665863522e-11
3.487851024827522939e-11
3.491969043997290497e-11
3.496075856766759049e-11
3.500172013597052699e-11
3.504257741794647586e-11
3.508333646866780742e-11
3.512399947145018013e-11
3.516456486022010216e-11
3.520502619909882400e-11
3.524539110575804924e-11
3.528566926151965427e-11
3.532586647015855226e-11
3.536598653626439579e-11
3.540603303107918667e-11
3.544600840060357752e-11
3.548591579589938087e-11
3.552576019562884886e-11
3.556554356462165887e-11
3.560527475715695540e-11
3.564496167926159713e-11
3.568460726331842391e-11
3.572421269671763671e-11
3.576378002149243242e-11
3.580331125535691732e-11
3.584280408510050842e-11
3.588225304259061029e-11
3.592165936443467677e-11
3.596102856894757225e-11
3.600036522426181732e-11
3.603967098735802727e-11
3.607894717166116003e-11
3.611819463876254162e-11
3.615741512342534624e-11
3.619661355856873814e-11
3.623579442450620585e-11
3.627495991516889451e-11
3.631411297799433116e-11
3.635325512752264899e-11
3.639238765382473133e-11
3.643151109983435744e-11
3.647062592414045245e-11
3.650973318288723539e-11
3.654884205209952128e-11
3.658796013362229564e-11
3.662708692389556346e-11
3.666622560698565664e-11
3.670537693813605575e-11
3.674454130587349449e-11
3.678371883970687550e-11
3.682290861203585985e-11
3.686211047926190614e-11
3.690132207471097602e-11
3.694054180876252442e-11
3.697976912999037373e-11
3.701900475812438137e-11
3.705824844263911467e-11
3.709749986429799391e-11
3.713675897465581006e-11
3.717602556893021828e-11
3.721529948460780305e-11
3.725458613809479020e-11
3.729389131540926519e-11
3.733321497775645727e-11
3.737255775202899080e-11
3.741191754523932373e-11
3.745129376002519900e-11
3.749068592969130853e-11
3.753009416753382787e-11
3.756951769418317741e-11
3.760895767328947450e-11
3.764842253026629089e-11
3.768791153727739268e-11
3.772742383987278839e-11
3.776695931240374298e-11
3.780651700758301249e-11
3.784609608524325522e-11
3.788569595207538616e-11
3.792531701571401764e-11
3.796495728894043959e-11
3.800460689742395741e-11
3.804425915572541786e-11
3.808391452088969069e-11
3.812357110451857418e-11
3.816322638167082983e-11
3.820288211586794229e-11
3.824253809383518127e-11
3.828219357075155485e-11
3.832184865914119472e-11
3.836150290311729045e-11
3.840115382579779065e-11
3.844080076535548723e-11
3.848044516009202929e-11
3.852008554680763128e-11
3.855972162074138071e-11
3.859935271562686899e-11
3.863897925087224154e-11
3.867860138281463413e-11
3.871821906571095242e-11
3.875782730449321269e-11
3.879741764518253722e-11
3.883698851514315189e-11
3.887654282533392518e-11
3.891608081103258521e-11
3.895560248555674630e-11
3.899510865375315094e-11
3.903459806087151502e-11
3.907407164512767059e-11
3.911353043815370280e-11
3.915295533613064667e-11
3.919232851488794484e-11
3.923164392070428435e-11
3.927090738109465547e-11
3.931011946311893649e-11
3.934928064138579451e-11
3.938839424992940003e-11
3.942745603966081410e-11
3.946647004639425184e-11
3.950543921930431309e-11
3.954434943072516187e-11
3.958318810922100476e-11
3.962195190840509237e-11
3.966064625201798313e-11
3.969927412976614632e-11
3.973783903144185530e-11
3.977633941799286881e-11
3.981477596263391905e-11
3.985315421707039875e-11
3.989147278893675765e-11
3.992972392757823096e-11
3.996786987892758698e-11
4.000591514974053193e-11
4.004386539816681920e-11
4.008172611926377315e-11
4.011949717927628227e-11
4.015718040628728450e-11
4.019478242107797754e-11
4.023229833068202720e-11
4.026973703830631119e-11
4.030708996335818135e-11
4.034431326668515711e-11
4.038139289801794592e-11
4.041833988771350746e-11
4.045514541555876074e-11
4.049182483038626712e-11
4.052837748185285773e-11
4.056481292042044254e-11
4.060112672859988762e-11
4.063732129979694281e-11
4.067340693817292386e-11
4.070936139762893900e-11
4.074515229871758372e-11
4.078077681077165217e-11
4.081625159923330899e-11
4.085158406608691304e-11
4.088677332416746672e-11
4.092182737291810113e-11
4.095674599867805113e-11
4.099153399375956105e-11
4.102619840867794746e-11
4.106073096248672615e-11
4.109510069213364612e-11
4.112928104809888815e-11
4.116326507473097419e-11
4.119707136283145330e-11
4.123071000782261365e-11
4.126419201178563507e-11
4.129750437345408363e-11
4.133066842319656686e-11
4.136367666078723106e-11
4.139654003658090586e-11
4.142924869873240574e-11
4.146175238948479774e-11
4.149403353017472384e-11
4.152609797813704186e-11
4.155794718971971599e-11
4.158959901485998612e-11
4.162106786253402392e-11
4.165233880264187182e-11
4.168343201821125580e-11
4.171434434534525379e-11
4.174508529764110819e-11
4.177564663101702818e-11
4.180599173141231809e-11
4.183610833649478874e-11
4.186599907784305026e-11
4.189567215292725948e-11
4.192514591659570220e-11
4.195443318115917271e-11
4.198351944779590062e-11
4.201243172828179337e-11
4.204115252482418846e-11
4.206970649130687306e-11
4.209807812449023381e-11
4.212623628230633803e-11
4.215415023630512125e-11
4.218180019034502710e-11
4.220922459901875739e-11
4.223643365782366375e-11
4.226342726813224878e-11
4.229022081728235075e-11
4.231680316837612769e-11
4.234320361908934501e-11
4.236939775622018606e-11
4.239541731630372136e-11
4.242123262819215186e-11
4.244676867843261469e-11
4.247204877390039975e-11
4.249709006487582292e-11
4.252189416800066045e-11
4.254646961484332506e-11
4.257082691396146830e-11
4.259497943517183312e-11
4.261891647304778863e-11
4.264265610604899021e-11
4.266619826835944888e-11
4.268953810271944511e-11
4.271265029988378954e-11
4.273551877179616282e-11
4.275813166385548390e-11
4.278051895882225984e-11
4.280269688757933339e-11
4.282466592299828592e-11
4.284643668538886326e-11
4.286800636241970728e-11
4.288939141504014452e-11
4.291058877595418366e-11
4.293160624956953219e-11
4.295243693485621377e-11
4.297301011531647419e-11
4.299334592669087676e-11
4.301344541470116480e-11
4.303330931075420718e-11
4.305296668313478835e-11
4.307242104827041679e-11
4.309167471802059875e-11
4.311072649988041708e-11
4.312960041186613787e-11
4.314827420836138062e-11
4.316677998711721163e-11
4.318509497492767800e-11
4.320315717128336224e-11
4.322099801915292902e-11
4.323862238573603003e-11
4.325602253099338715e-11
4.327322828945475461e-11
4.329024429613019260e-11
4.330707161063805288e-11
4.332370780492752796e-11
4.334017632020803923e-11
4.335645957858828544e-11
4.337258271985172330e-11
4.338852987983226336e-11
4.340426102261602677e-11
4.341980071291673064e-11
4.343514589154474074e-11
4.345030273854563376e-11
4.346529318695802090e-11
4.348011843025186768e-11
4.349478734885901015e-11
4.350929417886086296e-11
4.352365407212451235e-11
4.353786976387429921e-11
4.355193549685044210e-11
4.356585639148015951e-11
4.357960041698645281e-11
4.359316596666748438e-11
4.360653497875885656e-11
4.361973722342188126e-11
4.363278589165064364e-11
4.364567737041673033e-11
4.365841851963924767e-11
4.367102327706336944e-11
4.368348254097266156e-11
4.369580289644168764e-11
4.370799210059100544e-11
4.372004778095633172e-11
4.373196763050336968e-11
4.374372485082743800e-11
4.375532732045164642e-11
4.376679378120693967e-11
4.377811439823290963e-11
4.378931004408126318e-11
4.380038299905457267e-11
4.381133803172499885e-11
4.382216756611074745e-11
4.383288896480180338e-11
4.384350117049590766e-11
4.385399882189085392e-11
4.386439056915897052e-11
4.387466909533628137e-11
4.388483210554803822e-11
4.389487710254975597e-11
4.390481541856418759e-11
4.391466139462840159e-11
4.392440946205222138e-11
4.393407554937017870e-11
4.394365242743732307e-11
4.395314611841801417e-11
4.396255923661657797e-11
4.397189108806985250e-11
4.398114893907698192e-11
4.399032559812972718e-11
4.399941079580835825e-11
4.400840795522061989e-11
4.401730800398740843e-11
4.402612402752698802e-11
4.403486577124018355e-11
4.404353098454776211e-11
4.405212862788370917e-11
4.406065358757612538e-11
4.406911322488449568e-11
4.407750813784662523e-11
4.408583560687187380e-11
4.409410383483465997e-11
4.410230930376340049e-11
4.411045358532883403e-11
4.411853904070423495e-11
4.412656633953367459e-11
4.413453733605277598e-11
4.414246263966629152e-11
4.415033942424273103e-11
4.415817480254274572e-11
4.416596765791386121e-11
4.417371616381721436e-11
4.418142631925612062e-11
4.418909859266295441e-11
4.419672997425834536e-11
4.420432612421863936e-11
4.421189070054330675e-11
4.421942544118016706e-11
4.422693128212544242e-11
4.423441108550677680e-11
4.424186980219314082e-11
4.424931022058280456e-11
4.425673274666979686e-11
4.426413867081452718e-11
4.427152808807381917e-11
4.427890308188127880e-11
4.428626287537643665e-11
4.429360703477200825e-11
4.430093818382973400e-11
4.430825622614172645e-11
4.431555759046597732e-11
4.432284608283971175e-11
4.433011965553595142e-11
4.433738258456838358e-11
4.434463455629768188e-11
4.435187793373070865e-11
4.435911398783047509e-11
4.436634107618850947e-11
4.437356107523646946e-11
4.438077360281689914e-11
4.438797914347842360e-11
4.439517770696798343e-11
4.440237051203971544e-11
4.440956337279448039e-11
4.441676321139674513e-11
4.442396690380590890e-11
4.443117519030726092e-11
4.443839264916627783e-11
4.444561598610858235e-11
4.445284778378507077e-11
4.446008665185677240e-11
4.446733255924927751e-11
4.447458666140981828e-11
4.448184676971500260e-11
4.448911675109632643e-11
4.449639246319871821e-11
4.450367717549491456e-11
4.451097666541410674e-11
4.451829106207920128e-11
4.452562553552066567e-11
4.453297293929782001e-11
4.454033989901707150e-11
4.454772350487761744e-11
4.455512478590591110e-11
4.456254345065866724e-11
4.456997775925795667e-11
4.457742905465908518e-11
4.458489607863762301e-11
4.459238060233890712e-11
4.459987985685855503e-11
4.460739438532336341e-11
4.461492224625771008e-11
4.462246274328581218e-11
4.463001729174126615e-11
4.463758191033486284e-11
4.464515955296992223e-11
4.465274756230115167e-11
4.466034461747276483e-11
4.466795462884323982e-11
4.467557338341629371e-11
4.468320216141934762e-11
4.469084109081724231e-11
4.469848841252770005e-11
4.470614652323759892e-11
4.471381266147340425e-11
4.472148931724176431e-11
4.472917961487279306e-11
4.473688111917432906e-11
4.474459540114158232e-11
4.475232068461098254e-11
4.476005619609972310e-11
4.476780312724420091e-11
4.477555872921294110e-11
4.478332470415063979e-11
4.479109994196713076e-11
4.479888452025195545e-11
4.480667790417769818e-11
4.481448022392880316e-11
4.482229096861094924e-11
4.483010906827980475e-11
4.483793096935367395e-11
4.484575572319424907e-11
4.485358312656325362e-11
4.486141359964087683e-11
4.486924467442346181e-11
4.487707930944654644e-11
4.488491457570494716e-11
4.489275261443839116e-11
4.490059150578825155e-11
4.490843209069391390e-11
4.491627415337152475e-11
4.492411670551947244e-11
4.493196148190095052e-11
4.493980607173940982e-11
4.494764687213940592e-11
4.495546428537243010e-11
4.496326741074230202e-11
4.497104792377907245e-11
4.497881407184567982e-11
4.498655870107058353e-11
4.499428595149276233e-11
4.500199345122695295e-11
4.500968284683130791e-11
4.501735443264425751e-11
4.502500648451811427e-11
4.503264292284781007e-11
4.504025891256966003e-11
4.504785983891897156e-11
4.505543921612420064e-11
4.506299991306829740e-11
4.507052234669141834e-11
4.507801867423247520e-11
4.508548010732482116e-11
4.509291495634877961e-11
4.510031928817082431e-11
4.510769374956348266e-11
4.511504021358074308e-11
4.512235618075851700e-11
4.512964579055675028e-11
4.513690727144408405e-11
4.514414202611203558e-11
4.515135031734210774e-11
4.515853154613145351e-11
4.516568583195252816e-11
4.517280888045582261e-11
4.517987383021928349e-11
4.518689618573709865e-11
4.519385936263079701e-11
4.520078259152612499e-11
4.520764849641898758e-11
4.521447500753828085e-11
4.522125062040090220e-11
4.522798522294466731e-11
4.523467281664878491e-11
4.524131712146854674e-11
4.524791801098318036e-11
4.525447822225062111e-11
4.526099548288164276e-11
4.526747355857462492e-11
4.527390481061991452e-11
4.528026943573462063e-11
4.528655769913341151e-11
4.529276915043022782e-11
4.529891218029704910e-11
4.530497868120582594e-11
4.531098086554771804e-11
4.531691018829194821e-11
4.532277684266802965e-11
4.532857436350811736e-11
4.533431170038944484e-11
4.533998222138456854e-11
4.534559283866972353e-11
4.535114007137928526e-11
4.535662813559768624e-11
4.536205256997455348e-11
4.536741706339075607e-11
4.537268424543233220e-11
4.537787995616694981e-11
4.538298031943983080e-11
4.538801349099010137e-11
4.539295864661476143e-11
4.539783625605612794e-11
4.540263425042508683e-11
4.540736686537590304e-11
4.541202480676235715e-11
4.541661618814402818e-11
4.542113861003539524e-11
4.542559206862453865e-11
4.542997855257772807e-11
4.543430172023218847e-11
4.543855797954921453e-11
4.544274606940925726e-11
4.544681781138751797e-11
4.545080842356023982e-11
4.545468744122389017e-11
4.545848880777627709e-11
4.546218552635141725e-11
4.546580589995415425e-11
4.546933328466280358e-11
4.547278707897252811e-11
4.547615263192236329e-11
4.547944399103123263e-11
4.548265314720556667e-11
4.548578529918591484e-11
4.548883966514184168e-11
4.549182215162543207e-11
4.549472561904782102e-11
4.549755437169846271e-11
4.550025853957512050e-11
4.550287094324684185e-11
4.550536066974714893e-11
4.550776277386681905e-11
4.551005473075397642e-11
4.551225938208446209e-11
4.551436115851312173e-11
4.551637875381171294e-11
4.551830080246346956e-11
4.552013972728741671e-11
4.552188857089499706e-11
4.552355307631158371e-11
4.552513421634983137e-11
4.552662991602028460e-11
4.552804866433290713e-11
4.552937897846983953e-11
4.553061579802960097e-11
4.553174540978452186e-11
4.553277793082214002e-11
4.553371193582063369e-11
4.553455178866095072e-11
4.553530283795496395e-11
4.553596870599550317e-11
4.553655049500763639e-11
4.553704997015342531e-11
4.553747007993194755e-11
4.553780653530144706e-11
4.553806740398190627e-11
4.553824887327729612e-11
4.553835704284503488e-11
4.553839135768828409e-11
4.553835043205204306e-11
4.553823462449843428e-11
4.553800617816159614e-11
4.553769047509930436e-11
4.553726350221702396e-11
4.553675323252278202e-11
4.553614370302998075e-11
4.553545452550851332e-11
4.553467650222006068e-11
4.553382100278283482e-11
4.553287964482421777e-11
4.553186348041467967e-11
4.553076699408621454e-11
4.552959612925560714e-11
4.552835108930589057e-11
4.552702970713414638e-11
4.552564021027165782e-11
4.552417401151523358e-11
4.552263877804331752e-11
4.552099356950275549e-11
4.551927392378537737e-11
4.551745135279087392e-11
4.551555579609404828e-11
4.551356964111025492e-11
4.551151187696296511e-11
4.550937297924645818e-11
4.550716425446505245e-11
4.550487791625734906e-11
4.550252482431226781e-11
4.550009750204755569e-11
4.549760444768935787e-11
4.549504270202659485e-11
4.549241460567710276e-11
4.548972176539097359e-11
4.548696208287293166e-11
4.548414161174778770e-11
4.548124109634688931e-11
4.547827814650451942e-11
4.547523526751615218e-11
4.547213364282242591e-11
4.546896259474172396e-11
4.546573644838789452e-11
4.546245051938887435e-11
4.545911049074431185e-11
4.545571481876974141e-11
4.545226724880111538e-11
4.544876433032343592e-11
4.544521356901504699e-11
4.544160637883079722e-11
4.543795510089873091e-11
4.543425071953608655e-11
4.543050357813322685e-11
4.542670204824713266e-11
4.542284964099757232e-11
4.541893311202352054e-11
4.541496656843537505e-11
4.541093634231429080e-11
4.540685794857691197e-11
4.540272377529356429e-11
4.539854515019953297e-11
4.539431800988034530e-11
4.539004974063839220e-11
4.538573486884033364e-11
4.538137957414573084e-11
4.537697999391753172e-11
4.537254059886704730e-11
4.536806009202333146e-11
4.536353892917667944e-11
4.535897961915210493e-11
4.535437942267208205e-11
4.534974360800857311e-11
4.534506204591448530e-11
4.534034481728821111e-11
4.533558334616930082e-11
4.533078697485966972e-11
4.532595117344256735e-11
4.532108338071876579e-11
4.531618274846280766e-11
4.531125027361344029e-11
4.530628915977913753e-11
4.530129589617791151e-11
4.529627550277588238e-11
4.529122506205189292e-11
4.528614805279672081e-11
4.528104233878886576e-11
4.527590957715370613e-11
4.527075071845963996e-11
4.526556564439226481e-11
4.526035744261000573e-11
4.525512761283957408e-11
4.524987734498027458e-11
4.524460537308732938e-11
4.523931521986102251e-11
4.523400524096279848e-11
4.522868163163769065e-11
4.522334277403759618e-11
4.521799162862814321e-11
4.521262752412468980e-11
4.520724985602365076e-11
4.520186081637432242e-11
4.519645842900775768e-11
4.519104579866366769e-11
4.518562024425667621e-11
4.518018506570666171e-11
4.517473706254152841e-11
4.516928034387059546e-11
4.516381174367384606e-11
4.515833380913679478e-11
4.515284438724616844e-11
4.514734557919238131e-11
4.514183615575056652e-11
4.513631709393132038e-11
4.513079077937178387e-11
4.512525661355164058e-11
4.511971722587815798e-11
4.511417072944894834e-11
4.510861944205857113e-11
4.510306165871543950e-11
4.509749920431785895e-11
4.509193075472888264e-11
4.508635736126750073e-11
4.508077879391547086e-11
4.507519528370432518e-11
4.506960721211598448e-11
4.506401453133251403e-11
4.505841935943259033e-11
4.505282578960229284e-11
4.504723169208590775e-11
4.504163767365487809e-11
4.503604437422992284e-11
4.503045102177579500e-11
4.502486040575231525e-11
4.501926975522851509e-11
4.501368330944988417e-11
4.500809752771805837e-11
4.500251399159548000e-11
4.499693229981684039e-11
4.499135211312089371e-11
4.498577470430423912e-11
4.498019817126505808e-11
4.497462529241341476e-11
4.496905349416984416e-11
4.496348464852679702e-11
4.495791813553996614e-11
4.495235752051633888e-11
4.494680605193893735e-11
4.494126071428636833e-11
4.493572561256651161e-11
4.493019553819536202e-11
4.492467498774742183e-11
4.491916242612711962e-11
4.491365800571491487e-11
4.490816341007839070e-11
4.490267627408760296e-11
4.489719832555741514e-11
4.489172775734633654e-11
4.488626541835537257e-11
4.488081112744574682e-11
4.487536414664828225e-11
4.486992603687347427e-11
4.486449554621792302e-11
4.485907287449401372e-11
4.485365760248659900e-11
4.484824748815709870e-11
4.484284209776646330e-11
4.483744045116771194e-11
4.483204422652418539e-11
4.482665103221547389e-11
4.482126398991781165e-11
4.481587962484534516e-11
4.481050052915464595e-11
4.480512402827437863e-11
4.479975169228296569e-11
4.479438378685702276e-11
4.478901827715293539e-11
4.478365860302195395e-11
4.477829990546729256e-11
4.477294750612785369e-11
4.476759605378614556e-11
4.476224987352831943e-11
4.475690579918961480e-11
4.475156559294045898e-11
4.474622829272845344e-11
4.474089266744688896e-11
4.473556015930585596e-11
4.473022918114565878e-11
4.472490134473460985e-11
4.471957541037712512e-11
4.471425195666537003e-11
4.470893025450856202e-11
4.470361019519448263e-11
4.469829171102530696e-11
4.469297438606703526e-11
4.468765854746960626e-11
4.468234401530056367e-11
4.467703099009604989e-11
4.467171915754122281e-11
4.466640879957369888e-11
4.466109949311816963e-11
4.465579149560013702e-11
4.465048439788917473e-11
4.464517789811950889e-11
4.463987052903815600e-11
4.463455971663139419e-11
4.462924701582643715e-11
4.462393175287778707e-11
4.461861385970157777e-11
4.461329509142343007e-11
4.460797199974794958e-11
4.460264839655086715e-11
4.459732082094297648e-11
4.459199222692409337e-11
4.458666064652815590e-11
4.458132677260853400e-11
4.457599020993144213e-11
4.457065113698176405e-11
4.456530965253177313e-11
4.455996645517684926e-11
4.455462004538329201e-11
4.454927234942728628e-11
4.454392071088032694e-11
4.453856484848031975e-11
4.453319892318001312e-11
4.452781287589101440e-11
4.452241487735177536e-11
4.451699837631251118e-11
4.451156882454832067e-11
4.450612713407407061e-11
4.450066498982899768e-11
4.449519130389836763e-11
4.448970084019443929e-11
4.448419697173917132e-11
4.447868081504028148e-11
4.447314521212478983e-11
4.446759831457502811e-11
4.446203557983214732e-11
4.445645990843254667e-11
4.445087253235144919e-11
4.444526794794265574e-11
4.443965120663273104e-11
4.443401957807079805e-11
4.442837422957413719e-11
4.442271513156415272e-11
4.441702568996368086e-11
4.441132028170943521e-11
4.440559041330399719e-11
4.439984058759463170e-11
4.439407292695447204e-11
4.438828038342556617e-11
4.438247297865259342e-11
4.437664201281170913e-11
4.437079217191555360e-11
4.436492330401794363e-11
4.435903401352041630e-11
4.435312845638517716e-11
4.434720363581268966e-11
4.434126021001124027e-11
4.433529613670637322e-11
4.432931548481329293e-11
4.432331665457849830e-11
4.431730236057437679e-11
4.431126908299578300e-11
4.430521499274646982e-11
4.429913561959766332e-11
4.429302384181379618e-11
4.428688961498227401e-11
4.428072150226957763e-11
4.427453030961169063e-11
4.426831473159351636e-11
4.426206796552305622e-11
4.425580153137238272e-11
4.424950599791076296e-11
4.424318964830427169e-11
4.423684920034159733e-11
4.423048059186282874e-11
4.422409213942456257e-11
4.421768045441938097e-11
4.421124712675735512e-11
4.420479025752130536e-11
4.419830986654289334e-11
4.419180643142241410e-11
4.418528487759993621e-11
4.417873909808371526e-11
4.417216842786189132e-11
4.416555970576025325e-11
4.415891224370237974e-11
4.415223531995953073e-11
4.414551196177124509e-11
4.413876069513637271e-11
4.413197537846634003e-11
4.412515099966011866e-11
4.411829777945098361e-11
4.411140886182823756e-11
4.410448993823566647e-11
4.409754091631855495e-11
4.409055352323679525e-11
4.408354082187488162e-11
4.407649786228062450e-11
4.406942551067756137e-11
4.406231976232590622e-11
4.405518453226460294e-11
4.404802069038435855e-11
4.404083249605183108e-11
4.403361126758600617e-11
4.402636063997006005e-11
4.401907755382133459e-11
4.401175335235697125e-11
4.400440263625913103e-11
4.399700682838164676e-11
4.398958284971034914e-11
4.398212759251389262e-11
4.397463394152250283e-11
4.396711616843485285e-11
4.395956249358551684e-11
4.395197942030983621e-11
4.394436902417629929e-11
4.393672749147557431e-11
4.392906272751074336e-11
4.392136298122995387e-11
4.391363593834049543e-11
4.390588204039828080e-11
4.389810228477633358e-11
4.389029700600716654e-11
4.388246097939056257e-11
4.387460173458620163e-11
4.386671363892148027e-11
4.385880076594384018e-11
4.385084659979293984e-11
4.384286082965576681e-11
4.383484707179364064e-11
4.382678962730425001e-11
4.381870833315052747e-11
4.381059371583282373e-11
4.380244835153621624e-11
4.379427743909775671e-11
4.378607421495797835e-11
4.377784606884516985e-11
4.376959055910138974e-11
4.376130521154671425e-11
4.375299789090410172e-11
4.374466379550040212e-11
4.373630330976090332e-11
4.372791442591146352e-11
4.371950345727025320e-11
4.371106758812823851e-11
4.370260809364638515e-11
4.369412330299567852e-11
4.368561210376984019e-11
4.367707991440168850e-11
4.366850442249380562e-11
4.365990318403101657e-11
4.365127382490844169e-11
4.364260581475845548e-11
4.363391573105945977e-11
4.362519268536420488e-11
4.361644300421197339e-11
4.360766706865039041e-11
4.359886287370395694e-11
4.359003371803797695e-11
4.358117953390635829e-11
4.357229706698756666e-11
4.356339422258467769e-11
4.355446666919398212e-11
4.354551145426321732e-11
4.353653304502953574e-11
4.352753267752134541e-11
4.351850996253639686e-11
4.350946173154555012e-11
4.350039239552390474e-11
4.349129904824129299e-11
4.348218817643430724e-11
4.347304969133945035e-11
4.346389045470942312e-11
4.345471240198831813e-11
4.344550962001347508e-11
4.343628946748703373e-11
4.342704776388642614e-11
4.341778770427948636e-11
4.340851118751100928e-11
4.339921420015581249e-11
4.338990192141228406e-11
4.338057452728033439e-11
4.337122928564788966e-11
4.336187035127083527e-11
4.335249182254292848e-11
4.334309926470430481e-11
4.333369319837210849e-11
4.332426992561817603e-11
4.331483408068053023e-11
4.330538026749124856e-11
4.329591444126477925e-11
4.328643525101182482e-11
4.327693943592093407e-11
4.326743156998725080e-11
4.325790518794642131e-11
4.324836591173493618e-11
4.323881262045413152e-11
4.322924211539312770e-11
4.321965942580660461e-11
4.321006314707294826e-11
4.320045563573322803e-11
4.319083713927297494e-11
4.318120612061829881e-11
4.317156472120192486e-11
4.316191353853089265e-11
4.315225094865319140e-11
4.314258007889056300e-11
4.313289762922664610e-11
4.312320514264622785e-11
4.311350333289589688e-11
4.310379195391353846e-11
4.309407164709156159e-11
4.308434096491213573e-11
4.307460240522290929e-11
4.306485386895656274e-11
4.305509673643973047e-11
4.304533121320267075e-11
4.303555478955182380e-11
4.302577134457824701e-11
4.301597643796952335e-11
4.300617397004767712e-11
4.299636325003417232e-11
4.298654401411009879e-11
4.297671852228798640e-11
4.296688491152617011e-11
4.295704518021373621e-11
4.294719801412958485e-11
4.293734514277739799e-11
4.292748529538717541e-11
4.291762011190652003e-11
4.290774822605019484e-11
4.289786978928186531e-11
4.288798621085535041e-11
4.287809637928116571e-11
4.286820096608522493e-11
4.285829966807480137e-11
4.284839331152060891e-11
4.283848175287235402e-11
4.282856501985092700e-11
4.281864493385632496e-11
4.280872758832143853e-11
4.279880762865110667e-11
4.278888534549247271e-11
4.277896600697274234e-11
4.276904482381956646e-11
4.275912146174168470e-11
4.274920262359729751e-11
4.273928230012948137e-11
4.272936146436803881e-11
4.271944436742849483e-11
4.270952743575274838e-11
4.269960990427800000e-11
4.268969566606431325e-11
4.267978156896419456e-11
4.266986775491149730e-11
4.265995698212273248e-11
4.265004563879993080e-11
4.264013606522316082e-11
4.263022765522411697e-11
4.262032020573342269e-11
4.261041465180636924e-11
4.260050976211913186e-11
4.259060572596510487e-11
4.258070495223898862e-11
4.257080502784813470e-11
4.256090572550055231e-11
4.255101054032038535e-11
4.254111565167413470e-11
4.253122115080670431e-11
4.252133067458309987e-11
4.251144181237154173e-11
4.250155467085764292e-11
4.249167073468930374e-11
4.248178884475210307e-11
4.247190961939803189e-11
4.246203276474703426e-11
4.245215763607732505e-11
4.244228606306415196e-11
4.243241611248303233e-11
4.242254754430338748e-11
4.241268332227199315e-11
4.240282036895988261e-11
4.239295928824336671e-11
4.238310099894088569e-11
4.237324485222919568e-11
4.236339091117393599e-11
4.235353896592626762e-11
4.234368839355026836e-11
4.233384091966531575e-11
4.232399463425623216e-11
4.231414955524871295e-11
4.230430737764612615e-11
4.229446624892579114e-11
4.228462734605542670e-11
4.227479020627228356e-11
4.226495381456715600e-11
4.225512051908523018e-11
4.224528791013564440e-11
4.223545658336770040e-11
4.222562771471170322e-11
4.221579976376434776e-11
4.220597374063723260e-11
4.219614912490623091e-11
4.218632521218569207e-11
4.217650422830146269e-11
4.216668397828497745e-11
4.215686483295440962e-11
4.214704764101776012e-11
4.213723141067512182e-11
4.212741711461851677e-11
4.211760455515868037e-11
4.210779363878284437e-11
4.209798817603979974e-11
4.208818468410971421e-11
4.207838364153379428e-11
4.206858751124922209e-11
4.205879310981692714e-11
4.204900169225258279e-11
4.203921474800516194e-11
4.202943033210077279e-11
4.201964829773208524e-11
4.200987013063266121e-11
4.200009507346005578e-11
4.199032197752234943e-11
4.198055289817034690e-11
4.197078619224767598e-11
4.196102147516015528e-11
4.195126107208491831e-11
4.194150266882220976e-11
4.193174667373041854e-11
4.192199415771892469e-11
4.191224367645455595e-11
4.190249585062951358e-11
4.189275106481385500e-11
4.188300875699004631e-11
4.187326662207800491e-11
4.186352486785171650e-11
4.185378074519019943e-11
4.184403545554916950e-11
4.183429162348654138e-11
4.182454370904633146e-11
4.181479519082630645e-11
4.180504811476811106e-11
4.179529608132689770e-11
4.178554440123655606e-11
4.177579402139831461e-11
4.176603851727268064e-11
4.175628296460533537e-11
4.174652842019188317e-11
4.173676962003068164e-11
4.172701033447645223e-11
4.171725181618049532e-11
4.170748944458428103e-11
4.169772660568961476e-11
4.168796383434803616e-11
4.167819776791180147e-11
4.166843125598710814e-11
4.165866422496522786e-11
4.164889467259688091e-11
4.163912439649375880e-11
4.162935172838419855e-11
4.161957395096956109e-11
4.160979047911950972e-11
4.160000358252114305e-11
4.159021187814570549e-11
4.158041375868820904e-11
4.157061287560995276e-11
4.156080757209917605e-11
4.155099538893414006e-11
4.154118013164541534e-11
4.153135972468864394e-11
4.152153322528816069e-11
4.151170335711192122e-11
4.150186796468578355e-11
4.149202749977099479e-11
4.148218324517648398e-11
4.147233327469845099e-11
4.146247904178974078e-11
4.145262063605469968e-11
4.144275646796926549e-11
4.143288874241783113e-11
4.142301662726704013e-11
4.141313854339118854e-11
4.140325756450382568e-11
4.139337174037155461e-11
4.138348022597769377e-11
4.137358518140444675e-11
4.136368220371073158e-11
4.135377369870310552e-11
4.134386084827101196e-11
4.133394021606148307e-11
4.132401472852234430e-11
4.131408486185457251e-11
4.130414783895091298e-11
4.129420554097173060e-11
4.128426007205081967e-11
4.127430731260814389e-11
4.126434931044304049e-11
4.125438843261556329e-11
4.124442019446950615e-11
4.123444701508079276e-11
4.122447084610624924e-11
4.121448751457477515e-11
4.120449988239688602e-11
4.119450859468039535e-11
4.118451112153820311e-11
4.117450928171644606e-11
4.116450317109225899e-11
4.115449173069868195e-11
4.114447641613576569e-11
4.113445605834916341e-11
4.112442907925059133e-11
4.111439740140080401e-11
4.110434910877365810e-11
4.109429434477826352e-11
4.108423183203405753e-11
4.107415661453321641e-11
4.106407365865779818e-11
4.105398149105091792e-11
4.104387989117589101e-11
4.103376855994144305e-11
4.102364921273749327e-11
4.101352219403651889e-11
4.100338318847516591e-11
4.099323863815673086e-11
4.098308595492958578e-11
4.097292117299345909e-11
4.096275156557170755e-11
4.095257308855074154e-11
4.094238460088660484e-11
4.093219027687733128e-11
4.092198649049053033e-11
4.091177526730541295e-11
4.090155647549696433e-11
4.089132874663272230e-11
4.088109521469323266e-11
4.087085218580352337e-11
4.086060099500552179e-11
4.085034439967133617e-11
4.084007174892345258e-11
4.082979150832126440e-11
4.081950454418481780e-11
4.080920239867506749e-11
4.079889208160658657e-11
4.078857504541892375e-11
4.077824702128798070e-11
4.076790819553963482e-11
4.075756242502068683e-11
4.074720675413897242e-11
4.073684192841515554e-11
4.072646913480514790e-11
4.071608688767190277e-11
4.070569674889095745e-11
4.069529770391149999e-11
4.068489007464810086e-11
4.067447536114110212e-11
4.066405086990431366e-11
4.065361881269806080e-11
4.064317981964786113e-11
4.063273100008489511e-11
4.062227525054061841e-11
4.061181219119781768e-11
4.060134064479926741e-11
4.059086170563253971e-11
4.058037521974896990e-11
4.056988162781181361e-11
4.055937909862584648e-11
4.054886926002738372e-11
4.053835295845654903e-11
4.052782774496932268e-11
4.051729591017012655e-11
4.050675767915547835e-11
4.049621115416627067e-11
4.048565903956955664e-11
4.047510117596418779e-11
4.046453559794145386e-11
4.045396481068332939e-11
4.044338883353894540e-11
4.043280562018065466e-11
4.042221704629218200e-11
4.041162369307131823e-11
4.040102311992166602e-11
4.039041772227554835e-11
4.037980755641917437e-11
4.036919037266597478e-11
4.035856861590680370e-11
4.034794217786370602e-11
4.033730905061778978e-11
4.032667151789754447e-11
4.031602959647061257e-11
4.030538098757793494e-11
4.029472716257392793e-11
4.028406888625599527e-11
4.027339922731589931e-11
4.026272425337158085e-11
4.025204346834214704e-11
4.024135446866477448e-11
4.023065847598871275e-11
4.021995622775237326e-11
4.020924853835643456e-11
4.019853228421868970e-11
4.018781086354875988e-11
4.017708456395388029e-11
4.016635140376436568e-11
4.015561244378075107e-11
4.014486824254640532e-11
4.013411925865026651e-11
4.012336268965266720e-11
4.011260213543328699e-11
4.010183712258977892e-11
4.009106430859557411e-11
4.008028778280070191e-11
4.006950599896333215e-11
4.005871868590609165e-11
4.004792676160299849e-11
4.003712896452435135e-11
4.002632739634308224e-11
4.001552010359289451e-11
4.000470776841518210e-11
3.999389278214083508e-11
3.998307205819710296e-11
3.997224859873951674e-11
3.996142227006121282e-11
3.995059024320795361e-11
3.993975647128966423e-11
3.992891947993618290e-11
3.991807789429749590e-11
3.990723346221314580e-11
3.989638700471846529e-11
3.988553728272104010e-11
3.987468316562350073e-11
3.986382819627143650e-11
3.985297044443199913e-11
3.984210885627708179e-11
3.983124523192747325e-11
3.982037951500048150e-11
3.980951068233227643e-11
3.979863917328328486e-11
3.978776615094872164e-11
3.977689017927066510e-11
3.976601117026122200e-11
3.975513097678084051e-11
3.974424842907550828e-11
3.973336255006224423e-11
3.972247502258486783e-11
3.971158628334993258e-11
3.970069454203184463e-11
3.968980127625779588e-11
3.967891056186720979e-11
3.966801778920654345e-11
3.965712550377249945e-11
3.964623272959188874e-11
3.963534103997603997e-11
3.962444888899675365e-11
3.961355627839110907e-11
3.960266427634224761e-11
3.959177352460445040e-11
3.958088277453136064e-11
3.956999189157169900e-11
3.955910405371202636e-11
3.954821544487867025e-11
3.953732786980049403e-11
3.952644094904630629e-11
3.951555516004752796e-11
3.950467010918681368e-11
3.949378454188277928e-11
3.948290203248969360e-11
3.947201900168330880e-11
3.946113670218730356e-11
3.945025576871115255e-11
3.943937515015299402e-11
3.942849588692682474e-11
3.941761640186115492e-11
3.940673919227284799e-11
3.939586221591155920e-11
3.938498517112864309e-11
3.937410991092931092e-11
3.936323460158511061e-11
3.935235997090813919e-11
3.934148577705835393e-11
3.933061276852392276e-11
3.931973995369795597e-11
3.930886669830525517e-11
3.929799572056125990e-11
3.928712465260978086e-11
3.927625398232881927e-11
3.926538441038862126e-11
3.925451585794507732e-11
3.924364771644141726e-11
3.923277980210912826e-11
3.922191421927500265e-11
3.921104819587414951e-11
3.920018228427364502e-11
3.918931910739083328e-11
3.917845542528334494e-11
3.916759217995478194e-11
3.915673073723200694e-11
3.914586931397898913e-11
3.913500861581181678e-11
3.912414897707000461e-11
3.911328997368906537e-11
3.910243159717661359e-11
3.909157361312344788e-11
3.908071754994221177e-11
3.906986257156698999e-11
3.905901003202695585e-11
3.904816142480015622e-11
3.903731453894655753e-11
3.902646892970147124e-11
3.901562806007721779e-11
3.900478850619402151e-11
3.899395189540566051e-11
3.898311659410969215e-11
3.897228600493080126e-11
3.896145655985987930e-11
3.895062882588443917e-11
3.893980482595392958e-11
3.892898282798316711e-11
3.891816272487639930e-11
3.890734449282115782e-11
3.889653049607885365e-11
3.888571726451997512e-11
3.887490681964641133e-11
3.886409834785366445e-11
3.885329273809204634e-11
3.884248908206210122e-11
3.883168680179895090e-11
3.882088814988429037e-11
3.881009093636778120e-11
3.879929611794584035e-11
3.878850283435408167e-11
3.877771286474770984e-11
3.876692456112100629e-11
3.875613818866806895e-11
3.874535595697788693e-11
3.873457739066974928e-11
3.872380147618202927e-11
3.871302776568602568e-11
3.870225905124719104e-11
3.869149265670186728e-11
3.868072833504703463e-11
3.866996779315609644e-11
3.865921079278380122e-11
3.864845628955948885e-11
3.863770509747368556e-11
3.862695680131618754e-11
3.861621213780161671e-11
3.860546938640120076e-11
3.859473041206255162e-11
3.858399398416151010e-11
3.857326070259358035e-11
3.856253004654861363e-11
3.855180175568184544e-11
3.854107750113594048e-11
3.853035456981018191e-11
3.851963568838827078e-11
3.850891871367626570e-11
3.849820480281023024e-11
3.848749359257171300e-11
3.847678446501887534e-11
3.846607877615924810e-11
3.845537494677061861e-11
3.844467402590411276e-11
3.843397447115396984e-11
3.842327588434299843e-11
3.841257947693925708e-11
3.840188362622117911e-11
3.839118989022824528e-11
3.838049666184847852e-11
3.836980497377552105e-11
3.835911382487267104e-11
3.834842532446083024e-11
3.833773626704969536e-11
3.832704878126103835e-11
3.831636180057644467e-11
3.830567671868838507e-11
3.829499155399955263e-11
3.828430664980023483e-11
3.827362445230820629e-11
3.826294184486546617e-11
3.825225983331330604e-11
3.824157888572220234e-11
3.823089966563232498e-11
3.822021966776519715e-11
3.820954053356424222e-11
3.819886327388896571e-11
3.818818637103873241e-11
3.817750887627873229e-11
3.816683360517322320e-11
3.815615871909616532e-11
3.814548382245187510e-11
3.813481000914190920e-11
3.812413711737662867e-11
3.811346562574550083e-11
3.810279441839223204e-11
3.809212590742027905e-11
3.808145834991184977e-11
3.807079181547073539e-11
3.806012683967227151e-11
3.804946347969530506e-11
3.803880181042725631e-11
3.802813992506172343e-11
