2.855159932262667481e-08
3.080958101870071206e-08
3.299378952385193320e-08
3.510569412427029999e-08
3.714724779262121603e-08
3.911998519298138324e-08
4.102583992973551495e-08
4.286645585443813043e-08
4.464353300388725849e-08
4.635869438865003670e-08
4.801359214428779892e-08
4.960977636165499092e-08
5.114875684007213498e-08
5.263200229410824740e-08
5.406096068935123665e-08
5.543704084994585539e-08
5.676152470834372586e-08
5.803581092265499992e-08
5.926107172171015101e-08
6.043862613750625265e-08
6.156967056905499360e-08
6.265532072996917930e-08
6.369672327402172849e-08
6.469498981875334718e-08
6.565117724730618820e-08
6.656631309410299055e-08
6.744138396441032734e-08
6.827742240100967537e-08
6.907534972598899785e-08
6.983601540240851080e-08
7.056031548389844384e-08
7.124922363473715543e-08
7.190340623808774884e-08
7.252386354356540846e-08
7.311123749116692861e-08
7.366645804109074594e-08
7.419014988205793412e-08
7.468319225930055778e-08
7.514622655740689478e-08
7.557999588868661387e-08
7.598526094057915209e-08
7.636264746296615658e-08
7.671279586460854104e-08
7.703649731749589280e-08
7.733430430460064512e-08
7.760688515020106476e-08
7.785480762401353250e-08
7.807873716288764465e-08
7.827929995208681243e-08
7.845702359823621265e-08
7.861255599615200342e-08
7.874639169286249338e-08
7.885909344884464948e-08
7.895127560287707168e-08
7.902341750021742080e-08
7.907606822179234262e-08
7.910978610225374089e-08
7.912499988010671036e-08
7.912228311230377687e-08
7.910216825092285965e-08
7.906504021938545063e-08
7.901141573926953971e-08
7.894185965561073847e-08
7.885671714682577147e-08
7.875648753221355186e-08
7.864169957485029534e-08
7.851273895449065602e-08
7.836999615534939447e-08
7.821392874899513543e-08
7.804501682568660544e-08
7.786360337690806628e-08
7.767018321570004569e-08
7.746522668429777299e-08
7.724897313873262839e-08
7.702184951166042405e-08
7.678435432598684508e-08
7.653688420705692119e-08
7.627972984558034044e-08
7.601320527331694814e-08
7.573785323992230310e-08
7.545401576503065203e-08
7.516194137698137623e-08
7.486197628371587397e-08
7.455463335555825302e-08
7.424021130404920585e-08
7.391886658502105830e-08
7.359104153108705413e-08
7.325720376181377040e-08
7.291753395692114363e-08
7.257226956483233307e-08
7.222183232250532884e-08
7.186646100124878579e-08
7.150658389123781246e-08
7.114242048843533286e-08
7.077406420026331436e-08
7.040198705145783705e-08
7.002648235512140463e-08
6.964777639032641148e-08
6.926610288965549204e-08
6.888162426126232988e-08
6.849471740976122569e-08
6.810567061052208686e-08
6.771464681660508279e-08
6.732187013673724717e-08
6.692749090092050015e-08
6.653186454429921560e-08
6.613518714154003233e-08
6.573766250764678453e-08
6.533945794535076506e-08
6.494069823454676026e-08
6.454172999989178803e-08
6.414269516041150926e-08
6.374380333510961169e-08
6.334517384960466633e-08
6.294693288085470081e-08
6.254930394174559104e-08
6.215250878181154540e-08
6.175668082934654755e-08
6.136193593841490448e-08
6.096839989084925871e-08
6.057619525312063428e-08
6.018552430115207000e-08
5.979656566816875816e-08
5.940940392803651346e-08
5.902410041364115979e-08
5.864078311851065187e-08
5.825955194650635191e-08
5.788059181826898481e-08
5.750401666770415604e-08
5.712996303438761942e-08
5.675834270254917160e-08
5.638934653282315784e-08
5.602300195601648950e-08
5.565951240910978660e-08
5.529891987969866207e-08
5.494138503238980113e-08
5.458677755672216805e-08
5.423522897794724489e-08
5.388678451609873187e-08
5.354151011098349768e-08
5.319959011497051651e-08
5.286096867395171287e-08
5.252586825515116651e-08
5.219403142984096160e-08
5.186561214177225676e-08
5.154060944823935616e-08
5.121912562375901336e-08
5.090128237040096736e-08
5.058696573495972874e-08
5.027642452159886800e-08
4.996934837809313480e-08
4.966589664018647859e-08
4.936609061432527852e-08
4.906987951937216790e-08
4.877749855340497970e-08
4.848873008049671561e-08
4.820374831351050991e-08
4.792247152396499100e-08
4.764472068546043738e-08
4.737077141603467554e-08
4.710038999214258834e-08
4.683378478514802363e-08
4.657091679859755882e-08
4.631162997677265514e-08
4.605610437665085435e-08
4.580413234654152749e-08
4.555569808047105898e-08
4.531094730585417487e-08
4.506968543040789539e-08
4.483207075376732388e-08
4.459806312068463588e-08
4.436745762162038673e-08
4.414040209335999721e-08
4.391679079271719907e-08
4.369646645057533087e-08
4.347964231599153837e-08
4.326611526856379207e-08
4.305589030684866668e-08
4.284916573195970813e-08
4.264555075614640366e-08
4.244513284064918050e-08
4.224798897526100185e-08
4.205384394716271057e-08
4.186278656838162710e-08
4.167487035839655338e-08
4.148987935889729698e-08
4.130792673602859588e-08
4.112902037186992046e-08
4.095284199548465142e-08
4.077950200499023368e-08
4.060901381066485053e-08
4.044113454659609255e-08
4.027594759004897022e-08
4.011349467201994788e-08
3.995356616894118679e-08
3.979620364285405687e-08
3.964151480852478714e-08
3.948912991440450051e-08
3.933906683512772740e-08
3.919145935837813857e-08
3.904605035884561441e-08
3.890281780970343656e-08
3.876184548548302855e-08
3.862303936565163986e-08
3.848627160859441835e-08
3.835162532115355556e-08
3.821903487683133198e-08
3.808822502134896805e-08
3.795928036747076442e-08
3.783220431884094576e-08
3.770680103503526878e-08
3.758308895644956116e-08
3.746112860245461384e-08
3.734077843768949744e-08
3.722194740396075302e-08
3.710468540886106580e-08
3.698896700829511338e-08
3.687453749106625826e-08
3.676140916665773802e-08
3.664966248491611063e-08
3.653910766217842057e-08
3.642971500111143406e-08
3.632151029853426937e-08
3.621447041336046272e-08
3.610842805722841681e-08
3.600338883745162103e-08
3.589940474115707714e-08
3.579629678160018158e-08
3.569398056004219907e-08
3.559248459480775186e-08
3.549179434577616522e-08
3.539177458059536968e-08
3.529242306474253499e-08
3.519375774154883338e-08
3.509570977447835686e-08
3.499816630991504196e-08
3.490113147165959102e-08
3.480462013295335291e-08
3.470852093946980747e-08
3.461275092498330492e-08
3.451732260969392572e-08
3.442223537709478755e-08
3.432739022189375912e-08
3.423276691093200544e-08
3.413836162812285753e-08
3.404415366153629475e-08
3.395005085757280221e-08
3.385603149350523988e-08
3.376208449947778795e-08
3.366818732511625001e-08
3.357426003350680052e-08
3.348028583246684018e-08
3.338624976284075281e-08
3.329213110007734969e-08
3.319788626758821052e-08
3.310350553254920906e-08
3.300896762184017965e-08
3.291425050818365670e-08
3.281930856718850461e-08
3.272412523991079217e-08
3.262867708908027146e-08
3.253294816372831303e-08
3.243691382258481356e-08
3.234055424476022365e-08
3.224384670842840450e-08
3.214678556029729043e-08
3.204935557059084287e-08
3.195154873497570488e-08
3.185335000535891919e-08
3.175473445589605839e-08
3.165570118887152869e-08
3.155623021137757690e-08
3.145630703133465625e-08
3.135592328609463402e-08
3.125505943746009168e-08
3.115372992997463700e-08
3.105192664505870393e-08
3.094962703488922034e-08
3.084682156447472442e-08
3.074354257185759865e-08
3.063978192837310568e-08
3.053552399204267809e-08
3.043074593093778547e-08
3.032547192216659922e-08
3.021970918648286482e-08
3.011344673602545756e-08
3.000667229260407728e-08
2.989937044086949277e-08
2.979160265606048393e-08
2.968335880171126834e-08
2.957462254190113062e-08
2.946537885011395105e-08
2.935566674698595611e-08
2.924551953715118269e-08
2.913492832083804064e-08
2.902388088603523492e-08
2.891238038857557686e-08
2.880045445681392337e-08
2.868812812355644750e-08
2.857538576723711964e-08
2.846222474924867023e-08
2.834865160098350060e-08
2.823473525513637158e-08
2.812047220881369014e-08
2.800585396862985610e-08
2.789087607162971664e-08
2.777557833322183949e-08
2.766001114632645808e-08
2.754416899429380302e-08
2.742805712415379217e-08
2.731165930192612536e-08
2.719502023888189549e-08
2.707818677625202776e-08
2.696114085307497287e-08
2.684390345196374185e-08
2.672645936338372995e-08
2.660885865754923310e-08
2.649116166681146808e-08
2.637334129084797304e-08
2.625542734680762440e-08
2.613740761060001708e-08
2.601932758459911605e-08
2.590124871106424511e-08
2.578314167790146346e-08
2.566504339491327843e-08
2.554694175707281529e-08
2.542887376738305587e-08
2.531088695218977571e-08
2.519296127638822395e-08
2.507513317600022205e-08
2.495740155434895950e-08
2.483980065201870076e-08
2.472237506224139880e-08
2.460512166737086320e-08
2.448807464345899200e-08
2.437121872254670239e-08
2.425462045096298059e-08
2.413826631039550765e-08
2.402220369063832921e-08
2.390643511365660023e-08
2.379096251042055406e-08
2.367582776209045918e-08
2.356103753583393601e-08
2.344662882347730045e-08
2.333257387309946714e-08
2.321892497700621886e-08
2.310570114909839805e-08
2.299290646662032857e-08
2.288057539988296240e-08
2.276870614421699346e-08
2.265734997977129619e-08
2.254647722267214256e-08
2.243616277772691675e-08
2.232636457870394525e-08
2.221713927834992001e-08
2.210845973345623421e-08
2.200036972623138171e-08
2.189291050392486529e-08
2.178605805222883499e-08
2.167980651925281646e-08
2.157418981018401884e-08
2.146922324419883453e-08
2.136491368460539160e-08
2.126130794089110926e-08
2.115838626839505899e-08
2.105618023949742554e-08
2.095463831651389021e-08
2.085387547971010430e-08
2.075383885371834312e-08
2.065461149502696260e-08
2.055609014020010709e-08
2.045834294493314776e-08
2.036133429008132211e-08
2.026512311618949723e-08
2.016975686481261840e-08
2.007520297035080741e-08
1.998139668007717738e-08
1.988841032195793212e-08
1.979622242981463211e-08
1.970485231675758501e-08
1.961438591428609912e-08
1.952476019361278341e-08
1.943592489831165192e-08
1.934795387113914810e-08
1.926082947766492220e-08
1.917455765454153929e-08
1.908923865935207808e-08
1.900478756509531302e-08
1.892113678682482114e-08
1.883835894031877484e-08
1.875643625761377428e-08
1.867537395369258659e-08
1.859527028227009880e-08
1.851604781149667614e-08
1.843763569379943501e-08
1.836009375627575932e-08
1.828338578313467030e-08
1.820757155180281523e-08
1.813267115421953553e-08
1.805870131690496000e-08
1.798554369241210500e-08
1.791324577542037303e-08
1.784176553266734588e-08
1.777123043285709105e-08
1.770154730716816016e-08
1.763279520371989147e-08
1.756487541561264903e-08
1.749776673190037814e-08
1.743146705170201001e-08
1.736600941884503168e-08
1.730139447770748801e-08
1.723767252538636662e-08
1.717479014634326451e-08
1.711265087707707028e-08
1.705132105377707432e-08
1.699076381365013502e-08
1.693103220605749810e-08
1.687212660629488198e-08
1.681407146642772556e-08
1.675676540391743516e-08
1.670020604385690115e-08
1.664437726951617710e-08
1.658933650861659180e-08
1.653506132404729533e-08
1.648160882901608239e-08
1.642890831821842134e-08
1.637686367423687706e-08
1.632550756034196566e-08
1.627481423527682004e-08
1.622486164521345431e-08
1.617559647437844198e-08
1.612705239241897529e-08
1.607918230680562663e-08
1.603190113446698903e-08
1.598525539289704894e-08
1.593923561184422414e-08
1.589384464800578420e-08
1.584912975522158689e-08
1.580506811560487321e-08
1.576157570238925283e-08
1.571863457665738596e-08
1.567625989887041805e-08
1.563445596281930284e-08
1.559320192464532943e-08
1.555258834363726453e-08
1.551253405070272885e-08
1.547295645385715229e-08
1.543384233234815396e-08
1.539519697595585787e-08
1.535703591267769730e-08
1.531933175138164517e-08
1.528216509209829977e-08
1.524546059237820541e-08
1.520916158195130546e-08
1.517325064066766654e-08
1.513774643204604716e-08
1.510264888833213626e-08
1.506793579087848984e-08
1.503368104218818825e-08
1.499981657931966388e-08
1.496629056959707565e-08
1.493308333736725273e-08
1.490020543942870082e-08
1.486765173250944480e-08
1.483542511361701086e-08
1.480354456767379010e-08
1.477199666684863472e-08
1.474072264659830696e-08
1.470966932520624417e-08
1.467885461401375174e-08
1.464827421624210617e-08
1.461794065491448256e-08
1.458784822155802174e-08
1.455798609902909603e-08
1.452834917273261805e-08
1.449888156896069103e-08
1.446955786597523366e-08
1.444041339739244218e-08
1.441143526843176424e-08
1.438261456712453213e-08
1.435399136267609000e-08
1.432550928496874137e-08
1.429713486568689108e-08
1.426885774983593244e-08
1.424067764459629433e-08
1.421259217245312568e-08
1.418460613381052724e-08
1.415671770841662393e-08
1.412891750938158356e-08
1.410119229652533694e-08
1.407350258564045336e-08
1.404582149828881794e-08
1.401818133434207411e-08
1.399056111764914913e-08
1.396296431800318160e-08
1.393539828425634911e-08
1.390785186614133227e-08
1.388029333337285004e-08
1.385271534103090324e-08
1.382510560071155595e-08
1.379747989771863936e-08
1.376981782569825174e-08
1.374213337166253367e-08
1.371442568169185562e-08
1.368667779118611621e-08
1.365886421298953791e-08
1.363098800560905308e-08
1.360303602216508306e-08
1.357501698727177777e-08
1.354691745879703418e-08
1.351874930135870005e-08
1.349050491443097395e-08
1.346217798315010977e-08
1.343374984634493394e-08
1.340521735379923615e-08
1.337657642576464311e-08
1.334782782836582101e-08
1.331896438515431352e-08
1.328999433514558080e-08
1.326091078656939111e-08
1.323171442671952917e-08
1.320239274911094958e-08
1.317294990370774493e-08
1.314337506571821859e-08
1.311367642983995189e-08
1.308383922183840190e-08
1.305387862197845851e-08
1.302377775916744171e-08
1.299355305063745455e-08
1.296318165723279201e-08
1.293268543571372614e-08
1.290204105448351679e-08
1.287127021827921421e-08
1.284034308054212591e-08
1.280928840463746075e-08
1.277807366479546511e-08
1.274672626588938966e-08
1.271523166586918734e-08
1.268361013412258769e-08
1.265185192742074664e-08
1.261995950923099170e-08
1.258791793886773162e-08
1.255574716152496656e-08
1.252342284894907762e-08
1.249097210854990609e-08
1.245837685826296354e-08
1.242566241354071152e-08
1.239283415002027231e-08
1.235987409396596466e-08
1.232678898411827522e-08
1.229357824932033828e-08
1.226024893198662450e-08
1.222677130346911355e-08
1.219319160546540756e-08
1.215949144250192725e-08
1.212569486103445043e-08
1.209180474589204057e-08
1.205780718707714019e-08
1.202370029685591570e-08
1.198950014815036506e-08
1.195518845710534071e-08
1.192078225059733913e-08
1.188628133160905443e-08
1.185170525652395234e-08
1.181706104045302016e-08
1.178234380703316069e-08
1.174755447499336292e-08
1.171268948924389489e-08
1.167776300917339260e-08
1.164275343538479267e-08
1.160769271066938592e-08
1.157256437433055792e-08
1.153739860485766349e-08
1.150221181604002375e-08
1.146698298491712643e-08
1.143171622712166568e-08
1.139642306631822866e-08
1.136109501554099205e-08
1.132572622066581427e-08
1.129034516778034043e-08
1.125494019914884901e-08
1.121953321739050521e-08
1.118414616909862810e-08
1.114875732625117380e-08
1.111337024614838871e-08
1.107800108205769351e-08
1.104263399983974284e-08
1.100727626077986252e-08
1.097194473453408365e-08
1.093663077574747177e-08
1.090135501615700803e-08
1.086613641720790111e-08
1.083096468934583249e-08
1.079582995816349915e-08
1.076075694359918939e-08
1.072572954130683324e-08
1.069075808638881107e-08
1.065585164194006903e-08
1.062100285375954716e-08
1.058623561067359315e-08
1.055155620337280407e-08
1.051697713032386731e-08
1.048246758197217525e-08
1.044805676510165715e-08
1.041374615897386653e-08
1.037952651590987336e-08
1.034540015565517940e-08
1.031138615183977408e-08
1.027749324287310205e-08
1.024370334631480897e-08
1.021006110481299148e-08
1.017652090214082967e-08
1.014311446851563183e-08
1.010985140471695094e-08
1.007670163867633403e-08
1.004370073627378166e-08
1.001084229572474724e-08
9.978126962659014945e-09
9.945549898133715741e-09
9.913133545252085406e-09
9.880888305167298090e-09
9.848779838086826878e-09
9.816844074629202065e-09
9.785076182839104954e-09
9.753468102542349581e-09
9.722024840588406604e-09
9.690766523461091015e-09
9.659692603158635251e-09
9.628774054431302165e-09
9.598052411274868278e-09
9.567513006575345031e-09
9.537144107874522107e-09
9.506996088440906100e-09
9.477012479309845595e-09
9.447248720471975722e-09
9.417672899829412509e-09
9.388284945441455719e-09
9.359112408558861678e-09
9.330114105855980289e-09
9.301329734097676163e-09
9.272726642484381977e-09
9.244324296729039077e-09
9.216152314450377297e-09
9.188156472176409833e-09
9.160406771370491134e-09
9.132856364345053359e-09
9.105507285481900666e-09
9.078377717537502767e-09
9.051440274217937548e-09
9.024722099717528246e-09
8.998199337563655895e-09
8.971882985667653248e-09
8.945813026543121851e-09
8.919926613054749282e-09
8.894298021137205068e-09
8.868874981182353828e-09
8.843661194889516888e-09
8.818679111409607950e-09
8.793886928225120928e-09
8.769309252824857313e-09
8.744940944758146624e-09
8.720778199407002071e-09
8.696863631736563882e-09
8.673143277021288521e-09
8.649665601382816666e-09
8.626400342181250640e-09
8.603353621840310670e-09
8.580528763959880889e-09
8.557878675169262882e-09
8.535434224188409948e-09
8.513198044509306747e-09
8.491150057053293398e-09
8.469321249015039913e-09
8.447695874759317764e-09
8.426258030649101374e-09
8.405058460644763395e-09
8.384066014211021185e-09
8.363284243589933211e-09
8.342666323360217591e-09
8.322239034901974486e-09
8.302008830851126990e-09
8.281954295508183920e-09
8.262084996644267647e-09
8.242430289580034086e-09
8.222946820230293206e-09
8.203693759024089861e-09
8.184620375785046852e-09
8.165732109533305296e-09
8.147034888584116401e-09
8.128487601062983315e-09
8.110110510838494607e-09
8.091908104707227863e-09
8.073870136585286927e-09
8.056007859957100095e-09
8.038321825066425263e-09
8.020790109351666014e-09
8.003472579436684406e-09
7.986316952929665738e-09
7.969331674288662248e-09
7.952485942679583162e-09
7.935776684686344784e-09
7.919195767367396462e-09
7.902768726733314792e-09
7.886474757247961902e-09
7.870340424776520684e-09
7.854339870240504449e-09
7.838470210012526438e-09
7.822775435168815755e-09
7.807217661356171476e-09
7.791804335584563879e-09
7.776496054464564834e-09
7.761306354643024363e-09
7.746219469082667942e-09
7.731256311676136279e-09
7.716404803112883541e-09
7.701685137413472365e-09
7.687073758867160235e-09
7.672569364218987719e-09
7.658211375698528168e-09
7.643962188529843806e-09
7.629833911567111199e-09
7.615783109385823708e-09
7.601822088965885808e-09
7.587936636181334438e-09
7.574148720913359220e-09
7.560444971452988669e-09
7.546835144344264306e-09
7.533310439525841264e-09
7.519867366972454516e-09
7.506538214497058907e-09
7.493292589856767514e-09
7.480131950314384569e-09
7.467028229344763958e-09
7.453981415058863553e-09
7.440990433813729468e-09
7.428056883576155575e-09
7.415186117978038879e-09
7.402367155861478201e-09
7.389611341066630226e-09
7.376913208344397948e-09
7.364283255342310346e-09
7.351711376246498797e-09
7.339193748512511009e-09
7.326719516411575978e-09
7.314281263387634162e-09
7.301878369409401723e-09
7.289503613766414571e-09
7.277169793381581451e-09
7.264864780418633904e-09
7.252599814232809897e-09
7.240366855640079844e-09
7.228163932136903569e-09
7.216007434401513354e-09
7.203884159909653335e-09
7.191798098405540853e-09
7.179714640691864416e-09
7.167646685639271001e-09
7.155593505786986976e-09
7.143544898151573761e-09
7.131518467689051556e-09
7.119494279955274168e-09
7.107488694715503540e-09
7.095496962698970662e-09
7.083512141463403371e-09
7.071545336336863301e-09
7.059591372945999742e-09
7.047641701555972639e-09
7.035686009751319667e-09
7.023726051929086191e-09
7.011759906730500389e-09
6.999786475275328714e-09
6.987811100477004065e-09
6.975821318701932447e-09
6.963835151202598104e-09
6.951841987388183242e-09
6.939837245913665577e-09
6.927834330550955751e-09
6.915827983024357390e-09
6.903804423153279006e-09
6.891766772901791318e-09
6.879714374904025299e-09
6.867647382578066651e-09
6.855559047109546761e-09
6.843458034235177532e-09
6.831331872140643006e-09
6.819199911936462485e-09
6.807047799068436331e-09
6.794871807587000959e-09
6.782685248394846933e-09
6.770488049866262735e-09
6.758262651924928078e-09
6.746014807692784073e-09
6.733743661927612194e-09
6.721454840882690883e-09
6.709133524519512970e-09
6.696791759319715057e-09
6.684421840177191485e-09
6.672030273261054853e-09
6.659614039044149093e-09
6.647172498673002411e-09
6.634703332870063193e-09
6.622217990815142498e-09
6.609704937104729425e-09
6.597163111009060252e-09
6.584598374150552190e-09
6.572014257634104927e-09
6.559397806018519437e-09
6.546760161868266133e-09
6.534096434866181562e-09
6.521399362808390555e-09
6.508687738403335091e-09
6.495950533143834101e-09
6.483175101564079043e-09
6.470383195549518425e-09
6.457574365199406331e-09
6.444734836878561153e-09
6.431876107038416471e-09
6.418996167923501585e-09
6.406106812484924567e-09
6.393187274361679905e-09
6.380248890025304266e-09
6.367288980020786891e-09
6.354312992125799614e-09
6.341313559885571176e-09
6.328297736596582346e-09
6.315254469581384925e-09
6.302200032849961818e-09
6.289124053379423170e-09
6.276037368399563755e-09
6.262933954077849894e-09
6.249825252826665838e-09
6.236707606628254625e-09
6.223574317845582098e-09
6.210429584031386123e-09
6.197271949621751652e-09
6.184111874488097456e-09
6.170932198485011458e-09
6.157745124233073557e-09
6.144544701175755567e-09
6.131343801688921675e-09
6.118124125049555599e-09
6.104913769310295364e-09
6.091696107933561181e-09
6.078484026342408177e-09
6.065275748553639396e-09
6.052063233050952293e-09
6.038850547147640390e-09
6.025639906387419059e-09
6.012436880367838254e-09
5.999227183111802617e-09
5.986023997387563455e-09
5.972818550500694918e-09
5.959625657515843162e-09
5.946425020552832363e-09
5.933250261507230899e-09
5.920077035338384098e-09
5.906922048861937141e-09
5.893788159447303398e-09
5.880660280458546171e-09
5.867545696982852039e-09
5.854448848621561234e-09
5.841370029850875043e-09
5.828298999157425884e-09
5.815250481270034316e-09
5.802212329797022082e-09
5.789194743190104713e-09
5.776189365866447342e-09
5.763218399886536654e-09
5.750263242496866922e-09
5.737334542909507341e-09
5.724441249521689138e-09
5.711573446156135347e-09
5.698725436474063830e-09
5.685908316460415396e-09
5.673124633605535633e-09
5.660369456356032042e-09
5.647634657348483655e-09
5.634938791223315929e-09
5.622264644619988980e-09
5.609627566247426004e-09
5.597022024957365868e-09
5.584456065701180444e-09
5.571920760172814161e-09
5.559424718789975957e-09
5.546978253278543250e-09
5.534557957097886426e-09
5.522177742003725418e-09
5.509842988781459511e-09
5.497547746084722148e-09
5.485288342519394693e-09
5.473072423185302169e-09
5.460899320432167855e-09
5.448768913195965632e-09
5.436673637479754057e-09
5.424635255714636954e-09
5.412632833755283498e-09
5.400679811525935840e-09
5.388772737225768573e-09
5.376922207661081264e-09
5.365106491603395084e-09
5.353341089030893950e-09
5.341636979680428243e-09
5.329975122401889730e-09
5.318356725940223132e-09
5.306801549659328554e-09
5.295289333615046803e-09
5.283833009224794361e-09
5.272418966806827278e-09
5.261069654171509675e-09
5.249760677878098100e-09
5.238506877394204153e-09
5.227302767841876338e-09
5.216159294364232879e-09
5.205058058947069656e-09
5.194011087742146445e-09
5.183031652228061591e-09
5.172096063198277896e-09
5.161214576075229761e-09
5.150396196729082544e-09
5.139629409770363104e-09
5.128923729723582685e-09
5.118263614436353484e-09
5.107670125770502653e-09
5.097121895985242562e-09
5.086629532676099697e-09
5.076185958711975374e-09
5.065809643728528557e-09
5.055476035054687617e-09
5.045200146305058605e-09
5.034988742360646054e-09
5.024829484638045604e-09
5.014727009839189708e-09
5.004673532051408389e-09
4.994696916355558088e-09
4.984771663092627610e-09
4.974893961895585117e-09
4.965086262748861953e-09
4.955326638676698390e-09
4.945614746676551781e-09
4.935955494096101151e-09
4.926360594012998786e-09
4.916813664377451662e-09
4.907320364673467805e-09
4.897879187869434160e-09
4.888507791052041789e-09
4.879182838541916259e-09
4.869904203995773704e-09
4.860708106288045940e-09
4.851552039141108437e-09
4.842458214443726678e-09
4.833419054794379932e-09
4.824433421366770783e-09
4.815489417934778770e-09
4.806597442869558716e-09
4.797747268981910590e-09
4.788952755061809066e-09
4.780200814699412188e-09
4.771500615750389987e-09
4.762853109262295046e-09
4.754255380755654900e-09
4.745708797822024941e-09
4.737199592453416634e-09
4.728766945815954878e-09
4.720372566228362855e-09
4.712025150769037277e-09
4.703736405537014488e-09
4.695485461252673144e-09
4.687273988398892535e-09
4.679108815339339866e-09
4.670978898441055708e-09
4.662898045278393399e-09
4.654860646270726097e-09
4.646859753288276346e-09
4.638909816842353904e-09
4.631003704045820379e-09
4.623142419067722625e-09
4.615314134841988417e-09
4.607552724884778618e-09
4.599827730445188447e-09
4.592140432853497122e-09
4.584506981984645046e-09
4.576901687040823051e-09
4.569328732259760971e-09
4.561796665277860759e-09
4.554293613886781646e-09
4.546826726120518600e-09
4.539401043469212798e-09
4.532004692470941177e-09
4.524646810120682901e-09
4.517329717107583227e-09
4.510047963368969906e-09
4.502792331319120802e-09
4.495593244127317488e-09
4.488422136451750979e-09
4.481287072467753478e-09
4.474193737851793697e-09
4.467119523151024715e-09
4.460072028620642446e-09
4.453052559175831433e-09
4.446056009329991210e-09
4.439085159143996040e-09
4.432140877196061366e-09
4.425223741658821652e-09
4.418326875677959525e-09
4.411466769051435753e-09
4.404626933618586884e-09
4.397811610434668597e-09
4.391031759836357481e-09
4.384273010593775645e-09
4.377549805364272873e-09
4.370849422272485543e-09
4.364169204265014778e-09
4.357507031083209953e-09
4.350860659607848200e-09
4.344236416166737983e-09
4.337626401153878628e-09
4.331036232951147497e-09
4.324467866648653224e-09
4.317911684056114534e-09
4.311373815342260359e-09
4.304862693328934350e-09
4.298367904054941590e-09
4.291886084194978715e-09
4.285432413634564961e-09
4.278994590998909823e-09
4.272577385713629372e-09
4.266183050006668302e-09
4.259792665971403287e-09
4.253415142584850329e-09
4.247048929456384471e-09
4.240696825660880364e-09
4.234352283148762456e-09
4.228019968504028266e-09
4.221700512391322083e-09
4.215388028333552809e-09
4.209088623237501832e-09
4.202805275935780359e-09
4.196531404709182050e-09
4.190265512495842862e-09
4.184016202310321883e-09
4.177778744601079860e-09
4.171554937506755848e-09
4.165343009132457501e-09
4.159130233282647111e-09
4.152924570084961846e-09
4.146724405921406829e-09
4.140532633105259079e-09
4.134341888445283389e-09
4.128157682745303209e-09
4.121979457549216399e-09
4.115804036182401000e-09
4.109632741277941736e-09
4.103473628737543234e-09
4.097316090868687943e-09
4.091163376970635805e-09
4.085016112858435790e-09
4.078875179075541206e-09
4.072744617602412491e-09
4.066618543303054065e-09
4.060490513333898006e-09
4.054365344742244085e-09
4.048242509111078922e-09
4.042124824373648484e-09
4.036006705786107071e-09
4.029890304663343325e-09
4.023776900379448612e-09
4.017665497165798865e-09
4.011551535750332412e-09
4.005447966786715490e-09
3.999343228276165200e-09
3.993240632569618240e-09
3.987139167588716991e-09
3.981039967462224157e-09
3.974947323465821692e-09
3.968857222900980627e-09
3.962765290617394647e-09
3.956674937572380650e-09
3.950582981522288459e-09
3.944493964705025404e-09
3.938408118730454104e-09
3.932319786944067686e-09
3.926232755641823050e-09
3.920145677198697580e-09
3.914059520329001946e-09
3.907972411299454712e-09
3.901892248067106744e-09
3.895806868317667587e-09
3.889725563017939968e-09
3.883641350616245480e-09
3.877559354712097429e-09
3.871484522409910300e-09
3.865405394337685224e-09
3.859328623482666337e-09
3.853251633284755025e-09
3.847175986276193840e-09
3.841102075556819257e-09
3.835031715903158837e-09
3.828961012029772733e-09
3.822890217394678822e-09
3.816820884936975219e-09
3.810752815226630661e-09
3.804685846304257051e-09
3.798624210631529854e-09
3.792559047533720977e-09
3.786498597442729852e-09
3.780436711619595498e-09
3.774376356069273573e-09
3.768324105486718921e-09
3.762266834802905339e-09
3.756217496407185378e-09
3.750167819517105911e-09
3.744122296277746388e-09
3.738080056942014851e-09
3.732044231822147670e-09
3.726011188972105838e-09
3.719978327104927429e-09
3.713949921913040493e-09
3.707926180234421308e-09
3.701905592564139637e-09
3.695891606928430728e-09
3.689876088130330936e-09
3.683868790361000443e-09
3.677862711798084508e-09
3.671859615510766467e-09
3.665866321612342956e-09
3.659870800468105587e-09
3.653886384022634004e-09
3.647905576953625974e-09
3.641930156561269930e-09
3.635961296493589165e-09
3.630001430170552273e-09
3.624049940065364074e-09
3.618100144186449123e-09
3.612157576881813680e-09
3.606222479589691395e-09
3.600296566022107344e-09
3.594377093707802574e-09
3.588462707630114836e-09
3.582554515646597730e-09
3.576657304992891853e-09
3.570764346543984728e-09
3.564879794116527901e-09
3.559000566007269979e-09
3.553130899931240187e-09
3.547275644874506893e-09
3.541424103798812097e-09
3.535583631369689235e-09
3.529751915748256505e-09
3.523934529607216560e-09
3.518126131528490864e-09
3.512323617389752294e-09
3.506533318735669935e-09
3.500755428033518226e-09
3.494987333990049657e-09
3.489230049933373467e-09
3.483479680241198289e-09
3.477742334568364942e-09
3.472019114565356766e-09
3.466301390283856645e-09
3.460599516916853998e-09
3.454903171159998788e-09
3.449224789306793120e-09
3.443558118961179383e-09
3.437900670836900165e-09
3.432258442185751950e-09
3.426626927844888404e-09
3.421015208493981007e-09
3.415412041998914505e-09
3.409820259864934267e-09
3.404242102763775522e-09
3.398683312571528080e-09
3.393135474438526276e-09
3.387601075031748120e-09
3.382076294927881541e-09
3.376570007964627284e-09
3.371080812721884950e-09
3.365600679557767086e-09
3.360137705904660917e-09
3.354685427975989786e-09
3.349253690814641265e-09
3.343835035953913589e-09
3.338428232793782040e-09
3.333038891373509541e-09
3.327662282668872901e-09
3.322307360060512091e-09
3.316963831117884958e-09
3.311634366285664052e-09
3.306320625648313565e-09
3.301026685922208923e-09
3.295748951684289027e-09
3.290484307651787231e-09
3.285235169440979256e-09
3.280001006163353923e-09
3.274793085399844230e-09
3.269592630335525972e-09
3.264414099222133791e-09
3.259246130055879583e-09
3.254100155955608809e-09
3.248969549274589550e-09
3.243853016092689057e-09
3.238752548002506260e-09
3.233667287544977765e-09
3.228600948597816045e-09
3.223553536442640448e-09
3.218517966557351240e-09
3.213501451062117034e-09
3.208496724491726077e-09
3.203519770802065058e-09
3.198552751850173416e-09
3.193605914235303575e-09
3.188668658503680046e-09
3.183760458008414772e-09
3.178864365289318648e-09
3.173988021302844192e-09
3.169125871773873316e-09
3.164283922370197376e-09
3.159460426644757138e-09
3.154650823898036516e-09
3.149854813651525905e-09
3.145078295024472981e-09
3.140315183851206316e-09
3.135573229597991747e-09
3.130844831210362648e-09
3.126133482021577751e-09
3.121436890487205584e-09
3.116759038290779911e-09
3.112102862891040038e-09
3.107457994365297493e-09
3.102833321710849006e-09
3.098220196893947698e-09
3.093636281177293961e-09
3.089061438327897700e-09
3.084510221323216299e-09
3.079969631794731573e-09
3.075452183797610962e-09
3.070948230514834942e-09
3.066458005739078310e-09
3.061980066362039306e-09
3.057519809548381498e-09
3.053072768676133224e-09
3.048643050385282191e-09
3.044226236846264047e-09
3.039825552810311870e-09
3.035437550847374634e-09
3.031066150509063049e-09
3.026714957873209823e-09
3.022373819591232399e-09
3.018052023081943273e-09
3.013739363860643431e-09
3.009453191542576583e-09
3.005175484329745688e-09
3.000919636518684312e-09
2.996674241978116842e-09
2.992448716286438842e-09
2.988234115654571550e-09
2.984032052091714275e-09
2.979840199735651255e-09
2.975664068348052255e-09
2.971498603370316277e-09
2.967347640642122450e-09
2.963208682026995813e-09
2.959083382318942783e-09
2.954970372672637078e-09
2.950866720675448841e-09
2.946784058751019649e-09
2.942711396049398316e-09
2.938653414002334148e-09
2.934602342060074146e-09
2.930573520452065898e-09
2.926555420825142586e-09
2.922551648511446005e-09
2.918561434445663447e-09
2.914586225250218412e-09
2.910621216143125721e-09
2.906665369461521247e-09
2.902718767552298310e-09
2.898783916827827162e-09
2.894860905262168556e-09
2.890947120259668354e-09
2.887043682347592184e-09
2.883151896182286541e-09
2.879270750449520092e-09
2.875397475163383307e-09
2.871535726643975222e-09
2.867689661456076711e-09
2.863851343139365867e-09
2.860024252354740348e-09
2.856204908163818970e-09
2.852403629770852806e-09
2.848608226087601887e-09
2.844829324223230441e-09
2.841057997017400427e-09
2.837300370684612217e-09
2.833547566888130956e-09
2.829802866351075177e-09
2.826063512089822375e-09
2.822334883700334503e-09
2.818613564253096551e-09
2.814898970980176385e-09
2.811191713401685201e-09
2.807493864753704431e-09
2.803803325427081623e-09
2.800118543421121152e-09
2.796441702276296445e-09
2.792777542869549669e-09
2.789118542115325086e-09
2.785467296114658078e-09
2.781822286875342071e-09
2.778189948140424243e-09
2.774561628926762111e-09
2.770946297822167750e-09
2.767336964195875087e-09
2.763736525910858142e-09
2.760139750775898999e-09
2.756549148215155683e-09
2.752962220735652187e-09
2.749383615613290262e-09
2.745810528829208702e-09
2.742241905278140247e-09
2.738679422896406621e-09
2.735123509837750264e-09
2.731572658680743464e-09
2.728026601948144645e-09
2.724485601489766977e-09
2.720954124646142752e-09
2.717427747821713638e-09
2.713906058532066688e-09
2.710388916859956150e-09
2.706881027607370050e-09
2.703376795596479647e-09
2.699880344819655367e-09
2.696390674373822043e-09
2.692906874926522162e-09
2.689426532543138604e-09
2.685950802546171177e-09
2.682477493271618242e-09
2.679009865355037038e-09
2.675547187280860068e-09
2.672088735591890197e-09
2.668633927058722394e-09
2.665183401470795724e-09
2.661736998100653755e-09
2.658295528320944077e-09
2.654856960313724557e-09
2.651423709457042487e-09
2.647997571881898849e-09
2.644573701157906487e-09
2.641153171323031530e-09
2.637738385344137508e-09
2.634328969574430571e-09
2.630922237996712382e-09
2.627523713848630499e-09
2.624127913257400971e-09
2.620736030961648836e-09
2.617348055042646521e-09
2.613962582927748551e-09
2.610579127500903267e-09
2.607200688180388587e-09
2.603825391704558300e-09
2.600453639523495300e-09
2.597085154121083169e-09
2.593719380298302156e-09
2.590356581886985302e-09
2.586997898049075513e-09
2.583642009510219786e-09
2.580290222843531105e-09
2.576943185748823466e-09
2.573598186718926358e-09
2.570255337261544236e-09
2.566918281267937032e-09
2.563584266090587001e-09
2.560252720509735414e-09
2.556927611020532512e-09
2.553604345806180742e-09
2.550283677981091450e-09
2.546968782503462836e-09
2.543655458203272227e-09
2.540344301868240832e-09
2.537037944441952945e-09
2.533734272687763231e-09
2.530434814849458053e-09
2.527139174498034304e-09
2.523845496052240345e-09
2.520554718025573936e-09
2.517268182084026228e-09
2.513984991270707140e-09
2.510705753299118674e-09
2.507430859971534647e-09
2.504158490474120756e-09
2.500887997071376366e-09
2.497622908178753682e-09
2.494362255714474641e-09
2.491103611956498832e-09
2.487849953727106093e-09
2.484599663159476752e-09
2.481351642425480689e-09
2.478109824433875710e-09
2.474871166730586616e-09
2.471634156247968709e-09
2.468402289461265893e-09
2.465173601325508943e-09
2.461949835921146212e-09
2.458731012484334398e-09
2.455514294024413814e-09
2.452300852769731731e-09
2.449092045154146532e-09
2.445886507663771547e-09
2.442687192228540027e-09
2.439491086386977981e-09
2.436299091485585602e-09
2.433109607296413321e-09
2.429924388976354618e-09
2.426745919885248276e-09
2.423569989040037351e-09
2.420397550950570401e-09
2.417231698283904280e-09
2.414066922596493110e-09
2.410907864008299164e-09
2.407756036335991592e-09
2.404606030104308642e-09
2.401459591961503862e-09
2.398318696223468496e-09
2.395181274755722385e-09
2.392050521065162611e-09
2.388925113964758435e-09
2.385801724509998372e-09
2.382682705694906409e-09
2.379569210465279458e-09
2.376460012454060545e-09
2.373357973614280917e-09
2.370259185107713423e-09
2.367165423545622504e-09
2.364074643320090472e-09
2.360989311612083361e-09
2.357912195948373051e-09
2.354837309653164325e-09
2.351767362263779368e-09
2.348704356776943631e-09
2.345643562813014942e-09
2.342589487038558448e-09
2.339542620497197231e-09
2.336499070728644108e-09
2.333459685421706672e-09
2.330426735359928018e-09
2.327397791152160360e-09
2.324376462745314163e-09
2.321361675646167078e-09
2.318349639913589830e-09
2.315342901212934309e-09
2.312342073107120975e-09
2.309345598698993309e-09
2.306359016472886631e-09
2.303375826924800352e-09
2.300398172503547275e-09
2.297425102553491336e-09
2.294457010987612368e-09
2.291498903621145525e-09
2.288544276394830575e-09
2.285594838736771351e-09
2.282653404089307172e-09
2.279714951568642675e-09
2.276783911214640610e-09
2.273860979819527457e-09
2.270941982704968024e-09
2.268027248431757403e-09
2.265119377944096623e-09
2.262217513909269165e-09
2.259322282014583320e-09
2.256434386615959598e-09
2.253550429096053709e-09
2.250672252820763993e-09
2.247801141557408362e-09
2.244933824529076152e-09
2.242076407903640304e-09
2.239225171864231134e-09
2.236378093919581329e-09
2.233538870934235004e-09
2.230702173984936923e-09
2.227875154659770677e-09
2.225057309950253335e-09
2.222241689244640431e-09
2.219435162588678568e-09
2.216633413286764649e-09
2.213838681353615096e-09
2.211051043077239069e-09
2.208268835042068490e-09
2.205492491729706759e-09
2.202720562885673780e-09
2.199955891619189106e-09
2.197196247632827324e-09
2.194444331331033465e-09
2.191699442909768461e-09
2.188958559357081782e-09
2.186223804570865541e-09
2.183495763860481584e-09
2.180771538752260025e-09
2.178057838731488047e-09
2.175350140147880603e-09
2.172646544890150987e-09
2.169951314254001895e-09
2.167258185594725800e-09
2.164576298195046454e-09
2.161901497224566900e-09
2.159229486065885373e-09
2.156568033018279734e-09
2.153910356768800928e-09
2.151260581576715820e-09
2.148616959172308265e-09
2.145978361257210928e-09
2.143345953025519795e-09
2.140717840879779291e-09
2.138097128328784685e-09
2.135481264473966796e-09
2.132872463791008138e-09
2.130270469751442722e-09
2.127672930876026846e-09
2.125081312461945630e-09
2.122496162272525619e-09
2.119914742242095792e-09
2.117342736305579211e-09
2.114777793777802400e-09
2.112216737697678347e-09
2.109663353372683121e-09
2.107112471113602050e-09
2.104570684395461205e-09
2.102038349799774939e-09
2.099508048119439743e-09
2.096986764455862164e-09
2.094470845150066741e-09
2.091961341847248220e-09
2.089458463602109460e-09
2.086960227561770982e-09
2.084467117704338396e-09
2.081977375049607543e-09
2.079494852367116410e-09
2.077018342219149784e-09
2.074546560449804704e-09
2.072080558522897538e-09
2.069618983669264567e-09
2.067163685631809134e-09
2.064714031508554057e-09
2.062268302256153349e-09
2.059828201752032804e-09
2.057396095086067341e-09
2.054969474991124999e-09
2.052547473794081852e-09
2.050130943927259452e-09
2.047718086891686877e-09
2.045315220736592684e-09
2.042916572010312382e-09
2.040521906311048606e-09
2.038137137616741109e-09
2.035754829810067270e-09
2.033379992653450669e-09
2.031009103905525944e-09
2.028642058341333105e-09
2.026279851529696122e-09
2.023920839009596589e-09
2.021567910461678942e-09
2.019219122655039446e-09
2.016874890014206778e-09
2.014535646087217547e-09
2.012200156717855306e-09
2.009869315954170784e-09
2.007543761369514629e-09
2.005221387974066780e-09
2.002904041367762981e-09
2.000593230559225101e-09
1.998286729857219367e-09
1.995984541892604883e-09
1.993686487584749499e-09
1.991392044542059575e-09
1.989105985280119516e-09
1.986822916152063893e-09
1.984543689445410505e-09
1.982272742416581509e-09
1.980003998720744318e-09
1.977741301880715309e-09
1.975481888727238935e-09
1.973226044405142037e-09
1.970973831907122566e-09
1.968724264433215509e-09
1.966480343988103549e-09
1.964239872756893174e-09
1.962003117271735714e-09
1.959770364305798202e-09
1.957540833347395646e-09
1.955315765001798167e-09
1.953094482475512544e-09
1.950876360038688588e-09
1.948661817834640518e-09
1.946452781904431998e-09
1.944248671995610297e-09
1.942047349978085827e-09
1.939849747430239349e-09
1.937654419795293133e-09
1.935466127702671764e-09
1.933281874196944467e-09
1.931099688884533859e-09
1.928924144790525352e-09
1.926751670651735175e-09
1.924583100908892555e-09
1.922418255400512837e-09
1.920256699729329058e-09
1.918097663332145457e-09
1.915940544344785844e-09
1.913787835258938383e-09
1.911638544696334820e-09
1.909491973287666647e-09
1.907348606235798658e-09
1.905208676223671722e-09
1.903071645592135496e-09
1.900937425555806496e-09
1.898806851126960183e-09
1.896678502144763158e-09
1.894554241217271653e-09
1.892434197019556112e-09
1.890317177109090606e-09
1.888203039701576035e-09
1.886091203966834395e-09
1.883982692326122595e-09
1.881879869244108458e-09
1.879778967581168026e-09
1.877680637570462625e-09
1.875588303418840465e-09
1.873497559012840259e-09
1.871410255214600689e-09
1.869325887234258228e-09
1.867244538850756425e-09
1.865165127664550356e-09
1.863087376504267665e-09
1.861013616092708321e-09
1.858942333647274066e-09
1.856873623730732437e-09
1.854807884248261068e-09
1.852744987458558553e-09
1.850684360300373938e-09
1.848626094052543946e-09
1.846571035582402900e-09
1.844517647064269657e-09
1.842468343694956649e-09
1.840422248806306032e-09
1.838378726567162555e-09
1.836337834516576275e-09
1.834298625231167554e-09
1.832262442666787231e-09
1.830231109822988083e-09
1.828201569146151620e-09
1.826174010363102705e-09
1.824151511451293408e-09
1.822130762483556299e-09
1.820112558362072645e-09
1.818097225903988161e-09
1.816085327970176492e-09
1.814074931579646718e-09
1.812066054797869973e-09
1.810060774522111385e-09
1.808058043650832373e-09
1.806057495393490411e-09
1.804060123600194211e-09
1.802065678490936514e-09
1.800072859337320890e-09
1.798082420990365237e-09
1.796094869406329300e-09
1.794109280736350618e-09
1.792127285437836518e-09
1.790148307675585240e-09
1.788172104394769325e-09
1.786198108927014140e-09
1.784226252162880633e-09
1.782256131652424312e-09
1.780290665288195750e-09
1.778328528960829402e-09
1.776367506243974061e-09
1.774409798335089549e-09
1.772455930953316313e-09
1.770503028028343967e-09
1.768553560084590794e-09
1.766607453982676102e-09
1.764663405550023982e-09
1.762720988853754064e-09
1.760780752209382691e-09
1.758843825929628045e-09
1.756908898757939037e-09
1.754977217072987794e-09
1.753048504222351293e-09
1.751121787412807511e-09
1.749197102320715824e-09
1.747274864286672698e-09
1.745355665897078700e-09
1.743438073287884545e-09
1.741524869335037344e-09
1.739614163646181199e-09
1.737705640047160467e-09
1.735799891698722786e-09
1.733895872574947885e-09
1.731994220810287014e-09
1.730097299045438556e-09
1.728202961263228087e-09
1.726309911221697809e-09
1.724420611149069629e-09
1.722534531462182315e-09
1.720649666613345583e-09
1.718768159652187637e-09
1.716890450204890768e-09
1.715014548162062642e-09
1.713140712225077590e-09
1.711268989804040990e-09
1.709400497110840374e-09
1.707534208448098467e-09
1.705671095425754806e-09
1.703811190644380169e-09
1.701953704917811710e-09
1.700098022686527142e-09
1.698244988282386361e-09
1.696394988669732554e-09
1.694546470084402508e-09
1.692702620368158078e-09
1.690861582564039350e-09
1.689022666907876787e-09
1.687186619078496065e-09
1.685352832873075754e-09
1.683520569360834903e-09
1.681693297809451852e-09
1.679869639738116644e-09
1.678046877181493493e-09
1.676227404183554569e-09
1.674412177177106369e-09
1.672597953426885575e-09
1.670787450731468568e-09
1.668980097536585609e-09
1.667175399332041324e-09
1.665372986108780985e-09
1.663572254753644200e-09
1.661775097070677703e-09
1.659980977824984737e-09
1.658189058541333360e-09
1.656400728681698821e-09
1.654615783475877908e-09
1.652832243300823930e-09
1.651051454087884037e-09
1.649274042275069118e-09
1.647498402548580333e-09
1.645725889610739304e-09
1.643957955129417232e-09
1.642192767343446418e-09
1.640429437800854602e-09
1.638669645433321520e-09
1.636911142652771117e-09
1.635156080977093531e-09
1.633406200668034037e-09
1.631658208072352794e-09
1.629912063240156710e-09
1.628170615549228408e-09
1.626431603026939270e-09
1.624694690938181537e-09
1.622961730184279091e-09
1.621231936547376198e-09
1.619504154245225652e-09
1.617778990491156914e-09
1.616055698999004106e-09
1.614335842743480271e-09
1.612619051368433495e-09
1.610904800609710456e-09
1.609193776587088556e-09
1.607486031795162766e-09
1.605779938750476841e-09
1.604076367023884669e-09
1.602376615750833619e-09
1.600678364143931711e-09
1.598983442961378779e-09
1.597292810018625294e-09
1.595605084738029583e-09
1.593919067804826029e-09
1.592236937878721469e-09
1.590556037396904256e-09
1.588878272347204960e-09
1.587205890151873499e-09
1.585535503919242022e-09
1.583866698500229333e-09
1.582202715608294532e-09
1.580541538738994835e-09
1.578882188141988217e-09
1.577226728029654182e-09
1.575574084652381554e-09
1.573923643916577531e-09
1.572276000296363552e-09
1.570629789298719253e-09
1.568987122612599268e-09
1.567347606585751093e-09
1.565710028830659325e-09
1.564075647548899545e-09
1.562444836455721209e-09
1.560815529284985425e-09
1.559188986062248796e-09
1.557565638869250560e-09
1.555944325907659950e-09
1.554324830707429959e-09
1.552710495004001838e-09
1.551099086801004122e-09
1.549489499565991607e-09
1.547883083728827532e-09
1.546279015168710740e-09
1.544676196936663071e-09
1.543078652918984305e-09
1.541485009187441997e-09
1.539891995261232777e-09
1.538302388219623236e-09
1.536717331991362403e-09
1.535133344326750837e-09
1.533553120260460755e-09
1.531975386200795901e-09
1.530400504275162396e-09
1.528827651652334073e-09
1.527256708059812907e-09
1.525688294103808832e-09
1.524123199808064415e-09
1.522560429656824287e-09
1.521000272407649983e-09
1.519442758269271980e-09
1.517888052549824373e-09
1.516335512281521308e-09
1.514785243258104777e-09
1.513238165698177073e-09
1.511692754874604742e-09
1.510149971168657801e-09
1.508611061212219737e-09
1.507075583643092519e-09
1.505541609319679401e-09
1.504010549809258592e-09
1.502481383698184427e-09
1.500954234808848298e-09
1.499431931981745225e-09
1.497912658069885411e-09
1.496394265079841659e-09
1.494879491278030354e-09
1.493368677223394666e-09
1.491858750277200704e-09
1.490352582090747226e-09
1.488848657551657997e-09
1.487347057536004495e-09
1.485847306051731696e-09
1.484349291687726060e-09
1.482853488911986323e-09
1.481360593314137467e-09
1.479869936392273596e-09
1.478381466185071087e-09
1.476895245386616517e-09
1.475411841787543407e-09
1.473930012889272127e-09
1.472450274696769962e-09
1.470973526392337937e-09
1.469498449010208567e-09
1.468024971493121261e-09
1.466555513886040964e-09
1.465088763712337591e-09
1.463623617445091537e-09
1.462160939479664822e-09
1.460700435522708153e-09
1.459240801080227017e-09
1.457785245465960768e-09
1.456333715496816650e-09
1.454882564285143066e-09
1.453433630454268623e-09
1.451989207218642273e-09
1.450545851775910496e-09
1.449104736769462777e-09
1.447666381758178007e-09
1.446230135285494937e-09
1.444795582708377894e-09
1.443363019609089206e-09
1.441931491999236007e-09
1.440503036423010507e-09
1.439076770668608685e-09
1.437651829883213862e-09
1.436229476799815715e-09
1.434809449971556114e-09
1.433390851187905818e-09
1.431974667414196067e-09
1.430560208854020231e-09
1.429148020941518316e-09
1.427737190043201128e-09
1.426328854424525425e-09
1.424923373385653138e-09
1.423520474500546287e-09
1.422118942530491780e-09
1.420719797886284876e-09
1.419321828490720774e-09
1.417925704118192462e-09
1.416533468063312331e-09
1.415143676023602578e-09
1.413754554325022820e-09
1.412368009121997597e-09
1.410985121565797355e-09
1.409602923530800336e-09
1.408223319779368624e-09
1.406845629855726186e-09
1.405470290152724379e-09
1.404096319529010272e-09
1.402723856877343269e-09
1.401352492204884305e-09
1.399984180226960748e-09
1.398617715161530517e-09
1.397252485660425255e-09
1.395889761634825071e-09
1.394528999414872321e-09
1.393169311920733530e-09
1.391812076680885820e-09
1.390456295119159205e-09
1.389102598000617701e-09
1.387750278880568719e-09
1.386400210920078160e-09
1.385052489046582338e-09
1.383707416706963848e-09
1.382363564497378208e-09
1.381021639941101969e-09
1.379681066697455706e-09
1.378341900836238865e-09
1.377006098299014721e-09
1.375673180906212930e-09
1.374340643056207152e-09
1.373010164168572030e-09
1.371683196927961375e-09
1.370357103323206297e-09
1.369032635937349313e-09
1.367710696275272539e-09
1.366390562926211477e-09
1.365071814236183947e-09
1.363754407562741659e-09
1.362437974166634225e-09
1.361123765856608050e-09
1.359811426460165192e-09
1.358500295100670139e-09
1.357191320608749335e-09
1.355884021769588100e-09
1.354578468575723920e-09
1.353274086159224684e-09
1.351971187324430503e-09
1.350670419053351614e-09
1.349370976237283696e-09
1.348072699861873981e-09
1.346777402490798996e-09
1.345483842658544772e-09
1.344191842884388117e-09
1.342901261943310316e-09
1.341612621544540353e-09
1.340324593714751245e-09
1.339038782648802828e-09
1.337756155150963434e-09
1.336474873150378801e-09
1.335194368758689599e-09
1.333916120601489309e-09
1.332640790314942675e-09
1.331365955348625193e-09
1.330093036144695215e-09
1.328821751729833502e-09
1.327552876495853069e-09
1.326284924542367096e-09
1.325018416030736849e-09
1.323752770417354431e-09
1.322489446678456747e-09
1.321227745499222505e-09
1.319967080459363341e-09
1.318708692110393801e-09
1.317452017834749837e-09
1.316196767730501310e-09
1.314942798186024426e-09
1.313690165277866150e-09
1.312439594766036331e-09
1.311190086629233095e-09
1.309941786255320734e-09
1.308696700522439232e-09
1.307453139219922770e-09
1.306210929474680741e-09
1.304970165102950386e-09
1.303731188007075541e-09
1.302492763328044364e-09
1.301256531357803702e-09
1.300023306103830717e-09
1.298791528298434897e-09
1.297560438170728239e-09
1.296331321100074214e-09
1.295105112703881390e-09
1.293879408069118852e-09
1.292655538180322951e-09
1.291433435786220960e-09
1.290213522982627172e-09
1.288994778888518141e-09
1.287777253431120805e-09
1.286560590998978884e-09
