8.104970479597680495e-14
1.051054696147564964e-13
1.332270620635282840e-13
1.656476213435790134e-13
2.025770197199256388e-13
2.442168179467901816e-13
2.907519259635362157e-13
3.423488651536380162e-13
3.991638012610451843e-13
4.613372398463504674e-13
5.289991991434684205e-13
6.022665696991201371e-13
6.812435471537297367e-13
7.660240568732358806e-13
8.566919723247734856e-13
9.533201079015598796e-13
1.055968053694923383e-12
1.164694687759121029e-12
1.279537970405079613e-12
1.400533163349695535e-12
1.527707488114311179e-12
1.661080711006844113e-12
1.800664477406830103e-12
1.946455526237422220e-12
2.098453825734884943e-12
2.256650835424829784e-12
2.421023234107938667e-12
2.591553201005094751e-12
2.768209155022255250e-12
2.950943916424258101e-12
3.139734354594198360e-12
3.334516751478618823e-12
3.535245946986541034e-12
3.741863626870013475e-12
3.954301930555071277e-12
4.172499879610446009e-12
4.396379728322980548e-12
4.625869220811807162e-12
4.860893307310821160e-12
5.101348741121197142e-12
5.347176161115200344e-12
5.598259989647177916e-12
5.854521090017054664e-12
6.115844640291385369e-12
6.382155405415608127e-12
6.653334819305953057e-12
6.929271297283020226e-12
7.209872327467101703e-12
7.495004398936864489e-12
7.784589743479838799e-12
8.078486349404972550e-12
8.376579760061779022e-12
8.678776539775242188e-12
8.984923791157448764e-12
9.294919062926450384e-12
9.608649851901494935e-12
9.925961910735909448e-12
1.024675894237150295e-11
1.057091770483793892e-11
1.089828545427202577e-11
1.122876606037518402e-11
1.156223385125130970e-11
1.189852674185198979e-11
1.223755593136061651e-11
1.257920019612754798e-11
1.292329149672744975e-11
1.326972780274786914e-11
1.361839943136307059e-11
1.396915979955106480e-11
1.432186597050200260e-11
1.467643969822389241e-11
1.503274287399468441e-11
1.539061947302200538e-11
1.574996035114013465e-11
1.611068246470952783e-11
1.647263488966434095e-11
1.683567922346797060e-11
1.719972550725095144e-11
1.756467407567563818e-11
1.793037962950435222e-11
1.829672140036766079e-11
1.866361451688773802e-11
1.903096582396923163e-11
1.939862695982096311e-11
1.976649422114040892e-11
2.013449414767172946e-11
2.050253762360793969e-11
2.087047712095591853e-11
2.123822489107279738e-11
2.160571497391478677e-11
2.197286090594681776e-11
2.233956300727286628e-11
2.270569129274624227e-11
2.307119442158243029e-11
2.343602612460668656e-11
2.380009332745648663e-11
2.416328451559734649e-11
2.452552120613274713e-11
2.488675899600740669e-11
2.524696200146460813e-11
2.560603917705043346e-11
2.596389288104188794e-11
2.632046621664771771e-11
2.667572216191068288e-11
2.702964247650565990e-11
2.738214240684534211e-11
2.773316236416189015e-11
2.808262652974210193e-11
2.843052807041237325e-11
2.877684540139092791e-11
2.912151785923687474e-11
2.946452365138066767e-11
2.980577088930590839e-11
3.014528186983144438e-11
3.048301125419528487e-11
3.081897928119091334e-11
3.115310824480984204e-11
3.148541259093428862e-11
3.181582537749164037e-11
3.214439150384554669e-11
3.247106144900883972e-11
3.279586518206598452e-11
3.311874504919003063e-11
3.343974096151466148e-11
3.375880631502242135e-11
3.407599990438776153e-11
3.439127640673055901e-11
3.470468467864651363e-11
3.501616592546117409e-11
3.532579506194476912e-11
3.563354025554034971e-11
3.593946333171213156e-11
3.624353806287899631e-11
3.654581038999042068e-11
3.684626559849592408e-11
3.714492328132636768e-11
3.744184926750013194e-11
3.773705355068250546e-11
3.803059657726218668e-11
3.832244927945070600e-11
3.861269367915411520e-11
3.890128617005749845e-11
3.918830078416393474e-11
3.947379830138134549e-11
3.975780913283951510e-11
4.004039563339825128e-11
4.032154925728920962e-11
4.060135312623778435e-11
4.087978033371301035e-11
4.115690722782368177e-11
4.143280414803862319e-11
4.170749740267178072e-11
4.198107642119702768e-11
4.225355199269652972e-11
4.252498141630219064e-11
4.279539755159840798e-11
4.306482055929281537e-11
4.333335564617141772e-11
4.360103015684003256e-11
4.386790123690584200e-11
4.413406083841271539e-11
4.439952710110061377e-11
4.466436717085945276e-11
4.492860796877857628e-11
4.519228321206324097e-11
4.545549281222004240e-11
4.571826117967972927e-11
4.598064560298629352e-11
4.624275675493522782e-11
4.650461448389076649e-11
4.676628064178690481e-11
4.702781082971918515e-11
4.728922375917480792e-11
4.755060232953301871e-11
4.781198967859363441e-11
4.807340899123660813e-11
4.833498388927361369e-11
4.859675627171878261e-11
4.885874876493971841e-11
4.912105374714374206e-11
4.938370321367694708e-11
4.964671672305948118e-11
4.991018380270340220e-11
5.017412552122978411e-11
5.043857839767005438e-11
5.070365849803729953e-11
5.096938438426446523e-11
5.123578413152328603e-11
5.150296096666025263e-11
5.177093488097640921e-11
5.203971142783151620e-11
5.230937324587749010e-11
5.257994334926420561e-11
5.285142707297574145e-11
5.312393495481171430e-11
5.339749846072262569e-11
5.367210541990381474e-11
5.394786434918722557e-11
5.422481848298737060e-11
5.450293797927472687e-11
5.478229325957443573e-11
5.506292146363425631e-11
5.534482179471382260e-11
5.562802332854253809e-11
5.591260912398007044e-11
5.619857314194620354e-11
5.648590470784056851e-11
5.677472553037151844e-11
5.706504528953745367e-11
5.735682134649390281e-11
5.765011638763466309e-11
5.794497343164554318e-11
5.824134456954895299e-11
5.853926054533215541e-11
5.883878639061142037e-11
5.913991325786291601e-11
5.944258680132039759e-11
5.974691899741600314e-11
6.005292726326471060e-11
6.036054494200578247e-11
6.066980200272368380e-11
6.098075632953244757e-11
6.129338810847855294e-11
6.160761551617929513e-11
6.192352088820761422e-11
6.224111230115501116e-11
6.256032369505427849e-11
6.288116264357110475e-11
6.320368001566618399e-11
6.352784893723403110e-11
6.385362228875823259e-11
6.418101291933155164e-11
6.451004360752282447e-11
6.484070547073576126e-11
6.517288871364806313e-11
6.550662478103440793e-11
6.584193632507043430e-11
6.617874306953205519e-11
6.651701486600204876e-11
6.685676792854391003e-11
6.719799845477379921e-11
6.754063971900955186e-11
6.788464581669763822e-11
6.823005225704739398e-11
6.857681663878061966e-11
6.892487505789365636e-11
6.927416932851698362e-11
6.962470107457158001e-11
6.997645622406086478e-11
7.032934304265490580e-11
7.068330924989201175e-11
7.103835395175537660e-11
7.139445799868294748e-11
7.175153150261191949e-11
7.210951548357938413e-11
7.246840494938490852e-11
7.282818020055676858e-11
7.318874885227019847e-11
7.355002260464916939e-11
7.391198852654460140e-11
7.427463206156294706e-11
7.463787568369021993e-11
7.500159622573321086e-11
7.536577869123828651e-11
7.573039787038735423e-11
7.609541594580629707e-11
7.646068092603540862e-11
7.682614475916028893e-11
7.719180757091239113e-11
7.755763088084961923e-11
7.792347736375539963e-11
7.828926986551614932e-11
7.865499737602704296e-11
7.902063718223194883e-11
7.938609252054281047e-11
7.975120212051868210e-11
8.011595840055294129e-11
8.048034645551269435e-11
8.084431382097128171e-11
8.120766983047402093e-11
8.157035571118402889e-11
8.193235969132857223e-11
8.229368162201514068e-11
8.265417355371937302e-11
8.301371909352640465e-11
8.337228610977077709e-11
8.372988333549452541e-11
8.408646524069150124e-11
8.444179966024830707e-11
8.479584476066351588e-11
8.514857988227414855e-11
8.550003443565232053e-11
8.585005668808042101e-11
8.619844714543227037e-11
8.654520228656543710e-11
8.689031386217310832e-11
8.723378837588013218e-11
8.757543897751230030e-11
8.791517123745437259e-11
8.825296861010886454e-11
8.858880782589252828e-11
8.892275142892409569e-11
8.925449458858946221e-11
8.958397817868018701e-11
8.991119286131977113e-11
9.023621373524341151e-11
9.055894060108565940e-11
9.087909701707103304e-11
9.119667652324982065e-11
9.151170983780124999e-11
9.182419864287981475e-11
9.213408418880968897e-11
9.244115861569084990e-11
9.274541663353784416e-11
9.304688319342666878e-11
9.334556557388496975e-11
9.364139676401870741e-11
9.393417117900541579e-11
9.422386415695143999e-11
9.451050356722597815e-11
9.479412800673815648e-11
9.507464886194505788e-11
9.535186141093903142e-11
9.562573688901058391e-11
9.589632830784906818e-11
9.616365731642547595e-11
9.642774179507592818e-11
9.668834638974032984e-11
9.694548055873267712e-11
9.719917978611601507e-11
9.744947339775916440e-11
9.769641884102479469e-11
9.793977951049398023e-11
9.817951120362001968e-11
9.841560314190865921e-11
9.864816983230296680e-11
9.887733948515091019e-11
9.910276847639114506e-11
9.932450930089057749e-11
9.954249523826099896e-11
9.975677548060256575e-11
9.996750600704728127e-11
1.001746251906542769e-10
1.003779995707948007e-10
1.005776334679986284e-10
1.007735505766889703e-10
1.009658356431739438e-10
1.011545968865004724e-10
1.013396510451347172e-10
1.015209769286946181e-10
1.016985611772206656e-10
1.018724889731105959e-10
1.020429655259777493e-10
1.022098249735361634e-10
1.023729645673806138e-10
1.025324679255448624e-10
1.026883246956981070e-10
1.028406338721690798e-10
1.029895588919501871e-10
1.031349850158260449e-10
1.032768575122333708e-10
1.034152345081464256e-10
1.035500785296364828e-10
1.036816280264043617e-10
1.038099364389498446e-10
1.039349236915574252e-10
1.040565773566655803e-10
1.041749245022709306e-10
1.042900343448619011e-10
1.044021515188033152e-10
1.045111619625061468e-10
1.046170301694080380e-10
1.047198192282434361e-10
1.048195470200102065e-10
1.049162863948357691e-10
1.050102761670421571e-10
1.051014315076031922e-10
1.051897823220758683e-10
1.052753547857634891e-10
1.053581401695944863e-10
1.054382470353994295e-10
1.055159035341496394e-10
1.055911065218970440e-10
1.056638827265015960e-10
1.057342313101947711e-10
1.058021823744099322e-10
1.058678076932779585e-10
1.059313427532078428e-10
1.059927876183888008e-10
1.060521691880726081e-10
1.061095041276325020e-10
1.061647889847474780e-10
1.062181256660837691e-10
1.062697274565227274e-10
1.063196421439427013e-10
1.063678867603233756e-10
1.064144800760472102e-10
1.064594486853017711e-10
1.065028264912425166e-10
1.065448539460090928e-10
1.065856469435610191e-10
1.066252439233122329e-10
1.066636442069746319e-10
1.067008699782087559e-10
1.067369593925401561e-10
1.067720693297350870e-10
1.068063757608883407e-10
1.068399325632510628e-10
1.068727388838346058e-10
1.069048319338551337e-10
1.069362349630435597e-10
1.069669891133783187e-10
1.069973195841194337e-10
1.070273273061908873e-10
1.070570434424642044e-10
1.070864818048703814e-10
1.071156593310905131e-10
1.071445720453637033e-10
1.071733953199059805e-10
1.072023498977899720e-10
1.072314790610757934e-10
1.072607914756384141e-10
1.072903333639995912e-10
1.073200980577600988e-10
1.073501120836095645e-10
1.073805734103531184e-10
1.074116419018937929e-10
1.074433574435572361e-10
1.074757219616816586e-10
1.075087247353445772e-10
1.075423881361419668e-10
1.075767926808420366e-10
1.076120863004403020e-10
1.076484192936540641e-10
1.076857959320440059e-10
1.077242182938186984e-10
1.077637143790418767e-10
1.078042481772327537e-10
1.078459050954513201e-10
1.078889228945223812e-10
1.079333755293557830e-10
1.079792799161259243e-10
1.080266663458559646e-10
1.080754866227020773e-10
1.081257820064332168e-10
1.081775165229645429e-10
1.082310373674615405e-10
1.082862953117589787e-10
1.083433435865836365e-10
1.084022319001963723e-10
1.084628835686530634e-10
1.085253469429766191e-10
1.085895215640668784e-10
1.086557621454993498e-10
1.087240126186560086e-10
1.087943337578199481e-10
1.088667811237202968e-10
1.089412564846888471e-10
1.090178045528155576e-10
1.090963205646832318e-10
1.091770831124060719e-10
1.092601330421627256e-10
1.093455242821586646e-10
1.094332019294387834e-10
1.095232114948186402e-10
1.096154243623008950e-10
1.097098728303106176e-10
1.098066756902555768e-10
1.099059502207956372e-10
1.100076513200733353e-10
1.101118469098740015e-10
1.102184156418091573e-10
1.103274422866714663e-10
1.104388428955549217e-10
1.105526139714707657e-10
1.106688743733247053e-10
1.107877382206084093e-10
1.109090569136335551e-10
1.110329861023142623e-10
1.111593864447676240e-10
1.112883149883317653e-10
1.114195387777703678e-10
1.115532923793367110e-10
1.116895938890956196e-10
1.118284758526337307e-10
1.119698853194730568e-10
1.121138049793703550e-10
1.122601789887007276e-10
1.124090327908780720e-10
1.125602292757527740e-10
1.127138470817313078e-10
1.128699976555193470e-10
1.130285174337312880e-10
1.131895661575165601e-10
1.133530133599784843e-10
1.135188763358093080e-10
1.136869158567658193e-10
1.138572527398556708e-10
1.140299337760391367e-10
1.142048879300230612e-10
1.143821393435699301e-10
1.145616637955079187e-10
1.147435086501989019e-10
1.149275753990346030e-10
1.151136427030414815e-10
1.153017709569921657e-10
1.154919994069671265e-10
1.156842804335019883e-10
1.158786281059463537e-10
1.160749524068663702e-10
1.162733650688413311e-10
1.164737001389262792e-10
1.166758213904004942e-10
1.168796747981129369e-10
1.170852686921032480e-10
1.172926415246893826e-10
1.175017235304658611e-10
1.177124710571265259e-10
1.179249582610824198e-10
1.181390550615647742e-10
1.183546140556501765e-10
1.185715126849503485e-10
1.187898066147500479e-10
1.190094520954666770e-10
1.192304257112714555e-10
1.194527060024523158e-10
1.196763341096642039e-10
1.199012248832657358e-10
1.201271783662404612e-10
1.203540514040645936e-10
1.205819079642692629e-10
1.208106095546514875e-10
1.210402172452941475e-10
1.212707660590243785e-10
1.215021547330533363e-10
1.217343930896544864e-10
1.219672684428252404e-10
1.222006748790364780e-10
1.224344912838263980e-10
1.226687202389911285e-10
1.229033769180009538e-10
1.231383956665380388e-10
1.233737804375330949e-10
1.236095618621459494e-10
1.238455769123422909e-10
1.240816977870631188e-10
1.243176827153120181e-10
1.245535887153103565e-10
1.247893633447999150e-10
1.250249618867276511e-10
1.252604790794126096e-10
1.254957555787520552e-10
1.257308574278387108e-10
1.259656581474481947e-10
1.261998925811955582e-10
1.264334964429196995e-10
1.266664129350910382e-10
1.268987325744296447e-10
1.271303035501320586e-10
1.273611918076836903e-10
1.275914423222179335e-10
1.278208944148934163e-10
1.280495064229387904e-10
1.282769172737448700e-10
1.285031812568296184e-10
1.287282111810698997e-10
1.289520904547264724e-10
1.291747121650360362e-10
1.293960999389238637e-10
1.296163702602946867e-10
1.298352759080244704e-10
1.300527977232867390e-10
1.302685503742501742e-10
1.304827042237250152e-10
1.306951103924358920e-10
1.309057682398141384e-10
1.311147612505520014e-10
1.313219891673813893e-10
1.315275358425936134e-10
1.317312985880021979e-10
1.319331779543290735e-10
1.321328640244611128e-10
1.323305330791895294e-10
1.325259796849004732e-10
1.327192596789322695e-10
1.329104456933675287e-10
1.330994338647615605e-10
1.332863416319163962e-10
1.334710658818055973e-10
1.336535743553778910e-10
1.338334730754410688e-10
1.340109772826623232e-10
1.341859257066007085e-10
1.343583996091487295e-10
1.345282897237179350e-10
1.346956414271206239e-10
1.348606776676929364e-10
1.350230796864227415e-10
1.351830302081690967e-10
1.353401967169136675e-10
1.354945672595657302e-10
1.356461588313781504e-10
1.357950114523415801e-10
1.359409543371219235e-10
1.360841187010488775e-10
1.362245948676131217e-10
1.363622480550130297e-10
1.364972997703052426e-10
1.366294497439495533e-10
1.367587356652725201e-10
1.368849692812016155e-10
1.370082702447359344e-10
1.371285965873781738e-10
1.372461831096391629e-10
1.373606284062447924e-10
1.374722468071513215e-10
1.375811210320743668e-10
1.376871993431827187e-10
1.377902119419538311e-10
1.378902754198259156e-10
1.379874180081424063e-10
1.380816201526844947e-10
1.381727340045129821e-10
1.382609115600506585e-10
1.383462438382816624e-10
1.384285832847430932e-10
1.385083340459856098e-10
1.385851231691011970e-10
1.386590832703326374e-10
1.387301942114716099e-10
1.387982607600264508e-10
1.388635722002479601e-10
1.389258980528168287e-10
1.389853608532911500e-10
1.390421641837236908e-10
1.390960895800898477e-10
1.391474237263154471e-10
1.391961515379348385e-10
1.392422024994551630e-10
1.392855350103090540e-10
1.393261593751817105e-10
1.393641711612271509e-10
1.393995605150699186e-10
1.394322539916742971e-10
1.394624620314129481e-10
1.394901107614323426e-10
1.395154481416942384e-10
1.395384989323613474e-10
1.395591849433590874e-10
1.395775201666129557e-10
1.395934818040326538e-10
1.396071770069403704e-10
1.396185699666873883e-10
1.396276351412598806e-10
1.396345560721096056e-10
1.396392474689744752e-10
1.396419564907745423e-10
1.396427851480699249e-10
1.396417091564921996e-10
1.396386729563048547e-10
1.396336519726336358e-10
1.396268822146656830e-10
1.396180828598769905e-10
1.396074548284531139e-10
1.395950531993731930e-10
1.395808245943414275e-10
1.395650854857118629e-10
1.395478719193686165e-10
1.395292387890023706e-10
1.395091945500533469e-10
1.394877235072657304e-10
1.394648667314804235e-10
1.394406093281524442e-10
1.394149662470824394e-10
1.393880215271736664e-10
1.393596633461804534e-10
1.393302966821354113e-10
1.392999383243234330e-10
1.392687088975153970e-10
1.392365810683551421e-10
1.392036675630313134e-10
1.391698825898449357e-10
1.391352640520314733e-10
1.390998243271907404e-10
1.390636082721693027e-10
1.390266004246454061e-10
1.389889458631649416e-10
1.389507100259861683e-10
1.389121703301305102e-10
1.388733171880783594e-10
1.388341437676487285e-10
1.387947296431202367e-10
1.387549709677572423e-10
1.387150102619668740e-10
1.386747642782922846e-10
1.386343055042249133e-10
1.385935842669072317e-10
1.385528426478592568e-10
1.385120978281186198e-10
1.384716276525245572e-10
1.384313914992298035e-10
1.383914164613772699e-10
1.383516790281778420e-10
1.383122502885259792e-10
1.382730971813360869e-10
1.382342298324569155e-10
1.381956815190336359e-10
1.381574333702640615e-10
1.381196357647711404e-10
1.380824197297836984e-10
1.380459909642751261e-10
1.380103427217603473e-10
1.379754885279658663e-10
1.379414157000622232e-10
1.379081684318280047e-10
1.378757412233393180e-10
1.378441257036938002e-10
1.378133417215865579e-10
1.377833943595461468e-10
1.377543508981274863e-10
1.377263408895309339e-10
1.376995514158721416e-10
1.376739594211458958e-10
1.376496159356131099e-10
1.376265144010550155e-10
1.376046023093698166e-10
1.375840129302729795e-10
1.375645759487653049e-10
1.375464667332577903e-10
1.375295427674792101e-10
1.375139698268615621e-10
1.374997155893224109e-10
1.374870169119090245e-10
1.374758569067365808e-10
1.374662108090101567e-10
1.374582032157873683e-10
1.374516643798457885e-10
1.374468757723844594e-10
1.374434617880580136e-10
1.374418173402616767e-10
1.374415398451544030e-10
1.374430117759967496e-10
1.374459176777013884e-10
1.374506271478008978e-10
1.374571513621670979e-10
1.374655182389728430e-10
1.374756892628690153e-10
1.374876873072193491e-10
1.375014638674762134e-10
1.375171344946500453e-10
1.375345946926684222e-10
1.375538199907164106e-10
1.375749377365580357e-10
1.375977568235130929e-10
1.376224076312934244e-10
1.376489896684032315e-10
1.376774692899328430e-10
1.377078470479425997e-10
1.377401702219256456e-10
1.377743678498770271e-10
1.378106756211958595e-10
1.378487091759880443e-10
1.378887979500167511e-10
1.379306189964198436e-10
1.379744960718692777e-10
1.380200009577005160e-10
1.380674114434971306e-10
1.381167060333165429e-10
1.381678878342145699e-10
1.382209686594884116e-10
1.382760357214370275e-10
1.383328528288935426e-10
1.383917134582601014e-10
1.384522386569222696e-10
1.385148496487398887e-10
1.385791034369704698e-10
1.386453668644697153e-10
1.387131669713663719e-10
1.387827722685936441e-10
1.388541386093568040e-10
1.389272824441275657e-10
1.390021698520488055e-10
1.390789049966663400e-10
1.391572803481252108e-10
1.392375427733507146e-10
1.393193578822641210e-10
1.394030802230048160e-10
1.394883322283204554e-10
1.395754358418685283e-10
1.396639290467155409e-10
1.397540120386022684e-10
1.398456029201960592e-10
1.399387193695046564e-10
1.400333392043564455e-10
1.401294887631747469e-10
1.402271177224417625e-10
1.403263256245760984e-10
1.404269130313689845e-10
1.405290321377665580e-10
1.406325070869903873e-10
1.407375755700512341e-10
1.408437664915429456e-10
1.409512890464350531e-10
1.410599041385023704e-10
1.411696650753994735e-10
1.412806330957886516e-10
1.413926199877909719e-10
1.415058189156156945e-10
1.416200252961560752e-10
1.417355020919486420e-10
1.418519925838506944e-10
1.419696143402007473e-10
1.420882697116657445e-10
1.422079063094233344e-10
1.423284196857084420e-10
1.424497281661963091e-10
1.425716924329922665e-10
1.426943787874348242e-10
1.428177426453161463e-10
1.429418151738090971e-10
1.430665855519023393e-10
1.431919863068041792e-10
1.433180474633510551e-10
1.434447433091299341e-10
1.435720538644203007e-10
1.437000825135638342e-10
1.438284730896286899e-10
1.439573274135851893e-10
1.440863781044288445e-10
1.442156841508906785e-10
1.443452478454190409e-10
1.444749251305397887e-10
1.446049223922825292e-10
1.447350248874464903e-10
1.448653274144040292e-10
1.449958150387400584e-10
1.451264225897065291e-10
1.452572483783809876e-10
1.453882056138302785e-10
1.455191322660962176e-10
1.456499595210310299e-10
1.457804371363162112e-10
1.459106588416067671e-10
1.460406671088221215e-10
1.461702354284481609e-10
1.462995978603381941e-10
1.464285944586983081e-10
1.465572208454269569e-10
1.466855795431090576e-10
1.468134712156099276e-10
1.469411380718353982e-10
1.470684010435610277e-10
1.471952048137450961e-10
1.473214381264297790e-10
1.474468643783468202e-10
1.475715903967290446e-10
1.476955743381488579e-10
1.478187246226282303e-10
1.479411318494398573e-10
1.480627674957418569e-10
1.481834625476901331e-10
1.483034962816426907e-10
1.484225963786576570e-10
1.485410390909207174e-10
1.486586327864919785e-10
1.487752558861995711e-10
1.488910147126961464e-10
1.490056382376070235e-10
1.491191191865404596e-10
1.492314442635607244e-10
1.493426299282385188e-10
1.494525245439746193e-10
1.495614022189025634e-10
1.496689313566634217e-10
1.497754411668691842e-10
1.498807399164984866e-10
1.499847948887383050e-10
1.500877734205721978e-10
1.501893130187909954e-10
1.502898288119260414e-10
1.503889169232529925e-10
1.504865046308574239e-10
1.505826056568385172e-10
1.506773377089974387e-10
1.507705184575365916e-10
1.508622590619645408e-10
1.509525843779006408e-10
1.510412020310781953e-10
1.511285478464183462e-10
1.512142209467190875e-10
1.512986517688124870e-10
1.513814953194878506e-10
1.514628201695364171e-10
1.515427389890639861e-10
1.516210022221465257e-10
1.516976096161630769e-10
1.517725498293093887e-10
1.518458257737575257e-10
1.519174587963921198e-10
1.519874595833940686e-10
1.520558967953864253e-10
1.521225159231222140e-10
1.521876927294419907e-10
1.522508908074054134e-10
1.523127791586889106e-10
1.523728701919196818e-10
1.524314719352612075e-10
1.524884181702435535e-10
1.525437293457640791e-10
1.525973600237991199e-10
1.526493224461254334e-10
1.526995309891271445e-10
1.527480747203038906e-10
1.527949532745381493e-10
1.528402575712215132e-10
1.528837342123414411e-10
1.529257283550558248e-10
1.529657666186239150e-10
1.530044583673160810e-10
1.530413349106710828e-10
1.530767738645794849e-10
1.531106382366821920e-10
1.531429514775495701e-10
1.531736854501367748e-10
1.532028119609852440e-10
1.532303641672989596e-10
1.532564291989896920e-10
1.532808866576031785e-10
1.533039406582273726e-10
1.533251918019974590e-10
1.533451085917701146e-10
1.533633560048388768e-10
1.533802734506144327e-10
1.533955334636778321e-10
1.534093901593726431e-10
1.534219126878474058e-10
1.534330244063515917e-10
1.534428358674086325e-10
1.534513243998177353e-10
1.534584456079682439e-10
1.534643829406676879e-10
1.534688477874865941e-10
1.534720982957777088e-10
1.534739622131194017e-10
1.534745658084667429e-10
1.534739232090719780e-10
1.534719101424631634e-10
1.534687349612090947e-10
1.534641753403369414e-10
1.534586898896232541e-10
1.534520102069917969e-10
1.534444024540173987e-10
1.534357637360493028e-10
1.534261257337740976e-10
1.534154341118480143e-10
1.534038440799596505e-10
1.533911887698059828e-10
1.533776796812126016e-10
1.533630547163775913e-10
1.533475859556839358e-10
1.533311212918666430e-10
1.533137557873341216e-10
1.532954163345403452e-10
1.532762239258552563e-10
1.532563249864747834e-10
1.532356954661226165e-10
1.532145572434249277e-10
1.531927744263382727e-10
1.531704059465182121e-10
1.531474465872674949e-10
1.531239368746458719e-10
1.530997561445086675e-10
1.530751216057166237e-10
1.530498194724478093e-10
1.530240360730909024e-10
1.529977062314384619e-10
1.529708504319566132e-10
1.529433943551142965e-10
1.529155994085139242e-10
1.528873903529650312e-10
1.528588776046716843e-10
1.528302852208883529e-10
1.528014228779440003e-10
1.527723995601930528e-10
1.527431875504675450e-10
1.527138481241565853e-10
1.526842541204389671e-10
1.526545577066329950e-10
1.526246977085964677e-10
1.525946970154095512e-10
1.525645739085909636e-10
1.525342860366587784e-10
1.525038468821606716e-10
1.524734356344203267e-10
1.524429723899412406e-10
1.524126272157338652e-10
1.523825077635646601e-10
1.523525328059518336e-10
1.523227883195519462e-10
1.522932393425837917e-10
1.522639755761673565e-10
1.522348187584138601e-10
1.522059337300412082e-10
1.521773869988521920e-10
1.521489400956245294e-10
1.521207420204019597e-10
1.520928913502833144e-10
1.520652049367276261e-10
1.520377739845037989e-10
1.520107725339016391e-10
1.519840802916842577e-10
1.519579418564822757e-10
1.519323580749977680e-10
1.519073561085333285e-10
1.518828161919241713e-10
1.518588595082880884e-10
1.518355632980963185e-10
1.518127302510622175e-10
1.517904789239224141e-10
1.517688471196580828e-10
1.517477304994438353e-10
1.517272818039168589e-10
1.517073033960541671e-10
1.516878831944842445e-10
1.516692775499235467e-10
1.516511255195475264e-10
1.516337654482681405e-10
1.516171564844473491e-10
1.516013194666672977e-10
1.515863672444492611e-10
1.515721180432819875e-10
1.515586835089735241e-10
1.515460827632099371e-10
1.515342210305317723e-10
1.515232649266210938e-10
1.515130408351181594e-10
1.515035830199118924e-10
1.514951221312998346e-10
1.514872118385053202e-10
1.514801922739776099e-10
1.514741573740841444e-10
1.514687517977502026e-10
1.514643411899085241e-10
1.514608043820824136e-10
1.514581619772729785e-10
1.514565688179006243e-10
1.514558408438713488e-10
1.514559897540005554e-10
1.514571527734986816e-10
1.514591695577053232e-10
1.514621882774156552e-10
1.514661398714857718e-10
1.514709519624392552e-10
1.514768492274197257e-10
1.514834721061523119e-10
1.514910507240057386e-10
1.514997611002994278e-10
1.515091373246434602e-10
1.515195624505655929e-10
1.515308761875030337e-10
1.515431759634353072e-10
1.515565018905837036e-10
1.515707081379988467e-10
1.515857859474924106e-10
1.516019469745653769e-10
1.516190349968946421e-10
1.516369670007845999e-10
1.516560720500152984e-10
1.516759409509108529e-10
1.516967853174477780e-10
1.517185943461509656e-10
1.517412735103768896e-10
1.517650043530262303e-10
1.517894858071566702e-10
1.518148739643967760e-10
1.518412328514210915e-10
1.518683991462980337e-10
1.518963628724022345e-10
1.519252226622536265e-10
1.519549967706529938e-10
1.519855732423440222e-10
1.520170287641659666e-10
1.520492722478169533e-10
1.520824272066652778e-10
1.521163990767615686e-10
1.521511701356784836e-10
1.521869259313597928e-10
1.522233210796692446e-10
1.522606366169570331e-10
1.522988225781227197e-10
1.523375872174741555e-10
1.523771690531199966e-10
1.524173954858017819e-10
1.524583163530686996e-10
1.524999009814092751e-10
1.525421616757141466e-10
1.525849909997801221e-10
1.526285798939413849e-10
1.526728654114903991e-10
1.527176813690296886e-10
1.527632390239382061e-10
1.528094010470289112e-10
1.528561374975896336e-10
1.529036476084401977e-10
1.529516689644722047e-10
1.530004000607430905e-10
1.530496724849345004e-10
1.530994223794476081e-10
1.531497082953521743e-10
1.532003777508358255e-10
1.532514809512949684e-10
1.533029522185062481e-10
1.533548874356893953e-10
1.534071330992158257e-10
1.534598112307163181e-10
1.535129633091626890e-10
1.535664131407004074e-10
1.536202347621301997e-10
1.536744863798356657e-10
1.537290746934685375e-10
1.537840239613410492e-10
1.538393470791989505e-10
1.538950754563308709e-10
1.539510566004192430e-10
1.540072845244135114e-10
1.540637538058138885e-10
1.541203613483857023e-10
1.541770752750696869e-10
1.542338942467431485e-10
1.542908426912903468e-10
1.543479085446956381e-10
1.544050245314499046e-10
1.544623479559112093e-10
1.545196829942364683e-10
1.545770230557814333e-10
1.546346054172220968e-10
1.546922373709528970e-10
1.547499050344843314e-10
1.548076927348266648e-10
1.548655021190470118e-10
1.549234322514535846e-10
1.549811954722128701e-10
1.550390531253170917e-10
1.550967694030803065e-10
1.551541690768850401e-10
1.552115140682610197e-10
1.552686025908818703e-10
1.553255814932118395e-10
1.553822764916873031e-10
1.554387515005689596e-10
1.554951344314271394e-10
1.555513103848215740e-10
1.556071449755010228e-10
1.556628955616052096e-10
1.557184579638718864e-10
1.557735898382339099e-10
1.558287286827506470e-10
1.558836289563018869e-10
1.559380972743174542e-10
1.559923960791199897e-10
1.560463524256068181e-10
1.560998586731784183e-10
1.561529003579200352e-10
1.562055917886649801e-10
1.562578119675012003e-10
1.563095532662518049e-10
1.563608645892408150e-10
1.564116957949301673e-10
1.564621283589558370e-10
1.565121532956548299e-10
1.565615662330168943e-10
1.566106542977576383e-10
1.566593259871577015e-10
1.567072931096718729e-10
1.567550477050848514e-10
1.568023242347715273e-10
1.568488993571540972e-10
1.568951490140750018e-10
1.569408221702804016e-10
1.569858246775619010e-10
1.570302182703938483e-10
1.570740905724321215e-10
1.571172975898954848e-10
1.571598273246118710e-10
1.572018164203664653e-10
1.572431111527561778e-10
1.572838289155844144e-10
1.573240019197605362e-10
1.573633309652061503e-10
1.574022264589883819e-10
1.574405574337662815e-10
1.574779327371694327e-10
1.575150162430162107e-10
1.575513955238508441e-10
1.575869687863308439e-10
1.576220591908963803e-10
1.576564883214722066e-10
1.576901247704918516e-10
1.577230697566554328e-10
1.577554019150607019e-10
1.577868677730007086e-10
1.578177057083769950e-10
1.578479330016543018e-10
1.578772667269537618e-10
1.579059551571595586e-10
1.579340111775949663e-10
1.579612151668442683e-10
1.579877941000415448e-10
1.580136660380815234e-10
1.580387807962473127e-10
1.580632231840436287e-10
1.580869850628404247e-10
1.581100093522950687e-10
1.581323027146856504e-10
1.581539907773232389e-10
1.581749122411464390e-10
1.581951729813031906e-10
1.582147057153360590e-10
1.582336012911682319e-10
1.582518173051226861e-10
1.582692135393322457e-10
1.582861021916124232e-10
1.583021864862684828e-10
1.583175934760918430e-10
1.583324124333920608e-10
1.583463612330838197e-10
1.583597838406059030e-10
1.583725629435494771e-10
1.583844594803482234e-10
1.583958664177932321e-10
1.584065953163654660e-10
1.584165260838329248e-10
1.584259852439521498e-10
1.584347293956846107e-10
1.584428430342891090e-10
1.584504398200066376e-10
1.584573938715816796e-10
1.584637577434381450e-10
1.584695739605177351e-10
1.584747264661545041e-10
1.584794034125876627e-10
1.584834194484942725e-10
1.584868795358975951e-10
1.584898028833376610e-10
1.584920201953980937e-10
1.584937770487678704e-10
1.584950105562964591e-10
1.584955196128407194e-10
1.584955794146075664e-10
1.584951075483518008e-10
1.584939489886806652e-10
1.584924554220194986e-10
1.584903767447679853e-10
1.584878504007603988e-10
1.584849471264295396e-10
1.584815720372108309e-10
1.584778263066403286e-10
1.584736640177567940e-10
1.584689849040277124e-10
1.584640778002966571e-10
1.584586895384245792e-10
1.584528033962936515e-10
1.584466090918305480e-10
1.584400250211862984e-10
1.584330016391373431e-10
1.584255927441872334e-10
1.584177943584244037e-10
1.584096245412695774e-10
1.584011155702201551e-10
1.583921135151532288e-10
1.583828795775378021e-10
1.583733545481992190e-10
1.583635378882293103e-10
1.583534465031318451e-10
1.583432497996617103e-10
1.583327966917910981e-10
1.583221503847214859e-10
1.583112723352277691e-10
1.583002790688218647e-10
1.582890608958951559e-10
1.582775882454852067e-10
1.582660284984988657e-10
1.582542757008751627e-10
1.582422578414959733e-10
1.582301271667580685e-10
1.582177957776371445e-10
1.582053608818345285e-10
1.581926737226630177e-10
1.581798684787441354e-10
1.581668448473975744e-10
1.581538673972137400e-10
1.581406958432261877e-10
1.581275202987539244e-10
1.581143730571762182e-10
1.581012079489108711e-10
1.580880393049447138e-10
1.580748952860626741e-10
1.580617247935132838e-10
1.580486178873301972e-10
1.580355647774999925e-10
1.580223939235553926e-10
1.580093326044539167e-10
1.579963744652977907e-10
1.579832945397610522e-10
1.579702907011921884e-10
1.579573014506978895e-10
1.579444629096987837e-10
1.579314982636918052e-10
1.579186335264617263e-10
1.579058160967662140e-10
1.578931711497794146e-10
1.578805565857982588e-10
1.578681424136824014e-10
1.578559205058860157e-10
1.578438814435516208e-10
1.578319902529866095e-10
1.578203462339147964e-10
1.578088566466509329e-10
1.577975322160052510e-10
1.577865156094575925e-10
1.577755697048493029e-10
1.577648834499191880e-10
1.577544007303888535e-10
1.577441393416429712e-10
1.577340249232877592e-10
1.577240724314931548e-10
1.577145125650294837e-10
1.577049843416984013e-10
1.576957227729417929e-10
1.576866416146756062e-10
1.576779113856336254e-10
1.576693448179981511e-10
1.576610700726517502e-10
1.576531770099466772e-10
1.576455732811232410e-10
1.576381852206193739e-10
1.576312595408430342e-10
1.576245336986382644e-10
1.576181364072788447e-10
1.576120674420198028e-10
1.576063376050954759e-10
1.576008997295920016e-10
1.575957008571731765e-10
1.575909833895606327e-10
1.575864759489785984e-10
1.575822853587721498e-10
1.575784107156600578e-10
1.575749441668180983e-10
1.575716538196061676e-10
1.575686946660816442e-10
1.575662136474357226e-10
1.575639529322986505e-10
1.575620703329173870e-10
1.575605791785630407e-10
1.575594270085312649e-10
1.575586586469122732e-10
1.575581862994855452e-10
1.575581594646711392e-10
1.575584789412624515e-10
1.575590465683152171e-10
1.575601323025089151e-10
1.575615124110920305e-10
1.575632409270738185e-10
1.575652934102450282e-10
1.575678429222580834e-10
1.575706280843791747e-10
1.575737975865420299e-10
1.575773592361735784e-10
1.575812751340088228e-10
1.575854867785261209e-10
1.575900697292002707e-10
1.575951221257997139e-10
1.576003848437405286e-10
1.576060726639429227e-10
1.576121241343320092e-10
1.576184665357230591e-10
1.576251785319169915e-10
1.576321641094131294e-10
1.576395487576315336e-10
1.576472712005213513e-10
1.576552026151246530e-10
1.576635878497151686e-10
1.576722792355963548e-10
1.576812648714589942e-10
1.576905556980074589e-10
1.577002554918324746e-10
1.577102240846977023e-10
1.577205192452427616e-10
1.577311358804339029e-10
1.577421027990693460e-10
1.577533126306240397e-10
1.577648736114329823e-10
1.577768292873441870e-10
1.577889428211627204e-10
1.578014335923539698e-10
1.578141877214740800e-10
1.578272075923748582e-10
1.578404408734748514e-10
1.578539032642484954e-10
1.578676728660138927e-10
1.578816566594987477e-10
1.578958899541482780e-10
1.579103103393507028e-10
1.579250010662024639e-10
1.579400008709926209e-10
1.579551617261936808e-10
1.579705052224604021e-10
1.579862326197014179e-10
1.580020822204702294e-10
1.580181693207574906e-10
1.580345258043226305e-10
1.580510903751797436e-10
1.580678325039122178e-10
1.580848917725334919e-10
1.581020686956855009e-10
1.581194170846103777e-10
1.581369694078842442e-10
1.581547116659715414e-10
1.581724899045129692e-10
1.581904455212661291e-10
1.582084963388977322e-10
1.582266862112151337e-10
1.582450240102267114e-10
1.582634008259415763e-10
1.582819336341060524e-10
1.583006119237360961e-10
1.583193633946966769e-10
1.583382674843680225e-10
1.583572003325450068e-10
1.583763289976994756e-10
1.583955374993488178e-10
1.584148488400623795e-10
1.584342196443086359e-10
1.584537640405955246e-10
1.584733528583838227e-10
1.584931160878660222e-10
1.585128216286969674e-10
1.585326275834640123e-10
1.585524574428408613e-10
1.585723201146528129e-10
1.585920879636905793e-10
1.586118945573719293e-10
1.586316630446622564e-10
1.586514011214018255e-10
1.586711511410577966e-10
1.586908466213872597e-10
1.587104932940901153e-10
1.587301594271267798e-10
1.587497791932986702e-10
1.587694255453036023e-10
1.587888977536211515e-10
1.588084702818243648e-10
1.588279724601362777e-10
1.588474689899626598e-10
1.588668141478048962e-10
1.588862530939492437e-10
1.589055767907559235e-10
1.589249484216864841e-10
1.589441147669030881e-10
1.589632568988060835e-10
1.589823438127635962e-10
1.590012753173511115e-10
1.590200639235099580e-10
1.590387171640431021e-10
1.590572861253770208e-10
1.590756385573790707e-10
1.590939202178758622e-10
1.591120572712369935e-10
1.591300420129368034e-10
1.591478399968584792e-10
1.591655862199533246e-10
1.591831691568507895e-10
1.592005481219279828e-10
1.592178061536132112e-10
1.592349652459772180e-10
1.592519625944220963e-10
1.592687858993511640e-10
1.592854390917748461e-10
1.593020245152761752e-10
1.593184548442324480e-10
1.593346536747001789e-10
1.593506803075883541e-10
1.593665726676391341e-10
1.593822505453819072e-10
1.593976697735905844e-10
1.594128858547607788e-10
1.594279335837486491e-10
1.594427236262060926e-10
1.594573022718219321e-10
1.594716482738003898e-10
1.594858602915447679e-10
1.594997442476384102e-10
1.595134550341325589e-10
1.595269479316580662e-10
1.595402798394050094e-10
1.595532878127188831e-10
1.595661091421573932e-10
1.595787546640347183e-10
1.595911967127989633e-10
1.596033046057420274e-10
1.596152674684465482e-10
1.596270256919614792e-10
1.596385975677317059e-10
1.596498008087248691e-10
1.596608634171024974e-10
1.596716805525195974e-10
1.596822532343108378e-10
1.596924990961321598e-10
1.597025613181499489e-10
1.597123949231628599e-10
1.597219531355548192e-10
1.597312688656577547e-10
1.597403055659025079e-10
1.597492045655147665e-10
1.597577568284677538e-10
1.597660880592071308e-10
1.597741654839684887e-10
1.597820549035219898e-10
1.597896713827969011e-10
1.597969650723739926e-10
1.598041128815776661e-10
1.598110159143068870e-10
1.598176180160409241e-10
1.598239829059912875e-10
1.598301791176847294e-10
1.598361032467204406e-10
1.598417099341945825e-10
1.598471401542242057e-10
1.598523378867054286e-10
1.598573025910757209e-10
1.598619356696394540e-10
1.598664385917473922e-10
1.598706622744722989e-10
1.598747152360109663e-10
1.598784626817818277e-10
1.598820300738666247e-10
1.598853564965343794e-10
1.598885105994893610e-10
1.598913987915465982e-10
1.598940070360714816e-10
1.598964808443494397e-10
1.598987221714896473e-10
1.599006719140724895e-10
1.599024427507237262e-10
1.599039955998477514e-10
1.599053654218609233e-10
1.599064145987660905e-10
1.599073231958298460e-10
1.599080303099770750e-10
1.599084790456986538e-10
1.599086947918145595e-10
1.599088130994457470e-10
1.599086357173876251e-10
1.599083113551781018e-10
1.599077583465574296e-10
1.599071114301070478e-10
1.599062351339499042e-10
1.599052198850569728e-10
1.599040179798809685e-10
1.599026231976928128e-10
1.599011167555931805e-10
1.598994165432504123e-10
1.598975634617679487e-10
1.598954638485337726e-10
1.598932830827603686e-10
1.598909483459186162e-10
1.598883729364935842e-10
1.598856845831246108e-10
1.598828228581586382e-10
1.598798158106698528e-10
1.598766328857231207e-10
1.598732864463598770e-10
1.598698239790752141e-10
1.598661363658836776e-10
1.598623495643068369e-10
1.598584952250873426e-10
1.598544230732893363e-10
1.598502833940643568e-10
1.598460262263237914e-10
1.598417482250882411e-10
1.598373210493152014e-10
1.598328431444990683e-10
1.598282806768021188e-10
1.598236075116183353e-10
1.598188744776660751e-10
1.598140746898247916e-10
1.598092197066614152e-10
1.598041691362699694e-10
1.597991434425082656e-10
1.597940079645912011e-10
1.597888215440116500e-10
1.597835239031257588e-10
1.597781577304915537e-10
1.597727188080669371e-10
1.597672365319070047e-10
1.597616477002017196e-10
1.597560332522431479e-10
1.597502696761105601e-10
1.597444985566284532e-10
1.597387363228859225e-10
1.597328903237887630e-10
1.597270207174118705e-10
1.597211307020490835e-10
1.597152868661533029e-10
1.597093942929826258e-10
1.597034802344572821e-10
1.596976148649408461e-10
1.596916920628269145e-10
1.596857648565966066e-10
1.596798547770581634e-10
1.596739682180282070e-10
1.596680333365130722e-10
1.596621176234197083e-10
1.596561747465835677e-10
1.596503137948319883e-10
1.596443641753985206e-10
1.596384315458826035e-10
1.596325257498162445e-10
1.596266055248662294e-10
1.596207497437379409e-10
1.596148040695010458e-10
1.596089249974482497e-10
1.596030007066573697e-10
1.595971766875688830e-10
1.595913726453057798e-10
1.595855710385932722e-10
1.595798453046088607e-10
1.595742008999735331e-10
1.595686176078140922e-10
1.595630515816437314e-10
1.595575469992350925e-10
1.595521525318540592e-10
1.595467693441560130e-10
1.595414436588695060e-10
1.595361689342780230e-10
1.595310032229095697e-10
1.595258499111852938e-10
1.595207883104230976e-10
1.595157291838821907e-10
1.595108178407677781e-10
1.595059254102695318e-10
1.595010806547808393e-10
1.594963037862118142e-10
1.594915876358843959e-10
1.594870000141213270e-10
1.594823820305284382e-10
1.594778693435947279e-10
1.594733841709629377e-10
1.594690605477801140e-10
1.594647708736612726e-10
1.594605755528502597e-10
1.594564651752577090e-10
1.594525146980054965e-10
1.594486164366121694e-10
1.594448189753242109e-10
1.594410746157642150e-10
1.594375099259957611e-10
1.594339761580170427e-10
1.594305757918131756e-10
1.594272042803574112e-10
1.594239984972257089e-10
1.594208772144399687e-10
1.594178436839366918e-10
1.594148831915376289e-10
1.594120170346620114e-10
1.594093105188056101e-10
1.594066534434517029e-10
1.594040819541183119e-10
1.594015795841209829e-10
1.593992744622890344e-10
1.593969873280371732e-10
1.593948039715754496e-10
1.593926927827757815e-10
1.593907485301493059e-10
1.593888750199940492e-10
1.593870995770634944e-10
1.593854336850647264e-10
1.593838947293903468e-10
1.593824647904131554e-10
1.593810966275174971e-10
1.593798233009204271e-10
1.593786573665618993e-10
1.593776057300765397e-10
1.593766422117356284e-10
1.593757633228635728e-10
1.593749540994735786e-10
1.593742763010622078e-10
1.593736990218043105e-10
1.593731970214829066e-10
1.593727838458422711e-10
1.593724501135375640e-10
1.593722789989442253e-10
1.593721387343413450e-10
1.593721061029347194e-10
1.593721619937502713e-10
1.593723386276235292e-10
1.593725736828232689e-10
1.593728937455134043e-10
1.593733268794505775e-10
1.593738825113091262e-10
1.593744652918557643e-10
1.593751625551090785e-10
1.593759479630179795e-10
1.593768325739532815e-10
1.593777689936918895e-10
1.593787543037338073e-10
1.593798405109920977e-10
1.593809791579443472e-10
1.593821904263085772e-10
1.593834787846385337e-10
1.593848271933031113e-10
1.593862135890379086e-10
1.593876812638705676e-10
1.593892531617233289e-10
1.593908549597150513e-10
1.593925305424655675e-10
1.593942176310916092e-10
1.593960641459594211e-10
1.593979275401093765e-10
1.593998502027841972e-10
1.594018252645797680e-10
1.594038884127974105e-10
1.594060024186020137e-10
1.594081673836954339e-10
1.594103989091589730e-10
1.594127226073995280e-10
1.594150426813482291e-10
1.594174160194831650e-10
1.594198737900525347e-10
1.594223513740791169e-10
1.594248818300842464e-10
1.594273855617449408e-10
1.594299720495999166e-10
1.594325646011850909e-10
1.594351831861707347e-10
1.594378385876833133e-10
1.594405518975876759e-10
1.594432443842127341e-10
1.594459678236881600e-10
1.594487148574565831e-10
1.594515465125874920e-10
1.594543450523697579e-10
1.594571909668536563e-10
1.594600240479612232e-10
1.594629421873480754e-10
1.594658525693110659e-10
1.594687794878966314e-10
1.594717432456325214e-10
1.594746909974649175e-10
1.594777139929131948e-10
1.594807100035378621e-10
1.594837876356304466e-10
1.594868218496330636e-10
1.594898484106433714e-10
1.594929109183588408e-10
1.594959710188960097e-10
1.594990132742522336e-10
1.595020239631968706e-10
1.595050295468241260e-10
1.595080594409587120e-10
1.595110375374982893e-10
1.595139840088137382e-10
1.595169442521900777e-10
1.595198952067003695e-10
1.595228201259903944e-10
1.595257044494479838e-10
1.595285837194110570e-10
1.595314722089638015e-10
1.595343250674635062e-10
1.595371743565961496e-10
1.595399489685661952e-10
1.595427570618295868e-10
1.595455375373107636e-10
1.595483030731656151e-10
1.595510401715849828e-10
1.595537148947958997e-10
1.595564416187987428e-10
1.595591053355857881e-10
1.595618051663339150e-10
1.595643906484199840e-10
1.595669512823313243e-10
1.595694841638368050e-10
1.595719805700687126e-10
1.595744009750286569e-10
1.595767549592465696e-10
1.595790638478522326e-10
1.595813368845062731e-10
1.595835534702194099e-10
1.595856667286249706e-10
1.595877715016877307e-10
1.595898015116024683e-10
1.595918070085987794e-10
1.595937086385935236e-10
1.595955545524319024e-10
1.595973782224323519e-10
1.595991160276110598e-10
1.596008386539014502e-10
1.596024337750567042e-10
1.596040052786751856e-10
1.596055359352464795e-10
1.596069969474701766e-10
1.596084152910295412e-10
1.596097106845719665e-10
1.596110123271744064e-10
1.596122437254751512e-10
1.596134205055363575e-10
1.596145188084499501e-10
1.596155283796165160e-10
1.596165065284663577e-10
1.596173978851422731e-10
1.596182276787770222e-10
1.596189379148279601e-10
1.596196088217908526e-10
1.596202036984477423e-10
1.596207674615744305e-10
1.596212085066256231e-10
1.596215934941016523e-10
1.596219061755283097e-10
1.596221563316959531e-10
1.596223647761645148e-10
1.596224568221761017e-10
1.596224954384412542e-10
1.596224590482845662e-10
1.596223726818191421e-10
1.596222212408894924e-10
1.596219567532800691e-10
1.596216350837502348e-10
1.596212688517674146e-10
1.596208216035647313e-10
1.596203081934034711e-10
1.596196856626097787e-10
1.596190467871821315e-10
1.596183238083311391e-10
1.596175383449184190e-10
1.596166386880640830e-10
1.596156907492564188e-10
1.596146943177298062e-10
1.596135951080194671e-10
1.596124382104850544e-10
1.596111592893759885e-10
1.596098662358447981e-10
1.596084834522009407e-10
1.596070467433294620e-10
1.596055208940837340e-10
1.596039252605314496e-10
1.596022685522640735e-10
1.596005344767600296e-10
1.595987686058808051e-10
1.595969006774989629e-10
1.595949720374102408e-10
1.595929529528556748e-10
1.595909052741148989e-10
1.595887836731379112e-10
1.595865846363509829e-10
1.595842851382718649e-10
1.595819582678763788e-10
1.595795677060212923e-10
1.595771193045131306e-10
1.595745550937487446e-10
1.595719614660015935e-10
1.595693045949199386e-10
1.595665892972592050e-10
1.595637721725897314e-10
1.595609035159329437e-10
1.595580041221958513e-10
1.595550073757113111e-10
1.595519624599768011e-10
1.595488374623229299e-10
1.595456726675622228e-10
1.595424650355991333e-10
1.595391725362286849e-10
1.595358524524941184e-10
1.595324617955708453e-10
1.595290255418052302e-10
1.595255042145815657e-10
1.595219716786470107e-10
1.595183691001601120e-10
1.595147213126958607e-10
1.595109803365527242e-10
1.595072216643279483e-10
1.595033984756963470e-10
1.594995472764130988e-10
1.594956106491421906e-10
1.594916235913990311e-10
1.594875981570663015e-10
1.594835217804019575e-10
1.594793827123393736e-10
1.594752064572556585e-10
1.594709646518720704e-10
1.594666986262265564e-10
1.594623520786843135e-10
1.594579555025555198e-10
1.594535437388116533e-10
1.594491111720544074e-10
1.594445942277048023e-10
1.594400634332498158e-10
1.594354914366390048e-10
1.594309179384472278e-10
1.594263030978511535e-10
1.594216352360117903e-10
1.594169620488250025e-10
1.594122679407515982e-10
1.594075376492752999e-10
1.594027584197673705e-10
1.593979832843485239e-10
1.593931659416666904e-10
1.593883460403084272e-10
1.593834524865402681e-10
1.593785677364553684e-10
1.593736386178499775e-10
1.593687034166546701e-10
1.593637373835841599e-10
1.593587307801583770e-10
1.593537083810570529e-10
1.593486625680294640e-10
1.593435846397973109e-10
1.593385068282803422e-10
1.593333722031451302e-10
1.593282404441907408e-10
1.593230631391415400e-10
1.593178581154768077e-10
1.593126708429839437e-10
1.593074707213983166e-10
1.593022470005152495e-10
1.592970099483344811e-10
1.592917825359097762e-10
1.592865594418228183e-10
1.592813311936975406e-10
1.592760763758692432e-10
1.592708190771608526e-10
1.592655885815444915e-10
1.592603304859716579e-10
1.592550766495517982e-10
1.592498079694999234e-10
1.592445451563092612e-10
1.592392899412274746e-10
1.592340244713808391e-10
1.592287385597505978e-10
1.592234765613741979e-10
1.592181821863628012e-10
1.592129316558943367e-10
1.592076410375650509e-10
1.592023578809011988e-10
1.591970685268347612e-10
1.591917854214561070e-10
1.591865052071564117e-10
1.591812332199537298e-10
1.591759304568759725e-10
1.591706541869456691e-10
1.591653460263903378e-10
1.591600767283104683e-10
1.591548109718457505e-10
1.591495540480156136e-10
1.591443001915779831e-10
1.591390613541346577e-10
1.591338574924932499e-10
1.591286636095038027e-10
1.591234663484328108e-10
1.591182716433912708e-10
1.591130967857213484e-10
1.591079608177824891e-10
1.591028036033373650e-10
1.590976838762626525e-10
1.590925497519439424e-10
1.590874414224668132e-10
1.590823517184914598e-10
1.590772711060995779e-10
1.590722009537787731e-10
1.590671450091121695e-10
1.590620824585398350e-10
1.590570634053013706e-10
1.590520511956176271e-10
1.590470429689739691e-10
1.590420431324232643e-10
1.590370556566392480e-10
1.590320992380130746e-10
1.590271578088922173e-10
1.590222071973634571e-10
1.590172823281503089e-10
1.590123509586623941e-10
1.590074742403771652e-10
1.590026000850697053e-10
1.589977421888243657e-10
1.589929133545772314e-10
1.589880995590113007e-10
1.589833318094467846e-10
1.589785806268623718e-10
1.589738237537302939e-10
1.589690967139009836e-10
1.589643743799848961e-10
