1.654015255110916188e-07
1.697573191168328113e-07
1.752782481863364910e-07
1.802201549957945756e-07
1.846472612315148761e-07
1.886155007663028846e-07
1.921738717194507993e-07
1.953602451606049500e-07
1.981373006536989731e-07
2.007591942755438612e-07
2.030156314355231204e-07
2.050415988800526356e-07
2.067972442660629555e-07
2.083906377623008367e-07
2.097483811800162716e-07
2.109540847327433057e-07
2.119738187438118887e-07
2.128494177439979070e-07
2.135260448073960172e-07
2.141157974665704845e-07
2.146489634278347303e-07
2.150011787115044376e-07
2.152412862765662298e-07
2.154137938469771913e-07
2.154641238582556300e-07
2.154413455353103809e-07
2.153555942722188092e-07
2.151464645346415338e-07
2.148726151532553660e-07
2.145886840524182718e-07
2.142740975326110727e-07
2.138565296413754579e-07
2.133705368371346489e-07
2.128551382229220849e-07
2.122992655458271271e-07
2.116605067587593159e-07
2.109759223860891889e-07
2.102886739955104539e-07
2.096108015772351951e-07
2.089137832245466815e-07
2.081470020924693675e-07
2.073319142950045809e-07
2.064994318395268623e-07
2.056602903686959948e-07
2.047995100106603896e-07
2.038892642477721570e-07
2.029503255927255871e-07
2.020096572148884142e-07
2.010809336645899062e-07
2.001611309999724319e-07
1.992268055947507437e-07
1.982465449526159501e-07
1.972348683804832856e-07
1.962148741789231700e-07
1.952020619335783660e-07
1.942024526849040444e-07
1.932105510760686487e-07
1.922071444469093148e-07
1.911688198099609766e-07
1.901067552971262217e-07
1.890391193556731160e-07
1.879795421241646268e-07
1.869360663709524693e-07
1.859100183073210639e-07
1.848947959642601497e-07
1.838745728219181619e-07
1.828313033705365663e-07
1.817719959643830654e-07
1.807087207797943573e-07
1.796504927654867117e-07
1.786026595068533802e-07
1.775662474457267224e-07
1.765372653792613542e-07
1.755059641614706436e-07
1.744615064224327997e-07
1.734096029123770669e-07
1.723592030046454300e-07
1.713171884218244907e-07
1.702880010754288129e-07
1.692732479996387233e-07
1.682712828421281259e-07
1.672767633747953604e-07
1.662801844874243781e-07
1.652718044439733810e-07
1.642559188094795353e-07
1.632399181001374708e-07
1.622300447639829466e-07
1.612311911699086956e-07
1.602466861329632530e-07
1.592780697302393237e-07
1.583248561617329114e-07
1.573842844103597221e-07
1.564510564555318247e-07
1.555170627945742799e-07
1.545743711709362655e-07
1.536257721454172619e-07
1.526765167497052112e-07
1.517311807066455098e-07
1.507935556388208079e-07
1.498665347155217697e-07
1.489519926310014491e-07
1.480506598067100899e-07
1.471619907102786255e-07
1.462840261841395925e-07
1.454132496763605033e-07
1.445444372666776536e-07
1.436726011104562734e-07
1.427997101528142348e-07
1.419292950992114980e-07
1.410644285919800665e-07
1.402076617633051913e-07
1.393609579041785040e-07
1.385256231995201871e-07
1.377022344797017039e-07
1.368905639386992840e-07
1.360895007691017429e-07
1.352969696642147463e-07
1.345098461374480383e-07
1.337238686092780363e-07
1.329351072061885021e-07
1.321449391912248481e-07
1.313559841359490494e-07
1.305706058109005680e-07
1.297908785356243363e-07
1.290185521343395726e-07
1.282550154753390685e-07
1.275012585723952006e-07
1.267578332262953924e-07
1.260248121846959294e-07
1.253017467985293503e-07
1.245876231530616719e-07
1.238808166518783465e-07
1.231790450319110913e-07
1.224793197877116964e-07
1.217789488063501580e-07
1.210788785996847179e-07
1.203809111945625606e-07
1.196866905592925385e-07
1.189976840863164389e-07
1.183151633878128636e-07
1.176401843944991819e-07
1.169735667480552413e-07
1.163158724774739080e-07
1.156673839497351882e-07
1.150280810851197492e-07
1.143976178275460577e-07
1.137752978602701169e-07
1.131600495573108147e-07
1.125504001609429374e-07
1.119444491756314219e-07
1.113398409687469148e-07
1.107344969112737293e-07
1.101290194544400806e-07
1.095246569367834657e-07
1.089225710561539641e-07
1.083238274005206198e-07
1.077293856612626391e-07
1.071400895249006103e-07
1.065566562392493549e-07
1.059796658500299905e-07
1.054095501038621057e-07
1.048465810136804171e-07
1.042908590825302138e-07
1.037423011817364214e-07
1.032006280794546412e-07
1.026653516155552433e-07
1.021357615188565984e-07
1.016109118626969990e-07
1.010896071547974725e-07
1.005703880574648703e-07
1.000519886032229285e-07
9.953482112497410979e-08
9.901969759964670006e-08
9.850737320988205853e-08
9.799854105042391653e-08
9.749382667730869744e-08
9.699378249801711573e-08
9.649888200086509013e-08
9.600951382186086618e-08
9.552597564721195224e-08
9.504846794977654008e-08
9.457708755762837648e-08
9.411182105299263287e-08
9.365253799978940963e-08
9.319898399798343407e-08
9.275077356300476580e-08
9.230738282842051326e-08
9.186814207015556813e-08
9.143222805040804338e-08
9.099865617957025952e-08
9.056627249430474996e-08
9.013408648766874985e-08
8.970234039171326571e-08
8.927157571747081455e-08
8.884230295067702964e-08
8.841499887419310565e-08
8.799010381857046856e-08
8.756801884004609620e-08
8.714910282521316128e-08
8.673366952168086029e-08
8.632198449394255671e-08
8.591426200376866965e-08
8.551066181436453257e-08
8.511128591758146294e-08
8.471617518344802855e-08
8.432530593128743726e-08
8.393858642169483842e-08
8.355585326865201715e-08
8.317686777104483894e-08
8.280131216284653926e-08
8.242878578125369612e-08
8.205880115204611969e-08
8.169077999141260405e-08
8.132404912355195783e-08
8.095804234189628243e-08
8.059294380584094504e-08
8.022911868888264599e-08
7.986691296361989370e-08
7.950665193621322446e-08
7.914863874564810621e-08
7.879315282750681786e-08
7.844044834192049626e-08
7.809075256537504490e-08
7.774426424605108300e-08
7.740115192240013684e-08
7.706155220459936075e-08
7.672556801859870233e-08
7.639326681241678855e-08
7.606467872438056126e-08
7.573979471298307054e-08
7.541856464803715624e-08
7.510089536280076310e-08
7.478664866677413219e-08
7.447563931882268392e-08
7.416763296032014431e-08
7.386234400798852031e-08
7.355943350612039670e-08
7.325850693784512542e-08
7.295911199515047929e-08
7.266073630730176639e-08
7.236294992624327085e-08
7.206585597591099046e-08
7.176968717568755342e-08
7.147466485775898689e-08
7.118099819769710603e-08
7.088888342853205295e-08
7.059850303816012415e-08
7.031002494994725842e-08
7.002360168642296776e-08
6.973936951590258399e-08
6.945744758190282502e-08
6.917793701523687424e-08
6.890092002864064928e-08
6.862645899378760157e-08
6.835459550057379276e-08
6.808534939852812746e-08
6.781871782021776262e-08
6.755467418651246653e-08
6.729316719356630118e-08
6.703411978139685201e-08
6.677742808391112746e-08
6.652296036025239674e-08
6.627055590733826400e-08
6.602002395343711587e-08
6.577114253266515184e-08
6.552365734026833996e-08
6.527728056853709642e-08
6.503168972324317793e-08
6.478652642044526202e-08
6.454149366579367515e-08
6.429666145668166264e-08
6.405219026600776996e-08
6.380823496705881273e-08
6.356494446418035071e-08
6.332246131621164744e-08
6.308092135260967685e-08
6.284045328224364779e-08
6.260117829476343201e-08
6.236320965452998396e-08
6.212665228702304933e-08
6.189160235769175141e-08
6.165814684318982197e-08
6.142636309492665500e-08
6.119631839491730909e-08
6.096806950382888775e-08
6.074166220121965837e-08
6.051713081787628016e-08
6.029449776022366398e-08
6.007377302673798090e-08
5.985495371631550471e-08
5.963802352855228979e-08
5.942295225585030532e-08
5.920969526734543326e-08
5.899819298456161547e-08
5.878837034874888419e-08
5.858013627987124261e-08
5.837338312716077719e-08
5.816798611120925584e-08
5.796380275752897271e-08
5.776067232153556449e-08
5.755841520489995157e-08
5.735683236321089231e-08
5.715576049582841947e-08
5.695524454928765240e-08
5.675537995793942395e-08
5.655625805662545932e-08
5.635796586603926767e-08
5.616058587441556946e-08
5.596419581552438373e-08
5.576886844295219276e-08
5.557467130063354338e-08
5.538166648962240423e-08
5.518991043107491023e-08
5.499945362540838183e-08
5.481034040763718167e-08
5.462260869883445437e-08
5.443628975371191419e-08
5.425140790429483741e-08
5.406798029965794774e-08
5.388601664170271978e-08
5.370551891695733337e-08
5.352648112436870627e-08
5.334888899906523742e-08
5.317271973206860855e-08
5.299794168592269501e-08
5.282451410622351882e-08
5.265238682902934587e-08
5.248149998411288375e-08
5.231178369404257679e-08
5.214315776907243800e-08
5.197553139780327417e-08
5.180880283360183101e-08
5.164285907675134213e-08
5.147757555230772040e-08
5.131281578364044716e-08
5.114843106162885088e-08
5.098426010949675506e-08
5.082012874325887337e-08
5.065584952774959719e-08
5.049126862475836430e-08
5.032641136964842614e-08
5.016134804508379852e-08
4.999614767510704064e-08
4.983087794334261349e-08
4.966560510986628049e-08
4.950039392673143805e-08
4.933530755214774401e-08
4.917040746330031110e-08
4.900575336780100835e-08
4.884140311376760886e-08
4.867741259852359069e-08
4.851383567589931440e-08
4.835072406214384141e-08
4.818812724042630371e-08
4.802609236392210636e-08
4.786466415748027710e-08
4.770388481785731193e-08
4.754379391251284475e-08
4.738442827696524195e-08
4.722582191067957335e-08
4.706800587150983695e-08
4.691100816865317835e-08
4.675485365414493715e-08
4.659956391284663637e-08
4.644515715095820895e-08
4.629164808301626532e-08
4.613904781738109534e-08
4.598736374021840010e-08
4.583659939793568487e-08
4.568675437809935289e-08
4.553782418880139138e-08
4.538980013647612617e-08
4.524266920216264449e-08
4.509641391619681863e-08
4.495101223132682920e-08
4.480643739425128810e-08
4.466265781556497263e-08
4.451963693810045783e-08
4.437734695149330405e-08
4.423581134580449868e-08
4.409506526524097210e-08
4.395514187190495882e-08
4.381607227345367802e-08
4.367788544979690380e-08
4.354060817883077070e-08
4.340426496120460510e-08
4.326887794410990345e-08
4.313446684409203956e-08
4.300104886888043941e-08
4.286863863822639726e-08
4.273724810374527080e-08
4.260688646776611902e-08
4.247756010117149156e-08
4.234927246023265685e-08
4.222202400242584300e-08
4.209581210123554632e-08
4.197063095993124267e-08
4.184647152431505290e-08
4.172332139443407603e-08
4.160116473526083775e-08
4.147998218632569447e-08
4.135975077029429092e-08
4.124044380050851413e-08
4.112203078744768553e-08
4.100447734414700256e-08
4.088774509053115606e-08
4.077179155668713152e-08
4.065657008504910911e-08
4.054202973150405825e-08
4.042811516541406329e-08
4.031476656853714222e-08
4.020191953285326879e-08
4.008950495729021125e-08
3.997744894333926170e-08
3.986567268955532374e-08
3.975409238494358189e-08
3.964261910122121210e-08
3.953117964161223004e-08
3.941978087810917091e-08
3.930844955966143369e-08
3.919721171502803193e-08
3.908609262346522450e-08
3.897511678505029276e-08
3.886430789061911707e-08
3.875368879134250688e-08
3.864328146791570824e-08
3.853310699936638234e-08
3.842318553148908898e-08
3.831353624489361563e-08
3.820417732266118970e-08
3.809512591762723549e-08
3.798639811926629013e-08
3.787800892018692062e-08
3.776997218223815697e-08
3.766230060222252501e-08
3.755500567720674502e-08
3.744809766944527027e-08
3.734158557089331225e-08
3.723547706732897352e-08
3.712977850206552904e-08
3.702449483926099629e-08
3.691962962682537804e-08
3.681518495891030453e-08
3.671116143800073571e-08
3.660755813658301457e-08
3.650437255840902478e-08
3.640160059933845309e-08
3.629923650776544315e-08
3.619727284463010386e-08
3.609570044300239850e-08
3.599450836724989578e-08
3.589368387177766339e-08
3.579321235934035042e-08
3.569307733893306264e-08
3.559326038324254844e-08
3.549374108567873941e-08
3.539450397900312627e-08
3.529555985672163659e-08
3.519692569152065617e-08
3.509861777036575437e-08
3.500065167277264210e-08
3.490304224883328424e-08
3.480580359700047539e-08
3.470894904162723924e-08
3.461249111025840466e-08
3.451644151067468933e-08
3.442081110769293056e-08
3.432560989971055182e-08
3.423084699500253684e-08
3.413653058777091134e-08
3.404266793393316642e-08
3.394926532666483738e-08
3.385632807168437274e-08
3.376386046228247054e-08
3.367186575409379766e-08
3.358034613961086025e-08
3.348930272244578929e-08
3.339873549131948084e-08
3.330864329380092763e-08
3.321902380977887512e-08
3.312987352467473538e-08
3.304118770238550929e-08
3.295296035796730483e-08
3.286518423004820194e-08
3.277785075297774300e-08
3.269095002870576988e-08
3.260447079839193096e-08
3.251840041374519638e-08
3.243272480809338155e-08
3.234742846717672322e-08
3.226249439967014030e-08
3.217790410743434487e-08
3.209363755548223760e-08
3.200967314167779306e-08
3.192598766615072562e-08
3.184256272221384326e-08
3.175940433827441609e-08
3.167652440279157604e-08
3.159393433006037421e-08
3.151164504660863034e-08
3.142966697744836379e-08
3.134801003219404851e-08
3.126668359103313358e-08
3.118569649056074060e-08
3.110505700946828110e-08
3.102477285409062594e-08
3.094485114381397762e-08
3.086529839633336106e-08
3.078612051277180983e-08
3.070732276265165245e-08
3.062890976872170390e-08
3.055088549163887322e-08
3.047325321450137506e-08
3.039601552723817710e-08
3.031917431084707350e-08
3.024273072148982152e-08
3.016668517443276078e-08
3.009103732784184880e-08
3.001578606642830761e-08
2.994092948494140749e-08
2.986646487151318533e-08
2.979238869084848020e-08
2.971869656726706906e-08
2.964538326758963078e-08
2.957244268387250149e-08
2.949986781598824021e-08
2.942765075405235869e-08
2.935578266069382999e-08
2.928425375317345860e-08
2.921305328534323674e-08
2.914216952944949916e-08
2.907158975778112716e-08
2.900130022415921185e-08
2.893128614526743884e-08
2.886153514621319083e-08
2.879204783886559991e-08
2.872282777063074709e-08
2.865387799985128667e-08
2.858520108487723964e-08
2.851679907303770747e-08
2.844867348950798055e-08
2.838082532608423408e-08
2.831325502985279151e-08
2.824596249176113872e-08
2.817894703508619584e-08
2.811220740380318171e-08
2.804574175085102794e-08
2.797954762629646653e-08
2.791362196539759531e-08
2.784796107656133587e-08
2.778256062919840385e-08
2.771741564147822349e-08
2.765252046797551121e-08
2.758786878721588374e-08
2.752345358911495829e-08
2.745926716231274178e-08
2.739530108140577044e-08
2.733154619406737836e-08
2.726799260806878359e-08
2.720462967818958370e-08
2.714144599302207760e-08
2.707842936167021453e-08
2.701556680033934528e-08
2.695284451882005791e-08
2.689024790685976500e-08
2.682776152043227979e-08
2.676536906789268209e-08
2.670305339602588828e-08
2.664079647598542789e-08
2.657857938912067994e-08
2.651638231269528525e-08
2.645418450549536192e-08
2.639196429332603473e-08
2.632970536085275132e-08
2.626741600299752369e-08
2.620511080355177556e-08
2.614280441321443702e-08
2.608051154804872334e-08
2.601824698791484271e-08
2.595602557488506863e-08
2.589386221163474120e-08
2.583177185981470661e-08
2.576976953839808414e-08
2.570787032201170722e-08
2.564608933923808378e-08
2.558444177090378088e-08
2.552294284834069104e-08
2.546160785162630477e-08
2.540045210780442856e-08
2.533949098908012781e-08
2.527873991099808991e-08
2.521821433059091092e-08
2.515792974451347242e-08
2.509790168714768875e-08
2.503814572869142532e-08
2.497867747321986849e-08
2.491951255672598433e-08
2.486066664513888836e-08
2.480215543231877627e-08
2.474399463802900465e-08
2.468620000588501391e-08
2.462878730128224086e-08
2.457177230929656889e-08
2.451517083256575628e-08
2.445899868914702187e-08
2.440327171034722127e-08
2.434800573853606259e-08
2.429321662492964617e-08
2.423892022735437704e-08
2.418513240798649535e-08
2.413186903106538190e-08
2.407914596058507903e-08
2.402697505068201720e-08
2.397535191493652204e-08
2.392426758111454906e-08
2.387371243729531748e-08
2.382367622190264558e-08
2.377414801366014917e-08
2.372511622147517341e-08
2.367656857424756365e-08
2.362849211061166309e-08
2.358087316859407350e-08
2.353369737520802424e-08
2.348694963596872235e-08
2.344061412433455413e-08
2.339467427107614339e-08
2.334911275357000387e-08
2.330391148501522749e-08
2.325905160357925676e-08
2.321451346146432724e-08
2.317027661390370223e-08
2.312631980807492138e-08
2.308262097194414848e-08
2.303915720303188414e-08
2.299590475709895483e-08
2.295283903676353155e-08
2.290993458003306472e-08
2.286716504876746058e-08
2.282450321705652845e-08
2.278192095952760417e-08
2.273938923957046860e-08
2.269687809748750229e-08
2.265435663856491717e-08
2.261179302106321903e-08
2.256915444413545380e-08
2.252640713565752455e-08
2.248351633998974002e-08
2.244044630565083084e-08
2.239716027291766846e-08
2.235362046134298064e-08
2.230978805719539139e-08
2.226563196263020751e-08
2.222115549322769285e-08
2.217637082967797836e-08
2.213129036307319636e-08
2.208592669653434633e-08
2.204029264684601886e-08
2.199440124609862709e-08
2.194826574333520752e-08
2.190189960620640986e-08
2.185531652263197205e-08
2.180853040246752225e-08
2.176155537917990084e-08
2.171440581152936455e-08
2.166709628525567828e-08
2.161964161477383876e-08
2.157205684487593238e-08
2.152435725243841952e-08
2.147655834813739276e-08
2.142867587817074708e-08
2.138072582598551163e-08
2.133272441401459488e-08
2.128468810541783434e-08
2.123663360583148685e-08
2.118857786512233128e-08
2.114053807915389764e-08
2.109253169155114442e-08
2.104457639548104761e-08
2.099669013543156503e-08
2.094889110900609225e-08
2.090119776871662798e-08
2.085362882378935719e-08
2.080620324197535273e-08
2.075894025136769263e-08
2.071185934222593602e-08
2.066498026880862260e-08
2.061832305121112242e-08
2.057190797721022879e-08
2.052575560411873359e-08
2.047988676064190511e-08
2.043431940695600209e-08
2.038905906737367270e-08
2.034410800381915053e-08
2.029946831914139021e-08
2.025514195434831954e-08
2.021113068581675600e-08
2.016743612248743724e-08
2.012405970303804868e-08
2.008100269303590569e-08
2.003826618207357601e-08
1.999585108088354142e-08
1.995375811843079026e-08
1.991198783899057031e-08
1.987054059920164054e-08
1.982941656510263519e-08
1.978861570914628920e-08
1.974813780719528363e-08
1.970798243549739839e-08
1.966814896763999531e-08
1.962863657148617098e-08
1.958944420608752014e-08
1.955057061858007428e-08
1.951201434105656298e-08
1.947377368742263461e-08
1.943584675022642192e-08
1.939823139747459149e-08
1.936092526942202603e-08
1.932392577534400020e-08
1.928723009028671402e-08
1.925083515179890709e-08
1.921473765663819084e-08
1.917893405746136322e-08
1.914342055949199578e-08
1.910819311716590200e-08
1.907324743075756055e-08
1.903857894298486972e-08
1.900418283559057877e-08
1.897005402590748651e-08
1.893618716339771954e-08
1.890257704802905584e-08
1.886921991064005139e-08
1.883611217610365216e-08
1.880325004303062035e-08
1.877062948076537647e-08
1.873824622636066902e-08
1.870609578153868164e-08
1.867417340962929026e-08
1.864247413249199164e-08
1.861099272741758268e-08
1.857972372401301468e-08
1.854866140106538295e-08
1.851779978338821797e-08
1.848713263864842060e-08
1.845665347417533011e-08
1.842635553374878191e-08
1.839623179436979436e-08
1.836627496301123798e-08
1.833647747335097157e-08
1.830683148248312105e-08
1.827732886761253334e-08
1.824796122272815372e-08
1.821871985525908538e-08
1.818959578270910248e-08
1.816057972927285282e-08
1.813166212243346543e-08
1.810283308953803942e-08
1.807408245435706557e-08
1.804539973362069030e-08
1.801677413353810502e-08
1.798819454629542893e-08
1.795964954653539368e-08
1.793112738781485977e-08
1.790261599904612005e-08
1.787410298091404965e-08
1.784557560227688097e-08
1.781702079654495593e-08
1.778842515803984076e-08
1.775977493833468056e-08
1.773105856868342565e-08
1.770227433869113993e-08
1.767342299767360880e-08
1.764450525367923861e-08
1.761552177275766363e-08
1.758647317822702942e-08
1.755736004993234269e-08
1.752818292350200140e-08
1.749894228959803823e-08
1.746963859316239357e-08
1.744027223265458596e-08
1.741084355929219805e-08
1.738135287627711542e-08
1.735180043802446179e-08
1.732218644938088037e-08
1.729251106484269917e-08
1.726277438776497768e-08
1.723297646956824395e-08
1.720311730893909067e-08
1.717319685102519611e-08
1.714321498662663927e-08
1.711317155138163981e-08
1.708306632494648792e-08
1.705289903017109335e-08
1.702266933227048135e-08
1.699237683798760315e-08
1.696202109475515054e-08
1.693160158985060744e-08
1.690111774954463434e-08
1.687056893824712014e-08
1.683995445764565699e-08
1.680927354584006455e-08
1.677852537647153419e-08
1.674770905784573487e-08
1.671682363205261024e-08
1.668586807407815208e-08
1.665484129091402311e-08
1.662374212065907338e-08
1.659256933161721712e-08
1.656132351248487265e-08
1.653001281888138404e-08
1.649864742984677205e-08
1.646723767630986405e-08
1.643579404221507943e-08
1.640432716565608062e-08
1.637284784001389091e-08
1.634136701509832100e-08
1.630989579829502029e-08
1.627844545571749138e-08
1.624702741336299225e-08
1.621565325827422867e-08
1.618433473970435542e-08
1.615308377028809859e-08
1.612191242721651747e-08
1.609083295341772217e-08
1.605985775874065179e-08
1.602899942114489104e-08
1.599827068789602887e-08
1.596768447676374696e-08
1.593725387722470571e-08
1.590699215167353667e-08
1.587691273663433126e-08
1.584702924398048405e-08
1.581735546215627302e-08
1.578790535740596732e-08
1.575869307500607817e-08
1.572973294050340009e-08
1.570103946095702260e-08
1.567262732618604947e-08
1.564451141002195013e-08
1.561670677156554335e-08
1.558922865644894400e-08
1.556209249810214197e-08
1.553531391902619860e-08
1.550890873206867644e-08
1.548289294170585192e-08
1.545728274532906395e-08
1.543209453453734904e-08
1.540734057719177803e-08
1.538301589933993595e-08
1.535911095943468001e-08
1.533561592442644906e-08
1.531252066679980640e-08
1.528981476159641667e-08
1.526748748342280278e-08
1.524552780344337888e-08
1.522392438635809789e-08
1.520266558736496155e-08
1.518173944910764125e-08
1.516113369860895403e-08
1.514083574418787777e-08
1.512083267236126346e-08
1.510111124473181630e-08
1.508165789486019494e-08
1.506245872512106338e-08
1.504349950354475002e-08
1.502476566064393458e-08
1.500624228622329530e-08
1.498791412617616922e-08
1.496976557926392449e-08
1.495178069388002985e-08
1.493394316480047552e-08
1.491623632991616169e-08
1.489864316695147301e-08
1.488114629016738482e-08
1.486372794704636973e-08
1.484637001496656086e-08
1.482905399785479706e-08
1.481176102282828616e-08
1.479447183681738373e-08
1.477716680317589128e-08
1.475982589827191406e-08
1.474242870806548405e-08
1.472495442466988573e-08
1.470738184289586757e-08
1.468968935678227280e-08
1.467185495610740521e-08
1.465386112404711031e-08
1.463570971256547199e-08
1.461740754439435036e-08
1.459896155638235757e-08
1.458037880036812897e-08
1.456166644405596814e-08
1.454283177189704417e-08
1.452388218597190890e-08
1.450482520687955896e-08
1.448566847462688489e-08
1.446641974952461361e-08
1.444708691308502933e-08
1.442767796892385851e-08
1.440820104366660340e-08
1.438866438785762179e-08
1.436907637687258993e-08
1.434944551183608739e-08
1.432978042054175277e-08
1.431008985837608724e-08
1.429038270924670844e-08
1.427066798651360023e-08
1.425095483392422392e-08
1.423125252655354282e-08
1.421157047174518007e-08
1.419191821005854043e-08
1.417230541622032445e-08
1.415274190007568688e-08
1.413323760754869264e-08
1.411380262160200182e-08
1.409444716320327473e-08
1.407518159229328756e-08
1.405601640875978862e-08
1.403696225341273440e-08
1.401802990896566487e-08
1.399923030102053651e-08
1.398057449905347338e-08
1.396207371740946014e-08
1.394373931629569656e-08
1.392558280278232070e-08
1.390761230089368927e-08
1.388982183877579363e-08
1.387220172920117119e-08
1.385474206844148418e-08
1.383743273435043920e-08
1.382026338443770711e-08
1.380322345393414098e-08
1.378630215384906134e-08
1.376948846901736546e-08
1.375277115613993485e-08
1.373613874181230501e-08
1.371957952054934825e-08
1.370308155279475282e-08
1.368663266292867574e-08
1.367022043726115977e-08
1.365383222201887672e-08
1.363745512132430204e-08
1.362107599516293671e-08
1.360468145734462791e-08
1.358825787345465262e-08
1.357179135879542587e-08
1.355526777632080745e-08
1.353867273455976934e-08
1.352199158553242337e-08
1.350520942265640228e-08
1.348831107864501196e-08
1.347128112339493314e-08
1.345410386186616736e-08
1.343676333195343497e-08
1.341924330234628363e-08
1.340152727038294345e-08
1.338359845989214821e-08
1.336543981902897282e-08
1.334703401809919281e-08
1.332836344737559201e-08
1.330941021490397351e-08
1.329015614430283443e-08
1.327058277254984713e-08
1.325067134776236656e-08
1.323040857115626455e-08
1.320980401648314127e-08
1.318887322812222752e-08
1.316763202607693930e-08
1.314609650810611859e-08
1.312428305186634180e-08
1.310220831706358198e-08
1.307988924761075060e-08
1.305734307379713428e-08
1.303458731446413616e-08
1.301163977919200233e-08
1.298851857049318222e-08
1.296524208601610316e-08
1.294182902075762211e-08
1.291829836928277146e-08
1.289466942795566348e-08
1.287096179717800648e-08
1.284719538363614261e-08
1.282339040255758996e-08
1.279956737997736027e-08
1.277574715501138376e-08
1.275195088213992471e-08
1.272820003350063195e-08
1.270451640118857911e-08
1.268092209956791180e-08
1.265743956759051596e-08
1.263409157112411934e-08
1.261090120529047465e-08
1.258789189681068297e-08
1.256508740636222171e-08
1.254251183094262983e-08
1.252018960624359880e-08
1.249814550903373265e-08
1.247640465955069465e-08
1.245499252390299245e-08
1.243393491647972227e-08
1.241325800236991338e-08
1.239298829979228844e-08
1.237315268253270830e-08
1.235377146474966273e-08
1.233483743154810647e-08
1.231633620900921667e-08
1.229825312493275390e-08
1.228057320642517060e-08
1.226328117747664020e-08
1.224636145652923057e-08
1.222979815403389383e-08
1.221357506999789243e-08
1.219767569152277048e-08
1.218208319033207633e-08
1.216678042028767672e-08
1.215174991489786519e-08
1.213697388481481820e-08
1.212243421532111414e-08
1.210811246380668525e-08
1.209398985723662751e-08
1.208004728960615614e-08
1.206626531938898337e-08
1.205262416697207586e-08
1.203910371208286488e-08
1.202568349120374447e-08
1.201234269497901072e-08
1.199906016560916014e-08
1.198581439423701380e-08
1.197258351832024598e-08
1.195934531899846988e-08
1.194607721844502555e-08
1.193275627721222642e-08
1.191935919156336432e-08
1.190586229079653041e-08
1.189224153455612929e-08
1.187847251013624538e-08
1.186453042977082406e-08
1.185039012791595155e-08
1.183602605851909187e-08
1.182141229228095187e-08
1.180652251390370116e-08
1.179133001933049836e-08
1.177581470749169658e-08
1.175998427424004960e-08
1.174385360110162967e-08
1.172743781558947462e-08
1.171075229298029574e-08
1.169381265809696763e-08
1.167663478709705810e-08
1.165923480926938176e-08
1.164162910883609734e-08
1.162383432676281877e-08
1.160586736257445861e-08
1.158774537617914638e-08
1.156948578969704219e-08
1.155110628929809884e-08
1.153262482704541718e-08
1.151405962274574023e-08
1.149542916580713366e-08
1.147675221710295465e-08
1.145804781084334963e-08
1.143933525645269787e-08
1.142063414045601508e-08
1.140196432836920168e-08
1.138334596659959949e-08
1.136479948435054862e-08
1.134634559553509459e-08
1.132800530069478105e-08
1.130979988892789875e-08
1.129175093982252392e-08
1.127388032539633124e-08
1.125621021204627677e-08
1.123876306250229100e-08
1.122156163778921065e-08
1.120462899919636022e-08
1.118798851025286925e-08
1.117166383871099330e-08
1.115567895853665795e-08
1.114005815190650606e-08
1.112482601121199097e-08
1.111000744107134277e-08
1.109562125300105901e-08
1.108166075712350387e-08
1.106811265500403632e-08
1.105496339826926880e-08
1.104219918674591913e-08
1.102980596659369011e-08
1.101776942842996678e-08
1.100607500544865706e-08
1.099470787153056392e-08
1.098365293934708202e-08
1.097289485845776339e-08
1.096241801339886849e-08
1.095220652176654219e-08
1.094224423229113072e-08
1.093251472290597302e-08
1.092300129880732304e-08
1.091368699050882920e-08
1.090455455188689839e-08
1.089558645822019348e-08
1.088676490422153741e-08
1.087807180206201197e-08
1.086948877938845401e-08
1.086099717733319109e-08
1.085257804851754342e-08
1.084421215504516645e-08
1.083587996649243045e-08
1.082756165788727084e-08
1.081923710768343117e-08
1.081088589572568151e-08
1.080248730120932105e-08
1.079402030063035837e-08
1.078546356572970457e-08
1.077679546142985395e-08
1.076799404376330779e-08
1.075903705779401832e-08
1.074990193553224017e-08
1.074056579384019170e-08
1.073100543233142164e-08
1.072119733126316937e-08
1.071112212843179739e-08
1.070077818115065962e-08
1.069016835058430880e-08
1.067929555477431274e-08
1.066816276903846978e-08
1.065677302637329015e-08
1.064512941785512060e-08
1.063323509304569455e-08
1.062109326039662506e-08
1.060870718765729583e-08
1.059608020228257196e-08
1.058321569184300040e-08
1.057011710443658053e-08
1.055678794910061569e-08
1.054323179622688342e-08
1.052945227797694462e-08
1.051545308869923122e-08
1.050123798534824308e-08
1.048681078790385578e-08
1.047217537979358640e-08
1.045733570831563023e-08
1.044229578506219525e-08
1.042705968634741096e-08
1.041163155363324198e-08
1.039601559395920844e-08
1.038021608037268526e-08
1.036423735236052507e-08
1.034808381628283330e-08
1.033175994580731418e-08
1.031527028234694021e-08
1.029861943549554552e-08
1.028181208346945093e-08
1.026485297354719156e-08
1.024774692251199059e-08
1.023049881709552516e-08
1.021311361442378493e-08
1.019559634246333441e-08
1.017795210046972758e-08
1.016018605943799040e-08
1.014230502989782323e-08
1.012432220737738930e-08
1.010625254640831220e-08
1.008811120516953285e-08
1.006991354677713385e-08
1.005167514057812608e-08
1.003341176344888239e-08
1.001513940109769889e-08
9.996874249371980226e-09
9.978632715570237324e-09
9.960431419756972083e-09
9.942287196083850225e-09
9.924217094113686588e-09
9.906238380150386117e-09
9.888368538571614547e-09
9.870625273167342069e-09
9.853026508482109314e-09
9.835590391161263796e-09
9.818335291303484588e-09
9.801279803815365021e-09
9.784442749771977554e-09
9.767843177781696967e-09
9.751500365354962593e-09
9.735433820278281562e-09
9.719663281992336520e-09
9.704208722974020792e-09
9.689090350123795639e-09
9.674328606157577145e-09
9.659944171002869851e-09
9.645957963198248823e-09
9.632391141300087812e-09
9.619265105291146923e-09
9.606601497995142454e-09
9.594422206495527082e-09
9.582749363558730205e-09
9.571605349061631799e-09
9.561012791424902638e-09
9.550994569048890576e-09
9.541573811755998540e-09
9.532766099452614834e-09
9.524555848192065207e-09
9.516919355922719118e-09
9.509832551301546375e-09
9.503270991278097927e-09
9.497209858672180235e-09
9.491623959744276914e-09
9.486487721756342008e-09
9.481775190524428976e-09
9.477460027964692319e-09
9.473515509627975760e-09
9.469914522230181811e-09
9.466629561170978089e-09
9.463632728045886186e-09
9.460895728149519707e-09
9.458389867971046817e-09
9.456086052680388352e-09
9.453954783606971317e-09
9.451966155710210572e-09
9.450089855040395222e-09
9.448295156192213102e-09
9.446550919750501420e-09
9.444825589725483928e-09
9.443087190982232726e-09
9.441303326659368442e-09
9.439441175580803821e-09
9.437467489658485940e-09
9.435348591286816981e-09
9.433050370728515341e-09
9.430538283491999800e-09
9.427777347700202430e-09
9.424732141451299968e-09
9.421366800170478532e-09
9.417645013953122146e-09
9.413530024899502795e-09
9.408984624441969624e-09
9.403971150661144886e-09
9.398451485596562910e-09
9.392387052546246344e-09
9.385748361367900631e-09
9.378543895200715625e-09
9.370791895174537513e-09
9.362510875237524948e-09
9.353719623866088534e-09
9.344437205780728116e-09
9.334682963667670261e-09
9.324476519905855937e-09
9.313837778299526559e-09
9.302786925816817011e-09
9.291344434333336575e-09
9.279531062381654272e-09
9.267367856906865633e-09
9.254876155027082854e-09
9.242077585799912080e-09
9.228994071994787126e-09
9.215647831870770872e-09
9.202061380959552993e-09
9.188257533855417522e-09
9.174259406009538219e-09
9.160090415530568785e-09
9.145774284991089515e-09
9.131335043239792928e-09
9.116797027218468702e-09
9.102184883786226437e-09
9.087523571548516069e-09
9.072838362691566309e-09
9.058154844823814424e-09
9.043498922821544703e-09
9.028896820681955010e-09
9.014375083380741397e-09
8.999960578735529229e-09
8.985680499276474308e-09
8.971562364120472166e-09
8.957634020853415816e-09
8.943923647416248614e-09
8.930459753998711555e-09
8.917271184937640058e-09
8.904387120621340533e-09
8.891830407715920918e-09
8.879597379756675038e-09
8.867677581835580473e-09
8.856060399875005817e-09
8.844735059636872384e-09
8.833690625727762723e-09
8.822916000602085263e-09
8.812399923561061696e-09
8.802130969748571071e-09
8.792097549144801861e-09
8.782287905555478613e-09
8.772690115598400264e-09
8.763292087686959241e-09
8.754081561009814180e-09
8.745046104508536044e-09
8.736173115850208447e-09
8.727449820398539044e-09
8.718863270180752310e-09
8.710400342852000769e-09
8.702047740654854505e-09
8.693791989377841060e-09
8.685619437309465630e-09
8.677516254188502319e-09
8.669468430152324982e-09
8.661461774680870554e-09
8.653481915537796577e-09
8.645514297708258874e-09
8.637544182333916509e-09
8.629556645643552692e-09
8.621536577881296858e-09
8.613468682231538023e-09
8.605337473739991759e-09
8.597127278231830663e-09
8.588822231226423398e-09
8.580406276848889081e-09
8.571863166738467033e-09
8.563176458952502461e-09
8.554329516869025947e-09
8.545305508083997607e-09
8.536091076208722602e-09
8.526687447305152750e-09
8.517099566213948254e-09
8.507332446183984825e-09
8.497391169269714702e-09
8.487280886730671730e-09
8.477006819432017023e-09
8.466574258245574331e-09
8.455988564453849858e-09
8.445255170152629344e-09
8.434379578657577037e-09
8.423367364909595556e-09
8.412224175883618544e-09
8.400955730996576153e-09
8.389567822518421085e-09
8.378066315982989205e-09
8.366457150600804024e-09
8.354746339672749724e-09
8.342939971005688060e-09
8.331044207328033892e-09
8.319065286707894993e-09
8.307009522971666794e-09
8.294883306124116057e-09
8.282693102769250372e-09
8.270445456533793274e-09
8.258146988489749454e-09
8.245804397580237343e-09
8.233424461045528484e-09
8.221014034850286317e-09
8.208580054112914281e-09
8.196129533534655751e-09
8.183669567831671835e-09
8.171207332167036447e-09
8.158750082584757974e-09
8.146305156444710844e-09
8.133879972858642425e-09
8.121482033128371957e-09
8.109118921183906760e-09
8.096798304023502323e-09
8.084527274278493736e-09
8.072310361566588847e-09
8.060151479403549531e-09
8.048054579419138749e-09
8.036023651546296750e-09
8.024062724212757466e-09
8.012175864531630920e-09
8.000367178493267769e-09
7.988640811157454725e-09
7.977000946846395785e-09
7.965451809337321241e-09
7.953997662056999199e-09
7.942642808275792152e-09
7.931391591302582092e-09
7.920248394679654257e-09
7.909217642379731562e-09
7.898303799001189216e-09
7.887511369965668172e-09
7.876844901715564500e-09
7.866308981911973709e-09
7.855908239633172730e-09
7.845647345574094523e-09
7.835531012245389095e-09
7.825563994174056151e-09
7.815751088103953679e-09
7.806097133197299148e-09
7.796607011236046624e-09
7.787285646824628741e-09
7.778138007592367796e-09
7.769169104397168976e-09
7.760383991529627172e-09
7.751787766917133798e-09
7.743385572328934863e-09
7.735182593582098941e-09
7.727184060747112919e-09
7.719395248354842581e-09
7.711821475603617273e-09
7.704468106566810884e-09
7.697340550401415432e-09
7.690442479157384665e-09
7.683770440076673154e-09
7.677319131463017979e-09
7.671083174491933387e-09
7.665057112766018502e-09
7.659235411867990272e-09
7.653612458913302844e-09
7.648182562100947125e-09
7.642939950262637352e-09
7.637878772412121735e-09
7.632993097290729426e-09
7.628276912913868751e-09
7.623724126115043898e-09
7.619328562088837623e-09
7.615083963932322326e-09
7.610983992185809368e-09
7.607022224370992782e-09
7.603192154529465204e-09
7.599487192758173244e-09
7.595900664744872856e-09
7.592425811301268593e-09
7.589055787895697928e-09
7.585783664183664893e-09
7.582602423537339747e-09
7.579504962574024668e-09
7.576484090682923727e-09
7.573532529550341212e-09
7.570642912683928702e-09
7.567807784935732725e-09
7.565019602023133105e-09
7.562270730049326362e-09
7.559553445021534365e-09
7.556859932368964829e-09
7.554182286458042117e-09
7.551512510107472606e-09
7.548842514101407537e-09
7.546164116701199660e-09
7.543469043155919104e-09
7.540748925211256251e-09
7.537996468639966611e-09
7.535208982770672980e-09
7.532384921531631605e-09
7.529522721806545902e-09
7.526620803344238334e-09
7.523677568666833366e-09
7.520691402978808950e-09
7.517660674075758510e-09
7.514583732251581271e-09
7.511458910207575118e-09
7.508284522959047895e-09
7.505058867743376289e-09
7.501780223926575773e-09
7.498446852910656381e-09
7.495056998039861785e-09
7.491608884507404680e-09
7.488100719260837323e-09
7.484530690908621481e-09
7.480896969625292178e-09
7.477197707056704150e-09
7.473431036225443747e-09
7.469595071435124131e-09
7.465687908175135436e-09
7.461707623024815886e-09
7.457652273557498848e-09
7.453519898244187650e-09
7.449308516357106320e-09
7.445016127872754020e-09
7.440640713374420982e-09
7.436180233956281051e-09
7.431632631123872762e-09
7.426995826697537580e-09
7.422267722713810875e-09
7.417446201327323263e-09
7.412529124711617514e-09
7.407514334960594119e-09
7.402399653989374521e-09
7.397182883434411611e-09
7.391861804554360402e-09
7.386435021117067845e-09
7.380904506501926860e-09
7.375273106679131962e-09
7.369543701945011927e-09
7.363719207099211884e-09
7.357802571622578505e-09
7.351796779855500143e-09
7.345704851176495131e-09
7.339529840181626423e-09
7.333274836864293440e-09
7.326942966795258834e-09
7.320537391303317135e-09
7.314061307656848492e-09
7.307517949245227654e-09
7.300910585760720983e-09
7.294242523381615971e-09
7.287517104955371440e-09
7.280737710181908349e-09
7.273907755797542512e-09
7.267030695760268911e-09
7.260110021434389242e-09
7.253149261775840901e-09
7.246151983519061219e-09
7.239121791362805320e-09
7.232062328157675405e-09
7.224977275093022213e-09
7.217870351886030240e-09
7.210745316969251988e-09
7.203605967679813123e-09
7.196456140449714476e-09
7.189299710994879208e-09
7.182140594506028871e-09
7.174982745839840713e-09
7.167830159710357269e-09
7.160686870880730969e-09
7.153556954356202060e-09
7.146444525576418100e-09
7.139353740609907433e-09
7.132288796346972736e-09
7.125253157869038391e-09
7.118247223874180144e-09
7.111270616731867160e-09
7.104322951202167887e-09
7.097403834390131872e-09
7.090512865700253465e-09
7.083649636789487966e-09
7.076813731522211634e-09
7.070004725923072398e-09
7.063222188130874534e-09
7.056465678352297912e-09
7.049734748814665980e-09
7.043028943719251423e-09
7.036347799194664532e-09
7.029690843249083523e-09
7.023057595724015144e-09
7.016447568245656454e-09
7.009860264178365911e-09
7.003295178576810976e-09
6.996751798137577221e-09
6.990229601152354038e-09
6.983728057458666939e-09
6.977246628392739839e-09
6.970784766740392788e-09
6.964341916689069634e-09
6.957917513778951644e-09
6.951510984854397870e-09
6.945121748014943795e-09
6.938749212566527457e-09
6.932392778971950427e-09
6.926051838801863222e-09
6.919725774685300735e-09
6.913413960260175470e-09
6.907115760123522633e-09
6.900830529781537594e-09
6.894557615599825106e-09
6.888296354753305253e-09
6.882046075175515546e-09
6.875806095508893233e-09
6.869575848648128894e-09
6.863355255013983305e-09
6.857144356179931189e-09
6.850943191896757265e-09
6.844751800078866419e-09
6.838570216789510252e-09
6.832398476226405719e-09
6.826236610707582072e-09
6.820084650656699226e-09
6.813942624588658957e-09
6.807810559095455976e-09
6.801688478830796502e-09
6.795576406495990704e-09
6.789474362825601110e-09
6.783382366571812207e-09
6.777300434490741427e-09
6.771228581326508476e-09
6.765166819797429689e-09
6.759115160580586977e-09
6.753073612296690422e-09
6.747042181495688639e-09
6.741020872641254181e-09
6.735009688095814880e-09
6.729008628105540511e-09
6.723017690784912573e-09
6.717036872102046793e-09
6.711066165862683044e-09
6.705105563695424310e-09
6.699155055036056648e-09
6.693214627112498635e-09
6.687284264928956730e-09
6.681363951250627388e-09
6.675453666588101401e-09
6.669553389181937808e-09
6.663663094986699305e-09
6.657782757655442611e-09
6.651912348524042568e-09
6.646051836595314410e-09
6.640201188523330416e-09
6.634360487695548579e-09
6.628530293900864976e-09
6.622711290211876454e-09
6.616904164499326202e-09
6.611109609450089970e-09
6.605328322584839678e-09
6.599561006275702898e-09
6.593808367764129955e-09
6.588071119178679139e-09
6.582349977553293256e-09
6.576645664844555448e-09
6.570958907950205627e-09
6.565290438726854551e-09
6.559640994008338132e-09
6.554011315623216443e-09
6.548402150413343096e-09
6.542814250252188118e-09
6.537248372062329515e-09
6.531705277834317124e-09
6.526185734644581073e-09
6.520690514674039210e-09
6.515220395225884795e-09
6.509776158744610824e-09
6.504358592834043398e-09
6.498968490275949976e-09
6.493606649048034687e-09
6.488273872343377906e-09
6.482970968588129644e-09
6.477698751460670361e-09
6.472458039909923916e-09
6.467249658174098174e-09
6.462074435799457041e-09
6.456933207659230638e-09
6.451826813971924947e-09
6.446756100320524810e-09
6.441721917671345370e-09
6.436725122392892620e-09
6.431766576274561820e-09
6.426847146546031574e-09
6.421967085414504387e-09
6.417124156495700813e-09
6.412315474950126639e-09
6.407538124788731252e-09
6.402789158724188836e-09
6.398065598022407049e-09
6.393364432353068717e-09
6.388682619640354686e-09
6.384017085912530128e-09
6.379364725152096635e-09
6.374722399144790399e-09
6.370086937328790496e-09
6.365455136642802202e-09
6.360823761374768968e-09
6.356189543009505753e-09
6.351549180075997342e-09
6.346899337994709912e-09
6.342236648923765208e-09
6.337557711606044485e-09
6.332859091214587620e-09
6.328137319197947564e-09
6.323388893126214805e-09
6.318610276535006968e-09
6.313797898770004356e-09
6.308948154831606258e-09
6.304057405217882438e-09
6.299121975768082143e-09
6.294138157505998355e-09
6.289102206481690918e-09
6.284010343614445469e-09
6.278858754533831513e-09
6.273643589421583541e-09
6.268360962852415078e-09
6.263006953634906366e-09
6.257577604651160355e-09
6.252068922697189941e-09
6.246476878322369647e-09
6.240797405668093222e-09
6.235026402307131856e-09
6.229160804783529928e-09
6.223201836120136327e-09
6.217151814659240156e-09
6.211013083601560630e-09
6.204788011119446747e-09
6.198478990471858699e-09
6.192088440118519623e-09
6.185618803835009516e-09
6.179072550827548946e-09
6.172452175848461065e-09
6.165760199312316860e-09
6.158999167410784222e-09
6.152171652229968475e-09
6.145280251866085317e-09
6.138327590542638397e-09
6.131316318727257748e-09
6.124249113248989864e-09
6.117128677415967447e-09
6.109957741133240464e-09
6.102739061021062970e-09
6.095475420532767175e-09
6.088169630074204185e-09
6.080824527122164010e-09
6.073442976343973472e-09
6.066027869716622618e-09
6.058582126647069044e-09
6.051108694091853172e-09
6.043610546677903847e-09
6.036090686822814529e-09
6.028552144855983898e-09
6.020997979140000468e-09
6.013431276191580534e-09
6.005855150803821326e-09
5.998272746168338367e-09
5.990687233997067813e-09
5.983101814645430341e-09
5.975519717234918487e-09
5.967944199776519441e-09
5.960378549293998039e-09
5.952825600183762569e-09
5.945286280047348877e-09
5.937761039305034342e-09
5.930250330722025992e-09
5.922754609415248350e-09
5.915274332858715973e-09
5.907809960891231193e-09
5.900361955721467969e-09
5.892930781935251907e-09
5.885516906501432410e-09
5.878120798778544794e-09
5.870742930521174615e-09
5.863383775886454344e-09
5.856043811440019071e-09
5.848723516163116119e-09
5.841423371458569018e-09
5.834143861157594297e-09
5.826885471525757191e-09
5.819648691270010114e-09
5.812434011544764171e-09
5.805241925958594277e-09
5.798072930580768926e-09
5.790927523947545036e-09
5.783806207068695225e-09
5.776709483434456964e-09
5.769637859021491578e-09
5.762591842299832569e-09
5.755571944239416204e-09
5.748578678316247319e-09
5.741612560519636326e-09
5.734674109358030830e-09
5.727763845866336183e-09
5.720882293612037446e-09
5.714029978702019491e-09
5.707207429788944567e-09
5.700415178078399138e-09
5.693653757334895079e-09
5.686923703888900711e-09
5.680225556643619549e-09
5.673560168158436358e-09
5.666929643569049881e-09
5.660336417338600243e-09
5.653782943677184427e-09
5.647271696621298695e-09
5.640805170114244680e-09
5.634385878086489985e-09
5.628016354535652409e-09
5.621699153607407312e-09
5.615436849676083958e-09
5.609232037425907058e-09
5.603087331931513705e-09
5.597005368740056009e-09
5.590988803952053873e-09
5.585040314303207285e-09
5.579162597246205309e-09
5.573358371033063646e-09
5.567630374796738407e-09
5.561981368634037736e-09
5.556414133687691359e-09
5.550931472229469003e-09
5.545536207742910864e-09
5.540231185006244191e-09
5.535019270175888000e-09
5.529903350869961085e-09
5.524886336251492260e-09
5.519971157112508227e-09
5.515160765958272821e-09
5.510458137090678401e-09
5.505866266693394990e-09
5.501388172915791889e-09
5.497026895958095089e-09
5.492785498155884602e-09
5.488667064065372643e-09
5.484674700548736411e-09
5.480811536859099316e-09
5.477080724726608221e-09
5.473485438444000311e-09
5.470028874952634846e-09
5.466713014839333737e-09
5.463534883016137373e-09
5.460490227206177651e-09
5.457574751320797405e-09
5.454784115266903354e-09
5.452113934755142087e-09
5.449559781106671500e-09
5.447117181059803193e-09
5.444781616576367759e-09
5.442548524647443146e-09
5.440413297098434511e-09
5.438371280394475013e-09
5.436417775444640437e-09
5.434548037405651790e-09
5.432757275485916212e-09
5.431040652748417284e-09
5.429393285913465535e-09
5.427810245160924525e-09
5.426286553931972044e-09
5.424817188730544507e-09
5.423397078924139455e-09
5.422021106544395543e-09
5.420684106086985145e-09
5.419380864311238117e-09
5.418106120039301524e-09
5.416854563954799736e-09
5.415620838401171109e-09
5.414399537179007905e-09
5.413185205344058786e-09
5.411972339003660495e-09
5.410755385113124036e-09
5.409528741272211851e-09
5.408286755519993717e-09
5.407023726130739929e-09
5.405733901407585235e-09
5.404411479477627099e-09
5.403050608085018047e-09
5.401645384384740446e-09
5.400189854734946947e-09
5.398679010812792786e-09
5.397111795797811173e-09
5.395488145778468624e-09
5.393807997779895411e-09
5.392071289768588087e-09
5.390277960658046716e-09
5.388427950314183815e-09
5.386521199560705156e-09
5.384557650184321008e-09
5.382537244940366829e-09
5.380459927558270931e-09
5.378325642746716082e-09
5.376134336199186585e-09
5.373885954599919014e-09
5.371580445628459974e-09
5.369217757965861692e-09
5.366797841300062822e-09
5.364320646331305650e-09
5.361786124777472239e-09
5.359194229380242787e-09
5.356544913909777470e-09
5.353838133171118820e-09
5.351073843009200302e-09
5.348252000314843377e-09
5.345372563029964598e-09
5.342435490153540416e-09
5.339440741747054162e-09
5.336388278940258183e-09
5.333278063936744083e-09
5.330110060019497237e-09
5.326884231557051013e-09
5.323600544008656656e-09
5.320258963930163712e-09
5.316859458979926095e-09
5.313401997924514602e-09
5.309886550644005901e-09
5.306313088138443643e-09
5.302681582533202722e-09
5.298992007084709236e-09
5.295244816696473457e-09
5.291442397680875510e-09
5.287587640677724141e-09
5.283683462301168699e-09
5.279732805244705575e-09
5.275738638386693365e-09
5.271703956896059102e-09
5.267631782338011945e-09
5.263525162779930563e-09
5.259387172898181938e-09
5.255220914084009572e-09
5.251029514550855219e-09
5.246816129440987423e-09
5.242583940932901822e-09
5.238336158348205292e-09
5.234076018260295073e-09
5.229806784601321491e-09
5.225531748770610659e-09
5.221254229743244339e-09
5.216977574178246067e-09
5.212705156527594462e-09
5.208440379145147191e-09
5.204186672396092684e-09
5.199947494766084207e-09
5.195726332971412047e-09
5.191526702068402286e-09
5.187352145564176285e-09
5.183206235526558168e-09
5.179092572694926128e-09
5.175014786591042219e-09
5.170976535630423954e-09
5.166981507232930080e-09
5.163033417935299330e-09
5.159136013501995932e-09
5.155293069037954326e-09
5.151508389100430529e-09
5.147785807811460645e-09
5.144129188970997667e-09
5.140542426169367511e-09
5.137028302481278658e-09
5.133585050194982110e-09
5.130209738610789338e-09
5.126899409578090124e-09
5.123651077383769208e-09
5.120461728639481422e-09
5.117328322169444639e-09
5.114247788897426222e-09
5.111217031734102532e-09
5.108232925463606972e-09
5.105292316629987863e-09
5.102392023423665503e-09
5.099528835567479761e-09
5.096699514202386130e-09
5.093900791773202224e-09
5.091129371913653666e-09
5.088381929331747537e-09
5.085655109694562655e-09
5.082945529512613862e-09
5.080249776024496730e-09
5.077564407080904423e-09
5.074885951028504782e-09
5.072210906593556835e-09
5.069535742765322998e-09
5.066856898679064382e-09
5.064170783499218070e-09
5.061473776301920102e-09
5.058762225957358884e-09
5.056032451012026030e-09
5.053280739570636327e-09
5.050503349177592752e-09
5.047696506698989164e-09
5.044856408202999980e-09
5.041979218841614031e-09
5.039061072730776090e-09
5.036098072831045391e-09
5.033086290827819872e-09
5.030021767011250235e-09
5.026900510155967881e-09
5.023719043316773360e-09
5.020476050428053558e-09
5.017170754183658046e-09
5.013802372340512305e-09
5.010370117701226257e-09
5.006873198096972448e-09
5.003310816368974582e-09
4.999682170351781918e-09
4.995986452854616359e-09
4.992222851644556686e-09
4.988390549427967535e-09
4.984488723833343665e-09
4.980516547392768708e-09
4.976473187524742899e-09
4.972357806515770034e-09
4.968169561502635128e-09
4.963907604454213882e-09
4.959571082153721393e-09
4.955159136180476951e-09
4.950670902891767281e-09
4.946105513404938083e-09
4.941462093578906541e-09
4.936739763996211510e-09
4.931937639944712140e-09
4.927054831399328692e-09
4.922090443003654315e-09
4.917043574051620587e-09
4.911913318469311946e-09
4.906698764796338416e-09
4.901398996167363831e-09
4.896013090293813565e-09
4.890540119445189352e-09
4.884979150430631423e-09
4.879329244580203554e-09
4.873589457726376620e-09
4.867758840185283859e-09
4.861836436738038997e-09
4.855821286611979928e-09
4.849712423462126633e-09
4.843510455114441696e-09
4.837222328289464742e-09
4.830856633970558432e-09
4.824422034259734399e-09
4.817927262648641755e-09
4.811381124288496803e-09
4.804792496261538900e-09
4.798170327853181148e-09
4.791523640823772314e-09
4.784861529681942798e-09
4.778193161957718169e-09
4.771527778476853607e-09
4.764874693634837490e-09
