2.391213351796620505e-05
2.527948900949490124e-05
2.655035566395395110e-05
2.772958497831997003e-05
2.882179022339980518e-05
2.983130978017860331e-05
3.076219404669717567e-05
3.161829467147048698e-05
3.240323500126524102e-05
3.312040775711738586e-05
3.377300674605176616e-05
3.436407695195096740e-05
3.489648080019728263e-05
3.537294322545952232e-05
3.579606604281299032e-05
3.616833093718960207e-05
3.649212538395410325e-05
3.676978819222859326e-05
3.700352218646803449e-05
3.719544449157556420e-05
3.734766767880297935e-05
3.746213545160171862e-05
3.754071553817136050e-05
3.758529566540195165e-05
3.759764767577588478e-05
3.757944985949878070e-05
3.753242397973174059e-05
3.745818481124229123e-05
3.735820992068108863e-05
3.723410559916159982e-05
3.708730471077305155e-05
3.691926685686750567e-05
3.673135923069840839e-05
3.652497550230413605e-05
3.630142004957404570e-05
3.606198415726157784e-05
3.580793586212709697e-05
3.554045793120744136e-05
3.526077664282929627e-05
3.496996121114217171e-05
3.466914106818883766e-05
3.435939320912937442e-05
3.404164744635195135e-05
3.371698524410738886e-05
3.338622358251385337e-05
3.305036251987628402e-05
3.271018049834491860e-05
3.236653248091233084e-05
3.202021996049844591e-05
3.167192544719231760e-05
3.132245218346801983e-05
3.097240822120251561e-05
3.062244313149577087e-05
3.027321244763108788e-05
2.992519586556510559e-05
2.957899198454481051e-05
2.923511332926126245e-05
2.889394121830997578e-05
2.855598143123029464e-05
2.822164208418506898e-05
2.789122324973877180e-05
2.756511902197699492e-05
2.724367261577419406e-05
2.692707463240710813e-05
2.661563254724412864e-05
2.630960778975764539e-05
2.600915240187821431e-05
2.571444802246407977e-05
2.542569448709347893e-05
2.514297697283058482e-05
2.486638052808047336e-05
2.459603123258502307e-05
2.433202348478127205e-05
2.407438100074176619e-05
2.382312041141145838e-05
2.357826053905093226e-05
2.333980824512400803e-05
2.310774775685162712e-05
2.288204387117241700e-05
2.266264395671803520e-05
2.244948504694356010e-05
2.224250513030910333e-05
2.204162410832927115e-05
2.184672254115983502e-05
2.165774569407879452e-05
2.147454937378565125e-05
2.129697091933604639e-05
2.112495284043281626e-05
2.095836591795628991e-05
2.079698956020847633e-05
2.064070223751442087e-05
2.048941197878124211e-05
2.034289327167913188e-05
2.020100987671462819e-05
2.006358474081969980e-05
1.993041200467284119e-05
1.980142129659469592e-05
1.967635772501662053e-05
1.955503937104419369e-05
1.943733115391024283e-05
1.932299830178713500e-05
1.921194598165265038e-05
1.910392876790609912e-05
1.899877090852825044e-05
1.889631937554757071e-05
1.879636368998469448e-05
1.869879021334819956e-05
1.860335984383797961e-05
1.850993990900595066e-05
1.841833299066936264e-05
1.832839762339799123e-05
1.823997279036586533e-05
1.815289674880202748e-05
1.806700920770538366e-05
1.798214372800552898e-05
1.789818280107284630e-05
1.781497445151538511e-05
1.773238902272078103e-05
1.765028438419734885e-05
1.756853090111253318e-05
1.748701077425580982e-05
1.740561840640599889e-05
1.732424879161461445e-05
1.724278687897391461e-05
1.716114261909228045e-05
1.707920389622862991e-05
1.699690867816955840e-05
1.691416923088998701e-05
1.683094122301301827e-05
1.674711931766109546e-05
1.666267693915927272e-05
1.657752742094293914e-05
1.649164589589997498e-05
1.640499298915105004e-05
1.631754688420183723e-05
1.622927441959125806e-05
1.614013669042669937e-05
1.605014524768606809e-05
1.595925589315872785e-05
1.586750708426794954e-05
1.577487247673660785e-05
1.568139483350194379e-05
1.558705837836428496e-05
1.549188411790670446e-05
1.539590591918324057e-05
1.529913039143875587e-05
1.520162023844416904e-05
1.510339732889696611e-05
1.500451533802912229e-05
1.490501064299638590e-05
1.480491884653731650e-05
1.470430539743421955e-05
1.460321279900438398e-05
1.450170831815719015e-05
1.439985745774387378e-05
1.429771578587541650e-05
1.419534327330387817e-05
1.409280456291188032e-05
1.399015415412339220e-05
1.388747851669867345e-05
1.378483789218125187e-05
1.368229103381144596e-05
1.357993626325083709e-05
1.347781174785017660e-05
1.337599496727863613e-05
1.327456316865063834e-05
1.317354647979315561e-05
1.307306373311147364e-05
1.297315781922725823e-05
1.287386582033223744e-05
1.277531230245980278e-05
1.267751034171242617e-05
1.258051170857295997e-05
1.248442446199989186e-05
1.238923077567056913e-05
1.229503594611562653e-05
1.220191346428244117e-05
1.210984084531596226e-05
1.201892516672287682e-05
1.192920446218585549e-05
1.184066128443547800e-05
1.175340690266071432e-05
1.166744135500932125e-05
1.158276775456751886e-05
1.149949349398483057e-05
1.141760701656743902e-05
1.133709442298556745e-05
1.125806247257642294e-05
1.118047602497535610e-05
1.110431763391951487e-05
1.102968189478121277e-05
1.095653054004266026e-05
1.088484780605844140e-05
1.081471061914457123e-05
1.074609906803781740e-05
1.067896246333801151e-05
1.061336601032624411e-05
1.054930546587828992e-05
1.048670003247385142e-05
1.042558794614679152e-05
1.036600493658492416e-05
1.030783675643485035e-05
1.025113190017069078e-05
1.019590349094735535e-05
1.014208770023749418e-05
1.008963562265753619e-05
1.003860923647657626e-05
9.988924018766700207e-06
9.940534558979282053e-06
9.893461383737227419e-06
9.847680985547886871e-06
9.803106561171610336e-06
9.759751013809727282e-06
9.717602127431226720e-06
9.676594694572886759e-06
9.636665076695292439e-06
9.597852840073579282e-06
9.560070851428424598e-06
9.523273034073716600e-06
9.487437308129672507e-06
9.452554611474831979e-06
9.418548165433956819e-06
9.385375379576888421e-06
9.353046817360421796e-06
9.321489238303856719e-06
9.290653055745395247e-06
9.260506776823640136e-06
9.231026955399514796e-06
9.202160701216708532e-06
9.173853882649903553e-06
9.146088618650835962e-06
9.118831876072192464e-06
9.092024706083343794e-06
9.065638823124135199e-06
9.039645592699582327e-06
9.014000901190042213e-06
8.988668572923104065e-06
8.963607694590876835e-06
8.938792462155607414e-06
8.914183265807504346e-06
8.889750660566076516e-06
8.865456916004964527e-06
8.841280258304399625e-06
8.817185940360815997e-06
8.793152017145089807e-06
8.769140522254592547e-06
8.745130415564896683e-06
8.721099897683773459e-06
8.697028012593324860e-06
8.672877487922705785e-06
8.648630994897455197e-06
8.624278118365576230e-06
8.599801807662755539e-06
8.575169675685948326e-06
8.550371503072243419e-06
8.525403852581370101e-06
8.500253461557812925e-06
8.474894883421976700e-06
8.449318785582805676e-06
8.423528947688392976e-06
8.397517390440323559e-06
8.371266981509620103e-06
8.344771185754139799e-06
8.318032354352375944e-06
8.291059253754354426e-06
8.263835691611248998e-06
8.236366655414787259e-06
8.208654995336184176e-06
8.180704315430404507e-06
8.152521419742754893e-06
8.124103110801510346e-06
8.095458447350483992e-06
8.066597911255930716e-06
8.037525268525391126e-06
8.008248726085609386e-06
7.978776809084978368e-06
7.949123904394998720e-06
7.919297251227751927e-06
7.889319003875663094e-06
7.859192490860965514e-06
7.828933916439456274e-06
7.798551499267922132e-06
7.768070984506407110e-06
7.737500310602926198e-06
7.706854662678945113e-06
7.676142098940022030e-06
7.645382120136372345e-06
7.614599978364398270e-06
7.583803537355694274e-06
7.553007611220995254e-06
7.522219448059144060e-06
7.491473955637163429e-06
7.460786440546146241e-06
7.430167461195899287e-06
7.399626001707872249e-06
7.369174247068803604e-06
7.338849929645844095e-06
7.308659237655474168e-06
7.278610246310879910e-06
7.248708060729628847e-06
7.218977238872344469e-06
7.189446037341145237e-06
7.160119012614038957e-06
7.131001555889111663e-06
7.102095770467713650e-06
7.073434315443618233e-06
7.045036130802770264e-06
7.016903287890593588e-06
6.989035779351173721e-06
6.961434938855529812e-06
6.934136741530240510e-06
6.907150772008352864e-06
6.880474805264815112e-06
6.854105844324942771e-06
6.828043776725704028e-06
6.802325843579372984e-06
6.776954595210414225e-06
6.751925103704975994e-06
6.727231651772391009e-06
6.702873212017672116e-06
6.678884210519159007e-06
6.655263679986050222e-06
6.632003567546029741e-06
6.609095406555558348e-06
6.586534391713016544e-06
6.564345403175873303e-06
6.542531363692592572e-06
6.521080831657705567e-06
6.499981933985442391e-06
6.479228956402758398e-06
6.458837354108589281e-06
6.438809795682546918e-06
6.419137511265602742e-06
6.399807771428983686e-06
6.380811242637407412e-06
6.362155064351378373e-06
6.343845183738855234e-06
6.325871097278659805e-06
6.308218662363583969e-06
6.290875225529872899e-06
6.273839374465325035e-06
6.257113732358571105e-06
6.240693707196333304e-06
6.224564261838075083e-06
6.208713170476554790e-06
6.193131459418718801e-06
6.177820708978220253e-06
6.162777437761202138e-06
6.147989392346698104e-06
6.133442102874578516e-06
6.119128773228406323e-06
6.105042968702800183e-06
6.091180297522147754e-06
6.077534832555659521e-06
6.064090338032751788e-06
6.050836796487796760e-06
6.037765866113979803e-06
6.024869305496850519e-06
6.012143494982347324e-06
5.999577705763978011e-06
5.987160159922099588e-06
5.974881881934589034e-06
5.962734903889342007e-06
5.950710658318796901e-06
5.938804903794676463e-06
5.927006335274242129e-06
5.915305075252964506e-06
5.903694311223632918e-06
5.892165902868381854e-06
5.880713784729399027e-06
5.869333723405220040e-06
5.858013107283830442e-06
5.846746094847011758e-06
5.835527353223736854e-06
5.824347597326122981e-06
5.813202555332250942e-06
5.802087516644821545e-06
5.790993714641033663e-06
5.779916833246040092e-06
5.768853564059777288e-06
5.757796052896552856e-06
5.746742849321061352e-06
5.735687550605130433e-06
5.724624823885579032e-06
5.713552208525657723e-06
5.702467431442698541e-06
5.691365677521918994e-06
5.680246205529393107e-06
5.669103211976991058e-06
5.657934241083105453e-06
5.646738310697203753e-06
5.635513473377402877e-06
5.624258973846176410e-06
5.612973590603890023e-06
5.601654302204021985e-06
5.590301259102101442e-06
5.578912721612376812e-06
5.567489688842546558e-06
5.556034578257462976e-06
5.544545514767549659e-06
5.533024809492661365e-06
5.521471699518667421e-06
5.509886147032489861e-06
5.498269620369937257e-06
5.486623450540368327e-06
5.474952382629020588e-06
5.463258566679612338e-06
5.451540672898851425e-06
5.439799447988388557e-06
5.428036494019406358e-06
5.416255586843695384e-06
5.404463914627651261e-06
5.392660928933783296e-06
5.380849422204974488e-06
5.369031048515542095e-06
5.357206399342147265e-06
5.345377765555304018e-06
5.333554121658456279e-06
5.321740042094949429e-06
5.309936658429621431e-06
5.298145666786203693e-06
5.286367204467879768e-06
5.274605812358500536e-06
5.262863772821006506e-06
5.251152139069912337e-06
5.239467795765465944e-06
5.227818112752001572e-06
5.216201595771052495e-06
5.204619703196211908e-06
5.193071807690732707e-06
5.181570898461656426e-06
5.170119102645009555e-06
5.158718856887815942e-06
5.147367441281992510e-06
5.136072876151697793e-06
5.124832854735767972e-06
5.113647023875442063e-06
5.102524308400710472e-06
5.091473642533072747e-06
5.080491399473231093e-06
5.069576616635699508e-06
5.058733418197908659e-06
5.047961940356235160e-06
5.037261069736185295e-06
5.026636645916695607e-06
5.016098996371352255e-06
5.005641844338751075e-06
4.995264510028423526e-06
4.984967701148014098e-06
4.974755249710572528e-06
4.964622542973745376e-06
4.954574808801031493e-06
4.944621435281298787e-06
4.934756560108929847e-06
4.924977541052133203e-06
4.915285978058119098e-06
4.905683045056126633e-06
4.896165861780380304e-06
4.886735503629452082e-06
4.877403869769982217e-06
4.868161891679626383e-06
4.859006618590196946e-06
4.849943356869209198e-06
4.840965946706973331e-06
4.832073269521663230e-06
4.823267305892735809e-06
4.814553482955157610e-06
4.805926598979135507e-06
4.797383537603884418e-06
4.788927872411327139e-06
4.780554382095891253e-06
4.772256126658870840e-06
4.764044976877307738e-06
4.755912294410904561e-06
4.747858998196803470e-06
4.739887696792702958e-06
4.731993418284829460e-06
4.724168430291705924e-06
4.716421072186855105e-06
4.708742656887788000e-06
4.701134013985780553e-06
4.693598738944576119e-06
4.686132976122878319e-06
4.678731142387443334e-06
4.671395899855834805e-06
4.664121976058198832e-06
4.656904599235153813e-06
4.649750880440144205e-06
4.642652494433687936e-06
4.635611643338763330e-06
4.628626978719780923e-06
4.621695171917134769e-06
4.614810662530443565e-06
4.607976436254024587e-06
4.601188541816096688e-06
4.594444216338032101e-06
4.587747833661827827e-06
4.581093518564423427e-06
4.574481173798416847e-06
4.567907638849208016e-06
4.561370545163545386e-06
4.554869185458391074e-06
4.548401580946753877e-06
4.541968482957583140e-06
4.535567192429296448e-06
4.529198642825876316e-06
4.522858757843342140e-06
4.516545559710459543e-06
4.510258775525218765e-06
4.503995201212214205e-06
4.497755365642501732e-06
4.491539292914227988e-06
4.485344549998754116e-06
4.479172665566568988e-06
4.473019423355523483e-06
4.466883570266960082e-06
4.460765034377308847e-06
4.454661510446805034e-06
4.448573526744010827e-06
4.442502088427301209e-06
4.436445077480346806e-06
4.430403704459932812e-06
4.424374984890126846e-06
4.418357602094526398e-06
4.412351889310552518e-06
4.406356146911032871e-06
4.400370813360874304e-06
4.394398060925569808e-06
4.388436027088366416e-06
4.382485457554285703e-06
4.376544748968625008e-06
4.370612979797239155e-06
4.364689367482588528e-06
4.358773808067891758e-06
4.352866934096918339e-06
4.346969826367616188e-06
4.341083225829681753e-06
4.335207029804276837e-06
4.329340184519156942e-06
4.323482691335802169e-06
4.317632844637980230e-06
4.311792235059364992e-06
4.305959736389418733e-06
4.300138032259754113e-06
4.294328433741897339e-06
4.288529958648840937e-06
4.282744197431014209e-06
4.276968835002312835e-06
4.271204967277287871e-06
4.265452240882826483e-06
4.259709700703163649e-06
4.253980215943101907e-06
4.248264443649888069e-06
4.242564528385148331e-06
4.236879626813763649e-06
4.231208899868158397e-06
4.225553497745044266e-06
4.219911000879219479e-06
4.214284948152960244e-06
4.208672002389716381e-06
4.203077533376023513e-06
4.197501220676431007e-06
4.191942677000387264e-06
4.186403873730535662e-06
4.180881614552250736e-06
4.175380197243235599e-06
4.169895246647845100e-06
4.164430578795362304e-06
4.158984082134983144e-06
4.153558351990995234e-06
4.148156205112183373e-06
4.142774548316797058e-06
4.137417392527654902e-06
4.132080026157961449e-06
4.126767175499254841e-06
4.121475311655444433e-06
4.116205516052814804e-06
4.110958626123691962e-06
4.105734833100372525e-06
4.100537987904067706e-06
4.095363845566551358e-06
4.090217166744054113e-06
4.085092639601870429e-06
4.079994728518879089e-06
4.074920300803432872e-06
4.069870034091123935e-06
4.064844585155809041e-06
4.059843733171012357e-06
4.054871172426769883e-06
4.049922877034246228e-06
4.045003128869340130e-06
4.040106535602083051e-06
4.035237795511535812e-06
4.030392647368635191e-06
4.025574134011278696e-06
4.020779749232752609e-06
4.016011273866262169e-06
4.011269867831154566e-06
4.006553847355130288e-06
4.001865676286603092e-06
3.997201469455069047e-06
3.992564647567965112e-06
3.987950243856389068e-06
3.983362700081436774e-06
3.978797225947266927e-06
3.974259050981157764e-06
3.969744619689093963e-06
3.965256001183280908e-06
3.960791492479008459e-06
3.956351337874503827e-06
3.951935361724562217e-06
3.947542307464441030e-06
3.943172617894818187e-06
3.938823942352551326e-06
3.934499000127174326e-06
3.930195491171888320e-06
3.925915947048190570e-06
3.921658016080092294e-06
3.917423781512975587e-06
3.913209150601846151e-06
3.909017087472534284e-06
3.904843513783266669e-06
3.900691316733357770e-06
3.896557444936700164e-06
3.892444990568635381e-06
3.888351624588268374e-06
3.884278934062082693e-06
3.880225086511576004e-06
3.876190949254139885e-06
3.872174507768462933e-06
3.868176135897188324e-06
3.864194995188162382e-06
3.860231087748149173e-06
3.856283575756615631e-06
3.852352968082317437e-06
3.848439374366394446e-06
3.844542277756425980e-06
3.840662124879153029e-06
3.836797590994310157e-06
3.832948613394421129e-06
3.829114099410764294e-06
3.825294296510756728e-06
3.821487904501813575e-06
3.817695902987271590e-06
3.813917679669991937e-06
3.810154203145582472e-06
3.806404443468903690e-06
3.802669382794906254e-06
3.798947158236308985e-06
3.795238140970530740e-06
3.791541116620449199e-06
3.787856569443969017e-06
3.784183253054169282e-06
3.780522176476769467e-06
3.776873052124165154e-06
3.773236710549497491e-06
3.769612402450527264e-06
3.766000708118858681e-06
3.762400375173444347e-06
3.758811509235015268e-06
3.755233213746501729e-06
3.751665517812104452e-06
3.748108189323368074e-06
3.744560865867780519e-06
3.741024490769421812e-06
3.737499181926743509e-06
3.733984975104049504e-06
3.730481624862628040e-06
3.726989314790886994e-06
3.723506430641475245e-06
3.720034150046434729e-06
3.716570510791970813e-06
3.713117256241640280e-06
3.709672280801536753e-06
3.706238043941082213e-06
3.702813699026768543e-06
3.699400418598252733e-06
3.695996770267150583e-06
3.692604421118799191e-06
3.689220889170823721e-06
3.685847708027647352e-06
3.682482988610184341e-06
3.679128309900247101e-06
3.675782144217842526e-06
3.672445842137992934e-06
3.669119328519442498e-06
3.665803289412261612e-06
3.662497545220838822e-06
3.659201981571159328e-06
3.655917080748023404e-06
3.652641126869275904e-06
3.649375894614424320e-06
3.646118733489252369e-06
3.642872443884837698e-06
3.639633966600956775e-06
3.636406404377603444e-06
3.633188218338935190e-06
3.629981586108600516e-06
3.626784431820802992e-06
3.623598268116414500e-06
3.620421656025814482e-06
3.617255302063925508e-06
3.614098835960722933e-06
3.610951431199384277e-06
3.607814731842243155e-06
3.604686272037067587e-06
3.601569360545127731e-06
3.598462042461683030e-06
3.595366328973120744e-06
3.592280281739982214e-06
3.589205662579612658e-06
3.586140569151129685e-06
3.583086059676866552e-06
3.580041547571297962e-06
3.577006593681556487e-06
3.573982347920103114e-06
3.570966768577542568e-06
3.567962963818940659e-06
3.564968842403270282e-06
3.561986425358688533e-06
3.559013793922834447e-06
3.556052528638149846e-06
3.553101020878796908e-06
3.550160036636831338e-06
3.547229407532257028e-06
3.544307944799685617e-06
3.541397829461422627e-06
3.538496114406693307e-06
3.535605786144254899e-06
3.532724847842864379e-06
3.529855448480103816e-06
3.526995802216101063e-06
3.524146731712653356e-06
3.521308160316388001e-06
3.518478922213374639e-06
3.515660905877634577e-06
3.512851202775616720e-06
3.510052579346218046e-06
3.507262183469411688e-06
3.504482397828471131e-06
3.501712140172072481e-06
3.498951787876110739e-06
3.496202131546737619e-06
3.493461844879537163e-06
3.490732693184257829e-06
3.488012130409290192e-06
3.485301857499621293e-06
3.482600181587199276e-06
3.479907994198903148e-06
3.477225132593783687e-06
3.474550531947341515e-06
3.471886581533915870e-06
3.469231339986492723e-06
3.466586418069674439e-06
3.463950225588828043e-06
3.461323861082691860e-06
3.458706721615058307e-06
3.456098038786643430e-06
3.453499216462482281e-06
3.450907884614106169e-06
3.448326172293228565e-06
3.445751993926900879e-06
3.443186493254603645e-06
3.440629643337173529e-06
3.438081299600010809e-06
3.435542787245017690e-06
3.433012184803514660e-06
3.430491055667577448e-06
3.427977563353069242e-06
3.425472537752954982e-06
3.422975844855998078e-06
3.420486296493271710e-06
3.418005598109650438e-06
3.415531476023626707e-06
3.413065865159090295e-06
3.410607846079709070e-06
3.408157679302226588e-06
3.405716485885311042e-06
3.403282626106818017e-06
3.400857572696830032e-06
3.398439519109186608e-06
3.396029202462671015e-06
3.393626464114992206e-06
3.391230334834664526e-06
3.388842320450335920e-06
3.386460296435023488e-06
3.384086054197185825e-06
3.381718781545386728e-06
3.379358746555830912e-06
3.377007096365347687e-06
3.374662211974955136e-06
3.372325354488018619e-06
3.369994980839108453e-06
3.367671558856388763e-06
3.365355608419669578e-06
3.363045313076361052e-06
3.360742537230818067e-06
3.358445513374197698e-06
3.356154896732118970e-06
3.353871237998239276e-06
3.351594614121632626e-06
3.349325447645058725e-06
3.347062512504122315e-06
3.344806558127715211e-06
3.342557614207529599e-06
3.340314388694742896e-06
3.338078604294258990e-06
3.335847978659242011e-06
3.333623828831482883e-06
3.331405925251695614e-06
3.329193617533897850e-06
3.326988310439178350e-06
3.324788993391240821e-06
3.322596304449153937e-06
3.320410152289077086e-06
3.318230254444055014e-06
3.316057549543227176e-06
3.313890330179495615e-06
3.311729388760288594e-06
3.309574755970156861e-06
3.307425301170371855e-06
3.305282621420793150e-06
3.303144903946664477e-06
3.301012916335465367e-06
3.298887280544517143e-06
3.296767883981980115e-06
3.294655212208549397e-06
3.292548181869345064e-06
3.290447100628490448e-06
3.288352971054316741e-06
3.286263895801967182e-06
3.284181057126004661e-06
3.282103603840714858e-06
3.280031575774960415e-06
3.277966102713755130e-06
3.275905032146667025e-06
3.273850217401747565e-06
3.271800824891650176e-06
3.269757295027501684e-06
3.267720636327096138e-06
3.265689174890748566e-06
3.263663685649379996e-06
3.261644467207946463e-06
3.259630158865644395e-06
3.257622133086077266e-06
3.255618965555334159e-06
3.253621080380946173e-06
3.251629612778764397e-06
3.249642358237588405e-06
3.247661153605405211e-06
3.245685156753872504e-06
3.243714894464012263e-06
3.241751269740758025e-06
3.239792687844722805e-06
3.237839745522950322e-06
3.235893120115279320e-06
3.233951231452432156e-06
3.232015145142416649e-06
3.230084181473720860e-06
3.228158223673842697e-06
3.226238429212629074e-06
3.224322862396161877e-06
3.222412562547992508e-06
3.220507846031316289e-06
3.218608669548672774e-06
3.216715517164025294e-06
3.214827291161995172e-06
3.212944354840658112e-06
3.211067727697596410e-06
3.209195570277893657e-06
3.207328774309166775e-06
3.205467588037281952e-06
3.203610693930799269e-06
3.201759423326383258e-06
3.199912661671791713e-06
3.198070532949266615e-06
3.196234460224092790e-06
3.194403061677059537e-06
3.192576599943023872e-06
3.190756106930313890e-06
3.188940349831003075e-06
3.187130176818663837e-06
3.185324972626425097e-06
3.183524324361453764e-06
3.181729409660237430e-06
3.179938553335828047e-06
3.178152459292363520e-06
3.176372009527391289e-06
3.174595338327645355e-06
3.172823506949330669e-06
3.171056679878475331e-06
3.169294989286684036e-06
3.167538719767431026e-06
3.165786915979919612e-06
3.164040030635831480e-06
3.162298750893001537e-06
3.160561678347029371e-06
3.158829358401475535e-06
3.157102409206489663e-06
3.155379128586130271e-06
3.153660514137623474e-06
3.151946988589808559e-06
3.150237168060491779e-06
3.148532430864566653e-06
3.146831851465160120e-06
3.145136169993873293e-06
3.143445799676354599e-06
3.141759607528636062e-06
3.140077892659707873e-06
3.138401590569225558e-06
3.136729114198166660e-06
3.135061136056258136e-06
3.133398218003549949e-06
3.131738758668213497e-06
3.130083658813522327e-06
3.128433274481946693e-06
3.126786408629470525e-06
3.125144302498538532e-06
3.123506076564367731e-06
3.121872572839796905e-06
3.120243982372598662e-06
3.118619277522414380e-06
3.116998911654040241e-06
3.115383570832658978e-06
3.113771937828227017e-06
3.112164456745105086e-06
3.110561789869888550e-06
3.108962295655813064e-06
3.107366870461669788e-06
3.105776297520283498e-06
3.104188799355414591e-06
3.102605279838676055e-06
3.101026277835961766e-06
3.099451342814005043e-06
3.097880816245427683e-06
3.096314383998806092e-06
3.094751986001127929e-06
3.093194177418738610e-06
3.091640354496522907e-06
3.090090152937603348e-06
3.088544207421101697e-06
3.087002021153018057e-06
3.085463392437251237e-06
3.083929129572293918e-06
3.082398056343190283e-06
3.080870568415995219e-06
3.079347642763982345e-06
3.077828122553304940e-06
3.076312286908455942e-06
3.074801389208759781e-06
3.073293860243973056e-06
3.071790054067235454e-06
3.070290855500381779e-06
3.068794801133279196e-06
3.067302556975266752e-06
3.065814631592848702e-06
3.064329463870225426e-06
3.062847914232398825e-06
3.061370752866846554e-06
3.059896324540805473e-06
3.058425167892144799e-06
3.056958563415378870e-06
3.055495281403225315e-06
3.054035462281982349e-06
3.052580006437278116e-06
3.051127977046286591e-06
3.049679603533939518e-06
3.048235436439712271e-06
3.046794202941740684e-06
3.045356586924860403e-06
3.043923011551687725e-06
3.042492164789458467e-06
3.041064720307801944e-06
3.039641387496174088e-06
3.038220648636187731e-06
3.036803269252229241e-06
3.035389890898976127e-06
3.033979883467236568e-06
3.032573269501190562e-06
3.031170654832369054e-06
3.029771383627842677e-06
3.028375598783447755e-06
3.026983824920223971e-06
3.025594860190540780e-06
3.024209304699443878e-06
3.022827705094047030e-06
3.021448596621280121e-06
3.020072748416143402e-06
3.018700937438616857e-06
3.017331539192575116e-06
3.015965074470997062e-06
3.014602864717789823e-06
3.013243569461243087e-06
3.011887249377152993e-06
3.010535215324448523e-06
3.009186101566176098e-06
3.007840121585694042e-06
3.006498132999814327e-06
3.005158803405391871e-06
3.003822710268399698e-06
3.002490372025533663e-06
3.001160394578984145e-06
2.999833560510033516e-06
2.998510449052746292e-06
2.997189704186194145e-06
2.995871869363753537e-06
2.994557819749987613e-06
2.993246342808035720e-06
2.991938198081594648e-06
2.990633823284780296e-06
2.989332178655113023e-06
2.988033653183073485e-06
2.986738828972047763e-06
2.985446991906888245e-06
2.984157898030652541e-06
2.982871968707958839e-06
2.981589332267915904e-06
2.980309168037226552e-06
2.979031942910470016e-06
2.977758195279672671e-06
2.976486717919352404e-06
2.975217988820445367e-06
2.973953014319646358e-06
2.972690752721427544e-06
2.971431144443727044e-06
2.970175523346722558e-06
2.968922480471086144e-06
2.967672267803383079e-06
2.966425749756692866e-06
2.965181771049930103e-06
2.963940523033648643e-06
2.962702589487109161e-06
2.961467291258434810e-06
2.960234581714183902e-06
2.959004912868861824e-06
2.957777971231476427e-06
2.956553485641924267e-06
2.955331924369854050e-06
2.954113356615834006e-06
2.952897647054260685e-06
2.951684531016888933e-06
2.950474964769555039e-06
2.949267976324911841e-06
2.948063629346916615e-06
2.946862748953494905e-06
2.945664243649500642e-06
2.944468307515153846e-06
2.943275589607770402e-06
2.942085290938010179e-06
2.940897455733546477e-06
2.939712464364412098e-06
2.938530136007971804e-06
2.937350068051168582e-06
2.936172646580947741e-06
2.934998318996020851e-06
2.933826563926809984e-06
2.932657152952033159e-06
2.931491373307154639e-06
2.930327842539306423e-06
2.929166896651514059e-06
2.928009238059817480e-06
2.926853916903402988e-06
2.925701094106199453e-06
2.924550983357727516e-06
2.923403646746580481e-06
2.922258405363211699e-06
2.921115604076278423e-06
2.919976000539235330e-06
2.918838223483071111e-06
2.917702620280617577e-06
2.916570491009210164e-06
2.915440364560578643e-06
2.914312830486465365e-06
2.913188480943450755e-06
2.912066319774219815e-06
2.910946769773418249e-06
2.909829974771306258e-06
2.908715972510906255e-06
2.907604008183255628e-06
2.906494577140446276e-06
2.905388132505020841e-06
2.904283398480083453e-06
2.903181181064344676e-06
2.902081730627099287e-06
2.900984230214592004e-06
2.899889018025299332e-06
2.898796322913875800e-06
2.897706135748186459e-06
2.896618405906371514e-06
2.895532743469446768e-06
2.894450396768185233e-06
2.893370010521579130e-06
2.892291943306397997e-06
2.891216842776742187e-06
2.890143953877313274e-06
2.889073150161437082e-06
2.888004744580024422e-06
2.886939057744483471e-06
2.885875044946703181e-06
2.884813331667296866e-06
2.883754451098531820e-06
2.882697157562489284e-06
2.881642113449274589e-06
2.880589667675048728e-06
2.879539186773243434e-06
2.878491354065210344e-06
2.877445560187616383e-06
2.876402699133829775e-06
2.875361844508493048e-06
2.874323144322440715e-06
2.873287287953304481e-06
2.872253484422463869e-06
2.871221717532380151e-06
2.870192214109960532e-06
2.869165306841965283e-06
2.868139974935837222e-06
2.867116853896534909e-06
2.866096414069968611e-06
2.865077489778843698e-06
2.864060739960429714e-06
2.863046371174162808e-06
2.862034072629808609e-06
2.861024131121435072e-06
2.860016012349788816e-06
2.859010934583825217e-06
2.858007567740443190e-06
2.857006345472807400e-06
2.856007790408487931e-06
2.855011315174703350e-06
2.854016639623078303e-06
2.853024105503797967e-06
2.852034205127337702e-06
2.851045707012748475e-06
2.850059347884473133e-06
2.849075319745256333e-06
2.848093173786670419e-06
2.847112817525101171e-06
2.846134269231691314e-06
2.845158527478294410e-06
2.844184434758928271e-06
2.843212322429425547e-06
2.842242865294142391e-06
2.841275163085567710e-06
2.840309583852951454e-06
2.839346042363870967e-06
2.838385035076613531e-06
2.837425687481654951e-06
2.836468262893891798e-06
2.835513043030566227e-06
2.834559879365924774e-06
2.833608271740334644e-06
2.832658559270314176e-06
2.831711392868831933e-06
2.830765485549019773e-06
2.829821510555794528e-06
2.828879751704400282e-06
2.827939804288394423e-06
2.827002017964611080e-06
2.826065824749241345e-06
2.825132438362068041e-06
2.824200564200974163e-06
2.823270671671089964e-06
2.822343000322993763e-06
2.821417457879577973e-06
2.820493395211890592e-06
2.819571369802039700e-06
2.818651527800550569e-06
2.817733389090260285e-06
2.816816903039128140e-06
2.815902139252504584e-06
2.814989854896985004e-06
2.814078775926696462e-06
2.813169435355353402e-06
2.812262375285599760e-06
2.811356829007753615e-06
2.810453501986044836e-06
2.809551671706987784e-06
2.808652495870357738e-06
2.807754738519345083e-06
2.806858847948192903e-06
2.805965115435361052e-06
2.805073377315543839e-06
2.804183052699252076e-06
2.803294620042751322e-06
2.802408296749432383e-06
2.801523632560258880e-06
2.800640459037016439e-06
2.799758928844670520e-06
2.798879795809353617e-06
2.798001739861375117e-06
2.797125421352547467e-06
2.796251095468875052e-06
2.795378498148950835e-06
2.794507739505004754e-06
2.793638424909506571e-06
2.792771662406905397e-06
2.791906243902450284e-06
2.791042658391714612e-06
2.790180828175589824e-06
2.789321192759451780e-06
2.788462975570127410e-06
2.787606418789875152e-06
2.786751637833464696e-06
2.785898810850195348e-06
2.785047173148090935e-06
2.784197256623792499e-06
2.783349359852287201e-06
2.782502824786924645e-06
2.781657836955119778e-06
2.780814214022805320e-06
2.779973061584991940e-06
2.779132997618780382e-06
2.778294847594998491e-06
2.777458497079196513e-06
2.776624020916781149e-06
2.775791122255066551e-06
2.774959757278272485e-06
2.774130507337926401e-06
2.773302887194392555e-06
2.772476588166970012e-06
2.771652020073219740e-06
2.770829346961034423e-06
2.770008158650956151e-06
2.769188324997097637e-06
2.768369980072793575e-06
2.767553805209218000e-06
2.766738575003384721e-06
2.765924992013647061e-06
2.765113004210044431e-06
2.764302910755253240e-06
2.763494206844627204e-06
2.762687006718989004e-06
2.761881865454087952e-06
2.761078129810895439e-06
2.760276109222528802e-06
2.759475486236718413e-06
2.758676935419934612e-06
2.757879829382990061e-06
2.757084018693563368e-06
2.756289811761722935e-06
2.755497500576926801e-06
2.754706431326483555e-06
2.753916755158946064e-06
2.753128446451509653e-06
2.752342239807553069e-06
2.751556892078700748e-06
2.750773094831920617e-06
2.749990820902006742e-06
2.749210360701960947e-06
2.748431180016563140e-06
2.747653457874207045e-06
2.746877625802243914e-06
2.746103207680586890e-06
2.745330375438115897e-06
2.744558858582330910e-06
2.743789281916434453e-06
2.743021143363610464e-06
2.742254174561556144e-06
2.741488770917169451e-06
2.740725083707619274e-06
2.739962779983291962e-06
2.739201594819599273e-06
2.738441846732875645e-06
2.737683947523072026e-06
2.736927060366496240e-06
2.736171576927302417e-06
2.735417235703627776e-06
2.734665075385710737e-06
2.733913721282573473e-06
2.733164195457683422e-06
2.732415927245078978e-06
2.731669639740757539e-06
2.730924430198892099e-06
2.730180720915152261e-06
2.729438494420240737e-06
2.728698039539211013e-06
2.727958741592989254e-06
2.727220810056153426e-06
2.726484234240188315e-06
2.725749452358695408e-06
2.725015518593280854e-06
2.724283072713725539e-06
2.723551931837315226e-06
2.722822531130511784e-06
2.722093982470978837e-06
2.721366751181005954e-06
2.720641055032074389e-06
2.719916842273137948e-06
2.719193883274367196e-06
2.718472200832424014e-06
2.717752252616079736e-06
2.717033610360944182e-06
2.716316365860553402e-06
2.715600297293313967e-06
2.714885988554630859e-06
2.714173072380456638e-06
2.713461201174568529e-06
2.712750701821238561e-06
2.712041641832423536e-06
2.711334067990367230e-06
2.710627354481711294e-06
2.709922007889731438e-06
2.709218094812232206e-06
2.708515610709658252e-06
2.707814035068571471e-06
2.707113630609182692e-06
2.706414810126680319e-06
2.705717241886062063e-06
2.705020981146119242e-06
2.704325861978957684e-06
2.703632448625517112e-06
2.702940220760892859e-06
2.702249340729847192e-06
2.701559579555599523e-06
2.700871467194180389e-06
2.700184712502988939e-06
2.699498937784314400e-06
2.698814476492528372e-06
2.698131317885887242e-06
2.697449663099163893e-06
2.696768756664223664e-06
2.696089239488536777e-06
2.695410913722429474e-06
2.694734138550075232e-06
2.694058099209631665e-06
2.693383277253184206e-06
2.692709758229006896e-06
2.692037741414118453e-06
2.691366679850481763e-06
2.690696952470419104e-06
2.690028527089364846e-06
2.689361683744064293e-06
2.688695790648239777e-06
2.688031189199855189e-06
2.687367842765296295e-06
2.686706069687625512e-06
2.686045286503533076e-06
2.685385607818453354e-06
2.684727108381679370e-06
2.684070165439902686e-06
2.683414129114841483e-06
2.682759148539709491e-06
2.682105276173548782e-06
2.681452986374001891e-06
2.680801513613046137e-06
2.680151169705133309e-06
2.679501758780265314e-06
2.678854078125717853e-06
2.678207148975572026e-06
2.677561687745349217e-06
2.676917075715555589e-06
2.676274218740869620e-06
2.675632238016033172e-06
2.674991563965503004e-06
2.674351861718264394e-06
2.673713694809301690e-06
2.673076725000595500e-06
2.672440656818917930e-06
2.671805759188867398e-06
2.671172007908778404e-06
2.670539691683377050e-06
2.669908050767897442e-06
2.669277626704921943e-06
2.668648153716590543e-06
2.668020293042684467e-06
2.667393000236559879e-06
2.666766905758664692e-06
2.666141667707096575e-06
2.665518190321567436e-06
2.664895241445974800e-06
2.664273834507540241e-06
2.663653172816831112e-06
2.663034233456936734e-06
2.662416065310504762e-06
2.661799133131645229e-06
2.661183157679252477e-06
2.660568627365266656e-06
2.659955224990271026e-06
2.659342670508570956e-06
2.658731257346026769e-06
2.658120904307050322e-06
2.657511949224885561e-06
2.656903622259520451e-06
2.656296462563578837e-06
2.655690186035264965e-06
2.655085450861461465e-06
2.654481312856181887e-06
2.653878276359233540e-06
2.653276051108938305e-06
2.652675439568827920e-06
2.652075470641995223e-06
2.651476841848989698e-06
2.650879002113129466e-06
2.650282673254624874e-06
2.649687244955601938e-06
2.649092930733046189e-06
2.648499564422940318e-06
2.647907457672537316e-06
2.647316582968598117e-06
2.646726569006610383e-06
2.646137516466954115e-06
2.645549469009204815e-06
2.644962738563089525e-06
2.644376881886417790e-06
2.643791815048256372e-06
2.643207780280848395e-06
2.642624976902018812e-06
2.642043153101198853e-06
2.641462060673758857e-06
2.640881886112899890e-06
2.640302851874471114e-06
2.639725025252420840e-06
2.639147938722853155e-06
2.638572012688663768e-06
2.637996992171278617e-06
2.637423487857762854e-06
2.636850633455486538e-06
2.636278877755936667e-06
2.635708020947605721e-06
2.635138512701633733e-06
2.634569936782782049e-06
2.634002147862509041e-06
2.633435394375850458e-06
2.632869605272515474e-06
2.632305087431165720e-06
2.631741144821881893e-06
2.631178214070265896e-06
2.630616111560788706e-06
2.630055357183551801e-06
2.629495265890969033e-06
2.628936054621478305e-06
2.628377625667117798e-06
2.627820455342204531e-06
2.627264188561060152e-06
2.626708806836922501e-06
2.626154380032245751e-06
2.625600973550113530e-06
2.625048889887578360e-06
2.624497475154066692e-06
2.623947070392180754e-06
2.623397571749121367e-06
2.622849348757642147e-06
2.622301992480312887e-06
2.621755372620222021e-06
2.621209772752309542e-06
2.620665068098586248e-06
2.620121590274892138e-06
2.619578661704349263e-06
2.619036677430864691e-06
2.618495501912869099e-06
2.617955583325414907e-06
2.617416365419972584e-06
2.616877917102098948e-06
2.616340256869505753e-06
2.615803685658735972e-06
2.615268146561851396e-06
2.614733294649823771e-06
2.614199537130453461e-06
2.613666544701748838e-06
2.613134983458543375e-06
2.612603980459203050e-06
2.612074013404506528e-06
2.611544806610733639e-06
2.611016799004626202e-06
2.610489757546905712e-06
2.609963427383219725e-06
2.609437975100075419e-06
2.608913361608360023e-06
2.608389891390437456e-06
2.607867205589894911e-06
2.607345156443622828e-06
2.606824015384037272e-06
2.606303826020377118e-06
2.605784697333735186e-06
2.605266008605664774e-06
2.604748272340166320e-06
2.604231220123128678e-06
2.603715590435766861e-06
2.603200370592427320e-06
2.602686274707984076e-06
2.602172803706015055e-06
2.601660502914392911e-06
2.601149125531221554e-06
2.600638471420266023e-06
2.600128720093458537e-06
2.599619805997956657e-06
2.599112051568803390e-06
2.598605047971058668e-06
2.598098704882874843e-06
2.597593292658817712e-06
2.597088689140075142e-06
2.596585207033012332e-06
2.596082239268139780e-06
2.595580053011828960e-06
2.595078643537848209e-06
2.594578315111753622e-06
2.594078751925575739e-06
2.593579746581113352e-06
2.593081535230881527e-06
2.592584097823071422e-06
2.592087946585947144e-06
2.591592130410841822e-06
2.591097526425066312e-06
2.590603431144524654e-06
2.590110538156104244e-06
2.589618398362242305e-06
2.589127013381003852e-06
2.588636487931194974e-06
2.588146765324316173e-06
2.587658136373275124e-06
2.587170227372359999e-06
2.586682936136627772e-06
2.586196556771085125e-06
2.585710912225041259e-06
2.585226368820494746e-06
2.584742330050950756e-06
2.584258989867272978e-06
2.583776448478432847e-06
2.583294839914451181e-06
2.582814082634701814e-06
2.582333772880823567e-06
2.581854306672482172e-06
2.581375463429075131e-06
2.580897936993490727e-06
2.580420770412093872e-06
2.579944611002304145e-06
2.579469045741255770e-06
2.578994448048515906e-06
2.578520862349166926e-06
2.578047836309824765e-06
2.577575668077955763e-06
2.577104203786797855e-06
2.576633783139755641e-06
2.576164150877451780e-06
2.575695127177413559e-06
2.575226862544930769e-06
2.574759327104793066e-06
2.574292762428223719e-06
2.573826934337418441e-06
2.573361582902467843e-06
2.572897094591457495e-06
2.572433227492979177e-06
2.571970498502725093e-06
2.571508162448960952e-06
2.571046576101272534e-06
2.570585574194987808e-06
2.570125502287807543e-06
2.569666277517651164e-06
2.569207552749967394e-06
2.568749844757047594e-06
2.568292611670423639e-06
2.567836592944009295e-06
2.567381084347200254e-06
2.566926347487323367e-06
2.566472343183068868e-06
2.566019083933376898e-06
2.565566824447484102e-06
2.565115199964889096e-06
2.564664147804520204e-06
2.564213888924908235e-06
2.563764266255381803e-06
2.563315683167977979e-06
2.562867613754331328e-06
2.562420094581202313e-06
2.561973317035363916e-06
2.561527278202281223e-06
2.561082214928280763e-06
2.560637467319894442e-06
2.560193519430485819e-06
2.559750094995803755e-06
2.559307633536463502e-06
2.558865868413531262e-06
2.558424638195954453e-06
2.557984339753307855e-06
2.557544532964879628e-06
2.557105881677731912e-06
2.556667697700704664e-06
2.556230258575908339e-06
2.555793533945063348e-06
2.555357505560750669e-06
2.554922429672128089e-06
2.554487975554574877e-06
2.554054068930769423e-06
2.553620912785026369e-06
2.553188364312673003e-06
2.552756754913496632e-06
2.552325745368578137e-06
2.551895192428806621e-06
2.551465413518823615e-06
2.551036199914369877e-06
2.550608031329038205e-06
2.550180223726061076e-06
2.549753065549521544e-06
2.549326453152460447e-06
2.548900590619599608e-06
2.548475686979217450e-06
2.548051078076744992e-06
2.547627513550985755e-06
2.547204333237947529e-06
2.546782094196887268e-06
2.546360615613137345e-06
2.545939654775193656e-06
2.545519439745215692e-06
2.545099809545232608e-06
2.544681078249265848e-06
2.544263056938085351e-06
2.543845605951137793e-06
2.543428705100153936e-06
2.543012463864692783e-06
2.542597053869161068e-06
2.542182390819386485e-06
2.541768084114397954e-06
2.541354446880297265e-06
2.540941402628100068e-06
2.540529162282421725e-06
2.540117644880277390e-06
2.539706426945499073e-06
2.539295983302652833e-06
2.538885999295476522e-06
2.538476984234926992e-06
2.538068489371093009e-06
2.537660521781159735e-06
2.537253363244271764e-06
2.536846660805575624e-06
2.536441020959664732e-06
2.536035810693660305e-06
2.535631247680070338e-06
2.535227333928320831e-06
2.534824015238147802e-06
2.534421598086061121e-06
2.534019766511163341e-06
2.533618425290648771e-06
2.533217702715192054e-06
2.532817576591938321e-06
2.532418238957659661e-06
2.532019588901835951e-06
2.531621256244315706e-06
2.531223624236535374e-06
2.530826494266167979e-06
2.530430197083259641e-06
2.530034515387483981e-06
2.529639142234770213e-06
2.529244505229377626e-06
2.528850304625147777e-06
2.528457027296533621e-06
2.528064249133495147e-06
2.527671954242075739e-06
2.527280483152416764e-06
2.526889404742492987e-06
2.526499323211065421e-06
2.526109720411288649e-06
2.525720677193946571e-06
2.525332281116018405e-06
2.524944458748326796e-06
2.524557430083407219e-06
2.524171041881471819e-06
2.523785157350818737e-06
2.523399771692927128e-06
2.523015007059407228e-06
2.522630948531721785e-06
2.522247613236951955e-06
2.521864622717292211e-06
2.521482161512109239e-06
2.521100306222666262e-06
2.520719060228128380e-06
2.520338634452343119e-06
2.519958468163455887e-06
2.519578937174590982e-06
2.519199843835368793e-06
2.518821393310305778e-06
2.518443818855669954e-06
2.518066469844073306e-06
2.517689996899336146e-06
2.517313876552995583e-06
2.516938454953448172e-06
2.516563908726565505e-06
2.516189681668959823e-06
2.515816139497624982e-06
2.515443074724841097e-06
2.515070685657666587e-06
2.514699078792308772e-06
2.514327943691528331e-06
2.513957268965792455e-06
2.513587189391352903e-06
2.513217623586600394e-06
2.512848801615464089e-06
2.512480573129529784e-06
2.512112641708531690e-06
2.511745350928236297e-06
2.511378505418609250e-06
2.511012423837267542e-06
2.510646925116738942e-06
2.510281680495105960e-06
2.509917118482773144e-06
2.509552944286786782e-06
2.509189522928809264e-06
2.508826693584144170e-06
2.508464179611379033e-06
2.508102541503339984e-06
2.507741184423314497e-06
2.507380566442840615e-06
2.507020672761582901e-06
2.506661138952187349e-06
2.506302235458621963e-06
2.505943761927867673e-06
2.505585971069472611e-06
2.505228923536306697e-06
2.504872300777471466e-06
2.504516106580276536e-06
2.504160491130030178e-06
2.503805357067743912e-06
2.503450934144599893e-06
2.503097081028388852e-06
2.502743495083826300e-06
2.502390520875862438e-06
2.502037987951572251e-06
2.501686124725986617e-06
2.501334891327716332e-06
2.500983878211714645e-06
2.500633504632126101e-06
2.500283498597990943e-06
2.499934110610504766e-06
2.499585474271212536e-06
2.499237051438038404e-06
2.498889423944197555e-06
2.498542115518444171e-06
2.498195415918431532e-06
2.497849567443415773e-06
2.497503962703913168e-06
2.497158977274540898e-06
2.496814498630110178e-06
2.496470526204850011e-06
2.496127286792826015e-06
2.495784536496870071e-06
2.495442203276594964e-06
2.495100336860285198e-06
2.494758994981295224e-06
2.494418257348402699e-06
2.494078162671701951e-06
2.493738386406360308e-06
2.493399014939602792e-06
2.493060215963019813e-06
2.492721831634287461e-06
2.492384264743258432e-06
2.492047001177075366e-06
2.491710091967207522e-06
2.491373701444132176e-06
2.491037726607745511e-06
2.490702586897523303e-06
2.490367787974437341e-06
2.490033367193006517e-06
2.489699692300591036e-06
2.489366291749527228e-06
2.489033624906528765e-06
2.488701544363335716e-06
2.488369804914420682e-06
2.488038655628713462e-06
2.487707891952295696e-06
2.487377744936864866e-06
2.487048269520875440e-06
2.486719205397460837e-06
2.486390531324780476e-06
2.486062346518741402e-06
2.485734619200832026e-06
2.485407521974228523e-06
2.485080997520984269e-06
2.484754739460044925e-06
2.484428911167454853e-06
2.484103589610260833e-06
2.483778716881817333e-06
2.483454605168092837e-06
2.483130749866438093e-06
2.482807263920137774e-06
2.482484237151046988e-06
2.482161615569635078e-06
2.481839811073545115e-06
2.481518310842903251e-06
2.481197165228293851e-06
2.480876738041708263e-06
2.480556564483481749e-06
2.480237056542274034e-06
2.479918159776213879e-06
2.479599567363906278e-06
2.479281520631731159e-06
2.478963874405561845e-06
2.478646757712637160e-06
2.478330297660320366e-06
2.478014254010132703e-06
2.477698575137795350e-06
2.477383332902698982e-06
2.477068562294719671e-06
2.476754331718300225e-06
2.476440696171012083e-06
2.476127358150885608e-06
2.475814356739704196e-06
2.475501911076707835e-06
2.475189808458339602e-06
2.474878400536785329e-06
2.474567368717839450e-06
2.474256564626079485e-06
2.473946354988323923e-06
2.473636447517462264e-06
2.473327100695137224e-06
2.473018380819152909e-06
2.472709847982285360e-06
2.472401982235483233e-06
2.472094423631469633e-06
2.471787332449515293e-06
2.471481038796896226e-06
2.471174976102752736e-06
2.470869381564165157e-06
2.470564274370886407e-06
2.470259545220467413e-06
2.469955411037139641e-06
2.469651848728092232e-06
2.469348631357442957e-06
2.469045762150542506e-06
2.468743386062870402e-06
2.468441396698915024e-06
2.468139984593520558e-06
2.467839094573117365e-06
2.467538425493209957e-06
2.467238163368982285e-06
2.466938365778782194e-06
2.466638957671714484e-06
2.466340258901440127e-06
2.466041808332023593e-06
2.465743639030641808e-06
2.465445964458284650e-06
2.465148626739254265e-06
2.464851921972611808e-06
2.464555656780593542e-06
2.464259612228293472e-06
2.463964279823013376e-06
2.463669153510739727e-06
2.463374524899678918e-06
2.463080650728193039e-06
2.462786960853519184e-06
2.462493746302860977e-06
2.462200977646921369e-06
2.461908572902302120e-06
2.461616744127176104e-06
2.461325452187245577e-06
2.461034485251940076e-06
2.460743855295552617e-06
2.460453676946468348e-06
2.460163873902811227e-06
2.459874623745153417e-06
2.459585873917553550e-06
2.459297347976777342e-06
2.459009177885883199e-06
2.458721476072226331e-06
2.458434112816112551e-06
2.458147413284008199e-06
2.457861006869359475e-06
2.457574813345460262e-06
2.457289159593929255e-06
2.457003776138442113e-06
2.456718878351116966e-06
2.456434612702642293e-06
2.456150498874417615e-06
2.455866916166576987e-06
2.455583699244911630e-06
2.455300844780560886e-06
2.455018685233824839e-06
2.454736853959984092e-06
2.454455345663301838e-06
2.454174321161147664e-06
2.453893613198156518e-06
2.453613400802187646e-06
2.453333750173348373e-06
2.453054452702807180e-06
2.452775481887272878e-06
2.452496848498434657e-06
2.452218686199784813e-06
2.451940869966667987e-06
2.451663651763359784e-06
2.451386767178726818e-06
2.451110094950436724e-06
2.450833887116173641e-06
2.450558010608661599e-06
2.450282578418894403e-06
2.450007723804918474e-06
2.449733054725584801e-06
2.449458715674100016e-06
2.449184749942626373e-06
2.448911127053497107e-06
2.448638124685388527e-06
2.448365459556056263e-06
2.448093008910179206e-06
2.447821216320103890e-06
2.447549608880765006e-06
2.447278431959024316e-06
2.447007956232836324e-06
2.446737677772664296e-06
2.446467783257514871e-06
2.446198329564282498e-06
2.445929164834893771e-06
2.445660515207117091e-06
2.445392395111275950e-06
2.445124591168166161e-06
2.444857083253821413e-06
2.444589937415306274e-06
2.444323204604990677e-06
2.444056837179190717e-06
2.443791019160694788e-06
2.443525517617705243e-06
2.443260223358149873e-06
2.442995370446865451e-06
2.442730835122769030e-06
2.442466711790070366e-06
2.442203158783609567e-06
2.441939790834274931e-06
2.441676703306066185e-06
2.441414010624072101e-06
2.441151626897218896e-06
2.440889780542928198e-06
2.440628354512394075e-06
2.440367100420066981e-06
2.440106402820109451e-06
2.439845958470239210e-06
2.439585882253892766e-06
2.439326446072475624e-06
2.439067292364169546e-06
2.438808427737288841e-06
2.438550010775663187e-06
2.438291887923615228e-06
2.438034180423256537e-06
2.437776997902702144e-06
2.437520149076796761e-06
2.437263637306688249e-06
2.437007363751755980e-06
2.436751570299620948e-06
2.436496052225027814e-06
2.436241036821141541e-06
2.435986434382093358e-06
2.435732007592389421e-06
2.435477900361864863e-06
2.435224202444267842e-06
2.434970787039005862e-06
2.434717931556200471e-06
2.434465381840235760e-06
2.434212990321475504e-06
2.433961057281577033e-06
2.433709336335719046e-06
2.423817356930825098e-06
2.423567555783857538e-06
2.423317887845083853e-06
2.384418436347331740e-06
2.384173140595474699e-06
2.383927982090257103e-06
2.383683245114734675e-06
2.364072198439516607e-06
2.363829995177268107e-06
2.363588167024840590e-06
2.324525506322235818e-06
2.324287843469119431e-06
2.324050651160543383e-06
2.304359794465170553e-06
2.304125129496540970e-06
2.303890745582331626e-06
2.264661318881286292e-06
2.264431173698607127e-06
2.264201302185354655e-06
2.263971925188427943e-06
2.244203630709916820e-06
2.243976533576923382e-06
2.243749772156947930e-06
2.204358092024000296e-06
2.204135509332786278e-06
2.203913477200321022e-06
2.184065827450570916e-06
2.183845972337704053e-06
2.183626567246162664e-06
2.144069182287786808e-06
2.143853817427373014e-06
2.143639095541548552e-06
2.123712336317729212e-06
2.123499731620402565e-06
2.123287586667916536e-06
2.083565091492640658e-06
2.083356983796690977e-06
2.083149438664045444e-06
2.082942030595792593e-06
2.062938553942158732e-06
2.062733556776164166e-06
2.062528727932815648e-06
2.022645713304203025e-06
2.022445280751185067e-06
2.022245082461977428e-06
