2.871841760244222858e-05
3.039252802204100081e-05
3.192429619920212974e-05
3.332194214477823759e-05
3.459307935831265840e-05
3.574486033709930040e-05
3.678390943336494256e-05
3.771646633804446344e-05
3.854830364065926475e-05
3.928486131320990779e-05
3.993131983539306826e-05
4.049251474285124624e-05
4.097310487769637347e-05
4.137752961935823714e-05
4.171002442044506212e-05
4.197467956379000761e-05
4.217536675603725119e-05
4.231577208619305191e-05
4.239947053928994395e-05
4.242989721533747642e-05
4.241028557694084746e-05
4.234385017041921004e-05
4.223364444196305077e-05
4.208257484882023229e-05
4.189352191885112130e-05
4.166925309632881082e-05
4.141236964380717688e-05
4.112551353657662226e-05
4.081119209717550044e-05
4.047179491350099610e-05
4.010968023706087802e-05
3.972705660060654720e-05
3.932615295352933417e-05
3.890895597469604534e-05
3.847751193693870706e-05
3.803366284600276967e-05
3.757925792677658307e-05
3.711598529348240216e-05
3.664549688274264586e-05
3.616932243742887422e-05
3.568898770680101288e-05
3.520579141246431623e-05
3.472115679586393273e-05
3.423618810775984643e-05
3.375214373153096798e-05
3.327004062443476330e-05
3.279087008910075370e-05
3.231559389306386205e-05
3.184500546191575468e-05
3.137994865977077334e-05
3.092108695849288741e-05
3.046906355180351814e-05
3.002450087255337260e-05
2.958784414920652932e-05
2.915961318784464343e-05
2.874018651933287933e-05
2.832986663027790207e-05
2.792902390988994023e-05
2.753786483883895135e-05
2.715653463150609107e-05
2.678526555325086225e-05
2.642413530149918111e-05
2.607315954025685582e-05
2.573243743230307405e-05
2.540195938329446656e-05
2.508162032763101103e-05
2.477137909445180768e-05
2.447116409509172212e-05
2.418080924512582100e-05
2.390018049462149525e-05
2.362912525749034747e-05
2.336743547035814608e-05
2.311485419795897443e-05
2.287116884739483832e-05
2.263614773746963556e-05
2.240955191774795941e-05
2.219105525708349355e-05
2.198037618025635458e-05
2.177722726950408050e-05
2.158133866981110004e-05
2.139235932467630391e-05
2.120996425877388143e-05
2.103386020213788654e-05
2.086372995257017350e-05
2.069919908989408260e-05
2.053996878362003808e-05
2.038577694450434028e-05
2.023619879330715413e-05
2.009091312809654182e-05
1.994967391101716141e-05
1.981213708392708811e-05
1.967795742809068805e-05
1.954686774344769628e-05
1.941854926454680515e-05
1.929270994557948142e-05
1.916911595541806703e-05
1.904742436361386545e-05
1.892739818995993432e-05
1.880879915351182561e-05
1.869135788338189676e-05
1.857488142419947560e-05
1.845910471337194620e-05
1.834382906834398984e-05
1.822887693445917365e-05
1.811404871629392787e-05
1.799918734767232004e-05
1.788411446080984560e-05
1.776869414085653596e-05
1.765279925607388800e-05
1.753631009558956290e-05
1.741912884281908089e-05
1.730114259466516351e-05
1.718228084804296807e-05
1.706248207656442834e-05
1.694169543872911464e-05
1.681988052633882289e-05
1.669699549505692976e-05
1.657303798220377951e-05
1.644798190777569966e-05
1.632186420226316881e-05
1.619468072554379557e-05
1.606647201748552083e-05
1.593724717682834876e-05
1.580707591659069464e-05
1.567598941616003678e-05
1.554407995823015018e-05
1.541139780689215210e-05
1.527802524547136121e-05
1.514402362471543401e-05
1.500950125600347065e-05
1.487452980034806633e-05
1.473923302386820569e-05
1.460369319028666274e-05
1.446802887449211654e-05
1.433231066948280585e-05
1.419667211493716765e-05
1.406120473828340471e-05
1.392603892436780829e-05
1.379127145213984491e-05
1.365702244804671892e-05
1.352338192754435691e-05
1.339045554685021213e-05
1.325836401625537524e-05
1.312717894793709737e-05
1.299705244292086849e-05
1.286803585640677479e-05
1.274025940110139685e-05
1.261377452108839090e-05
1.248868662003759357e-05
1.236508215000999270e-05
1.224301263159199144e-05
1.212260990901682889e-05
1.200387059138435487e-05
1.188692929187969889e-05
1.177180253891722507e-05
1.165851565403994066e-05
1.154720004448009733e-05
1.143779638618899869e-05
1.133044429302939758e-05
1.122512255350464727e-05
1.112185766670355630e-05
1.102071995249883862e-05
1.092165444259217734e-05
1.082472813526385329e-05
1.072994253553454152e-05
1.063725726307418936e-05
1.054675627169177081e-05
1.045836765959931075e-05
1.037207689329563833e-05
1.028794012831737994e-05
1.020585242659312804e-05
1.012583542097437318e-05
1.004789837593665973e-05
9.971917877763895527e-06
9.897976044496050298e-06
9.825967897308760809e-06
9.755833696146054833e-06
9.687609428249458092e-06
9.621176414358727439e-06
9.556512347302829424e-06
9.493622126183792645e-06
9.432380524030402311e-06
9.372758722417219045e-06
9.314755279527977061e-06
9.258240247173473751e-06
9.203169548396708202e-06
9.149542422297739878e-06
9.097233567014932572e-06
9.046201041954752414e-06
8.996438572559364158e-06
8.947821422537478091e-06
8.900309591933077837e-06
8.853892685968844424e-06
8.808432988226889675e-06
8.763900394237738868e-06
8.720277413520660442e-06
8.677438921420600320e-06
8.635357982191410587e-06
8.594011593453078162e-06
8.553297790761345132e-06
8.513167002069392772e-06
8.473618100659920484e-06
8.434560799916857569e-06
8.395923293785159788e-06
8.357692802024873523e-06
8.319831710891736372e-06
8.282251812797642026e-06
8.244942745207501031e-06
8.207879589699917068e-06
8.170989877429695377e-06
8.134249226596647925e-06
8.097644933157872147e-06
8.061122582090024950e-06
8.024645161728587278e-06
7.988202407643938129e-06
7.951776037223769205e-06
7.915310606591677062e-06
7.878804127975125608e-06
7.842255867870262366e-06
7.805622883013552064e-06
7.768895290157479437e-06
7.732069289279732557e-06
7.695135830521992502e-06
7.658068837946685454e-06
7.620869632653145534e-06
7.583544471875685070e-06
7.546081367959426080e-06
7.508472484258964983e-06
7.470726965648371306e-06
7.432852513176882105e-06
7.394845185379117359e-06
7.356703602804834139e-06
7.318443084390894802e-06
7.280073722681319576e-06
7.241598032421382693e-06
7.203021466752446524e-06
7.164362605651038151e-06
7.125639372017108482e-06
7.086854418556338333e-06
7.048019112127312425e-06
7.009158207498393623e-06
6.970287947254538058e-06
6.931412885958228339e-06
6.892554622421152205e-06
6.853729809765996614e-06
6.814958809824215521e-06
6.776247258029338394e-06
6.737614902666114055e-06
6.699085448454199918e-06
6.660679595738468963e-06
6.622400752127551816e-06
6.584269793840768940e-06
6.546310368969561164e-06
6.508540668612798857e-06
6.470963191417982335e-06
6.433597218009249154e-06
6.396464704821359751e-06
6.359581435324631047e-06
6.322948019555155423e-06
6.286583586894340208e-06
6.250510036187855075e-06
6.214734793475024845e-06
6.179259817833447064e-06
6.144107841572611353e-06
6.109287945036143635e-06
6.074807087001370321e-06
6.040670575610911628e-06
6.006885840237333888e-06
5.973468319633786073e-06
5.940422264119693583e-06
5.907748156161295381e-06
5.875444355572040912e-06
5.843536240911351758e-06
5.812014611498475673e-06
5.780876776007943083e-06
5.750130165894326459e-06
5.719784419044515160e-06
5.689841883831432005e-06
5.660286338217534189e-06
5.631117418957735540e-06
5.602340601265471059e-06
5.573964065397087246e-06
5.545972481462654845e-06
5.518355643969696553e-06
5.491116507454092338e-06
5.464262389061032296e-06
5.437789918542134025e-06
5.411677778285439796e-06
5.385922011981191828e-06
5.360526729511983604e-06
5.335495755788704510e-06
5.310802321842777763e-06
5.286432729500450295e-06
5.262387756371977755e-06
5.238675962484657184e-06
5.215289650009541195e-06
5.192195486214162073e-06
5.169391763397638649e-06
5.146881824339117198e-06
5.124666773501755103e-06
5.102721695679708261e-06
5.081033784534285386e-06
5.059597992082427461e-06
5.038415121221839641e-06
5.017486086099316686e-06
4.996780555201980977e-06
4.976282830104503409e-06
4.956000455085951952e-06
4.935931363847270953e-06
4.916071148715511795e-06
4.896391626866134541e-06
4.876882342125274007e-06
4.857543696358690269e-06
4.838381936454445703e-06
4.819394065098787693e-06
4.800547780371703604e-06
4.781838035155505629e-06
4.763264306031522014e-06
4.744831165486423230e-06
4.726538812832271018e-06
4.708356453428724032e-06
4.690280104310573572e-06
4.672309449620590554e-06
4.654449541274606276e-06
4.636701186358138946e-06
4.619039550607640952e-06
4.601459091328049775e-06
4.583961563373974448e-06
4.566553005425026866e-06
4.549232077947391737e-06
4.531982678464845786e-06
4.514797628121085722e-06
4.497679402230054756e-06
4.480630774836342507e-06
4.463653741113138980e-06
4.446739502867558739e-06
4.429879293836933657e-06
4.413072158106762736e-06
4.396321526390408602e-06
4.379635861921115218e-06
4.363004476469922149e-06
4.346421695052031579e-06
4.329890140074968405e-06
4.313406455835515292e-06
4.296977500608758150e-06
4.280607164400242850e-06
4.264285454092922000e-06
4.248009711680593511e-06
4.231782732669630701e-06
4.215608862239568117e-06
4.199489991844836584e-06
4.183422622347649159e-06
4.167407173990443018e-06
4.151441872552002931e-06
4.135526877769105520e-06
4.119668203913133370e-06
4.103869696945697863e-06
4.088126463096760644e-06
4.072436531347885563e-06
4.056804597143799417e-06
4.041232807590034312e-06
4.025723198264268277e-06
4.010275928702912290e-06
3.994892272895610700e-06
3.979572381068528837e-06
3.964313231959455105e-06
3.949124599933163487e-06
3.934003521913863327e-06
3.918950357212082969e-06
3.903969972263346079e-06
3.889058388355735197e-06
3.874215904529150155e-06
3.859448343937871703e-06
3.844757508822964968e-06
3.830141673795764423e-06
3.815600179312542725e-06
3.801135440913355347e-06
3.786747679655420908e-06
3.772438264360160076e-06
3.758213323589917808e-06
3.744066958570698260e-06
3.729996897403945290e-06
3.716010169057130696e-06
3.702103026710674469e-06
3.688277537323640333e-06
3.674539474978767718e-06
3.660881837754134227e-06
3.647302418451710269e-06
3.633807784861079414e-06
3.620394641648376228e-06
3.607063915852959870e-06
3.593822869571942964e-06
3.580660953214271806e-06
3.567579523123174146e-06
3.554579498339817107e-06
3.541662123847879811e-06
3.528827464470709007e-06
3.516079850602498831e-06
3.503408939409549448e-06
3.490818826254614289e-06
3.478307319117434962e-06
3.465870602810040066e-06
3.453519893942235751e-06
3.441248531218014156e-06
3.429053997988604986e-06
3.416935265861185782e-06
3.404891188056441206e-06
3.392920407528148089e-06
3.381026556412367920e-06
3.369210354275406773e-06
3.357470430038329649e-06
3.345801291155251326e-06
3.334198547335185451e-06
3.322667597226140067e-06
3.311207930823223192e-06
3.299818801984260393e-06
3.288505167770608283e-06
3.277254886709932178e-06
3.266070123509828806e-06
3.254950580351523808e-06
3.243892047949382935e-06
3.232901060796208460e-06
3.221976998620150533e-06
3.211117593774756712e-06
3.200318154517892971e-06
3.189575065400469550e-06
3.178890971493225731e-06
3.168267117608994089e-06
3.157704511676790142e-06
3.147203413508892852e-06
3.136759002912486059e-06
3.126369198630166796e-06
3.116031172640761684e-06
3.105749183061060039e-06
3.095520688759988799e-06
3.085347354730138973e-06
3.075233978879398520e-06
3.065168144151400741e-06
3.055152290537206433e-06
3.045186147064622597e-06
3.035267102533047856e-06
3.025398548171362494e-06
3.015582156980979819e-06
3.005817805813727807e-06
2.996097929780237623e-06
2.986423384824794544e-06
2.976794885932059386e-06
2.967209610693807301e-06
2.957671709988009133e-06
2.948181772803302273e-06
2.938739758499214046e-06
2.929339237948504089e-06
2.919980768062628880e-06
2.910665273604463102e-06
2.901389975160411977e-06
2.892158773223388715e-06
2.882971862060484470e-06
2.873830100873544911e-06
2.864726480276213837e-06
2.855663092270039168e-06
2.846639416961530445e-06
2.837653822885990900e-06
2.828709128145244752e-06
2.819804413824291282e-06
2.810943866219190254e-06
2.802118787013165322e-06
2.793332664349431069e-06
2.784582152753243148e-06
2.775871120324137301e-06
2.767196761512216023e-06
2.758561567057079188e-06
2.749965984036395514e-06
2.741406974998317072e-06
2.732885241297346950e-06
2.724396890275882084e-06
2.715945740925112043e-06
2.707528691324199652e-06
2.699151550564687786e-06
2.690809804798852147e-06
2.682506284254768952e-06
2.674236105071922576e-06
2.666000314123701166e-06
2.657799127911006910e-06
2.649631282902298229e-06
2.641498979791070153e-06
2.633401731000170772e-06
2.625341730919475497e-06
2.617314436036092259e-06
2.609321743496595874e-06
2.601359526830058959e-06
2.593431707953780223e-06
2.585535101124964273e-06
2.577675214834130082e-06
2.569848157770795361e-06
2.562056987110478014e-06
2.554295860928308365e-06
2.546567754975374133e-06
2.538869934943179599e-06
2.531205207781977372e-06
2.523571404332717820e-06
2.515971381589715326e-06
2.508404221846262942e-06
2.500869415540468187e-06
2.493364751770775693e-06
2.485889917113565887e-06
2.478445810371295843e-06
2.471031319970050440e-06
2.463647819217645477e-06
2.456296170434617233e-06
2.448976870612847744e-06
2.441687315039074579e-06
2.434427286095584727e-06
2.427195174160713377e-06
2.419992706490746883e-06
2.412817826245914500e-06
2.405673356902633479e-06
2.398559315040811009e-06
2.391476428798684238e-06
2.384421762935699878e-06
2.377395270584890955e-06
2.370395234852401091e-06
2.363423408254438001e-06
2.356478078210152373e-06
2.349561367196747184e-06
2.342673604595307881e-06
2.335815318045146033e-06
2.328984287265045001e-06
2.322179583029664922e-06
2.315400201892827448e-06
2.308647374014415144e-06
2.301920854725701390e-06
2.295220096165393465e-06
2.288547402607766033e-06
2.281901684703184610e-06
2.275283558287250808e-06
2.268689235520865546e-06
2.262121079966417403e-06
2.255576333395283665e-06
2.249057448008461016e-06
2.242562307383551013e-06
2.236094318355761462e-06
2.229651172846328137e-06
2.223236312413176911e-06
2.216844020657401025e-06
2.210476731325521781e-06
2.204131056641418872e-06
2.197810189502055865e-06
2.191511440758454580e-06
2.185238017182231520e-06
2.178989218220430452e-06
2.172765378319097808e-06
2.166565292672502681e-06
2.160387318093310469e-06
2.154232431419258933e-06
2.148099195930301331e-06
2.141989762983905334e-06
2.135901528853307124e-06
2.129838196719541769e-06
2.123796780733914309e-06
2.117781421003015565e-06
2.111786724489584581e-06
2.105814665208014314e-06
2.099862696221202016e-06
2.093933176694376901e-06
2.088025139907649999e-06
2.082138547831232506e-06
2.076275628125607393e-06
2.070434051038850512e-06
2.064616823893932563e-06
2.058818911993761264e-06
2.053043735332836530e-06
2.047287263788831972e-06
2.041552801420942191e-06
2.035837968931024878e-06
2.030145048812876119e-06
2.024473841410538796e-06
2.018823587519615495e-06
2.013195978453482034e-06
2.007587115409268542e-06
2.002000101370331172e-06
1.996431242662266788e-06
1.990883572902828686e-06
1.985354381126604410e-06
1.979846678623770524e-06
1.974359769576919819e-06
1.968893069373273086e-06
1.963448192609372471e-06
1.958021454580893752e-06
1.952615705534816452e-06
1.947227295867691851e-06
1.941859258473144777e-06
1.936509430353483913e-06
1.931179659490612328e-06
1.925870304488803143e-06
1.920580196412773587e-06
1.915311801932410518e-06
1.910060572151292210e-06
1.904829303327660565e-06
1.899614549939982676e-06
1.894418926627136697e-06
1.889241588440342080e-06
1.884082055212290925e-06
1.878943219761711417e-06
1.873821919158733927e-06
1.868722330060607433e-06
1.863639458116155134e-06
1.858574344988919417e-06
1.853526240013484785e-06
1.848495443669791570e-06
1.843483342055471911e-06
1.838487750617031829e-06
1.833510839601282151e-06
1.828552396874835594e-06
1.823612496596188809e-06
1.818690393366014409e-06
1.813784514450042842e-06
1.808896710288055452e-06
1.804023940104785627e-06
1.799168641028109983e-06
1.794329262316885584e-06
1.789506580430840896e-06
1.784702395662484101e-06
1.779914287788980004e-06
1.775146026513561841e-06
1.770392836111244732e-06
1.765655369188854127e-06
1.760933131315090494e-06
1.756226526867378356e-06
1.751536685139266052e-06
1.746860758073567045e-06
1.742201933444049764e-06
1.737559427659814726e-06
1.732932803236518542e-06
1.728323599529996125e-06
1.723728492526692630e-06
1.719148908253203924e-06
1.714582562634746712e-06
1.710031333307678774e-06
1.705495613470876719e-06
1.700973928183625492e-06
1.696467744546715158e-06
1.691977099004797488e-06
1.687501660637261667e-06
1.683041838867138927e-06
1.678595433341145020e-06
1.674163967243476916e-06
1.669744610386336507e-06
1.665339367360564709e-06
1.660948791900228855e-06
1.656571487624208606e-06
1.652208826100259980e-06
1.647860694525447852e-06
1.643526731354600709e-06
1.639207686156523055e-06
1.634901125442573193e-06
1.630608574339575803e-06
1.626327456505554012e-06
1.622059699277539584e-06
1.617806104521548793e-06
1.613564303843252529e-06
1.609336515670643836e-06
1.605122300750223958e-06
1.600920988876194282e-06
1.596734568620350974e-06
1.592559917107192633e-06
1.588397942705100780e-06
1.584247847415780773e-06
1.580110019209290984e-06
1.575985825708077366e-06
1.571872282068025824e-06
1.567771837487953296e-06
1.563684799593665886e-06
1.559609491967751746e-06
1.555549458202953986e-06
1.551500446380986969e-06
1.547462575978346438e-06
1.543438344290412747e-06
1.539424342771055605e-06
1.535422636177433180e-06
1.531432378667865990e-06
1.527453865185239356e-06
1.523488617044010566e-06
1.519535528575015665e-06
1.515594357547626398e-06
1.511666217893177633e-06
1.507748794975641087e-06
1.503843379407132765e-06
1.499948593329406891e-06
1.496065073420749637e-06
1.492194465614620044e-06
1.488333463208571860e-06
1.484484323914377705e-06
1.480647832120841463e-06
1.476822200577729673e-06
1.473010363268046249e-06
1.469208869363979096e-06
1.465418038320785332e-06
1.461639744603064882e-06
1.457870798122065495e-06
1.454112782896314564e-06
1.450367355010918649e-06
1.446631709095720424e-06
1.442908093841210455e-06
1.439195882483199276e-06
1.435494246687076647e-06
1.431806302546956054e-06
1.428128299774531362e-06
1.424460302501208104e-06
1.420804808757801932e-06
1.417158162322361492e-06
1.413522286445365531e-06
1.409897888873324434e-06
1.406283718104471142e-06
1.402680925876905342e-06
1.399089184954736807e-06
1.395507729120262374e-06
1.391939312058111808e-06
1.388380646415247959e-06
1.384831557633172669e-06
1.381294499196435269e-06
1.377765904140196817e-06
1.374247516123834420e-06
1.370740645323087815e-06
1.367243110473322552e-06
1.363756663862555457e-06
1.360280806769561581e-06
1.356814697102728926e-06
1.353361685680182347e-06
1.349917634236060460e-06
1.346483186979577232e-06
1.343059807721477781e-06
1.339644510558729983e-06
1.336239614976773972e-06
1.332845880760860008e-06
1.329460353817939276e-06
1.326084989965425461e-06
1.322720574461878112e-06
1.319366488634601326e-06
1.316023014967939730e-06
1.312689440971108627e-06
1.309365006267862332e-06
1.306050322235040501e-06
1.302744638932309227e-06
1.299448486134900498e-06
1.296161742500156333e-06
1.292883646883656651e-06
1.289615254927825245e-06
1.286357185170149111e-06
1.283108723545803076e-06
1.279869311574370475e-06
1.276641054048170169e-06
1.273421413982738234e-06
1.270210091950911376e-06
1.267008994363200440e-06
1.263815029693915719e-06
1.260630223314093893e-06
1.257455636280520408e-06
1.254288359095372542e-06
1.251130043358505640e-06
1.247981720573407981e-06
1.244842917733312913e-06
1.241712913346271567e-06
1.238592609576212019e-06
1.235480322249462902e-06
1.232376344152173705e-06
1.229281591281634280e-06
1.226194221112442892e-06
1.223115048944177825e-06
1.220045324252418837e-06
1.216983106763950529e-06
1.213929854974090025e-06
1.210885355299074467e-06
1.207849531647181981e-06
1.204823131470778199e-06
1.201805067535143067e-06
1.198794717765220008e-06
1.195792499436585612e-06
1.192798466731205832e-06
1.189811825164215589e-06
1.186832958372506592e-06
1.183862630457279603e-06
1.180899800012172402e-06
1.177945358387446613e-06
1.174999165240097856e-06
1.172061179397040411e-06
1.169132017567864598e-06
1.166210903327527741e-06
1.163297028432236214e-06
1.160390746268476658e-06
1.157492638025534137e-06
1.154601210078861386e-06
1.151717027091982439e-06
1.148841761085065287e-06
1.145972778740969867e-06
1.143111558742921491e-06
1.140258807083225521e-06
1.137414139722204059e-06
1.134576754136416632e-06
1.131748029813588649e-06
1.128926250346019352e-06
1.126111106251374344e-06
1.123304805338331502e-06
1.120503941020752423e-06
1.117710619308354499e-06
1.114925844680569007e-06
1.112146891443774604e-06
1.109374986169420375e-06
1.106611884361919006e-06
1.103855973284621483e-06
1.101106714265039715e-06
1.098366928902693422e-06
1.095633291871148291e-06
1.092906417206102211e-06
1.090187097107909299e-06
1.087474261659268912e-06
1.084768465568420976e-06
1.082069364761857666e-06
1.079377410500193704e-06
1.076692238384497696e-06
1.074014291774366065e-06
1.071343634310835797e-06
1.068680516306987481e-06
1.066024247442086202e-06
1.063375874611182974e-06
1.060733910806137818e-06
1.058098099694028586e-06
1.055470377566020561e-06
1.052847628539249847e-06
1.050232151171916317e-06
1.047623969853571146e-06
1.045021338822395571e-06
1.042425858398785607e-06
1.039837639607838927e-06
1.037256166415802360e-06
1.034681272082461470e-06
1.032114358593499285e-06
1.029554004245280065e-06
1.026999845732984876e-06
1.024451796081575991e-06
1.021911559657546820e-06
1.019376072211849033e-06
1.016847330869130666e-06
1.014326154098778629e-06
1.011810095330637279e-06
1.009300641834940401e-06
1.006798531157219169e-06
1.004302863114289490e-06
1.001813360384027858e-06
9.993318171271862480e-07
9.968564173722531067e-07
9.943869841993720382e-07
9.919233899979896926e-07
9.894673738737069992e-07
9.870157551770009943e-07
9.845708966824135256e-07
9.821329922149474430e-07
9.797000185302961770e-07
9.772737299185454405e-07
9.748541074082957612e-07
9.724406422723001721e-07
9.700335741204458145e-07
9.676332017430542608e-07
9.652394472136025835e-07
9.628514523500088325e-07
9.604689385903899410e-07
9.580934403718814607e-07
9.557224314026673548e-07
9.533580751009482354e-07
9.509993884827654580e-07
9.486464557863076393e-07
9.462994692418484762e-07
9.439583608713304283e-07
9.416237941012180372e-07
9.392957026875208937e-07
9.369729110665421440e-07
9.346575169206910070e-07
9.323472966202599851e-07
9.300425223178035575e-07
9.277437908680149642e-07
9.254506918109675918e-07
9.231627250199966489e-07
9.208801477038349619e-07
9.186045881598265411e-07
9.163332808468705687e-07
9.140676611274753524e-07
9.118087363932565699e-07
9.095553321797966206e-07
9.073075255971425161e-07
9.050662504433835187e-07
9.028307753441944825e-07
9.006005916404933110e-07
8.983754244520682061e-07
8.961565803500042120e-07
8.939419755349105579e-07
8.917333655241596403e-07
8.895295715839705906e-07
8.873320399412773569e-07
8.851390637138781364e-07
8.829511906867889554e-07
8.807701337096436449e-07
8.785942943268315738e-07
8.764231633144265127e-07
8.742593159543226383e-07
8.721002341153789990e-07
8.699461596635760609e-07
8.677968093653687673e-07
8.656539492901272643e-07
8.635146681253877962e-07
8.613812807321293138e-07
8.592526613150714667e-07
8.571295160062372768e-07
8.550111143604122499e-07
8.528975946550049414e-07
8.507904405078212576e-07
8.486883721929394761e-07
8.465907706960135900e-07
8.445001544099600830e-07
8.424140960375667247e-07
8.403328347045141662e-07
8.382561447216475386e-07
8.361855244610492856e-07
8.341184346257283756e-07
8.320569817734532676e-07
8.299998696613079988e-07
8.279485798072614476e-07
8.259013239784793701e-07
8.238587508786806777e-07
8.218224049779584809e-07
8.197907928269739614e-07
8.177638523708440297e-07
8.157427714862024347e-07
8.137267504635784695e-07
8.117153469351660610e-07
8.097082858402083383e-07
8.077065641108613672e-07
8.057092461797743232e-07
8.037163797668988066e-07
8.017278902172283116e-07
7.997454330265888949e-07
7.977663119929285372e-07
7.957922557961854884e-07
7.938233583240964601e-07
7.918590593833113393e-07
7.899001867233947099e-07
7.879454921524238605e-07
7.859969203341034852e-07
7.840522883763314158e-07
7.821121642470553389e-07
7.801763227411786452e-07
7.782461774622673041e-07
7.763190479272741153e-07
7.743971734921741731e-07
7.724795421651371452e-07
7.705667708305390255e-07
7.686580740167706207e-07
7.667535766304655307e-07
7.648548972044562296e-07
7.629605280693942399e-07
7.610705419643817144e-07
7.591856685634738115e-07
7.573057498982444877e-07
7.554300323174019784e-07
7.535583711389309258e-07
7.516914207104155780e-07
7.498289739230675663e-07
7.479700219131495501e-07
7.461156793479196921e-07
7.442662646567725459e-07
7.424204085656960338e-07
7.405791374902635940e-07
7.387420170553353594e-07
7.369101994148197014e-07
7.350826627878538887e-07
7.332590150261141480e-07
7.314408962296283140e-07
7.296270330548255706e-07
7.278172769853205325e-07
7.260113886540706162e-07
7.242101188890160847e-07
7.224130301927480659e-07
7.206194154003499626e-07
7.188300942611812416e-07
7.170456066050731427e-07
7.152645048115315136e-07
7.134877892414171931e-07
7.117149565656455747e-07
7.099473771183325033e-07
7.081837792988048245e-07
7.064240664758495319e-07
7.046692494567000995e-07
7.029189162165155798e-07
7.011724645470576212e-07
6.994297036395647122e-07
6.976911646347920437e-07
6.959571479011259206e-07
6.942258990635236492e-07
6.924994118769666892e-07
6.907766578042340056e-07
6.890582755611920906e-07
6.873433569477432691e-07
6.856321837764924770e-07
6.839261362128344678e-07
6.822237029150878219e-07
6.805256922236923053e-07
6.788313740393616797e-07
6.771422893106276602e-07
6.754564710818479447e-07
6.737745179746267129e-07
6.720960991304408772e-07
6.704225839480491867e-07
6.687517377391363062e-07
6.670850965052443252e-07
6.654217669607259306e-07
6.637634886730058023e-07
6.621076561070317299e-07
6.604562625150500491e-07
6.588085218019295442e-07
6.571652821334816847e-07
6.555260271806776152e-07
6.538900308357675584e-07
6.522589946037131998e-07
6.506317354354178066e-07
6.490080903182051512e-07
6.473878621024885007e-07
6.457713882229429866e-07
6.441592530815225892e-07
6.425495289279704145e-07
6.409442195910522573e-07
6.393419784505039837e-07
6.377444597881837124e-07
6.361495339766395120e-07
6.345584047575166193e-07
6.329714082138375521e-07
6.313879786271410916e-07
6.298089346528646174e-07
6.282325858650897986e-07
6.266616375913141606e-07
6.250937492458080497e-07
6.235294344041291439e-07
6.219683294982217391e-07
6.204111228779657717e-07
6.188577309389432170e-07
6.173067864977252961e-07
6.157601181861499500e-07
6.142164963720144335e-07
6.126772403015531505e-07
6.111405698083748445e-07
6.096075193131703323e-07
6.080784691460786481e-07
6.065528498361766319e-07
6.050314153462100626e-07
6.035126179920196292e-07
6.019989377063343948e-07
6.004882939950770490e-07
5.989810303787694286e-07
5.974768984378099935e-07
5.959762952807687380e-07
5.944796770435909159e-07
5.929852157005543996e-07
5.914948617479269845e-07
5.900071809531846662e-07
5.885241554787737427e-07
5.870431501540767615e-07
5.855659935477006540e-07
5.840921149880531631e-07
5.826222798781820218e-07
5.811558786468884589e-07
5.796925237614367921e-07
5.782330520537025940e-07
5.767774966040496115e-07
5.753248726588128401e-07
5.738754031067079945e-07
5.724288907262352441e-07
5.709866170473484699e-07
5.695466231990379660e-07
5.681099893716317180e-07
5.666762559851272268e-07
5.652466827929387137e-07
5.638195131646500321e-07
5.623958325107895885e-07
5.609749341170837011e-07
5.595583421640942999e-07
5.581444468767589083e-07
5.567344219819621519e-07
5.553267949594061621e-07
5.539240546864880313e-07
5.525239032701621085e-07
5.511268990605711804e-07
5.497327544294666924e-07
5.483419130594617158e-07
5.469547572066996585e-07
5.455695393844850395e-07
5.441881259099984441e-07
5.428091403500630786e-07
5.414345478537060599e-07
5.400616871169721382e-07
5.386925533654191304e-07
5.373261965063090470e-07
5.359639054905785804e-07
5.346044242235722190e-07
5.332482251530993594e-07
5.318948227779587889e-07
5.305457729776076934e-07
5.291991998319259096e-07
5.278556341912210307e-07
5.265148039253852685e-07
5.251773593904235286e-07
5.238431545173677412e-07
5.225109104710571016e-07
5.211823499637227571e-07
5.198560649019809940e-07
5.185340378289347167e-07
5.172136054368237962e-07
5.158967740681958448e-07
5.145825978631696562e-07
5.132723281195473885e-07
5.119647227617040818e-07
5.106603144400193974e-07
5.093584824741817515e-07
5.080609118175357996e-07
5.067657224752035064e-07
5.054734282047911064e-07
5.041837723130486372e-07
5.028971342747385937e-07
5.016139392688064862e-07
5.003324638256250582e-07
4.990544815265611693e-07
4.977787730460454493e-07
4.965069873613286574e-07
4.952370130676445247e-07
4.939702964117053243e-07
4.927060071583917106e-07
4.914455722935858561e-07
4.901874165531000945e-07
4.889328363728468457e-07
4.876802304771888989e-07
4.864318962276162728e-07
4.851860926751090592e-07
4.839430078676095812e-07
4.827024937995991999e-07
4.814645177837591611e-07
4.802301783352549689e-07
4.789978926740065269e-07
4.777681806391687176e-07
4.765413551161568535e-07
4.753172854684772955e-07
4.740964286210441365e-07
4.728774899122885046e-07
4.716615132767541574e-07
4.704482581445691097e-07
4.692384714646652786e-07
4.680312880432430997e-07
4.668268782665915063e-07
4.656250157635248063e-07
4.644270065516979981e-07
4.632311506816409652e-07
4.620379758470448981e-07
4.608472202673799006e-07
4.596591966915834720e-07
4.584745276542705483e-07
4.572913590951660512e-07
4.561113173728612421e-07
4.549334586127296135e-07
4.537590774608182644e-07
4.525868164097580602e-07
4.514170810876186771e-07
4.502498408189746636e-07
4.490855825878220928e-07
4.479240886128422170e-07
4.467655375732000396e-07
4.456093609457176183e-07
4.444559430234410525e-07
4.433060085262353007e-07
4.421581333120469251e-07
4.410128149963422971e-07
4.398698131360715986e-07
4.387295227011522463e-07
4.375923067454273120e-07
4.364565363305820961e-07
4.353238492471667509e-07
4.341931922130147413e-07
4.330658873784553881e-07
4.319406464352173365e-07
4.308177548399047360e-07
4.296972990819084423e-07
4.285795701457178495e-07
4.274647418582273711e-07
4.263525269898657911e-07
4.252427493443334325e-07
4.241353611551977624e-07
4.230315098269263618e-07
4.219296231449257251e-07
4.208302075898997909e-07
4.197330911113515896e-07
4.186382526651287115e-07
4.175467533511517001e-07
4.164567217137994576e-07
4.153692250593721797e-07
4.142841492857345908e-07
4.132015287426984512e-07
4.121218561698485519e-07
4.110436394854657357e-07
4.099682398662235661e-07
4.088950538243769501e-07
4.078251698792982503e-07
4.067572454013497101e-07
4.056921967437233566e-07
4.046288025777863588e-07
4.035691703750227919e-07
4.025116813945475553e-07
4.014564211825803707e-07
4.004034267171067212e-07
3.993525686824748114e-07
3.983044822075571312e-07
3.972587726567390455e-07
3.962145428971072960e-07
3.951732396279862113e-07
3.941337172344134894e-07
3.930974808616434287e-07
3.920627886437427438e-07
3.910305828829484893e-07
3.900004818888502452e-07
3.889729691697502649e-07
3.879480805303875733e-07
3.869255897281350098e-07
3.859053873416246810e-07
3.848872152363800649e-07
3.838724648866808127e-07
3.828595423119819360e-07
3.818489161002060424e-07
3.808403612611699040e-07
3.798338584298793846e-07
3.788302463605932585e-07
3.778285597488363677e-07
3.768285172469824598e-07
3.758312975091067616e-07
3.748356045199335740e-07
3.738432703718323442e-07
3.728521307231247367e-07
3.718636262135248501e-07
3.708770266609910092e-07
3.698930672344290145e-07
3.689113794649352851e-07
3.679321605591018714e-07
3.669550594538322807e-07
3.659799510588773460e-07
3.650080906397530968e-07
3.640379832138854657e-07
3.630700828182088008e-07
3.621041686651783865e-07
3.611402574546630355e-07
3.601790173549023257e-07
3.592197914321087687e-07
3.582619998901123334e-07
3.573069214346682605e-07
3.563533883263984215e-07
3.554029571750082821e-07
3.544539272653946976e-07
3.535071264391311529e-07
3.525622985975849205e-07
3.516196707452258226e-07
3.506797944414065057e-07
3.497418417550641893e-07
3.488061752629297798e-07
3.478720527775610881e-07
3.469413781951365695e-07
3.460124901998037356e-07
3.450855793890103948e-07
3.441606766130729146e-07
3.432375972088986139e-07
3.423169039239381915e-07
3.413985576326600055e-07
3.404813804758654576e-07
3.395666734685484153e-07
3.386537887884758207e-07
3.377431583288748086e-07
3.368349877743324443e-07
3.359278689789489186e-07
3.350233343851822661e-07
3.341205359100395049e-07
3.332206257264448960e-07
3.323221921793259916e-07
3.314263922430344372e-07
3.305322567491846676e-07
3.296402974685825417e-07
3.287511520189374587e-07
3.278635212408720163e-07
3.269779679518017817e-07
3.260942229493038041e-07
3.252123083253736707e-07
3.243329007173736744e-07
3.234553479451707884e-07
3.225790371591037784e-07
3.217052292717514013e-07
3.208328710522350199e-07
3.199632661545430173e-07
3.190952998910671583e-07
3.182288794213001273e-07
3.173645568618574936e-07
3.165020416162332516e-07
3.156423463871088000e-07
3.147840144799806091e-07
3.139282480623042529e-07
3.130739186006805168e-07
3.122219739620773686e-07
3.113725614802526337e-07
3.105245824978661161e-07
3.096785451232165796e-07
3.088342969238948473e-07
3.079917509757282107e-07
3.071516787825405400e-07
3.063133371955923247e-07
3.054761841360953588e-07
3.046414438251942147e-07
3.038080820217687428e-07
3.029773422032834839e-07
3.021482425446054098e-07
3.013204919312043403e-07
3.004948562788373688e-07
2.996708949582124237e-07
2.988496891816029005e-07
2.980297268382848848e-07
2.972122537756999280e-07
2.963962783921124941e-07
2.955822590169656390e-07
2.947708659947807450e-07
2.939608831799197970e-07
2.931527990185902987e-07
2.923463832575277174e-07
2.915416741306768149e-07
2.907391106490308123e-07
2.899384919812262525e-07
2.891388614544770147e-07
2.883414955656246436e-07
2.875457338338675509e-07
2.867517798404194114e-07
2.859602512304821234e-07
2.851694971166610342e-07
2.843811212462144777e-07
2.835942016261934115e-07
2.828094629135494750e-07
2.820266352807280675e-07
2.812456284127776607e-07
2.804664859314291700e-07
2.796885991830317879e-07
2.789136106834149479e-07
2.781403552415202665e-07
2.773685856399612416e-07
2.765985323957475015e-07
2.758300365723579242e-07
2.750631758231474178e-07
2.742987597267062651e-07
2.735356123947121823e-07
2.727737383424650362e-07
2.720140537631521712e-07
2.712555903262307151e-07
2.704995922621773395e-07
2.697450961389042334e-07
2.689917353040758506e-07
2.682404267703840709e-07
2.674906174780844370e-07
2.667432786466950945e-07
2.659971710892700012e-07
2.652532608457208301e-07
2.645108892114105559e-07
2.637698525502800674e-07
2.630316268979411252e-07
2.622947702095577445e-07
2.615595293637456000e-07
2.608258942749045646e-07
2.600937442918098622e-07
2.593632159738120513e-07
2.586350225863919493e-07
2.579078642445400980e-07
2.571820686995875546e-07
2.564583864408096868e-07
2.557358058348406113e-07
2.550156326150922451e-07
2.542968518153569916e-07
2.535791610153747585e-07
2.528634453178827354e-07
2.521491674235185785e-07
2.514372210328697069e-07
2.507265147578115553e-07
2.500178302449427919e-07
2.493106792030628895e-07
2.486046846314653785e-07
2.479014578220581618e-07
2.471996848248073935e-07
2.464993270330313047e-07
2.458005186986991780e-07
2.451031625980776025e-07
2.444072440501161977e-07
2.437135443286559251e-07
2.430212135479636870e-07
2.423298014492110522e-07
2.416404789978493592e-07
2.409523524391445547e-07
2.402661151470674810e-07
2.395818106051979269e-07
2.388981577360462069e-07
2.382166530608849997e-07
2.375364100548301585e-07
2.368578794888049000e-07
2.361813656810797273e-07
2.355061349439128710e-07
2.348328306779407539e-07
2.341605959709742903e-07
2.334904301202551268e-07
2.328223068411226857e-07
2.321552660006189317e-07
2.314898601355725320e-07
2.308258486776361612e-07
2.301632225029098039e-07
2.295023226277049517e-07
2.288432869857255513e-07
2.281850963213044576e-07
2.275283566020449911e-07
2.268735153892721605e-07
2.262196194903830456e-07
2.255680539538534954e-07
2.249176309010806743e-07
2.242682698182160161e-07
2.236206936776320083e-07
2.229744240804351998e-07
2.223302841126172961e-07
2.216873827947688450e-07
2.210461637534927847e-07
2.204064662580191974e-07
2.197677919384506680e-07
2.191314822368211543e-07
2.184968612848109107e-07
2.178632891828249012e-07
2.172312096561875952e-07
2.166004709753790106e-07
2.159711286978406236e-07
2.153434779559187493e-07
2.147174667401175892e-07
2.140922391715223742e-07
2.134685614620976990e-07
2.128465644711494045e-07
2.122254922749233837e-07
2.116067048678045064e-07
2.109889249366444007e-07
2.103722059434945170e-07
2.097571728439594142e-07
2.091434015783420337e-07
2.085316276516932010e-07
2.079210915579658929e-07
2.073120974351182888e-07
2.067046239581007307e-07
2.060981013297765477e-07
2.054937361055287070e-07
2.048911163097709888e-07
2.042894344399908639e-07
2.036892457832270476e-07
2.030903378459757763e-07
2.024926809150200362e-07
2.018965515983708717e-07
2.013022169922404151e-07
2.007086574367997508e-07
2.001163016515282636e-07
1.995257371687172452e-07
1.989360498116047300e-07
1.983483307359320061e-07
1.977620059994796467e-07
1.971762635474624269e-07
1.965924947325683919e-07
1.960097838127187689e-07
1.954284895840184390e-07
1.948491054445144042e-07
1.942706580336645666e-07
1.936940621764440043e-07
1.931184984318342337e-07
1.925442390604073725e-07
1.919720976453136932e-07
1.914010184526286455e-07
1.908312709994058067e-07
1.902627800119023056e-07
1.896954753032528910e-07
1.891293884493847575e-07
1.885651128997495820e-07
1.880021005946384474e-07
1.874397522313902006e-07
1.868790433423819000e-07
1.863196680692677904e-07
1.857611828308037596e-07
1.852048979767524102e-07
1.846494034831090604e-07
1.840949228300935754e-07
1.835419692445401689e-07
1.829901722690719417e-07
1.824401355591252552e-07
1.818913663047481093e-07
1.813438301481665810e-07
1.807978356073673430e-07
1.802527545986320921e-07
1.797093373983133950e-07
1.791676681865571737e-07
1.786269627106347518e-07
1.780875765526480991e-07
1.775493814962458753e-07
1.770122999546077162e-07
1.764763951280169879e-07
1.759422745550691502e-07
1.754092863236325860e-07
1.748768866046738402e-07
1.743461641622942433e-07
1.738166286089925233e-07
1.732879562922936088e-07
1.727614053587902204e-07
1.722355706990687154e-07
1.717106969229458173e-07
1.711873084941642245e-07
1.706650171164943292e-07
1.701443247005161018e-07
1.696249469624694837e-07
1.691066390976566197e-07
1.685898938339520704e-07
1.680740760713671161e-07
1.675596113420808646e-07
1.670469579710470970e-07
1.665352678696613706e-07
1.660247997300232252e-07
1.655154593887927889e-07
1.650072179449305895e-07
1.645000801715096892e-07
1.639945024734719098e-07
1.634901707135715755e-07
1.629864626682453979e-07
1.624840220960223694e-07
1.619830487344711532e-07
1.614827697411592286e-07
1.609843234240343957e-07
1.604870024259459828e-07
1.599901743216658848e-07
1.594950906532591741e-07
1.590009058886362493e-07
1.585078619844737881e-07
1.580166352907144436e-07
1.575260938228713295e-07
1.570371882807082794e-07
1.565492963168046121e-07
1.560621617482689451e-07
1.555770487982236592e-07
1.550932446333017419e-07
1.546101852719677364e-07
1.541283787671457332e-07
1.536476371830828965e-07
1.531679022398043454e-07
1.526893003536104752e-07
1.522123357824848653e-07
1.517362844617423831e-07
1.512608164113178902e-07
1.507869012264167743e-07
1.503140303965477733e-07
1.498419465665259053e-07
1.493718228515933051e-07
1.489023736057031445e-07
1.484336580561732343e-07
1.479664772633857415e-07
1.475002178675749093e-07
1.470351871877100544e-07
1.465717004125646495e-07
1.461089346673546014e-07
1.456477592084400986e-07
1.451874727021333568e-07
1.447279486242220098e-07
1.442704518507426627e-07
1.438140499255387788e-07
1.433584240510741364e-07
1.429039429659263514e-07
1.424504784013763511e-07
1.419979798002297731e-07
1.415465808130201559e-07
1.410967393012895290e-07
1.406477168537959018e-07
1.401992644403328322e-07
1.397522995530339182e-07
1.393063280870878402e-07
1.388610855935780106e-07
1.384176955504935891e-07
1.379750073564317176e-07
1.375329051164693241e-07
1.370923930564362342e-07
1.366526945194565086e-07
1.362140668609691862e-07
1.357770411544327429e-07
1.353406324526566661e-07
1.349057360150866617e-07
1.344717388926408446e-07
1.340384246737798770e-07
1.336069085202174312e-07
1.331766456597277688e-07
1.327470260472390862e-07
1.323185488828046674e-07
1.318910420922742536e-07
1.314644549408730517e-07
1.310388144948611852e-07
1.306146485804057712e-07
1.301914531845699149e-07
1.297687672520314811e-07
1.293471742302653733e-07
1.289268841553421663e-07
1.285071663439038143e-07
1.280889416818695436e-07
1.276718867429222385e-07
1.272551836830393871e-07
1.268399006936072994e-07
1.262366672946676783e-07
1.258239189064240877e-07
1.254127517080832632e-07
1.250024047355157191e-07
1.238369005168013307e-07
1.234320247706398108e-07
1.230279277757067725e-07
1.222445272343637977e-07
1.218446522559499029e-07
1.214456826407719003e-07
1.210475310305526430e-07
1.198887331485477745e-07
1.194957294240100521e-07
1.191036134182495480e-07
1.187124771331263363e-07
1.179413955468689162e-07
1.175540970508638681e-07
1.171672419404595898e-07
1.160146588127323749e-07
1.156333682304720521e-07
1.152526703762454579e-07
1.148735559879203879e-07
1.141112673448304589e-07
1.137350397633107035e-07
1.133602609159425128e-07
1.122137327710303307e-07
1.118437297303221851e-07
1.114753412055199088e-07
1.111075948871010345e-07
1.103539656726997384e-07
1.099897745478392001e-07
1.096263017193057903e-07
1.084860384346087688e-07
1.081282333900766836e-07
1.077712783174844214e-07
1.074151044253687951e-07
1.066703539898916166e-07
1.063173859989390869e-07
1.059652474304835898e-07
1.048310049200113295e-07
1.044843033673599082e-07
1.041384015137605695e-07
1.037929058097912722e-07
1.030564851803218718e-07
1.027145862571745923e-07
1.023732056433344692e-07
1.012450117921951255e-07
1.009092681592408837e-07
1.005737902180334576e-07
1.002395931743214011e-07
9.951152454187363650e-08
9.918025076575421897e-08
9.885029752386750474e-08
9.772789392388702157e-08
9.740267968082244042e-08
9.707858246237234758e-08
9.675519927431616193e-08
9.603524705658102862e-08
9.571543696524685107e-08
9.539658323007782563e-08
9.427979504078100212e-08
9.396570840866964906e-08
9.365215482099887336e-08
9.333938464376721120e-08
9.262778232641423518e-08
9.231839971019845195e-08
9.200988083243131966e-08
9.089833630022672431e-08
9.059432836678745689e-08
9.029120206433027550e-08
8.998876347976025531e-08
8.928479323326216530e-08
8.898606828666658354e-08
8.868764857059583054e-08
8.758116153329057733e-08
8.728786345339264900e-08
8.699490632644825375e-08
8.670253483844356588e-08
8.600704838617139902e-08
8.571826583514598675e-08
8.543003005881698282e-08
8.432935655563695855e-08
8.404604365178816778e-08
8.376336810287801967e-08
8.348182873063259848e-08
8.279406482127026875e-08
8.251554800990648445e-08
8.223763100529432296e-08
8.114206739307418008e-08
8.086879075794190303e-08
8.059622224809220526e-08
8.032452728031401742e-08
7.964411365031394714e-08
7.937523316998568788e-08
7.910687023587264260e-08
7.801633177627165426e-08
7.775275512392685550e-08
7.748977840202167893e-08
7.722806548421167093e-08
7.655476939178980449e-08
7.629537527971834346e-08
7.603709874994787645e-08
7.495138771834991012e-08
7.469730194536879103e-08
7.444461425479488761e-08
7.419229117349181977e-08
7.352620498236065327e-08
7.327694567756719848e-08
7.302809165665142296e-08
7.194729667758436750e-08
7.170345274353624341e-08
7.146037844028934134e-08
7.121768950768376159e-08
7.055909871694740220e-08
7.031919120076674080e-08
7.007976938903287430e-08
6.900399451179103637e-08
6.876931905665214863e-08
6.853541338753331021e-08
6.830190215681876693e-08
6.764990532760845479e-08
6.741925143690531200e-08
6.718903321702684221e-08
6.611763583159445787e-08
6.589233635162834395e-08
6.566749816854754741e-08
6.544279894932151374e-08
6.479802132155897783e-08
6.457644164427306599e-08
6.435512118615291893e-08
6.328866674544637796e-08
6.307251844710852192e-08
6.285651894489916394e-08
6.221633167876539446e-08
6.200334529559320054e-08
6.179071589330254455e-08
6.157883861286919975e-08
6.051726338446724857e-08
6.031004733091660886e-08
6.010340196727534004e-08
5.946987749523308533e-08
5.926576390626311244e-08
5.906213049001125807e-08
5.885893890631465698e-08
5.780165670928237445e-08
5.760317635490919336e-08
5.740495410515461614e-08
5.677776126044549922e-08
5.658234103297107134e-08
5.638727279193311121e-08
5.532997593532277976e-08
5.513971084072258120e-08
5.494966720665573228e-08
5.475981857821866066e-08
5.413937971067664138e-08
5.395244225732516921e-08
5.376573289745265666e-08
5.271316007238052207e-08
5.253131049009689815e-08
5.234960737266358609e-08
5.216871111234604887e-08
5.155458573534063922e-08
5.137607199437877112e-08
5.119832572507822940e-08
5.015016664848910838e-08
4.997674557937667647e-08
4.980387923948940560e-08
4.963125324149514238e-08
4.902339998631836328e-08
4.885334522699100096e-08
4.868371824500944539e-08
4.763953216195398807e-08
4.747432372942761642e-08
4.730938380234328048e-08
4.670530303475606566e-08
4.654296398501671876e-08
4.638097835111370184e-08
4.621925032201632243e-08
4.517918146311543453e-08
4.502194507250629499e-08
4.486483203711579702e-08
4.426704767378010728e-08
4.411270645202319369e-08
4.395861279376102571e-08
4.291859628072336057e-08
4.276909051059495421e-08
4.261971425012070505e-08
4.247089991254245008e-08
4.187914066844585634e-08
4.173272438391813853e-08
4.158679127833434154e-08
4.055107980395127560e-08
4.040949691772773385e-08
4.026824423088741583e-08
4.012742726606432458e-08
3.954147931771311206e-08
3.940291724532342169e-08
3.926488293841086490e-08
3.823278959621047525e-08
3.809878805755491052e-08
3.796520450597365700e-08
3.738276813106980890e-08
3.725140644097221221e-08
3.712053198071124831e-08
3.698992555024098181e-08
3.596150723063000484e-08
3.583519946097389531e-08
3.570900129640707922e-08
3.513216820662436398e-08
3.500858385869900839e-08
3.488516202868766562e-08
3.385665063311538287e-08
3.373759477850531205e-08
3.361865611202580589e-08
3.349984516036941868e-08
3.292905688706876145e-08
3.281282052730271219e-08
3.269684666497400377e-08
3.167251159352259176e-08
3.156095027075971746e-08
3.144948341115458794e-08
3.088215753694119176e-08
3.077313096317407041e-08
3.066422058953710162e-08
3.055564109382028140e-08
2.953494283799135442e-08
2.943037938926469913e-08
2.932605991210488325e-08
2.876405660432956609e-08
2.866190887021154985e-08
2.856007003703447227e-08
2.753907197373503934e-08
2.744137181822537309e-08
2.734376555656143195e-08
2.724664158544149281e-08
2.668980894943393773e-08
2.659466378817212749e-08
2.650008668266365944e-08
2.548257913986063641e-08
2.539179718120598155e-08
2.530144816470700904e-08
2.474796812585226520e-08
2.465960852302630255e-08
2.457179421619956849e-08
2.448414800621111751e-08
2.347019081762897810e-08
2.338661766447967184e-08
2.330335952485280436e-08
2.275519421384501158e-08
2.267400936516994045e-08
2.259313808056393424e-08
2.157896098040700132e-08
2.150185946877172441e-08
2.142515113403340180e-08
2.134844279928978192e-08
2.080521252618820394e-08
2.073077677643749933e-08
2.065636209596961318e-08
1.964544400009174506e-08
1.957508599855157287e-08
1.950484019325387919e-08
1.896462160087987853e-08
1.889648489100841438e-08
1.882853596805548619e-08
1.876058704509197009e-08
1.775318166880292975e-08
1.768940747555311008e-08
1.762563328229799314e-08
1.709041568662461986e-08
1.702894156507918845e-08
1.696746744351258122e-08
1.595960148194116393e-08
1.590227649910533420e-08
1.584496480706347985e-08
1.531275320685371112e-08
1.525773221925299673e-08
1.520279624503518184e-08
1.514786027083324882e-08
1.414364360854589044e-08
1.409269412435236528e-08
1.404174464016942638e-08
1.351448706019185944e-08
1.346569851826362130e-08
1.341690997633537984e-08
1.241201657592073190e-08
1.236712894670581417e-08
1.232224131748560578e-08
1.227735368827068804e-08
1.175488410171644393e-08
1.171216031578319081e-08
1.166943652985258135e-08
1.066783494902539707e-08
1.062901730681095650e-08
1.059019966458328104e-08
1.007039859899372967e-08
1.003374766563429146e-08
9.997096732258971372e-09
8.994955727594344467e-09
8.962216104987049261e-09
8.929476482379750746e-09
8.896779870189105069e-09
8.381794839125356091e-09
8.351207093828802143e-09
8.320619348529601217e-09
7.321977200986703549e-09
7.295376671502561116e-09
7.268776142015770877e-09
6.756503963252131143e-09
6.731880696578672974e-09
6.707257429910507934e-09
5.707935760581682270e-09
5.687091952508798529e-09
5.666248144438562594e-09
5.645404336360385725e-09
5.137505640059123552e-09
5.118552764343966864e-09
5.099599888628809349e-09
4.103358704197548473e-09
4.088190095232404906e-09
4.073021486268584826e-09
3.567628453201618625e-09
3.554353165637394123e-09
3.541077878071845719e-09
2.544205537258597130e-09
2.534719264570950974e-09
2.525232991883305646e-09
2.515746719195659490e-09
2.014792530501221126e-09
2.007201938337572331e-09
1.999611346173260965e-09
1.067405309954715307e-09
1.063372054885058263e-09
1.059338799815070347e-09
3.138298925052690658e-10
3.126421718297707851e-10
3.114544511541897863e-10
0.000000000000000000e+00
0.000000000000000000e+00
0.000000000000000000e+00
0.000000000000000000e+00
0.000000000000000000e+00
0.000000000000000000e+00
0.000000000000000000e+00
0.000000000000000000e+00
0.000000000000000000e+00
0.000000000000000000e+00
0.000000000000000000e+00
0.000000000000000000e+00
0.000000000000000000e+00
0.000000000000000000e+00
0.000000000000000000e+00
0.000000000000000000e+00
0.000000000000000000e+00
0.000000000000000000e+00
0.000000000000000000e+00
0.000000000000000000e+00
0.000000000000000000e+00
0.000000000000000000e+00
0.000000000000000000e+00
0.000000000000000000e+00
0.000000000000000000e+00
0.000000000000000000e+00
0.000000000000000000e+00
0.000000000000000000e+00
0.000000000000000000e+00
0.000000000000000000e+00
0.000000000000000000e+00
0.000000000000000000e+00
0.000000000000000000e+00
0.000000000000000000e+00
0.000000000000000000e+00
0.000000000000000000e+00
0.000000000000000000e+00
0.000000000000000000e+00
0.000000000000000000e+00
0.000000000000000000e+00
0.000000000000000000e+00
0.000000000000000000e+00
0.000000000000000000e+00
0.000000000000000000e+00
0.000000000000000000e+00
