2.446106144570294597e-09
2.806313078637980192e-09
3.161240105499108877e-09
3.504713642098217315e-09
3.830918168018306612e-09
4.134433822551265531e-09
4.410287961571007154e-09
4.653943090424154304e-09
4.861343339539613683e-09
5.028877064711855112e-09
5.153427870167935326e-09
5.232306437127599980e-09
5.263300235538132816e-09
5.244628535750865034e-09
5.174915592194324622e-09
5.053217016249683055e-09
4.878937020847327908e-09
4.651813404940697826e-09
4.371954922312172865e-09
4.039780328998972393e-09
3.655918075298409265e-09
3.221306573340790730e-09
2.737106981016615789e-09
2.204679053491424715e-09
1.625556601202107743e-09
1.001408883429259554e-09
3.340420361393741203e-10
-3.746222909597044705e-10
-1.122556204098711707e-09
-1.907689313072692339e-09
-2.727948105683682157e-09
-3.581161138305624512e-09
-4.465148940009798229e-09
-5.377844140340770648e-09
-6.317026391185643362e-09
-7.280697808427683779e-09
-8.266728831415598446e-09
-9.273168904067580221e-09
-1.029809788060615372e-08
-1.133962657719747044e-08
-1.239598940811782370e-08
-1.346555012208887239e-08
-1.454659458444992527e-08
-1.563771710893188794e-08
-1.673745459003628088e-08
-1.784451571510158642e-08
-1.895768729500193783e-08
-2.007580827409032822e-08
-2.119793233538819171e-08
-2.232307920756801725e-08
-2.345046603245507441e-08
-2.457936108669616525e-08
-2.570908455334128535e-08
-2.683914548293984460e-08
-2.796901946864320932e-08
-2.909832439562686260e-08
-3.022679658269142564e-08
-3.135411371437505130e-08
-3.248012305436246852e-08
-3.360475618630496007e-08
-3.472787213010503220e-08
-3.584946422210280000e-08
-3.696962624394853224e-08
-3.808836452284968194e-08
-3.920577080509777536e-08
-4.032203972246606969e-08
-4.143730243313841658e-08
-4.255170283234059873e-08
-4.366547478005658945e-08
-4.477883864547993028e-08
-4.589196362256079525e-08
-4.700507189412574491e-08
-4.811841133048878705e-08
-4.923218228133076909e-08
-5.034655682006382009e-08
-5.146176425980889925e-08
-5.257798597040779710e-08
-5.369536077652263685e-08
-5.481402790346734026e-08
-5.593414929006552054e-08
-5.705581727585870189e-08
-5.817907569952557587e-08
-5.930397435542797948e-08
-6.043058781651813963e-08
-6.155889489045545750e-08
-6.268882880570361355e-08
-6.382031787233896664e-08
-6.495331384510739969e-08
-6.608770121205088990e-08
-6.722329512526572120e-08
-6.835988629292693724e-08
-6.949728311549401216e-08
-7.063528238046843359e-08
-7.177360973944506142e-08
-7.291189894673978811e-08
-7.404983781434602093e-08
-7.518713030516155777e-08
-7.632339785553977730e-08
-7.745823804402950805e-08
-7.859118324458413267e-08
-7.972177637055843737e-08
-8.084968512467286858e-08
-8.197437442455090944e-08
-8.309537633503771948e-08
-8.421213248720803316e-08
-8.532410307824614419e-08
-8.643094310414695575e-08
-8.753199616588023705e-08
-8.862685187235269989e-08
-8.971475664982674438e-08
-9.079538407051231985e-08
-9.186811115235538423e-08
-9.293248358295698564e-08
-9.398800301685797255e-08
-9.503397900972999230e-08
-9.607007979274965766e-08
-9.709564371501920966e-08
-9.811053054305638052e-08
-9.911385358923576267e-08
-1.001055719294125150e-07
-1.010847794277042977e-07
-1.020515525224125555e-07
-1.030050869109798940e-07
-1.039454688506491681e-07
-1.048718223453727250e-07
-1.057843414580458071e-07
-1.066821257356218224e-07
-1.075655491954788098e-07
-1.084339025941587967e-07
-1.092873041370223845e-07
-1.101251824672491555e-07
-1.109476749471815608e-07
-1.117543984407490782e-07
-1.125453652201424536e-07
-1.133206583421456079e-07
-1.140799908075051389e-07
-1.148235430896490072e-07
-1.155508647632141103e-07
-1.162625544525268197e-07
-1.169580247188172278e-07
-1.176380300857362652e-07
-1.183021511594137990e-07
-1.189507988326495331e-07
-1.195841572887644714e-07
-1.202019626034337372e-07
-1.208049617342902080e-07
-1.213927487907374100e-07
-1.219662163376179470e-07
-1.225250948816062816e-07
-1.230699389072668528e-07
-1.236010092320896769e-07
-1.241181706717564010e-07
-1.246224749075374517e-07
-1.251134340920615256e-07
-1.255919376099232661e-07
-1.260583171482106898e-07
-1.265123709288063091e-07
-1.269552458858670550e-07
-1.273864900104446349e-07
-1.278070423420995817e-07
-1.282171061414799959e-07
-1.286167877905570928e-07
-1.290069415803344158e-07
-1.293875402563836573e-07
-1.297590423049564093e-07
-1.301220136559433198e-07
-1.304763977722622990e-07
-1.308229408423422908e-07
-1.311619373726053498e-07
-1.314934190912268343e-07
-1.318181784642971462e-07
-1.321362501758388979e-07
-1.324478974847027120e-07
-1.327537906858193151e-07
-1.330537725706124948e-07
-1.333484309044964123e-07
-1.336381211515199113e-07
-1.339228085705942349e-07
-1.342030438552497471e-07
-1.344790242397132130e-07
-1.347507355593976628e-07
-1.350187163765248873e-07
-1.352831019731984553e-07
-1.355438818831329664e-07
-1.358015247655098190e-07
-1.360561410950119432e-07
-1.363076963757565617e-07
-1.365565937487631253e-07
-1.368029084176834818e-07
-1.370465754269921308e-07
-1.372879413306935501e-07
-1.375270621281998373e-07
-1.377638332190730727e-07
-1.379985446621436318e-07
-1.382312344218451624e-07
-1.384617604020211223e-07
-1.386903650864775975e-07
-1.389170923385624724e-07
-1.391417728139325768e-07
-1.393645240854654901e-07
-1.395854412440631475e-07
-1.398043239985969261e-07
-1.400212064763974417e-07
-1.402361769097307916e-07
-1.404490965565618908e-07
-1.406598197231900555e-07
-1.408684906213798416e-07
-1.410750369736047191e-07
-1.412792005779057661e-07
-1.414810734011112824e-07
-1.416806166400343407e-07
-1.418775918604838241e-07
-1.420719669282826097e-07
-1.422637727105613043e-07
-1.424528406179140956e-07
-1.426389475838810167e-07
-1.428221601787807872e-07
-1.430024659978628783e-07
-1.431795077714702504e-07
-1.433533146702049735e-07
-1.435239043049133630e-07
-1.436910458582468600e-07
-1.438545632354142951e-07
-1.440145162224035094e-07
-1.441708994172511350e-07
-1.443233430733252482e-07
-1.444719057675249798e-07
-1.446165860993523169e-07
-1.447572324916478053e-07
-1.448936280571436492e-07
-1.450258735413416222e-07
-1.451539311881588585e-07
-1.452775351443163548e-07
-1.453966949368860600e-07
-1.455114947583273991e-07
-1.456219018770522086e-07
-1.457275817253216003e-07
-1.458286818690214553e-07
-1.459252457215094607e-07
-1.460171447517243991e-07
-1.461042354974892122e-07
-1.461866752797290538e-07
-1.462645073397115415e-07
-1.463375793548508524e-07
-1.464057889048136632e-07
-1.464693675788274231e-07
-1.465283550925427609e-07
-1.465825943131743843e-07
-1.466320027120973360e-07
-1.466768856828817640e-07
-1.467172354773140854e-07
-1.467529016351855094e-07
-1.467839329596310131e-07
-1.468106092099356747e-07
-1.468329235152776577e-07
-1.468507595427788137e-07
-1.468641674089869016e-07
-1.468734448653658275e-07
-1.468786134936136119e-07
-1.468796044597882990e-07
-1.468763793901849822e-07
-1.468693209628591037e-07
-1.468584557721145374e-07
-1.468437278916551494e-07
-1.468251500944864535e-07
-1.468030734871230839e-07
-1.467775297368104337e-07
-1.467485252293081343e-07
-1.467160287651942888e-07
-1.466803569616396101e-07
-1.466416288282804825e-07
-1.465998489562656349e-07
-1.465549674261038057e-07
-1.465072292631245512e-07
-1.464568586480634655e-07
-1.464038216589685822e-07
-1.463481217097023277e-07
-1.462898544086256822e-07
-1.462293409786218131e-07
-1.461666166211724568e-07
-1.461016825911381047e-07
-1.460345256328288709e-07
-1.459654406140856834e-07
-1.458945481982738945e-07
-1.458218399678417281e-07
-1.457473177319639448e-07
-1.456710863190457350e-07
-1.455934028343063579e-07
-1.455142828043407984e-07
-1.454337295715302932e-07
-1.453517386729763250e-07
-1.452685491995764279e-07
-1.451842604180169816e-07
-1.450988734602583115e-07
-1.450123694375590262e-07
-1.449248024931958710e-07
-1.448363982196968697e-07
-1.447471719296589770e-07
-1.446571208607247135e-07
-1.445662133044838640e-07
-1.444745933992876861e-07
-1.443823752111216510e-07
-1.442895705571334914e-07
-1.441961517284463707e-07
-1.441021086325283619e-07
-1.440075594953968177e-07
-1.439125773701723508e-07
-1.438171470527430216e-07
-1.437212451320251551e-07
-1.436248575486475141e-07
-1.435280977309112097e-07
-1.434310075359329737e-07
-1.433335721395958877e-07
-1.432357597591849093e-07
-1.431375396302587298e-07
-1.430390164510404318e-07
-1.429401971124141444e-07
-1.428410777069844831e-07
-1.427416111110549268e-07
-1.426417612842418580e-07
-1.425415998221017051e-07
-1.424411237204890250e-07
-1.423403307535273610e-07
-1.422391662800974909e-07
-1.421375932895429445e-07
-1.420356604995481093e-07
-1.419333761246639188e-07
-1.418307244537220913e-07
-1.417276571671636827e-07
-1.416241535211522117e-07
-1.415201981601424739e-07
-1.414158342455986661e-07
-1.413110270394041639e-07
-1.412057304591707115e-07
-1.410999258924224837e-07
-1.409935952587064524e-07
-1.408867363629083858e-07
-1.407793533247870044e-07
-1.406714157650973850e-07
-1.405628701485251802e-07
-1.404537203637409466e-07
-1.403439440165973042e-07
-1.402335379845067899e-07
-1.401225295712361366e-07
-1.400108427608327383e-07
-1.398984465626713373e-07
-1.397853613594667174e-07
-1.396716053927648942e-07
-1.395571193317696153e-07
-1.394418938962496588e-07
-1.393259166230508597e-07
-1.392092022680781499e-07
-1.390916791430425956e-07
-1.389733972393625845e-07
-1.388543473946543771e-07
-1.387344995312021680e-07
-1.386138024199658929e-07
-1.384923031730505592e-07
-1.383700326357411588e-07
-1.382469029981204067e-07
-1.381229555589782915e-07
-1.379981873633591409e-07
-1.378725954907847000e-07
-1.377461663948844982e-07
-1.376189166015053028e-07
-1.374908828187342040e-07
-1.373619666752582838e-07
-1.372322330762244609e-07
-1.371017122476609657e-07
-1.369703582874431617e-07
-1.368382180385438314e-07
-1.367052808527792871e-07
-1.365715510805505034e-07
-1.364369955178389668e-07
-1.363017109116533344e-07
-1.361656777609802458e-07
-1.360288973969169427e-07
-1.358913653425955876e-07
-1.357531327594389016e-07
-1.356141352315231676e-07
-1.354744860370537495e-07
-1.353341943672446620e-07
-1.351932180745958177e-07
-1.350515891816783782e-07
-1.349093368735095909e-07
-1.347664208104266371e-07
-1.346229436344884841e-07
-1.344789227871263875e-07
-1.343343326199373297e-07
-1.341891826362156679e-07
-1.340435215353668718e-07
-1.338972953624027115e-07
-1.337506378813785164e-07
-1.336035307736198329e-07
-1.334559946104272690e-07
-1.333080050737519627e-07
-1.331596150873792461e-07
-1.330107837894317482e-07
-1.328616312252070292e-07
-1.327121452197051536e-07
-1.325623390855334449e-07
-1.324122232140780447e-07
-1.322617797521101627e-07
-1.321110389110943036e-07
-1.319600365261840898e-07
-1.318088371684516957e-07
-1.316574188711512375e-07
-1.315057978088161620e-07
-1.313539875438667317e-07
-1.312019561689043105e-07
-1.310497714891944177e-07
-1.308974669777391378e-07
-1.307450600518949589e-07
-1.305925600268163241e-07
-1.304399437816543655e-07
-1.302872432125133819e-07
-1.301344368952215905e-07
-1.299815830840464487e-07
-1.298287229651316953e-07
-1.296758181967236444e-07
-1.295228935034673015e-07
-1.293699522903085892e-07
-1.292169660886777791e-07
-1.290639926431109506e-07
-1.289110436407223557e-07
-1.287581285390345706e-07
-1.286052693224780713e-07
-1.284524302025626775e-07
-1.282996431908624694e-07
-1.281468898359945565e-07
-1.279941888014079095e-07
-1.278415856013558494e-07
-1.276890574995913293e-07
-1.275366216892187853e-07
-1.273842668461775331e-07
-1.272319844387834804e-07
-1.270797901484829728e-07
-1.269276777531356158e-07
-1.267756847044714937e-07
-1.266237807730443601e-07
-1.264719781406901828e-07
-1.263202770120445516e-07
-1.261686586325607374e-07
-1.260171480896401372e-07
-1.258657325318112812e-07
-1.257144339065007935e-07
-1.255632382366672132e-07
-1.254121481008378091e-07
-1.252611682350557454e-07
-1.251102895241952625e-07
-1.249595234103131015e-07
-1.248088557824705272e-07
-1.246582940601564500e-07
-1.245078377550392763e-07
-1.243574811602085835e-07
-1.242072278018757659e-07
-1.240570807103416383e-07
-1.239070366705835408e-07
-1.237570749609078629e-07
-1.236071996830914775e-07
-1.234574120203650053e-07
-1.233077062840969155e-07
-1.231580846416114272e-07
-1.230085501481757305e-07
-1.228591077942528879e-07
-1.227097358068841248e-07
-1.225604285267140423e-07
-1.224111920663577043e-07
-1.222620248090899154e-07
-1.221129300692046966e-07
-1.219639119743370105e-07
-1.218149744562542648e-07
-1.216661054401194405e-07
-1.215172933678114772e-07
-1.213685365208076217e-07
-1.212198289355483743e-07
-1.210711852720854540e-07
-1.209226022318774820e-07
-1.207740937184040987e-07
-1.206256374358975718e-07
-1.204772319339269785e-07
-1.203288620795644987e-07
-1.201805418440557706e-07
-1.200322597752385262e-07
-1.198840243966233076e-07
-1.197358495656206922e-07
-1.195877282104885522e-07
-1.194396577648855639e-07
-1.192916202168678357e-07
-1.191436253009664639e-07
-1.189956626910350287e-07
-1.188477464616029378e-07
-1.186998773817254972e-07
-1.185520769547834389e-07
-1.184043236851237373e-07
-1.182566274658441079e-07
-1.181089690837882037e-07
-1.179613644388586393e-07
-1.178137984740671423e-07
-1.176662881703034406e-07
-1.175188353431324699e-07
-1.173714478589125905e-07
-1.172241176020669481e-07
-1.170768455783861284e-07
-1.169296257390086832e-07
-1.167824642140855877e-07
-1.166353582076735662e-07
-1.164883148646307364e-07
-1.163413471480344369e-07
-1.161944480947762091e-07
-1.160476221631476644e-07
-1.159008705045769095e-07
-1.157541887521673209e-07
-1.156075856096930072e-07
-1.154610523708534780e-07
-1.153146053479433408e-07
-1.151682533102735756e-07
-1.150219925692023223e-07
-1.148758236481330103e-07
-1.147297543046416761e-07
-1.145837757001651699e-07
-1.144379007132218751e-07
-1.142921189628283927e-07
-1.141464444535189409e-07
-1.140008809341223249e-07
-1.138554246679957509e-07
-1.137100828988228281e-07
-1.135648577328491031e-07
-1.134197535546557919e-07
-1.132747622703630671e-07
-1.131299009720207211e-07
-1.129851516094920804e-07
-1.128405427696402390e-07
-1.126960532901437501e-07
-1.125517094015099397e-07
-1.124074911166230858e-07
-1.122634331976745537e-07
-1.121195010581296515e-07
-1.119757276819158504e-07
-1.118320822898794881e-07
-1.116886045038984391e-07
-1.115452641952837789e-07
-1.114020978792271625e-07
-1.112590771381320075e-07
-1.111162293251034584e-07
-1.109735260424586509e-07
-1.108309950852680308e-07
-1.106886123482919026e-07
-1.105464060401815686e-07
-1.104043680043439277e-07
-1.102624977060812000e-07
-1.101208021159323211e-07
-1.099792703543282500e-07
-1.098379243620081533e-07
-1.096967380411731685e-07
-1.095557453755969543e-07
-1.094149074568769300e-07
-1.092742723608521394e-07
-1.091338015671399451e-07
-1.089935382360156803e-07
-1.088534451200875948e-07
-1.087135454473522128e-07
-1.085738170605460354e-07
-1.084342801404232793e-07
-1.082949262859278571e-07
-1.081557568855203583e-07
-1.080167930194896695e-07
-1.078780153296363410e-07
-1.077394484847281897e-07
-1.076010575536045416e-07
-1.074628675811644009e-07
-1.073248467158863467e-07
-1.071870231126250042e-07
-1.070493755328221497e-07
-1.069119279852697942e-07
-1.067746789190768960e-07
-1.066376215343084692e-07
-1.065007698600193696e-07
-1.063640965441446884e-07
-1.062276255737794100e-07
-1.060913263278906343e-07
-1.059552236981606994e-07
-1.058192945051884729e-07
-1.056835697602559771e-07
-1.055480453440503879e-07
-1.054127160406677139e-07
-1.052775913004973095e-07
-1.051426483642576888e-07
-1.050079039358300732e-07
-1.048733306191610681e-07
-1.047389527840157014e-07
-1.046047507323241149e-07
-1.044707491503900635e-07
-1.043369469188851036e-07
-1.042033413175083312e-07
-1.040699433010252622e-07
-1.039367216600571143e-07
-1.038036896587645002e-07
-1.036708188415067229e-07
-1.035381354038678342e-07
-1.034056293895910146e-07
-1.032733012281583376e-07
-1.031411734065982767e-07
-1.030092243273115548e-07
-1.028774908278242974e-07
-1.027459279499807879e-07
-1.026145405987934861e-07
-1.024833229240921091e-07
-1.023522814477628604e-07
-1.022214258037280891e-07
-1.020907350790334967e-07
-1.019602338225188138e-07
-1.018299265317086162e-07
-1.016998080828369593e-07
-1.015698717036102821e-07
-1.014401055835682434e-07
-1.013105276090795990e-07
-1.011811071490059752e-07
-1.010518680265258374e-07
-1.009227944062331803e-07
-1.007938980097197392e-07
-1.006651971318823632e-07
-1.005366672507796735e-07
-1.004083494082554184e-07
-1.002801933859642280e-07
-1.001522049878587206e-07
-1.000243810325020192e-07
-9.989672513467694768e-08
-9.976925213588769494e-08
-9.964192506040109135e-08
-9.951478679891440115e-08
-9.938782779701146694e-08
-9.926103959642144193e-08
-9.913444665102245192e-08
-9.900801425137955955e-08
-9.888175881678634757e-08
-9.875565605594371760e-08
-9.862972280425247736e-08
-9.850397434131825713e-08
-9.837838074145302793e-08
-9.825297098756476267e-08
-9.812774356368569374e-08
-9.800268957448378211e-08
-9.787782430565767049e-08
-9.775312222055878448e-08
-9.762860659191521999e-08
-9.750423877168859952e-08
-9.738004425610562939e-08
-9.725603442421261401e-08
-9.713218414714606556e-08
-9.700851974740275571e-08
-9.688503717611084089e-08
-9.676172893828766709e-08
-9.663861311899318197e-08
-9.651565895096250582e-08
-9.639288881883201661e-08
-9.627026848544844614e-08
-9.614781948019925701e-08
-9.602556168557893648e-08
-9.590345408010328479e-08
-9.578153413422724056e-08
-9.565979546516331856e-08
-9.553822485660321206e-08
-9.541685645073858437e-08
-9.529565116440180237e-08
-9.517462035642823643e-08
-9.505375716134602936e-08
-9.493306458136875383e-08
-9.481256550536557207e-08
-9.469221330986021987e-08
-9.457204727864348526e-08
-9.445207326515501292e-08
-9.433226486516272666e-08
-9.421267508284979830e-08
-9.409324496132208961e-08
-9.397398042787828156e-08
-9.385491906353897183e-08
-9.373600916936011443e-08
-9.361728235121125410e-08
-9.349872607995545768e-08
-9.338034373334306660e-08
-9.326215911597633280e-08
-9.314415952529080207e-08
-9.302633852217586423e-08
-9.290871259978416480e-08
-9.279125354025054900e-08
-9.267397723366940007e-08
-9.255686335736421182e-08
-9.243992420522271737e-08
-9.232318204537129074e-08
-9.220658718242214779e-08
-9.209017729443801575e-08
-9.197396211134312417e-08
-9.185791640069301279e-08
-9.174208453853912958e-08
-9.162641458548690358e-08
-9.151091370333601142e-08
-9.139560938206116353e-08
-9.128045319064606923e-08
-9.116547071284858875e-08
-9.105068524814652872e-08
-9.093605463328718583e-08
-9.082161643457877778e-08
-9.070736160109488504e-08
-9.059327694610056215e-08
-9.047941181589935899e-08
-9.036570703603244995e-08
-9.025216578273541350e-08
-9.013882531038465991e-08
-9.002562829203741440e-08
-8.991260769274774513e-08
-8.979977176035512597e-08
-8.968710045067766351e-08
-8.957461641020208490e-08
-8.946231320769411433e-08
-8.935017721787152129e-08
-8.923825609407589657e-08
-8.912649435346252650e-08
-8.901488911181394842e-08
-8.890348338941511628e-08
-8.879221621184629644e-08
-8.868111699521280739e-08
-8.857020789469759701e-08
-8.845945053466392790e-08
-8.834887779516108271e-08
-8.823848156908297356e-08
-8.812824621971480018e-08
-8.801822854925840311e-08
-8.790836028938034044e-08
-8.779865219125086687e-08
-8.768913099763500194e-08
-8.757974474209122154e-08
-8.747053237968560160e-08
-8.736150779190351345e-08
-8.725261961194365261e-08
-8.714390395419726099e-08
-8.703537528351718255e-08
-8.692702140788764854e-08
-8.681884758051366538e-08
-8.671084276979845549e-08
-8.660299868569736816e-08
-8.649532101290374726e-08
-8.638779848910420757e-08
-8.628044136279661303e-08
-8.617324719001980733e-08
-8.606620349914880623e-08
-8.595932615523726382e-08
-8.585262894369438356e-08
-8.574610010607321909e-08
-8.563972713954078367e-08
-8.553355211565757738e-08
-8.542752713661898348e-08
-8.532164774249870998e-08
-8.521595559313399654e-08
-8.511038876998757522e-08
-8.500498247246063141e-08
-8.489976198790890523e-08
-8.479466933706727490e-08
-8.468973718167735545e-08
-8.458498694033802192e-08
-8.448040526284364040e-08
-8.437598034765047965e-08
-8.427173283226473832e-08
-8.416763353746499219e-08
-8.406368374909685954e-08
-8.395990589563658937e-08
-8.385626488988332304e-08
-8.375277457594708984e-08
-8.364945888170194347e-08
-8.354627957373059888e-08
-8.344326859368630019e-08
-8.334042243341364268e-08
-8.323773682328106065e-08
-8.313522606102979145e-08
-8.303287308462916842e-08
-8.293066951702358425e-08
-8.282861835255027725e-08
-8.272672509593622736e-08
-8.262497330678524358e-08
-8.252337086497917592e-08
-8.242193231331665336e-08
-8.232063424405768979e-08
-8.221950109882008558e-08
-8.211852720361042880e-08
-8.201770992283531885e-08
-8.191706301827500895e-08
-8.181657279234863904e-08
-8.171622731451924648e-08
-8.161602882076866915e-08
-8.151599418327862495e-08
-8.141609203551554435e-08
-8.131633228432350802e-08
-8.121675064284751419e-08
-8.111729156471218854e-08
-8.101798813148160319e-08
-8.091885420866557191e-08
-8.081988070751652912e-08
-8.072105203619979466e-08
-8.062239714151117702e-08
-8.052388430865023278e-08
-8.042550503119654045e-08
-8.032730677762120467e-08
-8.022921941008052959e-08
-8.013128603542462170e-08
-8.003352612152687583e-08
-7.993588481260128095e-08
-7.983838953293704825e-08
-7.974107176230837607e-08
-7.964390402775636062e-08
-7.954687432124405831e-08
-7.945003828908688444e-08
-7.935332859309965084e-08
-7.925676208451010817e-08
-7.916035100474676420e-08
-7.906407371407945223e-08
-7.896794461323593700e-08
-7.887195379589224253e-08
-7.877611198646884661e-08
-7.868040978703563338e-08
-7.858486075377131795e-08
-7.848946323480454179e-08
-7.839422373567444750e-08
-7.829912736732172974e-08
-7.820419636971119344e-08
-7.810940241151421919e-08
-7.801473713640619872e-08
-7.792024532629170353e-08
-7.782585843233648140e-08
-7.773162537604317577e-08
-7.763754800195563856e-08
-7.754358900420419583e-08
-7.744978029122777256e-08
-7.735612738566080312e-08
-7.726261931631637032e-08
-7.716925076846503109e-08
-7.707605343030611946e-08
-7.698299563028457822e-08
-7.689007311414996739e-08
-7.679728162609138731e-08
-7.670465944544650549e-08
-7.661213984236402161e-08
-7.651976694828375635e-08
-7.642755670182118420e-08
-7.633545733344262445e-08
-7.624350210111190886e-08
-7.615170468539407760e-08
-7.606004916677002723e-08
-7.596852810613435849e-08
-7.587717958658561476e-08
-7.578596500065584825e-08
-7.569488232168001778e-08
-7.560392496230934910e-08
-7.551313480626163074e-08
-7.542244002050208172e-08
-7.533189284810921626e-08
-7.524149760678986079e-08
-7.515121047777903528e-08
-7.506106876999289999e-08
-7.497107366658774856e-08
-7.488121506180536672e-08
-7.479149672899518419e-08
-7.470192477475350010e-08
-7.461249984315487665e-08
-7.452320383739918514e-08
-7.443402794931398420e-08
-7.434501106144377847e-08
-7.425609355067703662e-08
-7.416732387842069153e-08
-7.407868116716387652e-08
-7.399016867339136852e-08
-7.390178578104159954e-08
-7.381353647649600161e-08
-7.372543510111274137e-08
-7.363747799255386544e-08
-7.354963869100724556e-08
-7.346196860139257466e-08
-7.337441368520299646e-08
-7.328698354998262617e-08
-7.319969240883945871e-08
-7.311252886117877736e-08
-7.302548311518041255e-08
-7.293856086073900663e-08
-7.285179888492773681e-08
-7.276513370672668703e-08
-7.267859957198278046e-08
-7.259221767422549287e-08
-7.250596440650350188e-08
-7.241983931132175276e-08
-7.233386375771783315e-08
-7.224802248845183243e-08
-7.216230354876341914e-08
-7.207670004895731434e-08
-7.199124418540379689e-08
-7.190588477156515539e-08
-7.182066531107944825e-08
-7.173555698859617937e-08
-7.165059374925050112e-08
-7.156573517446782171e-08
-7.148099661266008419e-08
-7.139641480208214537e-08
-7.131195647659664968e-08
-7.122760781683709428e-08
-7.114342791136585827e-08
-7.105936008533962509e-08
-7.097541230186168181e-08
-7.089157434416232463e-08
-7.080789230956510458e-08
-7.072429448578060789e-08
-7.064083641561757811e-08
-7.055749161541204801e-08
-7.047427787798292093e-08
-7.039117465974536723e-08
-7.030818925788245710e-08
-7.022535515215803321e-08
-7.014264323877010114e-08
-7.006003692715238248e-08
-6.997759832405637330e-08
-6.989526833252324220e-08
-6.981305552034920623e-08
-6.973095229342894391e-08
-6.964899782580491810e-08
-6.956712801058740025e-08
-6.948539518514777696e-08
-6.940376802025352007e-08
-6.932228230424611590e-08
-6.924089347434603412e-08
-6.915962012073765443e-08
-6.907849655391312366e-08
-6.899749016228661220e-08
-6.891659706105143646e-08
-6.883584661786611111e-08
-6.875521970391031582e-08
-6.867470623824368994e-08
-6.859429889901387132e-08
-6.851402316728940875e-08
-6.843385405575756072e-08
-6.835379534727878550e-08
-6.827384350092924264e-08
-6.819403955810687649e-08
-6.811431759345909808e-08
-6.803471976860390334e-08
-6.795524880020127812e-08
-6.787589198828742405e-08
-6.779666841687682877e-08
-6.771754786165021714e-08
-6.763857848984160733e-08
-6.755970631309992848e-08
-6.748094802051970784e-08
-6.740229456704460980e-08
-6.732378429725194414e-08
-6.724534879449580419e-08
-6.716704444680270238e-08
-6.708884568081749452e-08
-6.701076884754759502e-08
-6.693279230793160941e-08
-6.685492193584304490e-08
-6.677719627024071273e-08
-6.669957991043157979e-08
-6.662207280046407742e-08
-6.654469377632304980e-08
-6.646743970100593607e-08
-6.639029151955142577e-08
-6.631324597354280540e-08
-6.623632025244352660e-08
-6.615950823895734503e-08
-6.608278502379167102e-08
-6.600617855612525134e-08
-6.592969718886463838e-08
-6.585330657577705066e-08
-6.577703059740432756e-08
-6.570086177451643090e-08
-6.562482669034587881e-08
-6.554890148471038054e-08
-6.547307470708234922e-08
-6.539738859056106322e-08
-6.532181105825847299e-08
-6.524633868293718417e-08
-6.517096466956635970e-08
-6.509570962035736762e-08
-6.502056077456504582e-08
-6.494550160285029693e-08
-6.487055161335975603e-08
-6.479572560063692762e-08
-6.472098683980184335e-08
-6.464635903692851951e-08
-6.457183224519682463e-08
-6.449743899363989702e-08
-6.442314944105430908e-08
-6.434895949145894462e-08
-6.427489464152635370e-08
-6.420094595617138819e-08
-6.412709718975090165e-08
-6.405334485573226848e-08
-6.397970094788588282e-08
-6.390617479607862071e-08
-6.383272056134495018e-08
-6.375938955750680598e-08
-6.368615532111111518e-08
-6.361303489130261421e-08
-6.354000351044489363e-08
-6.346707032643222830e-08
-6.339426972012347130e-08
-6.332156462974040510e-08
-6.324897441140191502e-08
-6.317648014560447745e-08
-6.310412331519119352e-08
-6.303185107194473559e-08
-6.295968252477174556e-08
-6.288760534775907456e-08
-6.281565894024152642e-08
-6.274378211952285964e-08
-6.267201631628412623e-08
-6.260033813772063531e-08
-6.252879314021650445e-08
-6.245731308568039873e-08
-6.238594853292255473e-08
-6.231468239977572535e-08
-6.224353461554650748e-08
-6.217249279866741275e-08
-6.210153657244228964e-08
-6.203071185838937465e-08
-6.195998759722568549e-08
-6.188935933444914386e-08
-6.181882196806513276e-08
-6.174838501808665324e-08
-6.167806408764272274e-08
-6.160780737324234796e-08
-6.153766822897033500e-08
-6.146761126676543982e-08
-6.139768053127944179e-08
-6.132781865388453370e-08
-6.125805827655725351e-08
-6.118840829782474114e-08
-6.111885441838537899e-08
-6.104941746113599624e-08
-6.098005322419573886e-08
-6.091083286279048116e-08
-6.084169487374710730e-08
-6.077265345100291399e-08
-6.070369842289129895e-08
-6.063484832052427298e-08
-6.056610080374456743e-08
-6.049741983246579398e-08
-6.042885382343770710e-08
-6.036036997559708469e-08
-6.029200380020259247e-08
-6.022370718760651480e-08
-6.015550864152476949e-08
-6.008741800304165053e-08
-6.001942076680817167e-08
-5.995153715452052248e-08
-5.988372569440705038e-08
-5.981605207798293642e-08
-5.974846153268359338e-08
-5.968096333524792621e-08
-5.961355156357856561e-08
-5.954623547011670733e-08
-5.947902921952356893e-08
-5.941188159160134229e-08
-5.934484693827477739e-08
-5.927788558416651213e-08
-5.921105163881884815e-08
-5.914427324140697846e-08
-5.907759911652566336e-08
-5.901101672233185343e-08
-5.894454462159143876e-08
-5.887816740102432419e-08
-5.881187312125127089e-08
-5.874568570791714696e-08
-5.867960689083910255e-08
-5.861360796701556964e-08
-5.854769721378506945e-08
-5.848186715994251939e-08
-5.841615638457136964e-08
-5.835050777390950864e-08
-5.828495246763778462e-08
-5.821947723287794117e-08
-5.815411769747298170e-08
-5.808882536650446474e-08
-5.802362854908388475e-08
-5.795850986210931518e-08
-5.789351001401859854e-08
-5.782858626673662576e-08
-5.776376943939308989e-08
-5.769901924240663721e-08
-5.763440496134424046e-08
-5.756986251978116691e-08
-5.750540862390205776e-08
-5.744103412165158878e-08
-5.737675182318766771e-08
-5.731257240485553144e-08
-5.724844722282978897e-08
-5.718442847003317573e-08
-5.712047733778022335e-08
-5.705664884116656211e-08
-5.699286876828729564e-08
-5.692919253199198104e-08
-5.686559512081880865e-08
-5.680211038590729426e-08
-5.673870583916627895e-08
-5.667539318242238804e-08
-5.661215922351642264e-08
-5.654904725639813451e-08
-5.648600495907724293e-08
-5.642304813575170446e-08
-5.636016911853146199e-08
-5.629738518403957804e-08
-5.623469326816652667e-08
-5.617205644124814188e-08
-5.610952444719327257e-08
-5.604705680753761760e-08
-5.598470940748673700e-08
-5.592240770901169140e-08
-5.586020630471068424e-08
-5.579808233127543346e-08
-5.573606798240121509e-08
-5.567413017466635421e-08
-5.561228249776104807e-08
-5.555050743632071064e-08
-5.548885464612863816e-08
-5.542726883671537459e-08
-5.536576659983608851e-08
-5.530433886665688612e-08
-5.524299806748923582e-08
-5.518175620331111377e-08
-5.512056332542949325e-08
-5.505947030287739699e-08
-5.499844221467395830e-08
-5.493752693127957850e-08
-5.487666390054904879e-08
-5.481589307702308315e-08
-5.475519250324395067e-08
-5.469460230747714201e-08
-5.463407838689019635e-08
-5.457365652997322785e-08
-5.451329124439288428e-08
-5.445304879916172884e-08
-5.439287918406228493e-08
-5.433278793829898292e-08
-5.427277141625245353e-08
-5.421282730421796269e-08
-5.415298922900863359e-08
-5.409320947456956853e-08
-5.403350498069988811e-08
-5.397388354101348588e-08
-5.391434172247719746e-08
-5.385489280359247227e-08
-5.379549901051762452e-08
-5.373619120867425956e-08
-5.367696236087198078e-08
-5.361783360394563563e-08
-5.355878121317070035e-08
-5.349980916489746708e-08
-5.344091123275016499e-08
-5.338212474154621784e-08
-5.332340096966303114e-08
-5.326475548545494279e-08
-5.320618145554977894e-08
-5.314768585591073533e-08
-5.308928907750047984e-08
-5.303093537272607788e-08
-5.297267342315977243e-08
-5.291447541181116891e-08
-5.285637836471783699e-08
-5.279834381551678442e-08
-5.274038229201784163e-08
-5.268249400777318181e-08
-5.262469317514772035e-08
-5.256697287940548223e-08
-5.250933970224805983e-08
-5.245177556834946253e-08
-5.239429189011886230e-08
-5.233691108444095488e-08
-5.227959014797228568e-08
-5.222234568874079673e-08
-5.216516865180759403e-08
-5.210807207083961755e-08
-5.205106674879758177e-08
-5.199410394994098376e-08
-5.193723208678418829e-08
-5.188041982095515522e-08
-5.182370730130181259e-08
-5.176705621861596204e-08
-5.171047373729792283e-08
-5.165396320441013199e-08
-5.159753393087170910e-08
-5.154119046882131371e-08
-5.148492498578362404e-08
-5.142873124594614796e-08
-5.137260789904097863e-08
-5.131659051473041815e-08
-5.126063061607779336e-08
-5.120474525411660985e-08
-5.114892771711175503e-08
-5.109317849413781597e-08
-5.103752932659639844e-08
-5.098192341934463597e-08
-5.092639344259488996e-08
-5.087093587347942204e-08
-5.081555147845286902e-08
-5.076025522645225118e-08
-5.070500218993544909e-08
-5.064983319994333484e-08
-5.059473152554772752e-08
-5.053972719631486436e-08
-5.048478304473072343e-08
-5.042992409607780026e-08
-5.037511593427673834e-08
-5.032041937577515016e-08
-5.026578791011448508e-08
-5.021122238645067917e-08
-5.015672651787190970e-08
-5.010229389491523504e-08
-5.004794495320055440e-08
-4.999366712807320201e-08
-4.993943384387976496e-08
-4.988528918896327242e-08
-4.983119766491976966e-08
-4.977720483950203869e-08
-4.972325879909931056e-08
-4.966938712842501181e-08
-4.961557919319044133e-08
-4.956184925851698225e-08
-4.950819817043978363e-08
-4.945462053085934415e-08
-4.940111167484223240e-08
-4.934766364077128724e-08
-4.929431938807577833e-08
-4.924103031662157112e-08
-4.918781145337777920e-08
-4.913465593948566911e-08
-4.908156161631473626e-08
-4.902855672825695738e-08
-4.897560996108936050e-08
-4.892271356451780516e-08
-4.886990291679527766e-08
-4.881713877232372542e-08
-4.876447725534743467e-08
-4.871185258147015077e-08
-4.865930703156916386e-08
-4.860682010582518155e-08
-4.855441409985736150e-08
-4.850207748177429582e-08
-4.844981672404945562e-08
-4.839762019789789818e-08
-4.834548409155460267e-08
-4.829344861152806725e-08
-4.824146599279649231e-08
-4.818955168140839551e-08
-4.813769843316003671e-08
-4.808590662633746173e-08
-4.803419818934519787e-08
-4.798255072617823579e-08
-4.793094794438137897e-08
-4.787942878572010894e-08
-4.782795765601151236e-08
-4.777658164402886250e-08
-4.772524942279826463e-08
-4.767398507697699018e-08
-4.762278241570700753e-08
-4.757164764010041668e-08
-4.752059732222160977e-08
-4.746960758227180047e-08
-4.741868791002191590e-08
-4.736781673410227819e-08
-4.731705142945656927e-08
-4.726634201291430539e-08
-4.721569297739316261e-08
-4.716510751919100579e-08
-4.711457776281000907e-08
-4.706412206868391939e-08
-4.701373922519769119e-08
-4.696339217488278412e-08
-4.691312240831001252e-08
-4.686290880580892370e-08
-4.681276501851985086e-08
-4.676269753541193399e-08
-4.671266278448662583e-08
-4.666270756420811173e-08
-4.661280751655153837e-08
-4.656299602609618860e-08
-4.651323117442388176e-08
-4.646354869058085310e-08
-4.641391813706718410e-08
-4.636435482335906903e-08
-4.631487950904558506e-08
-4.626545135461513360e-08
-4.621608878395781494e-08
-4.616678344141778644e-08
-4.611753435122362121e-08
-4.606836507693260772e-08
-4.601925376347911719e-08
-4.597018160036484523e-08
-4.592118816258128905e-08
-4.587224010158703619e-08
-4.582337863815192337e-08
-4.577456936593053788e-08
-4.572580802160720860e-08
-4.567711206191998974e-08
-4.562847425826915566e-08
-4.557992485674530242e-08
-4.553141914142656708e-08
-4.548299362646432913e-08
-4.543461343531201813e-08
-4.538630844506229765e-08
-4.533808425770719245e-08
-4.528990454307414817e-08
-4.524178727119918152e-08
-4.519372649717333333e-08
-4.514571961631403590e-08
-4.509779260448587454e-08
-4.504991962031605604e-08
-4.500208480462104330e-08
-4.495432680685097951e-08
-4.490661286881656516e-08
-4.485898210110392295e-08
-4.481140407921647316e-08
-4.476386853407393430e-08
-4.471640006088226984e-08
-4.466898614922936798e-08
-4.462165893240067743e-08
-4.457437236374857695e-08
-4.452716506664223149e-08
-4.448000575769518805e-08
-4.443290882544919981e-08
-4.438589591334967214e-08
-4.433892787692745716e-08
-4.429202076640390442e-08
-4.424516794821260819e-08
-4.419836849733237209e-08
-4.415163863421696578e-08
-4.410497066028842774e-08
-4.405833430166614909e-08
-4.401177098732219360e-08
-4.396525879605959617e-08
-4.391880457261916861e-08
-4.387242798215371211e-08
-4.382607640872292664e-08
-4.377980047511353330e-08
-4.373357226164581284e-08
-4.368741339779585033e-08
-4.364131603927384889e-08
-4.359527820347752713e-08
-4.354929993060581141e-08
-4.350336228703726307e-08
-4.345751739086961294e-08
-4.341172898853862665e-08
-4.336598789834132465e-08
-4.332030353083965162e-08
-4.327466961893877918e-08
-4.322908782127179751e-08
-4.318358641953170488e-08
-4.313812554797209894e-08
-4.309270630281257107e-08
-4.304735824824801573e-08
-4.300204968812849028e-08
-4.295682103612445102e-08
-4.291164175747092803e-08
-4.286649895737675789e-08
-4.282142199034852836e-08
-4.277639533127734733e-08
-4.273144822328679643e-08
-4.268654146372703307e-08
-4.264170701958921998e-08
-4.259692228153907664e-08
-4.255218057380504698e-08
-4.250753148009469968e-08
-4.246292699032879720e-08
-4.241837466361507280e-08
-4.237387641367521435e-08
-4.232942616853894137e-08
-4.228502939964465370e-08
-4.224071011786489374e-08
-4.219642404419036956e-08
-4.215218328808417183e-08
-4.210801204959901953e-08
-4.206387708147101286e-08
-4.201982116903312824e-08
-4.197581162884675684e-08
-4.193183756811659035e-08
-4.188792790540260059e-08
-4.184406698125269806e-08
-4.180028211949593501e-08
-4.175653838577655630e-08
-4.171286212896953438e-08
-4.166923614460183498e-08
-4.162564817229720711e-08
-4.158215195616664405e-08
-4.153870404280216023e-08
-4.149530212488923665e-08
-4.145195288704171882e-08
-4.140865143249500468e-08
-4.136539710989268905e-08
-4.132221773667101026e-08
-4.127908263101567153e-08
-4.123597854979434146e-08
-4.119294401064035412e-08
-4.114994911781053188e-08
-4.110701686969939398e-08
-4.106414904434795264e-08
-4.102130295502576111e-08
-4.097852745799580734e-08
-4.093579503274408443e-08
-4.089311910437551831e-08
-4.085051016295306094e-08
-4.080794528349539888e-08
-4.076544370338224117e-08
-4.072297851125082913e-08
-4.068058178807596100e-08
-4.063825357004411513e-08
-4.059596141401857986e-08
-4.055372417426322332e-08
-4.051153470911499563e-08
-4.046939070880732988e-08
-4.042730506203835726e-08
-4.038528243470749067e-08
-4.034328765802712863e-08
-4.030134228107551010e-08
-4.025946049793855302e-08
-4.021761047425928395e-08
-4.017583865674267764e-08
-4.013410583255912384e-08
-4.009240833372350049e-08
-4.005077028576075114e-08
-4.000917771133223198e-08
-3.996765592454342695e-08
-3.992617617535779612e-08
-3.988475427302603287e-08
-3.984338329887397517e-08
-3.980204672675765300e-08
-3.976079005153678699e-08
-3.971959108563149027e-08
-3.967842702480582321e-08
-3.963731458393812172e-08
-3.959624809847166206e-08
-3.955522811514160803e-08
-3.951426684654617901e-08
-3.947336138008346108e-08
-3.943248234527134201e-08
-3.939165650954407375e-08
-3.935088794785449794e-08
-3.931015106061784449e-08
-3.926949194396876768e-08
-3.922886785515095805e-08
-3.918827947754621669e-08
-3.914774797347597055e-08
-3.910726105826627929e-08
-3.906684180090129026e-08
-3.902646493668823204e-08
-3.898614182899508727e-08
-3.894587026829252614e-08
-3.890563120095675614e-08
-3.886546610017124189e-08
-3.882536151556737998e-08
-3.878528843659580587e-08
-3.874526735126133682e-08
-3.870529092002708479e-08
-3.866535661556184844e-08
-3.862547594271004944e-08
-3.858565735625022437e-08
-3.854586486186777924e-08
-3.850611450554868050e-08
-3.846642592740499356e-08
-3.842676777479813543e-08
-3.838717735374640126e-08
-3.834763556745486002e-08
-3.830811386116015411e-08
-3.826865943174912822e-08
-3.822924286051580143e-08
-3.818987504768596610e-08
-3.815057285087756811e-08
-3.811130461265349839e-08
-3.807209964583531226e-08
-3.803293105592743650e-08
-3.799380750687658318e-08
-3.795475754690728687e-08
-3.791574486301142107e-08
-3.787677763399925155e-08
-3.783785570100700279e-08
-3.779897508835310857e-08
-3.776013599145935916e-08
-3.772136140768001148e-08
-3.768263020166630431e-08
-3.764392228851728008e-08
-3.760527221293401012e-08
-3.756666852684097528e-08
-3.752809596943166729e-08
-3.748960016299863804e-08
-3.745113248169827147e-08
-3.741269991093048459e-08
-3.737432029664217831e-08
-3.733598261853091899e-08
-3.729770562594209097e-08
-3.725947325988638903e-08
-3.722128553901432722e-08
-3.718315122587516054e-08
-3.714504945261762576e-08
-3.710700571583995900e-08
-3.706902397665994789e-08
-3.703107616686246008e-08
-3.699317456272498358e-08
-3.695531665140575530e-08
-3.691749777116644476e-08
-3.687971987065201410e-08
-3.684200669033963599e-08
-3.680433296650250068e-08
-3.676668039384106294e-08
-3.672908740357210563e-08
-3.669153672761763314e-08
-3.665401680451289617e-08
-3.661657204998813789e-08
-3.657915350167302951e-08
-3.654176850029331616e-08
-3.650443558305403426e-08
-3.646714331599757305e-08
-3.642990737180228930e-08
-3.639271826106878573e-08
-3.635556852589252784e-08
-3.631847363468781911e-08
-3.628141210614245771e-08
-3.624439862007325297e-08
-3.620745074422971558e-08
-3.617053723884234170e-08
-3.613366663983057367e-08
-3.609683824984330333e-08
-3.606004887131946176e-08
-3.602329868385391615e-08
-3.598660607314405782e-08
-3.594995778045354090e-08
-3.591333184096844447e-08
-3.587675199650342610e-08
-3.584022498167948889e-08
-3.580372318087239989e-08
-3.576728724240736376e-08
-3.573089251445810921e-08
-3.569451549736952503e-08
-3.565820051592268429e-08
-3.562191905220944023e-08
-3.558567911517914849e-08
-3.554950404569744545e-08
-3.551335482323569767e-08
-3.547726503158451765e-08
-3.544121187200653310e-08
-3.540518619675610355e-08
-3.536923368868423604e-08
-3.533332917077790780e-08
-3.529745118921771387e-08
-3.526161931137126622e-08
-3.522582717852583386e-08
-3.519007076521562143e-08
-3.515435574231324721e-08
-3.511870167064749353e-08
-3.508307968523220339e-08
-3.504747961856181725e-08
-3.501193653636308213e-08
-3.497643143524228496e-08
-3.494095517934255448e-08
-3.490555029823955015e-08
-3.487017064185329290e-08
-3.483481746170054533e-08
-3.479951980347688137e-08
-3.476425725704898131e-08
-3.472903910079044425e-08
-3.469387741407087506e-08
-3.465874356707900292e-08
-3.462366744077133144e-08
-3.458862454218539131e-08
-3.455360938918289045e-08
-3.451866880474861219e-08
-3.448376909794434083e-08
-3.444889738371286339e-08
-3.441406874973036317e-08
-3.437927871667694798e-08
-3.434452357993520016e-08
-3.430980933092891302e-08
-3.427515408525733731e-08
-3.424052834716034824e-08
-3.420592416200543820e-08
-3.417137545107589410e-08
-3.413686385691016128e-08
-3.410237939308361376e-08
-3.406796352416036182e-08
-3.403357460352939995e-08
-3.399920717728827938e-08
-3.396489784518759696e-08
-3.393062022097703159e-08
-3.389638266231864992e-08
-3.386220435034338967e-08
-3.382804997783370988e-08
-3.379395217004752470e-08
-3.375988790852800204e-08
-3.372584883330960885e-08
-3.369187740516171836e-08
-3.365795354691106633e-08
-3.362405320495981559e-08
-3.359019601354994102e-08
-3.355637658654503759e-08
-3.352259121932768104e-08
-3.348884114268358198e-08
-3.345514845777606948e-08
-3.342149161359500106e-08
-3.338785399921455632e-08
-3.335425820152893584e-08
-3.332071151571501889e-08
-3.328718650336566600e-08
-3.325371805960366764e-08
-3.322029440398785450e-08
-3.318688424681587243e-08
-3.315352688815124324e-08
-3.303969685458760013e-08
-3.300649270652617158e-08
-3.297334744343180140e-08
-3.294023358209152403e-08
-3.258421201142422177e-08
-3.255152863061075613e-08
-3.251887535463434955e-08
-3.232414651099310545e-08
-3.229176522416820597e-08
-3.225941869767707568e-08
-3.222710255481483315e-08
-3.186967286922408038e-08
-3.183777721986960497e-08
-3.180591440330652503e-08
-3.177408974488986858e-08
-3.157928150605958418e-08
-3.154771480112645529e-08
-3.151616578825486151e-08
-3.115731914397619020e-08
-3.112620578250663851e-08
-3.109511532580749268e-08
-3.106408552312552004e-08
-3.086895543487348366e-08
-3.083814811342640245e-08
-3.080739567577826694e-08
-3.044713350414619564e-08
-3.041678836019322909e-08
-3.038650400244578789e-08
-3.035624505339392553e-08
-3.016079297714156331e-08
-3.013078106663508268e-08
-3.010079785006497860e-08
-2.973913631253522528e-08
-2.970959324221676932e-08
-2.968008367685147327e-08
-2.965060355567871779e-08
-2.945484192916798215e-08
-2.942559778254691500e-08
-2.939638505127772452e-08
-2.903332383108867669e-08
-2.900454538698429784e-08
-2.897579704615657131e-08
-2.894706485563883669e-08
-2.875097949823297239e-08
-2.872249764108673320e-08
-2.869403611218986817e-08
-2.832958576204347744e-08
-2.830156603676816983e-08
-2.827355683982282050e-08
-2.824559679717725356e-08
-2.804919194677966283e-08
-2.802145735845505239e-08
-2.799377333079831774e-08
-2.762793147464806298e-08
-2.760065571526904064e-08
-2.757342181545875190e-08
-2.754621649493243530e-08
-2.734948833145594565e-08
-2.732253263372374572e-08
-2.729561501663799826e-08
-2.692838280583769243e-08
-2.690187385389191979e-08
-2.687538598409263000e-08
-2.684892873614361370e-08
-2.665189119598490609e-08
-2.662567856327686319e-08
-2.659949947089109493e-08
-2.623087241133417843e-08
-2.620509355271588668e-08
-2.617934826726261256e-08
-2.615363006920032695e-08
-2.595626199003797115e-08
-2.593080157886771779e-08
-2.590535305989312999e-08
-2.553533294656211109e-08
-2.551030813582076732e-08
-2.548529666673999717e-08
-2.546030856802388431e-08
-2.526264686287776621e-08
-2.523791180081827262e-08
-2.521319776666271123e-08
-2.484182124894382780e-08
-2.481752412345805118e-08
-2.479325146046976462e-08
-2.476902351845607784e-08
-2.457104337931110055e-08
-2.454704637241917086e-08
-2.452307290040285585e-08
-2.415032241775417261e-08
-2.412675554906656862e-08
-2.410321670542298163e-08
-2.407971337913108268e-08
-2.388140518722308440e-08
-2.385812430189284323e-08
-2.383486420364448274e-08
-2.346074485850645047e-08
-2.343789716159504789e-08
-2.341507378451580620e-08
-2.339230049641717980e-08
-2.319366040089677963e-08
-2.317109076570158653e-08
-2.314856468794118193e-08
-2.277307776459900226e-08
-2.275094192132672397e-08
-2.272886149766573776e-08
-2.270679604026679878e-08
-2.250783212728610747e-08
-2.248599905343356469e-08
-2.246418262921967586e-08
-2.208733988337099161e-08
-2.206594524556943910e-08
-2.204458258003468814e-08
-2.202323490795756204e-08
-2.182396257400376681e-08
-2.180283751267490133e-08
-2.178173168998893573e-08
-2.140354571095761200e-08
-2.138285302113995358e-08
-2.136219154434203530e-08
-2.134154518427350396e-08
-2.114193530786006792e-08
-2.112151531725115424e-08
-2.110111201647982417e-08
-2.072156725463636096e-08
-2.070158526595229060e-08
-2.068162153961955876e-08
-2.066166332893660444e-08
-2.046174494060091424e-08
-2.044202311719599414e-08
-2.042231155358326871e-08
-2.004143865028296753e-08
-2.002215885111073885e-08
-2.000288494078444968e-08
-1.980244511240743011e-08
-1.978340347688238020e-08
-1.976437614103046781e-08
-1.974537796675256436e-08
-1.936318325637330660e-08
-1.934459745203855724e-08
-1.932603399310722114e-08
-1.912527300853563558e-08
-1.910692386384338703e-08
-1.908859351114752023e-08
-1.907028077349620495e-08
-1.868675096802551925e-08
-1.866885298672940188e-08
-1.865096528603083842e-08
-1.844987583344352417e-08
-1.843221306715481117e-08
-1.841456430105350537e-08
-1.802930912513559330e-08
-1.801207922155036926e-08
-1.799485815924040181e-08
-1.797764499115309481e-08
-1.777624799416710891e-08
-1.775926413032133458e-08
-1.774228947908935615e-08
-1.735573334128077212e-08
-1.733918013138936031e-08
-1.732263282085802196e-08
-1.730611742262946849e-08
-1.710440030652185497e-08
-1.708809381711386793e-08
-1.707181789713407937e-08
-1.668395692648597269e-08
-1.666808148284187719e-08
-1.665222803403086127e-08
-1.663638453530938502e-08
-1.643435061905532902e-08
-1.641872361605217851e-08
-1.640311439189864084e-08
-1.601394059309659008e-08
-1.599873555896135788e-08
-1.598354151878748903e-08
-1.578098235165589415e-08
-1.576600632413407703e-08
-1.575104482347251144e-08
-1.573609417789652933e-08
-1.534562196771813096e-08
-1.533107866016016304e-08
-1.531654055312506095e-08
-1.511367537584154961e-08
-1.509936227165107757e-08
-1.508505970047176750e-08
-1.469290757636455471e-08
-1.467901669297262985e-08
-1.466513131962046584e-08
-1.465126866412482736e-08
-1.444809115431175654e-08
-1.443443897264565469e-08
-1.442080644561821012e-08
-1.402738079955071794e-08
-1.401415089218266254e-08
-1.400093442663813703e-08
-1.398773567277163229e-08
-1.378424223173316027e-08
-1.377124853394306643e-08
-1.375827624631826151e-08
-1.336355847209340897e-08
-1.335097651009163890e-08
-1.333841140221549624e-08
-1.313440012484711809e-08
-1.312203900183136878e-08
-1.310969742961323708e-08
-1.309736717465691584e-08
-1.270136866187229662e-08
-1.268943952338804194e-08
-1.267751500495708365e-08
-1.247318891814378082e-08
-1.246148414411394607e-08
-1.244978617414301596e-08
-1.205213567531999397e-08
-1.204084217070402987e-08
-1.202955344623118475e-08
-1.201827012011789497e-08
-1.181365163944401873e-08
-1.180258656230938679e-08
-1.179153256885923955e-08
-1.139263894392798118e-08
-1.138199134448975322e-08
-1.137134773358781407e-08
-1.116622298990038989e-08
-1.115579266411522506e-08
-1.114536724490289683e-08
-1.113495564765776534e-08
-1.073480636629245886e-08
-1.072478554707550498e-08
-1.071477500158290414e-08
-1.050933847429307486e-08
-1.049953033735756150e-08
-1.048973518865155672e-08
-1.008795160814519805e-08
-1.007855265655798480e-08
-1.006915766493684253e-08
-1.005978285492442938e-08
-9.854033001463294770e-09
-9.844852779941557573e-09
-9.835696066415653452e-09
-9.432668690239961388e-09
-9.423894422752489455e-09
-9.415138262783603714e-09
-9.208891820634545005e-09
-9.200330847440496466e-09
-9.191792528256520051e-09
-9.183261201011285331e-09
-8.779001513131024911e-09
-8.770864477605050476e-09
-8.762740667861222952e-09
-8.556196129640884305e-09
-8.548271128848069685e-09
-8.540359335279762099e-09
-8.134494414127797209e-09
-8.126964682441795384e-09
-8.119451643621299925e-09
-8.111938604819377979e-09
-7.905085430884888617e-09
-7.897779913093086194e-09
-7.890475290916340074e-09
-7.483384162074045147e-09
-7.476474102494926442e-09
-7.469568805894502191e-09
-7.262219011413880079e-09
-7.255514478502428381e-09
-7.248817894186218915e-09
-7.242121309925738261e-09
-6.833823730535327048e-09
-6.827527035732178115e-09
-6.821230340947604350e-09
-6.613584205866602637e-09
-6.607496515440072564e-09
-6.601408825069271303e-09
-6.191522149676643519e-09
-6.185833575342458804e-09
-6.180145562158578759e-09
-5.972011577551455581e-09
-5.966532352164103416e-09
-5.961056716425975042e-09
-5.955581080650694677e-09
-5.544511474390222688e-09
-5.539428337655140884e-09
-5.534345200882907917e-09
-5.325922196543188260e-09
-5.321042451882900905e-09
-5.316162707204036729e-09
-4.903511964477981331e-09
-4.899021381436516852e-09
-4.894530798395053200e-09
-4.890040215353589547e-09
-4.681325856473954216e-09
-4.677038939747947774e-09
-4.672752023031228917e-09
-4.258920951073401577e-09
-4.255023718505860849e-09
-4.251126485929030883e-09
-4.041923608417295973e-09
-4.038230313062155582e-09
-4.034537017707016019e-09
-3.619147913850485895e-09
-3.615844818775370851e-09
-3.612541723681679812e-09
-3.609240444654502432e-09
-3.399756813101404426e-09
-3.396657177059050720e-09
-3.393557540979544196e-09
-2.977014806556351946e-09
-2.974308870069960425e-09
-2.971602933564992908e-09
-2.761641791366202003e-09
-2.759132087216911299e-09
-2.756622383076908592e-09
-2.338533111712254963e-09
-2.336408625469904531e-09
-2.334284139213622309e-09
-2.332159652971272290e-09
-2.121908517929502603e-09
-2.119976763252930353e-09
-2.118045008576358104e-09
-1.698802482293263175e-09
-1.697256435578117285e-09
-1.695710388853683191e-09
-1.484982169063103519e-09
-1.483629097415406654e-09
-1.482276025763065583e-09
-1.061506511348471026e-09
-1.060539631600467250e-09
-1.059572751857107681e-09
-1.058605872109103906e-09
-8.475998963273419841e-10
-8.468262320996372209e-10
-8.460525678696104583e-10
-4.503923776806483108e-10
-4.499812918137165246e-10
-4.495702059467847901e-10
-1.326983856648873978e-10
-1.325773283116209392e-10
-1.324562709580642177e-10
-0.000000000000000000e+00
-0.000000000000000000e+00
-0.000000000000000000e+00
-0.000000000000000000e+00
-0.000000000000000000e+00
-0.000000000000000000e+00
-0.000000000000000000e+00
-0.000000000000000000e+00
-0.000000000000000000e+00
-0.000000000000000000e+00
-0.000000000000000000e+00
-0.000000000000000000e+00
-0.000000000000000000e+00
-0.000000000000000000e+00
-0.000000000000000000e+00
-0.000000000000000000e+00
-0.000000000000000000e+00
-0.000000000000000000e+00
-0.000000000000000000e+00
-0.000000000000000000e+00
-0.000000000000000000e+00
-0.000000000000000000e+00
-0.000000000000000000e+00
-0.000000000000000000e+00
-0.000000000000000000e+00
-0.000000000000000000e+00
-0.000000000000000000e+00
-0.000000000000000000e+00
-0.000000000000000000e+00
-0.000000000000000000e+00
-0.000000000000000000e+00
-0.000000000000000000e+00
-0.000000000000000000e+00
-0.000000000000000000e+00
-0.000000000000000000e+00
-0.000000000000000000e+00
-0.000000000000000000e+00
-0.000000000000000000e+00
-0.000000000000000000e+00
-0.000000000000000000e+00
-0.000000000000000000e+00
-0.000000000000000000e+00
-0.000000000000000000e+00
-0.000000000000000000e+00
-0.000000000000000000e+00
