5.752829547298455481e-11
7.365025485036054321e-11
9.217201748774378911e-11
1.131568114311411411e-10
1.366526716334084215e-10
1.626923145340455238e-10
1.912959177553290062e-10
2.224712401016043527e-10
2.562131738411871869e-10
2.925079168378157953e-10
3.313308744110741344e-10
3.726489304523614409e-10
4.164190877614527292e-10
4.625917043313148419e-10
5.111108821753815073e-10
5.619123021657850625e-10
6.149246756059037226e-10
6.700773874707080049e-10
7.272879768091355621e-10
7.864719436677755315e-10
8.475427399738786249e-10
9.104090576006324688e-10
9.749789169672787946e-10
1.041155540985418543e-09
1.108837606885040857e-09
1.177930859287721175e-09
1.248335063794853777e-09
1.319944066864096082e-09
1.392663924819497234e-09
1.466383691785580767e-09
1.541010373238908852e-09
1.616441105391865353e-09
1.692570979540762249e-09
1.769312091645487612e-09
1.846554438083735533e-09
1.924217435265035336e-09
2.002194621394242282e-09
2.080409143454368018e-09
2.158761148235522892e-09
2.237179084126825954e-09
2.315570640379040270e-09
2.393868765477948169e-09
2.471993449217787950e-09
2.549875169380226736e-09
2.627456719321118614e-09
2.704660161840956560e-09
2.781449757109447037e-09
2.857753299310120407e-09
2.933528838218096731e-09
3.008738810605211210e-09
3.083322970420191470e-09
3.157262866355015890e-09
3.230518514251237587e-09
3.303055815090241720e-09
3.374863159248504016e-09
3.445912082746045562e-09
3.516187577047148028e-09
3.585682819933318198e-09
3.654382928781853683e-09
3.722289406910377049e-09
3.789404150406269596e-09
3.855722522664431115e-09
3.921259832342013456e-09
3.986024747231840616e-09
4.050022380979319697e-09
4.113277550768689153e-09
4.175817118946662161e-09
4.237651537279114669e-09
4.298804165464014747e-09
4.359312873750302562e-09
4.419204195780265797e-09
4.478497590658856399e-09
4.537236141828092014e-09
4.595467064451001580e-09
4.653215988848710904e-09
4.710509880118867078e-09
4.767397902488980725e-09
4.823930271104390003e-09
4.880143402423840936e-09
4.936067583085967540e-09
4.991749128875120296e-09
5.047238816247494481e-09
5.102580602151247541e-09
5.157810400625092655e-09
5.212971110553611949e-09
5.268105609384142533e-09
5.323264916281921246e-09
5.378490672479810539e-09
5.433815583575485215e-09
5.489278280470483872e-09
5.544925901203034667e-09
5.600799035348956768e-09
5.656938629278682383e-09
5.713367942649698159e-09
5.770118372402100138e-09
5.827239792410136635e-09
5.884758104040563123e-09
5.942706329521630734e-09
6.001110715433663241e-09
6.059984107121852254e-09
6.119369931516946706e-09
6.179282775555507866e-09
6.239748210667838923e-09
6.300789050025354969e-09
6.362401317635076937e-09
6.424624840202580814e-09
6.487446721130412863e-09
6.550905257933987021e-09
6.614987296276096670e-09
6.679704681343559447e-09
6.745060548148687527e-09
6.811042207074324011e-09
6.877671310723781935e-09
6.944919540496100393e-09
7.012812473488899700e-09
7.081302947023441489e-09
7.150410963281557486e-09
7.220086968715652772e-09
7.290349084204485634e-09
7.361150992115668299e-09
7.432502210709288607e-09
7.504349128884678149e-09
7.576689606859794861e-09
7.649469638916174714e-09
7.722682614374116497e-09
7.796275510917980996e-09
7.870238567332234108e-09
7.944512383104764272e-09
8.019079956282450366e-09
8.093880546525353744e-09
8.168885743077003881e-09
8.244046997722681773e-09
8.319322553665524489e-09
8.394665262518293372e-09
8.470026286047445839e-09
8.545363175304143690e-09
8.620620297803337147e-09
8.695746843577733444e-09
8.770698125334405692e-09
8.845406432671852089e-09
8.919838792519641641e-09
8.993924900076790701e-09
9.067639333111291852e-09
9.140901131895262700e-09
9.213669490755597739e-09
9.285896446812934790e-09
9.357495994948204476e-09
9.428461681072158802e-09
9.498699012641445178e-09
9.568204825567948404e-09
9.636910016645237974e-09
9.704740119536295212e-09
9.771703430701433290e-09
9.837664740753237432e-09
9.902659296958170672e-09
9.966608101096288926e-09
1.002946162426051079e-08
1.009125254112466580e-08
1.015183810033349956e-08
1.021126317090371096e-08
1.026945687920810317e-08
1.032634071811212903e-08
1.038199054811296550e-08
1.043628001278946780e-08
1.048924216172085390e-08
1.054088992070358746e-08
1.059109461969567072e-08
1.063994873848025003e-08
1.068737708863011076e-08
1.073331864446818570e-08
1.077789310134607395e-08
1.082097687674824481e-08
1.086261354101322474e-08
1.090286843757495676e-08
1.094162114024426542e-08
1.097895454647887724e-08
1.101488547244245433e-08
1.104931227885761311e-08
1.108237767284989002e-08
1.111405879098122663e-08
1.114429880890501588e-08
1.117324081345708294e-08
1.120085578316586789e-08
1.122711309504975404e-08
1.125213928922489736e-08
1.127591242393158058e-08
1.129840582938869316e-08
1.131977041678016213e-08
1.133998348394007897e-08
1.135903051982465638e-08
1.137705233658087810e-08
1.139405187234336444e-08
1.141002242366089076e-08
1.142509667057233581e-08
1.143928095197255622e-08
1.145256839340517496e-08
1.146509372339801513e-08
1.147687853221389725e-08
1.148791659565954667e-08
1.149832311859969561e-08
1.150814971723918111e-08
1.151740993437287639e-08
1.152618397733064137e-08
1.153454351883147186e-08
1.154251430981179661e-08
1.155013653623585411e-08
1.155749688687371746e-08
1.156463323985928786e-08
1.157157216690444772e-08
1.157840101726818272e-08
1.158516259940439991e-08
1.159190896343734599e-08
1.159869946700464251e-08
1.160557909456378688e-08
1.161261347303781339e-08
1.161982704396635216e-08
1.162726323822263969e-08
1.163498009838018174e-08
1.164302439927606139e-08
1.165142838277352251e-08
1.166022794455409652e-08
1.166950625312114126e-08
1.167928031535587841e-08
1.168957069475099928e-08
1.170044034436439810e-08
1.171194176129920913e-08
1.172406770937633845e-08
1.173682327242617522e-08
1.175030577443327915e-08
1.176453420251359861e-08
1.177948328338702468e-08
1.179519600969528670e-08
1.181176236908017120e-08
1.182914854958502643e-08
1.184733297339049346e-08
1.186639663484437537e-08
1.188637314754720470e-08
1.190721061451551228e-08
1.192889554827237483e-08
1.195151703979135294e-08
1.197509467211917611e-08
1.199954540439033779e-08
1.202489171343326462e-08
1.205119653973919554e-08
1.207845612316603065e-08
1.210658977145864623e-08
1.213560971739910554e-08
1.216557373719698798e-08
1.219645675629790801e-08
1.222817264440899524e-08
1.226074077895190608e-08
1.229420867521110215e-08
1.232854126936873110e-08
1.236365182337369774e-08
1.239955784036713174e-08
1.243628207191916729e-08
1.247378698584868639e-08
1.251198285570332608e-08
1.255086923006891261e-08
1.259045903178504169e-08
1.263072177425532832e-08
1.267157020592041244e-08
1.271298800145562668e-08
1.275496860673124574e-08
1.279750981124695882e-08
1.284050336590810128e-08
1.288393207397830542e-08
1.292778027973881421e-08
1.297203068025265617e-08
1.301658632101974513e-08
1.306143019023075885e-08
1.310650755712017271e-08
1.315180934597148866e-08
1.319728054203728802e-08
1.324286678317410120e-08
1.328853138101513317e-08
1.333422386587856057e-08
1.337992306885431895e-08
1.342557104309728896e-08
1.347113209830460672e-08
1.351654072964697408e-08
1.356178240772342779e-08
1.360679287180411202e-08
1.365156135669584050e-08
1.369600523315285700e-08
1.374007737582679387e-08
1.378376711697769323e-08
1.382704554392185283e-08
1.386987100212053675e-08
1.391214910572380891e-08
1.395386726515499300e-08
1.399500092725293356e-08
1.403555463967048307e-08
1.407544955893011336e-08
1.411460550542254211e-08
1.415304409959521444e-08
1.419075708133257156e-08
1.422773349262942155e-08
1.426385419944502903e-08
1.429910909177741234e-08
1.433350538362920133e-08
1.436706053009252956e-08
1.439973954016225537e-08
1.443143916368753678e-08
1.446215267417826986e-08
1.449191767712109770e-08
1.452076490724235765e-08
1.454861604479860160e-08
1.457542794006483598e-08
1.460117416301212471e-08
1.462595451091639532e-08
1.464976073585914344e-08
1.467254965164741917e-08
1.469424483992286083e-08
1.471487385814102066e-08
1.473453455660778570e-08
1.475320101387438582e-08
1.477085235363683238e-08
1.478742079107927611e-08
1.480294647988688810e-08
1.481753777720297244e-08
1.483116852515305170e-08
1.484383837790753964e-08
1.485549275697927728e-08
1.486616778597452849e-08
1.487598324624027630e-08
1.488493236138938175e-08
1.489301818154758967e-08
1.490021625630468430e-08
1.490651568334302948e-08
1.491205178896926670e-08
1.491685241831692513e-08
1.492088767394425143e-08
1.492417901059124966e-08
1.492671298377868023e-08
1.492859118190127787e-08
1.492987309774986319e-08
1.493056248530641126e-08
1.493065539420407035e-08
1.493016484793893305e-08
1.492916411889201961e-08
1.492771188191236800e-08
1.492583971504783906e-08
1.492357252640615241e-08
1.492090872692070959e-08
1.491787964367575141e-08
1.491457860729129887e-08
1.491102137192495120e-08
1.490722928648571941e-08
1.490324459281893381e-08
1.489906601701013662e-08
1.489475765075527384e-08
1.489037823715760273e-08
1.488593038860418026e-08
1.488148018072175537e-08
1.487702153444967208e-08
1.487257979304709064e-08
1.486822565901286019e-08
1.486396910781176304e-08
1.485984256537166672e-08
1.485591031164202649e-08
1.485216915333571640e-08
1.484865053014412142e-08
1.484538972654087750e-08
1.484238945581593739e-08
1.483970675902920995e-08
1.483737595868874884e-08
1.483539422421576877e-08
1.483379013022614402e-08
1.483257655594576702e-08
1.483176187360452630e-08
1.483141756631268048e-08
1.483155004072649113e-08
1.483215811607263464e-08
1.483324972166779736e-08
1.483483268838982173e-08
1.483691739802553237e-08
1.483957670000156496e-08
1.484281136667476129e-08
1.484662177011684876e-08
1.485099838627721882e-08
1.485593160868275162e-08
1.486144343108464399e-08
1.486758316247341032e-08
1.487434639860397981e-08
1.488172933978623297e-08
1.488969832621867844e-08
1.489824299508768718e-08
1.490737996272236895e-08
1.491715046366394142e-08
1.492754579525325106e-08
1.493856165402492424e-08
1.495014726204432840e-08
1.496229831079478578e-08
1.497501529185449774e-08
1.498832830853669785e-08
1.500224825293320378e-08
1.501676129186071457e-08
1.503180632732225672e-08
1.504737257749230171e-08
1.506346323196189429e-08
1.508007902156861411e-08
1.509722377002707543e-08
1.511490143226262306e-08
1.513304557043298344e-08
1.515161992774992619e-08
1.517062046008945572e-08
1.519003917714962026e-08
1.520987401775160837e-08
1.523012718475717119e-08
1.525076295595398492e-08
1.527172054172108554e-08
1.529299717492900180e-08
1.531458457069846196e-08
1.533645957175330086e-08
1.535861938114903347e-08
1.538105277463973183e-08
1.540369398004655593e-08
1.542652514223866335e-08
1.544954435576527901e-08
1.547271681565712415e-08
1.549602452694845724e-08
1.551946742274028523e-08
1.554300850887706743e-08
1.556659058105550418e-08
1.559021073107919258e-08
1.561385555327770599e-08
1.563747237695551050e-08
1.566105164110122521e-08
1.568459754150119674e-08
1.570806637291009179e-08
1.573143563090211137e-08
1.575470133985387975e-08
1.577782566881807661e-08
1.580077022294926240e-08
1.582353249938745768e-08
1.584610929043083571e-08
1.586845469807492364e-08
1.589056388378563353e-08
1.591243846324131744e-08
1.593403477862963017e-08
1.595531961256947154e-08
1.597629619247506720e-08
1.599695792466867560e-08
1.601727701539223578e-08
1.603724495898748719e-08
1.605685775432813613e-08
1.607607542797435367e-08
1.609487731429853004e-08
1.611325861382178418e-08
1.613122113035277715e-08
1.614875861357929177e-08
1.616586512193473441e-08
1.618253796972651474e-08
1.619874642346032470e-08
1.621447257724586665e-08
1.622971349689100203e-08
1.624447060156600265e-08
1.625875558578095888e-08
1.627256464343921752e-08
1.628590224396000707e-08
1.629874933591564326e-08
1.631108340465450864e-08
1.632290693566502543e-08
1.633422416847044713e-08
1.634506331584073086e-08
1.635543826627713911e-08
1.636534375471831847e-08
1.637476777421248706e-08
1.638370453473219204e-08
1.639214980094306886e-08
1.640009994847224295e-08
1.640759707859093061e-08
1.641466207388644894e-08
1.642129819282007331e-08
1.642750831808527544e-08
1.643328305314609614e-08
1.643862157291500082e-08
1.644352944479241953e-08
1.644803099684843135e-08
1.645216790210215671e-08
1.645594827590614813e-08
1.645937180089061022e-08
1.646245081776305866e-08
1.646518357396708872e-08
1.646757374340300754e-08
1.646962668341088259e-08
1.647139330202724467e-08
1.647289934452120049e-08
1.647414708287114230e-08
1.647514353395560669e-08
1.647591341787521119e-08
1.647645213757288099e-08
1.647676202724429807e-08
1.647685588443205188e-08
1.647679541390571693e-08
1.647659072418883846e-08
1.647623636529302750e-08
1.647574916915186827e-08
1.647514054703277204e-08
1.647442699920803042e-08
1.647359252745577553e-08
1.647268336698588470e-08
1.647173358195064571e-08
1.647074908422484530e-08
1.646973192451507586e-08
1.646870140077734550e-08
1.646767355078154667e-08
1.646664637741419825e-08
1.646562192706981005e-08
1.646463467244035027e-08
1.646371066224283783e-08
1.646284977524595678e-08
1.646206106511293973e-08
1.646136121790555549e-08
1.646077275406593068e-08
1.646028776386658917e-08
1.645991387428513570e-08
1.645967275147716646e-08
1.645957632058795842e-08
1.645962778020234223e-08
1.645983564829883148e-08
1.646020859501110181e-08
1.646076659110433029e-08
1.646150528654257039e-08
1.646243132243655508e-08
1.646355278309178716e-08
1.646487256955892424e-08
1.646640624589401901e-08
1.646814373880945495e-08
1.647010211703414263e-08
1.647228624632993821e-08
1.647470800366991568e-08
1.647736454985111293e-08
1.648024637191114848e-08
1.648336322256457992e-08
1.648671132417454824e-08
1.649029261484050831e-08
1.649411360877455175e-08
1.649818322793638942e-08
1.650250369687141554e-08
1.650707001996227957e-08
1.651188595944552092e-08
1.651693408277507425e-08
1.652222766539626105e-08
1.652774613962750764e-08
1.653350456747443636e-08
1.653949412233613349e-08
1.654571638095893789e-08
1.655216932553134745e-08
1.655886549203692222e-08
1.656577817336417184e-08
1.657289259185897882e-08
1.658021031699873639e-08
1.658772500804055395e-08
1.659544903612296567e-08
1.660336078449461428e-08
1.661146542717015519e-08
1.661975921829899069e-08
1.662824050869166709e-08
1.663688404896937493e-08
1.664568473485009466e-08
1.665463151432508993e-08
1.666372955660411589e-08
1.667296082323092799e-08
1.668232873048928245e-08
1.669182634688001196e-08
1.670145324020854217e-08
1.671120668548067863e-08
1.672103983307538334e-08
1.673096902408724742e-08
1.674098963090496073e-08
1.675108961897937231e-08
1.676125738349186023e-08
1.677148206093359135e-08
1.678176901049267702e-08
1.679212076090163203e-08
1.680251586789268130e-08
1.681292197231373685e-08
1.682333909338440308e-08
1.683377765391795072e-08
1.684422012650235149e-08
1.685465049049286628e-08
1.686506081398554827e-08
1.687545747431445626e-08
1.688583773675239166e-08
1.689619041635505051e-08
1.690648481215358772e-08
1.691672654403272888e-08
1.692691879308254386e-08
1.693704613791553848e-08
1.694710055804513310e-08
1.695707374124108748e-08
1.696696149257947684e-08
1.697676627414023669e-08
1.698648818189815564e-08
1.699609678987251331e-08
1.700559644021428605e-08
1.701499286603135157e-08
1.702427028519912420e-08
1.703342742392634974e-08
1.704245859826296897e-08
1.705134895503169948e-08
1.706011145834499360e-08
1.706874294818041983e-08
1.707722464193827224e-08
1.708556259625635042e-08
1.709374364915888230e-08
1.710178121999178373e-08
1.710966518212072747e-08
1.711737564215174524e-08
1.712492875218669738e-08
1.713231955430821729e-08
1.713953694094320981e-08
1.714659602325511574e-08
1.715348831455888166e-08
1.716022145957327697e-08
1.716678660101994241e-08
1.717318397138210852e-08
1.717942218904837363e-08
1.718549227144337387e-08
1.719138801039017215e-08
1.719712232540189540e-08
1.720269282622570170e-08
1.720809507214855730e-08
1.721335034468766911e-08
1.721844879613930640e-08
1.722339702055082149e-08
1.722818512290869916e-08
1.723282239625875721e-08
1.723731396410260301e-08
1.724165306643903269e-08
1.724583329993825842e-08
1.724986933556098618e-08
1.725378330861814889e-08
1.725755718767604703e-08
1.726120783768655542e-08
1.726473756315353920e-08
1.726813151410296960e-08
1.727141264280195334e-08
1.727457550628464319e-08
1.727762347426422245e-08
1.728054279388545861e-08
1.728335679453848829e-08
1.728609098580592410e-08
1.728872262067612825e-08
1.729127255734231235e-08
1.729373938180870570e-08
1.729611796650801888e-08
1.729842837177368386e-08
1.730066559262495674e-08
1.730283368772373089e-08
1.730492116695296635e-08
1.730694710724327196e-08
1.730894119868650084e-08
1.731088291881640946e-08
1.731278893398234787e-08
1.731466216864345709e-08
1.731648628379958384e-08
1.731829508943613899e-08
1.732007450781274190e-08
1.732182515420296843e-08
1.732354819521185019e-08
1.732524809914978667e-08
1.732695117580002177e-08
1.732865364617046028e-08
1.733036290968359023e-08
1.733207644881832419e-08
1.733378825769631778e-08
1.733551996588201221e-08
1.733726491686434829e-08
1.733902403195206303e-08
1.734079777611161746e-08
1.734258592930323438e-08
1.734440578620932091e-08
1.734626144762704389e-08
1.734815972505627403e-08
1.735009012545828043e-08
1.735206618177172861e-08
1.735408417007607774e-08
1.735614344663796107e-08
1.735825112233946295e-08
1.736040446910632234e-08
1.736260380664918296e-08
1.736485199794910439e-08
1.736716129808781922e-08
1.736953250652673055e-08
1.737196707631681594e-08
1.737446134353717957e-08
1.737701653171243476e-08
1.737963720426535776e-08
1.738231983390669159e-08
1.738506813125110195e-08
1.738787825977090720e-08
1.739074904534572296e-08
1.739368926837551074e-08
1.739669487611209649e-08
1.739976674206162167e-08
1.740290404520224036e-08
1.740610745575586598e-08
1.740937859235772018e-08
1.741271283244779362e-08
1.741610696117851756e-08
1.741956842626777337e-08
1.742309149645573055e-08
1.742667546221884839e-08
1.743032584253895665e-08
1.743403261279344959e-08
1.743779508822249945e-08
1.744162160988575471e-08
1.744550384128206329e-08
1.744944521840759022e-08
1.745343580472956476e-08
1.745747654669003773e-08
1.746157200142846185e-08
1.746571823262308208e-08
1.746991330069601368e-08
1.747415757734937494e-08
1.747844021730831833e-08
1.748275934727793422e-08
1.748712445089839804e-08
1.749152517324103764e-08
1.749596830560050719e-08
1.750043749431555200e-08
1.750493773882280743e-08
1.750947355806892459e-08
1.751403902108272588e-08
1.751863442638400974e-08
1.752325314025419568e-08
1.752788431064229834e-08
1.753253092163749295e-08
1.753719228786394377e-08
1.754186194303534837e-08
1.754655243175945518e-08
1.755124124000065804e-08
1.755593738667907852e-08
1.756063740549071682e-08
1.756534217388420607e-08
1.757005256031437368e-08
1.757476347762436996e-08
1.757946094922310401e-08
1.758415361284198214e-08
1.758883271309115639e-08
1.759350425757380486e-08
1.759816435370507607e-08
1.760280763367268680e-08
1.760743782755730773e-08
1.761204805930092675e-08
1.761664222998936689e-08
1.762121761733888947e-08
1.762577492150963855e-08
1.763030595236510504e-08
1.763480770671971619e-08
1.763927829550863860e-08
1.764372145731352111e-08
1.764813116136910606e-08
1.765251406738971289e-08
1.765685871273246709e-08
1.766117162429933400e-08
1.766544720536766761e-08
1.766969081869845359e-08
1.767389794682346402e-08
1.767807054287286596e-08
1.768219987018360147e-08
1.768628826726344178e-08
1.769033329482492676e-08
1.769433639064191136e-08
1.769829608626310502e-08
1.770221339182628144e-08
1.770608570837346568e-08
1.770991733789160485e-08
1.771370361925829377e-08
1.771744838419631049e-08
1.772114825781796399e-08
1.772480511378776472e-08
1.772841877851331472e-08
1.773198500569521271e-08
1.773550928068099319e-08
1.773898524498659098e-08
1.774241740178873344e-08
1.774580452362032547e-08
1.774914750936724275e-08
1.775244880657151309e-08
1.775570316569530956e-08
1.775891554280796479e-08
1.776208158085098723e-08
1.776520568604069022e-08
1.776829124965070980e-08
1.777133355425506710e-08
1.777434003032328657e-08
1.777730007972485591e-08
1.778022367336605936e-08
1.778310517263539124e-08
1.778594989741933892e-08
1.778875742636515459e-08
1.779152446134033142e-08
1.779425691274123293e-08
1.779694643482651726e-08
1.779960220051950532e-08
1.780222552968920653e-08
1.780481975866091278e-08
1.780738624906930612e-08
1.780992020032668311e-08
1.781242967000359271e-08
1.781490303689547129e-08
1.781735657877079456e-08
1.781978060143622671e-08
1.782218212682159856e-08
1.782455914869645275e-08
1.782690946851112074e-08
1.782923623704784094e-08
1.783154183963136133e-08
1.783383717180316700e-08
1.783611144619362087e-08
1.783837527805838526e-08
1.784062084415818563e-08
1.784285406055668775e-08
1.784507239137562491e-08
1.784727830251421412e-08
1.784947227470884017e-08
1.785165086949928609e-08
1.785381908780062039e-08
1.785597109794292119e-08
1.785811396288248035e-08
1.786025209474933713e-08
1.786238767620002283e-08
1.786452149178843197e-08
1.786665146136256253e-08
1.786878098925552180e-08
1.787090538884196680e-08
1.787303035885626172e-08
1.787514954155355300e-08
1.787726950880474213e-08
1.787938470035514440e-08
1.788149955359131981e-08
1.788361056500209894e-08
1.788572327192649747e-08
1.788784126855275881e-08
1.788996510498030608e-08
1.789209574834923098e-08
1.789423161513704357e-08
1.789637479867842075e-08
1.789852259443079181e-08
1.790067807629799741e-08
1.790283900679836571e-08
1.790500729138267511e-08
1.790718163469922196e-08
1.790936296532568887e-08
1.791155017493185882e-08
1.791374628345885704e-08
1.791595315988949401e-08
1.791817181214390860e-08
1.792040156507207691e-08
1.792264323242689929e-08
1.792489587232481801e-08
1.792716011433090286e-08
1.792943318996045635e-08
1.793171553818419729e-08
1.793400660175694727e-08
1.793630663977369372e-08
1.793861557942172092e-08
1.794093309618548820e-08
1.794325987950651999e-08
1.794559586063777932e-08
1.794794135892030908e-08
1.795029616392412931e-08
1.795266049494979898e-08
1.795503414735787042e-08
1.795741712447481075e-08
1.795980815386458872e-08
1.796220457656958439e-08
1.796460771455325166e-08
1.796701709286972811e-08
1.796943259804945441e-08
1.797185566688067333e-08
1.797428364718189948e-08
1.797671928563098036e-08
1.797915734008224152e-08
1.798160397189564664e-08
1.798405173409253254e-08
1.798650871122480592e-08
1.798896663479913343e-08
1.799143328394828848e-08
1.799389936229998946e-08
1.799637227974893020e-08
1.799884610520073281e-08
1.800132498897999339e-08
1.800380640321660905e-08
1.800629133845915488e-08
1.800877874477542214e-08
1.801126674813128959e-08
1.801375565320668549e-08
1.801624509593804791e-08
1.801873518351160607e-08
1.802122604319559554e-08
1.802371728135785106e-08
1.802620823738624322e-08
1.802869620501336760e-08
1.803118342282972171e-08
1.803366835412978578e-08
1.803615150096398685e-08
1.803863320176975206e-08
1.804111321778052742e-08
1.804358965906906103e-08
1.804605812976804839e-08
1.804852038822441000e-08
1.805097483477612470e-08
1.805342267459061996e-08
1.805586335830768753e-08
1.805829666625716761e-08
1.806072289264676611e-08
1.806313862353358177e-08
1.806554696744137266e-08
1.806794559695060124e-08
1.807033633816959624e-08
1.807271807106389231e-08
1.807509157501287958e-08
1.807745560259064695e-08
1.807980819832618564e-08
1.808215023954491200e-08
1.808448126374442021e-08
1.808680126919987657e-08
1.808911099820669860e-08
1.809140891640021816e-08
1.809369685629529105e-08
1.809597262821284759e-08
1.809823914798784044e-08
1.810049352541144181e-08
1.810273813730742481e-08
1.810497174043875736e-08
1.810719469504972982e-08
1.810940719395234457e-08
1.811160775699105610e-08
1.811379830587938092e-08
1.811597646095989645e-08
1.811814460189002195e-08
1.812029981739329457e-08
1.812244535250191093e-08
1.812457825170969024e-08
1.812670105200371826e-08
1.812881124128382579e-08
1.813091133423743755e-08
1.813299895194634917e-08
1.813507640433533082e-08
1.813714143408710153e-08
1.813919608784257165e-08
1.814123744988997890e-08
1.814326839183456791e-08
1.814528604995606088e-08
1.814729316625060531e-08
1.814928746245648545e-08
1.815127065651018203e-08
1.815324149642729085e-08
1.815520074963654982e-08
1.815714794809143798e-08
1.815908300628938242e-08
1.816100673712086500e-08
1.816291805948343028e-08
1.816481852819337344e-08
1.816670578207365147e-08
1.816858334976875418e-08
1.817044992151227714e-08
1.817230894192456382e-08
1.817415730124982689e-08
1.817599868127333372e-08
1.817782905967794532e-08
1.817965237709750267e-08
1.818146500694148643e-08
1.818327059354158719e-08
1.818506637371081216e-08
1.818685494788557606e-08
1.818863378129643125e-08
1.819040478678630200e-08
1.819216695569584443e-08
1.819392002991569655e-08
1.819566656725417862e-08
1.819740614635854616e-08
1.819914213324590455e-08
1.820087074769213928e-08
1.820259631324465348e-08
1.820431456290602158e-08
1.820602929168465980e-08
1.820773734707349932e-08
1.820944091616436092e-08
1.821113842097886986e-08
1.821283053395659424e-08
1.821451740084615912e-08
1.821619822612864646e-08
1.821787436047370489e-08
1.821954359005455318e-08
1.822120914191581945e-08
1.822286920325505344e-08
1.822452678009148396e-08
1.822617982849465980e-08
1.822783008734550307e-08
1.822947623320211682e-08
1.823111936798819428e-08
1.823275852616528051e-08
1.823439404358355046e-08
1.823602515996001481e-08
1.823765195081784173e-08
1.823927538354352015e-08
1.824089355379510068e-08
1.824250855576967541e-08
1.824411827346330225e-08
1.824572443319023320e-08
1.824732822114470178e-08
1.824893009305297595e-08
1.825053057819324765e-08
1.825212931681404417e-08
1.825372652168618721e-08
1.825532240989258436e-08
1.825691644439328044e-08
1.825850869775458065e-08
1.826009897470043399e-08
1.826168604480688569e-08
1.826327156206828309e-08
1.826485357249204727e-08
1.826643404879754720e-08
1.826801200819797435e-08
1.826958694075793484e-08
1.827116033279310069e-08
1.827273227966224918e-08
1.827430368357772315e-08
1.827587445028956104e-08
1.827744372772886725e-08
1.827901261597129109e-08
1.828058048335731500e-08
1.828214760844791810e-08
1.828371347761163853e-08
1.828527719085377824e-08
1.828683947223578236e-08
1.828840042919028065e-08
1.828995877609856700e-08
1.829151574338459949e-08
1.829307112899618268e-08
1.829462454829492728e-08
1.829617642546724050e-08
1.829772562717278851e-08
1.829927307607553122e-08
1.830081868322322175e-08
1.830236128558370279e-08
1.830390247555004988e-08
1.830544125370310893e-08
1.830697804324366175e-08
1.830851247752089749e-08
1.831004321609097609e-08
1.831157177680942370e-08
1.831309780226561594e-08
1.831462025755805623e-08
1.831614037397311783e-08
1.831765722909324799e-08
1.831917131363423288e-08
1.832068269461826914e-08
1.832219112132814395e-08
1.832369688575392508e-08
1.832520002707402631e-08
1.832669970911268269e-08
1.832819701013868362e-08
1.832969167302829582e-08
1.833118310764125392e-08
1.833267186555542083e-08
1.833415656345246481e-08
1.833563824079237222e-08
1.833711674948566970e-08
1.833859105832694182e-08
1.834006220000003053e-08
1.834152999413639337e-08
1.834299389149902241e-08
1.834445475955713285e-08
1.834591178172416829e-08
1.834736497931417098e-08
1.834881464899890205e-08
1.835026057147780255e-08
1.835170314654318078e-08
1.835314174265871944e-08
1.835457636241167075e-08
1.835600744785281676e-08
1.835743503828377484e-08
1.835885757814903490e-08
1.836027621052193822e-08
1.836169069799115706e-08
1.836310071271467697e-08
1.836450692023272461e-08
1.836590842030420137e-08
1.836730592676473387e-08
1.836869919628926510e-08
1.837008742387228006e-08
1.837147151431337048e-08
1.837285028030947381e-08
1.837422429031719910e-08
1.837559371410967276e-08
1.837695884564819684e-08
1.837831883643675333e-08
1.837967393201803739e-08
1.838102461374444846e-08
1.838237027841625982e-08
1.838371176393407345e-08
1.838504783088014536e-08
1.838637940807856532e-08
1.838770683778604858e-08
1.838902864083266841e-08
1.839034626521809826e-08
1.839165892823648748e-08
1.839296726425780283e-08
1.839427196247716817e-08
1.839557104376867093e-08
1.839686641937360854e-08
1.839815687180429391e-08
1.839944330684594416e-08
1.840072553328818040e-08
1.840200257093145295e-08
1.840327534428775573e-08
1.840454264671123145e-08
1.840580577503201360e-08
1.840706361599178128e-08
1.840831663677463699e-08
1.840956539967705662e-08
1.841080849193530209e-08
1.841204706068840003e-08
1.841328102647069388e-08
1.841451075075849336e-08
1.841573696623742204e-08
1.841695768170771485e-08
1.841817474865743144e-08
1.841938761501590446e-08
1.842059650168532299e-08
1.842180113010469799e-08
1.842300056615223168e-08
1.842419641565007502e-08
1.842538661988346849e-08
1.842657217901078772e-08
1.842775381167255630e-08
1.842892931303578221e-08
1.843010106152586207e-08
1.843126734610566321e-08
1.843242875482098999e-08
1.843358647251085963e-08
1.843473910747916578e-08
1.843588834131763147e-08
1.843703347743899027e-08
1.843817482520486712e-08
1.843931271208766238e-08
1.844044603567088170e-08
1.844157561167866628e-08
1.844270110857293043e-08
1.844382320335173532e-08
1.844494131696305259e-08
1.844605482279866880e-08
1.844716538963724619e-08
1.844827106348619922e-08
1.844937326622625547e-08
1.845047225054587197e-08
1.845156586027705750e-08
1.845265652053898847e-08
1.845374353807085895e-08
1.845482720646437346e-08
1.845590886591695827e-08
1.845698650859652259e-08
1.845806155934065038e-08
1.845913396517224828e-08
1.846020309196774017e-08
1.846126979130321394e-08
1.846233247509768987e-08
1.846339254280903093e-08
1.846444863514340674e-08
1.846550089698702384e-08
1.846655029560317417e-08
1.846759493847735033e-08
1.846863648711926236e-08
1.846967491159068624e-08
1.847070867247565301e-08
1.847173940417930147e-08
1.847276685401319116e-08
1.847379114604229409e-08
1.847481337245729277e-08
1.847583179733413796e-08
1.847684746062562710e-08
1.847786069485546799e-08
1.847887098750101124e-08
1.847987813330679784e-08
1.848088208915192893e-08
1.848188359462136952e-08
1.848288028311716498e-08
1.848387367286444561e-08
1.848486443199069027e-08
1.848585009669112643e-08
1.848683270276483794e-08
1.848781247542610311e-08
1.848878744565162094e-08
1.848975913758025429e-08
1.849072805991536117e-08
1.849169330933578630e-08
1.849265602571160083e-08
1.849361600193930514e-08
1.849457247662708425e-08
1.849552643921468754e-08
1.849647776699236923e-08
1.849742549343605229e-08
1.849837045287346769e-08
1.849931313318674554e-08
1.850025242333521303e-08
1.850118876315200083e-08
1.850212310671772934e-08
1.850305358098389612e-08
1.850398168828250413e-08
1.850490755489617014e-08
1.850582953607074320e-08
1.850674910099672879e-08
1.850766636770218264e-08
1.850858058107861984e-08
1.850949294752549712e-08
1.851040304975574870e-08
1.851131056608749330e-08
1.851221627417528402e-08
1.851311928277180485e-08
1.851402007483109195e-08
1.851491902094643791e-08
1.851581488601219127e-08
1.851670849967438634e-08
1.851759883910537898e-08
1.851848616081289445e-08
1.851937089046177312e-08
1.852025235080754991e-08
1.852113086106805750e-08
1.852200690653817046e-08
1.852287943630006789e-08
1.852374907880999718e-08
1.852461605903582949e-08
1.852547998815029653e-08
1.852634061358814817e-08
1.852719826811949280e-08
1.852805342065327320e-08
1.852890517156440540e-08
1.852975353637640928e-08
1.853059969647862472e-08
1.853144248982451321e-08
1.853228157292534346e-08
1.853311824433608265e-08
1.853395014251008690e-08
1.853477861134086369e-08
1.853560453714762517e-08
1.853642534844655856e-08
1.853724294489792319e-08
1.853805774933290002e-08
1.853886786886737419e-08
1.853967453799098581e-08
1.854047817990452332e-08
1.854127826360496106e-08
1.854207506753007788e-08
1.854286861163868978e-08
1.854365934820739399e-08
1.854444648972542968e-08
1.854523007697284406e-08
1.854601127064094608e-08
1.854678853858271238e-08
1.854756257331972734e-08
1.854833426609930366e-08
1.854910203610940393e-08
1.854986707200832023e-08
1.855062968069362227e-08
1.855138810036872547e-08
1.855214404428840395e-08
1.855289753832520298e-08
1.855364684113415180e-08
1.855439351812696493e-08
1.855513785242312120e-08
1.855587860004638353e-08
1.855661745195187491e-08
1.855735417467074274e-08
1.855808754344635100e-08
1.855881903030287450e-08
1.855954818259410855e-08
1.856027438418406206e-08
1.856099841469851912e-08
1.856171991894451003e-08
1.856243855466532286e-08
1.856315420198486790e-08
1.856386650644938376e-08
1.856457585503811137e-08
1.856528263756393779e-08
1.856598539986706969e-08
1.856668541586196487e-08
1.856738295585503145e-08
1.856807660572730509e-08
1.856876727606889327e-08
1.856945519615976295e-08
1.857014003532424032e-08
1.857082131085470632e-08
1.857149963395905147e-08
1.857217542870048600e-08
1.857284729266427736e-08
1.857351614728236613e-08
1.857418271710900519e-08
1.857484529849920441e-08
1.857550455009384572e-08
1.857616125546120489e-08
1.857681347391457148e-08
1.857746210298459165e-08
1.857810743540054144e-08
1.857874900397831509e-08
1.857938658806213730e-08
1.858002090271965404e-08
1.858065171731567871e-08
1.858127810980225609e-08
1.858190137479187819e-08
1.858252158337242369e-08
1.858313835829764920e-08
1.858375250654432382e-08
1.858436344450192277e-08
1.858497186272078625e-08
1.858557721122469469e-08
1.858617904204914339e-08
1.858677902606723577e-08
1.858737547330947090e-08
1.858796831305757759e-08
1.858855950768191924e-08
1.858914699600368443e-08
1.858973118976582041e-08
1.859031353376474039e-08
1.859089206969576960e-08
1.859146743439293335e-08
1.859204087084684661e-08
1.859261071730140211e-08
1.859317706233923268e-08
1.859374137897013521e-08
1.859430281697324805e-08
1.859486150608087196e-08
1.859541870690158297e-08
1.859597356822890397e-08
1.859652588517698011e-08
1.859707646188891119e-08
1.859762487590312700e-08
1.859817080332009819e-08
1.859871466968146153e-08
1.859925667740901993e-08
1.859979583176531929e-08
1.860033239677343763e-08
1.860086634187913963e-08
1.860139745184756157e-08
1.860192624043336891e-08
1.860245193355488615e-08
1.860297498447432269e-08
1.860349569491475374e-08
1.860401328167750438e-08
1.860452824385614529e-08
1.860504098038056297e-08
1.860555034990224652e-08
1.860605687603207573e-08
1.860656115174396542e-08
1.860706174825784327e-08
1.860756016642727576e-08
1.860805567196501252e-08
1.860854772056215277e-08
1.860903800268100514e-08
1.860952453291233355e-08
1.861000810702146322e-08
1.861048927239736811e-08
1.861096655553743698e-08
1.861144066140672076e-08
1.861191142195692012e-08
1.861237947931977831e-08
1.861284340890410532e-08
1.861330426507739939e-08
1.861376254656361714e-08
1.861421675411082218e-08
1.861466753724290361e-08
1.861511584240192219e-08
1.861556117887208181e-08
1.861600357671480675e-08
1.861644400146855197e-08
1.861688162693695717e-08
1.861731637402398319e-08
1.861774905315605660e-08
1.861817855132126373e-08
1.861860615253667394e-08
1.861903080428282297e-08
1.861945234306991782e-08
1.861987227739009127e-08
1.862028888893725183e-08
1.862070233294662482e-08
1.862111391992382629e-08
1.862152266843727728e-08
1.862192782978502328e-08
1.862233100288987712e-08
1.862273180853435782e-08
1.862312900261902802e-08
1.862352365404929037e-08
1.862391636885853097e-08
1.862430611682695322e-08
1.862469383848288858e-08
1.862508023287765542e-08
1.862546383045113750e-08
1.862584545690688072e-08
1.862622550489143817e-08
1.862660291313797015e-08
1.862697855589183305e-08
1.862735204605058897e-08
1.862772356829487289e-08
1.862809271001931571e-08
1.862845926301159216e-08
1.862882346406701866e-08
1.862918499729423630e-08
1.862954438692013286e-08
1.862990105487830539e-08
1.863025520469937256e-08
1.863060694024309976e-08
1.863095644877737417e-08
1.863130297051201090e-08
1.863164712552549604e-08
1.863198909911447256e-08
1.863232794840976066e-08
1.863266384761977624e-08
1.863299784211823167e-08
1.863332839248915466e-08
1.863365613876984069e-08
1.863398213840784795e-08
1.863430403416861849e-08
1.863462412538151305e-08
1.863494135521497814e-08
1.863525514560260749e-08
1.863556696450289053e-08
1.863587500120781814e-08
1.863617992741774350e-08
1.863648184452837345e-08
1.863678142559528412e-08
1.863707664504520683e-08
1.863736928081426731e-08
1.863765951166938119e-08
1.863794573659329448e-08
1.863822894983065352e-08
1.863850965540313288e-08
1.863878740842628780e-08
1.863906256323068269e-08
1.863933532975346993e-08
1.863960561707116835e-08
1.863987384998619648e-08
1.864013898953137898e-08
1.864040221044311154e-08
1.864066284114424789e-08
1.864092091416026426e-08
1.864117668452045275e-08
1.864142952980549219e-08
1.864168063362236059e-08
1.864192839828027772e-08
1.864217314669314752e-08
1.864241581754126748e-08
1.864265613386528859e-08
1.864289252261493338e-08
1.864312690550371834e-08
1.864335923497545510e-08
1.864358779913058918e-08
1.864381383208915326e-08
1.864403787976168154e-08
1.864425904400152649e-08
1.864447789400450214e-08
1.864469483547663945e-08
1.864490994431071737e-08
1.864512246244138473e-08
1.864533273508221312e-08
1.864554168292593154e-08
1.864574753111646760e-08
1.864595183853580516e-08
1.864615397820612000e-08
1.864635352298413863e-08
1.864655117167477887e-08
1.864674614945714366e-08
1.864693857534490752e-08
1.864712845857826354e-08
1.864731632005762908e-08
1.864750130106116765e-08
1.864768369370215060e-08
1.864786385033988825e-08
1.864804202637329340e-08
1.864821658850603970e-08
1.864838910276585299e-08
1.864855981186177237e-08
1.864872715678862362e-08
1.864889210172962551e-08
1.864905510844797223e-08
1.864921502783339956e-08
1.864937299790793803e-08
1.864952784923290326e-08
1.864968071773588461e-08
1.864983085594696018e-08
1.864997837881411910e-08
1.865012383101586962e-08
1.865026592237501915e-08
1.865040634052021363e-08
1.865054321967190943e-08
1.865067725912782547e-08
1.865080868816792211e-08
1.865093808177854569e-08
1.865106330658418699e-08
1.865118641156660141e-08
1.865130726871832854e-08
1.865142465907325142e-08
1.865153912262818824e-08
1.865165101827218989e-08
1.865176073668057187e-08
1.865186761945885945e-08
1.865197221214798599e-08
1.865207527478453032e-08
1.865217535086785077e-08
1.865227362252648891e-08
1.865236949937379204e-08
1.865246296527021902e-08
1.865255460789197998e-08
1.865264354966724479e-08
1.865273060422571352e-08
1.865281487083347650e-08
1.865289748172205512e-08
1.865297692260879093e-08
1.865305357123273506e-08
1.865312804644033771e-08
1.865320063763441112e-08
1.865326930938548222e-08
1.865333612792365998e-08
1.865340091842451715e-08
1.865346259633593091e-08
1.865352139956203676e-08
1.865357792957772771e-08
1.865363255217140599e-08
1.865368441194769896e-08
1.865373411900568466e-08
1.865378237017903010e-08
1.865382792001307165e-08
1.865387177605833413e-08
1.865391311039362356e-08
1.865395309689291714e-08
1.865399014883046470e-08
1.865402555490502571e-08
1.865405897704878377e-08
1.865408969612839764e-08
1.865411872573132496e-08
1.865414511448740444e-08
1.865416883369043474e-08
1.865419014391383638e-08
1.865420955275214498e-08
1.865422626271520164e-08
1.865424006953315952e-08
1.865425171463902093e-08
1.865426155778425857e-08
1.865426805314636317e-08
1.865427236683755529e-08
1.865427456415519125e-08
1.865427430629223643e-08
1.865427144528241442e-08
1.865426622112431180e-08
1.865425951730347805e-08
1.865424953235209712e-08
1.865423755238167956e-08
1.865422343632529702e-08
1.865420664159888239e-08
1.865418799637003354e-08
1.865416656257446761e-08
1.865414329897449506e-08
1.865411696615237852e-08
1.865408907617312177e-08
1.865405816711516162e-08
1.865402447281695150e-08
1.865398848226945052e-08
1.865395062643520704e-08
1.865390926770581210e-08
1.865386570106336187e-08
1.865381990691864450e-08
1.865377189562068206e-08
1.865372045904517752e-08
1.865366671673378184e-08
1.865361117874509251e-08
1.865355288939685900e-08
1.865349243537966935e-08
1.865342997574802042e-08
1.865336599555039287e-08
1.865329919968148361e-08
1.865323049811539539e-08
1.865316014095331980e-08
1.865308712175355770e-08
1.865301252198816866e-08
1.865293542330527535e-08
1.865285674984727748e-08
1.865277519049254103e-08
1.865269214100285439e-08
1.865260633485591556e-08
1.865251773558376324e-08
1.865242695698155009e-08
1.865233434943734884e-08
1.865223867193178868e-08
1.865214057756162972e-08
1.865204024743463593e-08
1.865193802959803502e-08
1.865183257584622695e-08
1.865172487475654264e-08
1.865161517113246893e-08
1.865150312998624279e-08
1.865138877632799098e-08
1.865127226908900679e-08
1.865115450000941729e-08
1.865103378527984809e-08
1.865091167823816123e-08
1.865078693737217157e-08
1.865066092961426913e-08
1.865053196979985662e-08
1.865040166239585211e-08
1.865026910247946693e-08
1.865013416844977105e-08
1.864999718248146012e-08
1.864985823537481502e-08
1.864971614808135085e-08
1.864957180297779468e-08
1.864942527238404455e-08
1.864927692664699910e-08
1.864912482717438579e-08
1.864897101752705832e-08
1.864881505294377222e-08
1.864865677535564610e-08
1.864849518694515597e-08
1.864833150741763370e-08
1.864816602987196943e-08
1.864799798269053297e-08
1.864782758049218661e-08
1.864765497567849298e-08
1.864748081962138179e-08
1.864730388325212451e-08
1.864712488447203312e-08
1.864694387576539655e-08
1.864676045007095759e-08
1.864657527083450174e-08
1.864638747970379997e-08
1.864619792529807386e-08
1.864600548807567244e-08
1.864581168121042517e-08
1.864561524335453447e-08
1.864541623931254562e-08
1.864521503462645037e-08
1.864501209290747690e-08
1.864480673075103364e-08
1.864459830775022097e-08
1.864438814155640025e-08
1.864417627122478499e-08
1.864396148592062896e-08
1.864374409352712729e-08
1.864352462603292440e-08
1.864330364166881746e-08
1.864307992910724919e-08
1.864285427795341499e-08
1.864262687165593047e-08
1.864239809152671116e-08
1.864216651531541869e-08
1.864193327266631563e-08
1.864169833068431831e-08
1.864146140267707027e-08
1.864122241533905469e-08
1.864098141881370885e-08
1.864073905560237682e-08
1.864049390789000976e-08
1.864024714942739450e-08
1.863999821508438251e-08
1.863974668868273701e-08
1.863949276167923414e-08
1.863923685246975872e-08
1.863897914573495235e-08
1.863871813421470822e-08
1.863845526135020335e-08
1.863819035071537375e-08
1.863792345504091884e-08
1.863765344431296528e-08
1.863738139988037236e-08
1.863710746330288279e-08
1.863683132226200865e-08
1.863655289113196686e-08
1.863627236407999596e-08
1.863599055436618523e-08
1.863570602976078831e-08
1.863542007674492320e-08
1.863513144000771857e-08
1.863484182417978001e-08
1.863454902763137902e-08
1.863425522735173140e-08
1.863395877254975336e-08
1.863366089143174829e-08
1.863336006799023396e-08
1.863305794451531933e-08
1.863275306352073399e-08
1.863244541773752245e-08
1.863213555295302524e-08
1.863182381943211811e-08
1.863150983044196402e-08
1.863119240299159298e-08
1.863087325353905916e-08
1.863055202516654927e-08
1.863022850153036398e-08
1.862990172091133648e-08
1.862957281554097823e-08
1.862924211227567826e-08
1.862890911263788714e-08
1.862857373617632622e-08
1.862823617225333706e-08
1.862789723881070232e-08
1.862755561745784244e-08
1.862721250584682876e-08
1.862686650291816492e-08
1.862651934816877774e-08
1.862616923877562497e-08
1.862581805776661704e-08
1.862546391040959850e-08
1.862510811004384809e-08
1.862474988813180550e-08
1.862439036470792946e-08
1.862402823801398264e-08
1.862366363273096163e-08
1.862329721908077984e-08
1.862292929706166887e-08
1.862255888709008704e-08
1.862218569927041104e-08
1.862181095059751694e-08
1.862143468875079337e-08
1.862105588671371389e-08
1.862067425779391874e-08
1.862029088765236304e-08
1.861990617053722999e-08
1.861951897310818243e-08
1.861912971782679386e-08
1.861873890070656839e-08
1.861834703229890794e-08
1.861795265179107166e-08
1.861755665424965046e-08
1.861715875975843235e-08
1.861675994592972143e-08
1.861635839158328953e-08
1.861595560471845839e-08
1.861555065121342691e-08
1.861514477479802831e-08
1.861473602961104775e-08
1.861432603675175553e-08
1.861391375515852520e-08
1.861349931579568016e-08
1.861308245710418440e-08
1.861266376294096986e-08
1.861224335847983426e-08
1.861182027128297792e-08
1.861139508483772204e-08
1.861096785741887790e-08
1.861053910462915153e-08
1.861010761206092242e-08
1.860967398734921008e-08
1.860923817456005156e-08
1.860880105089566622e-08
1.860836112141620690e-08
1.860791967358841369e-08
1.860747581480974433e-08
1.860703124256505911e-08
1.860658319366736523e-08
1.860613441319287678e-08
1.860568271947068126e-08
1.860523037351413752e-08
1.860477456605850418e-08
1.860431812521851294e-08
1.860385889839906013e-08
1.860339843277787797e-08
1.860293500105509237e-08
1.860247027090053989e-08
1.860200316934313250e-08
1.860153309848085812e-08
1.860106103321555845e-08
1.860058660973007873e-08
1.860011096308959644e-08
1.859963124768460917e-08
1.859914998005058224e-08
1.859866629222548938e-08
1.859818108913212590e-08
1.859769276593395963e-08
1.859720205199014039e-08
1.859670910352150898e-08
1.859621444660299712e-08
1.859571752854791952e-08
1.859521834331935655e-08
1.859471711169629041e-08
1.859421451178560467e-08
1.859370941073977322e-08
1.859320288571876638e-08
1.859269351903074222e-08
1.859218309612717590e-08
1.859166981184418341e-08
1.859115562522565114e-08
1.859063854211496096e-08
1.859011993954711122e-08
1.858959880344183983e-08
1.858907669452916460e-08
1.858855217984012426e-08
1.858802537826518643e-08
1.858749656750291833e-08
1.858696631416189171e-08
1.858643445549151857e-08
1.858589965659208395e-08
1.858536304821666287e-08
1.858482485422431071e-08
1.858428543720015957e-08
1.858374287727873024e-08
1.858319845552023244e-08
1.858265216502532141e-08
1.858210479022469142e-08
1.858155488028500635e-08
1.858100317762488730e-08
1.858045013205687955e-08
1.857989619733600357e-08
1.857934005334683944e-08
1.857878223478850062e-08
1.857822277283122718e-08
1.857766248566321226e-08
1.857710011686476545e-08
1.857653597924718243e-08
1.857597027708030340e-08
1.857540339672735465e-08
1.857483485757515167e-08
1.857426401761516472e-08
1.857369193626619621e-08
1.857311771833844835e-08
1.857254145611064509e-08
1.857196308243738622e-08
1.857138313583706008e-08
1.857080144136202921e-08
1.857021717688162200e-08
1.856963110809974268e-08
1.856904317021184268e-08
1.856845382264026123e-08
1.856786202530900392e-08
1.856726813587509236e-08
1.856667222246954557e-08
1.856607519223280360e-08
1.856547549798712763e-08
1.856487422440785399e-08
1.856427073638578779e-08
1.856366620693249100e-08
1.856305917609764132e-08
1.856245051418411336e-08
1.856183986279566727e-08
1.856122752156092387e-08
1.856061347015146300e-08
1.855999689370555864e-08
1.855937957015933651e-08
1.855875934494644544e-08
1.855813800610562934e-08
1.855751363660506510e-08
1.855688838768464007e-08
1.855626050346147907e-08
1.855562999342217907e-08
1.855499760725431668e-08
1.855436295465218053e-08
1.855372724891457210e-08
1.855308771280940854e-08
1.855244668114838319e-08
1.855180319615480436e-08
1.855115847420753347e-08
1.855051105855951505e-08
1.854986089512483008e-08
1.854920869133256486e-08
1.854855486557861416e-08
1.854789901831708016e-08
1.854724117295644628e-08
1.854658119754677032e-08
1.854591987146744243e-08
1.854525655837724504e-08
1.854459170155898615e-08
1.854392480191909840e-08
1.854325576915010863e-08
1.854258533778567110e-08
1.854191271514052054e-08
1.854123910231640566e-08
1.854056275365626649e-08
1.853988501453205027e-08
1.853920490905628659e-08
1.853852396284626155e-08
1.853784088042707123e-08
1.853715538619458626e-08
1.853646784396596469e-08
1.853577909139540463e-08
1.853508899554734842e-08
1.853439626020767063e-08
1.853370113190469180e-08
1.853300473806502977e-08
1.853230699762139785e-08
1.853160718749797962e-08
1.853090467221597933e-08
1.853020057846279327e-08
1.852949505235666056e-08
1.852878820206942259e-08
1.852807895413718691e-08
1.852736810383247430e-08
1.852665604946915331e-08
1.852594328619830624e-08
1.852522816273604154e-08
1.852451167172537216e-08
1.852379356454353635e-08
1.852307471358785321e-08
1.852235417635874707e-08
1.852163149515871240e-08
1.852090775959117947e-08
1.852018252846778475e-08
1.851945641447485190e-08
1.851872763326972481e-08
1.851799801490320736e-08
1.851726632734971796e-08
1.851653302337865496e-08
1.851579753822949052e-08
1.851506030791607716e-08
1.851432161247783706e-08
1.851358158866960937e-08
1.851283867785581742e-08
1.851209444483216440e-08
1.851134841034069536e-08
1.851060122181085823e-08
1.850985152253607484e-08
1.850910017973915654e-08
1.850834679707747236e-08
1.850759244801491805e-08
1.850683572607107569e-08
1.850607723641692280e-08
1.850531686878616360e-08
1.850455512017792430e-08
1.850379177523412769e-08
1.850302589749212765e-08
1.850225916078188725e-08
1.850148957969417372e-08
1.850071969429613607e-08
1.849994630341569144e-08
1.849917244904722223e-08
1.849839618052461333e-08
1.849761858880652126e-08
1.849683877229662116e-08
1.849605691813960324e-08
1.849527415745815328e-08
1.849448818143632682e-08
1.849370025770524492e-08
1.849291040610052331e-08
1.849211875807928982e-08
1.849132587766286067e-08
1.849052930942423791e-08
1.848973148143945100e-08
1.848893137198968150e-08
1.848813010000056575e-08
1.848732632502826369e-08
1.848651989122153866e-08
1.848571156108103136e-08
1.848490159924583113e-08
1.848408998489471009e-08
1.848327632032980770e-08
1.848246090197648125e-08
1.848164368745305008e-08
1.848082542620067702e-08
1.848000484615294487e-08
1.847918334886216107e-08
1.847835933996401251e-08
1.847753437599962806e-08
1.847670715385554416e-08
1.847587857562089341e-08
1.847504873800968928e-08
1.847421649831819132e-08
1.847338292446618670e-08
1.847254725912754248e-08
1.847171072829092062e-08
1.847087234719827170e-08
1.847003161958968775e-08
1.846918881232190949e-08
1.846834480715565268e-08
1.846749955788995519e-08
1.846665237422088401e-08
1.846580220017930086e-08
1.846495105419273569e-08
1.846409831630590271e-08
1.846324456828129272e-08
1.846238788815898535e-08
1.846152945104498375e-08
1.846066922860270396e-08
1.845980797273736070e-08
1.845894500768291877e-08
1.845808007804047196e-08
1.845721386327213670e-08
1.845634646144714278e-08
1.845547829515027390e-08
1.845460793350700996e-08
1.845373645318451023e-08
1.845286339278919462e-08
1.845198948784033616e-08
1.845111435776523424e-08
1.845023688191341220e-08
1.844935876664030934e-08
1.844847887429349927e-08
1.844759842778157739e-08
1.844671569684780994e-08
