7.271409775345494677e-10
9.151472040941744120e-10
1.125973993448573650e-09
1.359083856162623996e-09
1.613731240041006560e-09
1.888991347631205490e-09
2.183791408289647166e-09
2.496924194057413082e-09
2.827087527951401976e-09
3.172891211332300939e-09
3.532887350983239992e-09
3.905580467921333476e-09
4.289449649432920335e-09
4.682963755601017445e-09
5.084595875767739752e-09
5.492838040886104599e-09
5.906212725018162051e-09
6.323293940753145635e-09
6.742716143814711547e-09
7.163186093276498087e-09
7.583487473886206539e-09
8.002497129478041029e-09
8.419184415843030010e-09
8.832624683008532206e-09
9.241984453725557103e-09
9.646540278566728923e-09
1.004569035946562378e-08
1.043890239636810175e-08
1.082578845935109983e-08
1.120604363237955351e-08
1.157946915090218322e-08
1.194595741106971432e-08
1.230549744098059855e-08
1.265816578150879249e-08
1.300413098240053859e-08
1.334362020978251911e-08
1.367694517224356383e-08
1.400446149377877204e-08
1.432660003158084396e-08
1.464382611298930596e-08
1.495663052955792197e-08
1.526559662923445838e-08
1.557124312213539687e-08
1.587419842558574599e-08
1.617504468923246120e-08
1.647438356215938774e-08
1.677285166088558162e-08
1.707100414334296124e-08
1.736945146393667384e-08
1.766877156580984024e-08
1.796949149362388651e-08
1.827213585711959405e-08
1.857720861928473181e-08
1.888513577938505802e-08
1.919633362319383908e-08
1.951119339216912804e-08
1.983000627437404049e-08
2.015304824307936184e-08
2.048056371547826131e-08
2.081269358926993627e-08
2.114954531384694036e-08
2.149120450696499411e-08
2.183765359061169079e-08
2.218884420652271717e-08
2.254465504080198760e-08
2.290493025015704593e-08
2.326945356007531423e-08
2.363792362205344422e-08
2.401004726091411608e-08
2.438542619029821682e-08
2.476365483497050142e-08
2.514424041229156035e-08
2.552671007688305750e-08
2.591050921973015542e-08
2.629506699690288993e-08
2.667976941834323363e-08
2.706397762581657772e-08
2.744707808828795065e-08
2.782841216944120042e-08
2.820728239562729804e-08
2.858301190265093592e-08
2.895494253667196396e-08
2.932245746724940959e-08
2.968480067004353678e-08
3.004139124098977366e-08
3.039158560169251611e-08
3.073482606398471768e-08
3.107049272299597458e-08
3.139811756122077240e-08
3.171715793021912571e-08
3.202712571357620591e-08
3.232769280640814641e-08
3.261847091894743307e-08
3.289912489453960617e-08
3.316936093814108131e-08
3.342897261989654813e-08
3.367781335581311244e-08
3.391585685153872365e-08
3.414296480857279277e-08
3.435917826378064527e-08
3.456453094980239715e-08
3.475906252745386860e-08
3.494311616946808657e-08
3.511679696534495146e-08
3.528036782232533710e-08
3.543409614659130936e-08
3.557832521080585784e-08
3.571365678872375593e-08
3.584021854548227500e-08
3.595868375847815347e-08
3.606944411193109553e-08
3.617298634915817548e-08
3.626997288261508500e-08
3.636089562879213578e-08
3.644641108077085451e-08
3.652697857755312057e-08
3.660330523549226035e-08
3.667591432466655346e-08
3.674554945620431096e-08
3.681269193888587926e-08
3.687807684782468366e-08
3.694211869726445810e-08
3.700560506016268274e-08
3.706892413333376723e-08
3.713279913629104013e-08
3.719762447986081995e-08
3.726403053756949140e-08
3.733236674596595925e-08
3.740326473027716374e-08
3.747693826097055866e-08
3.755401682669330899e-08
3.763468252677091194e-08
3.771932757727368946e-08
3.780835346022636556e-08
3.790187977246859256e-08
3.800018646133853541e-08
3.810343649617585368e-08
3.821181710686682124e-08
3.832539861442367282e-08
3.844431543682306460e-08
3.856857169137247007e-08
3.869813150606126261e-08
3.883306532603593034e-08
3.897316879576600177e-08
3.911834621696727543e-08
3.926863996326951822e-08
3.942367874383908155e-08
3.958344147071768515e-08
3.974750146257198762e-08
3.991578736769433539e-08
4.008795981632527475e-08
4.026360787538448951e-08
4.044263927152341347e-08
4.062452524077012006e-08
4.080908444196803287e-08
4.099587651556215977e-08
4.118439513427130901e-08
4.137452170833727216e-08
4.156560986116461420e-08
4.175744524723243411e-08
4.194968434094010539e-08
4.214168202555029123e-08
4.233335576388167824e-08
4.252408495947019621e-08
4.271352735668975561e-08
4.290151790819962251e-08
4.308746471356102547e-08
4.327116925861110503e-08
4.345230833803935789e-08
4.363037083705015418e-08
4.380529327293706244e-08
4.397668190996449575e-08
4.414423976450743529e-08
4.430790400941499416e-08
4.446725707935963148e-08
4.462217159581844575e-08
4.477257560058086311e-08
4.491817977234729920e-08
4.505881440670285005e-08
4.519449204013449121e-08
4.532505467803809644e-08
4.545046854440974432e-08
4.557070539481416018e-08
4.568575003737526525e-08
4.579552781920836495e-08
4.590014454502098118e-08
4.599965984753274513e-08
4.609402007643133849e-08
4.618339700930262687e-08
4.626795624981062319e-08
4.634763768549675561e-08
4.642267897907794716e-08
4.649329668674365489e-08
4.655949760955404858e-08
4.662150052308822566e-08
4.667963013944160080e-08
4.673403053338299608e-08
4.678474493988796415e-08
4.683220009253572531e-08
4.687659181642334256e-08
4.691786316655527438e-08
4.695667052317592396e-08
4.699305490401792258e-08
4.702710861675057917e-08
4.705928471635386478e-08
4.708991571783217574e-08
4.711901216825056529e-08
4.714683908813776538e-08
4.717385386214581387e-08
4.720007976899072078e-08
4.722561411450341418e-08
4.725092949412999525e-08
4.727622271230260014e-08
4.730143569353448114e-08
4.732697573314957877e-08
4.735316066372043125e-08
4.737995477472363381e-08
4.740746261420185152e-08
4.743603479204913324e-08
4.746581049129647555e-08
4.749670394482988212e-08
4.752896821740652186e-08
4.756279270525141789e-08
4.759819984323056443e-08
4.763510830306291332e-08
4.767382853871184143e-08
4.771441169491501655e-08
4.775677692331815408e-08
4.780095561749193653e-08
4.784700042023787203e-08
4.789493637978895277e-08
4.794476928134913961e-08
4.799644161031677884e-08
4.804997384659084052e-08
4.810539496242622377e-08
4.816246107250722081e-08
4.822126168914770586e-08
4.828178788128206613e-08
4.834393479809918366e-08
4.840761524351886093e-08
4.847264707630083044e-08
4.853908559004708120e-08
4.860699624837958566e-08
4.867603081525065795e-08
4.874603633900378458e-08
4.881707987975205820e-08
4.888925165991849794e-08
4.896206693033072297e-08
4.903553254735384148e-08
4.910963758022288379e-08
4.918441900879176867e-08
4.925948263492076915e-08
4.933481646696121598e-08
4.941040700964593620e-08
4.948626102807747894e-08
4.956200834892571991e-08
4.963759903036925335e-08
4.971303046134882252e-08
4.978828627956811525e-08
4.986312398979511352e-08
4.993742129353918610e-08
5.001124134154289909e-08
5.008450080813355563e-08
5.015710383560594355e-08
5.022890851271241434e-08
5.029987811127549376e-08
5.037004204150841337e-08
5.043930902560543719e-08
5.050755494264223601e-08
5.057461239998313554e-08
5.064063636277669363e-08
5.070563434060900788e-08
5.076933405276079236e-08
5.083180488894216405e-08
5.089303211340203635e-08
5.095310735074925361e-08
5.101183832128039273e-08
5.106927216861702198e-08
5.112545159515953880e-08
5.118019649698835828e-08
5.123370252697968700e-08
5.128595802153096206e-08
5.133672113304968422e-08
5.138620230833932821e-08
5.143449723712404674e-08
5.148133651703766335e-08
5.152695291801272668e-08
5.157136548593722291e-08
5.161435863950228144e-08
5.165619852986200250e-08
5.169693910736008276e-08
5.173638271027056110e-08
5.177471071688832570e-08
5.181194283308452720e-08
5.184807433432422115e-08
5.188324722276878312e-08
5.191744972205902794e-08
5.195060930574679031e-08
5.198286044783817574e-08
5.201429629928897399e-08
5.204494699354342533e-08
5.207484306720033265e-08
5.210390422530380613e-08
5.213228956716166378e-08
5.216014148875162313e-08
5.218739443830189289e-08
5.221413556410123866e-08
5.224025270402915317e-08
5.226597909645999578e-08
5.229137278486747970e-08
5.231647330695288028e-08
5.234126092840096584e-08
5.236565083521595897e-08
5.238989644636433494e-08
5.241399178861601225e-08
5.243801524094974265e-08
5.246188784646209725e-08
5.248557491700653173e-08
5.250932414055030240e-08
5.253308393208968761e-08
5.255696053353917055e-08
5.258086360123955563e-08
5.260475181074513953e-08
5.262885728872290458e-08
5.265308354490885327e-08
5.267758640654868050e-08
5.270225060204720734e-08
5.272703332115801476e-08
5.275210655651496205e-08
5.277736934853764508e-08
5.280298359816847105e-08
5.282881912578664390e-08
5.285493257812736020e-08
5.288130753101500399e-08
5.290795452934108902e-08
5.293494827555276858e-08
5.296218285519131696e-08
5.298979489988053113e-08
5.301765727963438016e-08
5.304583712650799206e-08
5.307429360851393540e-08
5.310303241819825093e-08
5.313209405786537253e-08
5.316140568984596159e-08
5.319101972309629649e-08
5.322083537177297218e-08
5.325093410457955512e-08
5.328123960332434233e-08
5.331183114076081886e-08
5.334262148648805107e-08
5.337356229478665428e-08
5.340468222453020191e-08
5.343596467716208908e-08
5.346740903284286835e-08
5.349903571792419120e-08
5.353072970795236178e-08
5.356250803263989508e-08
5.359433658470324153e-08
5.362623912188624777e-08
5.365823018033500554e-08
5.369025343522885240e-08
5.372223378766112678e-08
5.375416439296636306e-08
5.378606992486828857e-08
5.381793743951238213e-08
5.384979782928998326e-08
5.388149268130796255e-08
5.391308366477478787e-08
5.394446724091622417e-08
5.397575149680889428e-08
5.400680459609848258e-08
5.403776349742177689e-08
5.406839930050238456e-08
5.409887409755574892e-08
5.412901721870510139e-08
5.415898474318117934e-08
5.418861783782956706e-08
5.421804661643377041e-08
5.424708358013652431e-08
5.427587145493396226e-08
5.430425956182478535e-08
5.433239224112745548e-08
5.436012906448351628e-08
5.438757907181947874e-08
5.441458625777870309e-08
5.444127699054229799e-08
5.446752420663238606e-08
5.449345071866634967e-08
5.451893097292980096e-08
5.454407396295319327e-08
5.456877108431305103e-08
5.459313741751937966e-08
5.461706456011510056e-08
5.464064671122035190e-08
5.466379736994438973e-08
5.468658697268579734e-08
5.470898103610884345e-08
5.473103745799183036e-08
5.475269788330443995e-08
5.477402358664718624e-08
5.479496664185086684e-08
5.481555471044835783e-08
5.483580469793741961e-08
5.485573924313614669e-08
5.487535671597064699e-08
5.489467586683246334e-08
5.491367587829067014e-08
5.493233038935087473e-08
5.495070913062281367e-08
5.496886377638707096e-08
5.498677202223131417e-08
5.500445387672805912e-08
5.502186407615453955e-08
5.503905258107574302e-08
5.505600102225079166e-08
5.507281701917321027e-08
5.508943651028610309e-08
5.510591150678482043e-08
5.512221856371648581e-08
5.513838140082794124e-08
5.515436359674869929e-08
5.517024163478027920e-08
5.518603803253145261e-08
5.520174496876558896e-08
5.521738881423125424e-08
5.523291410640617941e-08
5.524838726374792838e-08
5.526377072587500607e-08
5.527914758916323479e-08
5.529447763648692893e-08
5.530980099432639106e-08
5.532509698676001004e-08
5.534037112364767302e-08
5.535562397513220000e-08
5.537085997427720586e-08
5.538614213191256623e-08
5.540142253128782039e-08
5.541673853249520493e-08
5.543206590741703324e-08
5.544741664908391543e-08
5.546278833585808972e-08
5.547819440197269140e-08
5.549362627263763839e-08
5.550909449569618883e-08
5.552459339753371334e-08
5.554012546841603895e-08
5.555568353344461417e-08
5.557127830594819241e-08
5.558689745785977220e-08
5.560253168206153255e-08
5.561820320993695450e-08
5.563387573339544738e-08
5.564958326173606072e-08
5.566530241950606989e-08
5.568104942975998641e-08
5.569679698387276783e-08
5.571253361023940498e-08
5.572827617355650472e-08
5.574398551146389586e-08
5.575970480871724244e-08
5.577540419921983100e-08
5.579111054222046669e-08
5.580679364113443298e-08
5.582240433071738184e-08
5.583798854111542735e-08
5.585349820883617549e-08
5.586897796812951364e-08
5.588440566701387479e-08
5.589977932370162471e-08
5.591510394637689991e-08
5.593030446760936547e-08
5.594544521490806971e-08
5.596049148658869143e-08
5.597545217245950310e-08
5.599034226607961472e-08
5.600510974173647756e-08
5.601980656596016378e-08
5.603436628467094696e-08
5.604882249297106168e-08
5.606317458163392677e-08
5.607736987690496205e-08
5.609146929464042038e-08
5.610543815110796377e-08
5.611929214387110197e-08
5.613302280224241825e-08
5.614659509010496913e-08
5.616004899287253574e-08
5.617335065126176435e-08
5.618652279233450292e-08
5.619956366457939349e-08
5.621244564974687742e-08
5.622519989822413396e-08
5.623779508329751242e-08
5.625025898639437176e-08
5.626258711269255514e-08
5.627474901618496201e-08
5.628678428883127710e-08
5.629867442210856132e-08
5.631040561364749037e-08
5.632200340725206856e-08
5.633345918947778587e-08
5.634477602198106153e-08
5.635596156629574461e-08
5.636700897098076106e-08
5.637792044856966140e-08
5.638869743458956553e-08
5.639932868477343617e-08
5.640983274103918121e-08
5.642022425571085278e-08
5.643049718239538243e-08
5.644065067143319358e-08
5.645069301930514327e-08
5.646061724721582228e-08
5.647042841136888912e-08
5.648011195412417559e-08
5.648969221229064932e-08
5.649918069051944303e-08
5.650856481825775568e-08
5.651785895654615926e-08
5.652706247557637632e-08
5.653616380924731685e-08
5.654517816075901661e-08
5.655408584034076031e-08
5.656290757696506339e-08
5.657165937981913486e-08
5.658033098215969682e-08
5.658892737977356596e-08
5.659745351519540493e-08
5.660590806007323882e-08
5.661428323645376112e-08
5.662257768650778713e-08
5.663080779650785615e-08
5.663897501079607394e-08
5.664708877166672092e-08
5.665514834885829577e-08
5.666314226534529463e-08
5.667108790323824494e-08
5.667897182670738073e-08
5.668679243107719875e-08
5.669456257896218510e-08
5.670227637355559421e-08
5.670994486401417603e-08
5.671756782242302337e-08
5.672513586572399324e-08
5.673266126482758760e-08
5.674014034224962679e-08
5.674756264017505975e-08
5.675493760316565424e-08
5.676226940148586669e-08
5.676954025702186142e-08
5.677676705486410537e-08
5.678395125035665642e-08
5.679107035371766123e-08
5.679815427051670018e-08
5.680518505944871708e-08
5.681215385010645783e-08
5.681908918735909478e-08
5.682595709119692553e-08
5.683277657730622216e-08
5.683955070207051791e-08
5.684626148553034189e-08
5.685292827391364334e-08
5.685954356705306636e-08
5.686609997455930578e-08
5.687260226025234341e-08
5.687905824048499652e-08
5.688544159016682560e-08
5.689177746619525691e-08
5.689806354467548530e-08
5.690427328333578545e-08
5.691044008777642888e-08
5.691655179956178497e-08
5.692259152844924271e-08
5.692857960075316921e-08
5.693451205512550298e-08
5.694035914606170393e-08
5.694614460977128832e-08
5.695187545431218538e-08
5.695751224039696621e-08
5.696309882116349902e-08
5.696861481417403932e-08
5.697404917284790257e-08
5.697942432828091287e-08
5.698472662009605447e-08
5.698994616842980704e-08
5.699510376671004858e-08
5.700019652652090496e-08
5.700519722727983087e-08
5.701014316475786242e-08
5.701501405208667230e-08
5.701980458840327618e-08
5.702452568902964495e-08
5.702917696385253894e-08
5.703374736015968812e-08
5.703825320530950585e-08
5.704269189721871045e-08
5.704704838772093073e-08
5.705134108948792441e-08
5.705555921292859800e-08
5.705970538449151972e-08
5.706377548159632346e-08
5.706778200092168620e-08
5.707170032484044410e-08
5.707555506506285866e-08
5.707933817151163804e-08
5.708303921309842645e-08
5.708666956528188716e-08
5.709023421912604586e-08
5.709371702614819233e-08
5.709711774500299728e-08
5.710045653658638713e-08
5.710371764550748928e-08
5.710690901034817889e-08
5.711003470695735261e-08
5.711310076162939656e-08
5.711608190437483056e-08
5.711900937717884443e-08
5.712186493490799976e-08
5.712464938778924689e-08
5.712736263142474936e-08
5.713001392200132893e-08
5.713259253777775905e-08
5.713511807726219596e-08
5.713757960041851055e-08
5.713997657885765723e-08
5.714231196204294149e-08
5.714458807947747949e-08
5.714680289426992848e-08
5.714894586079085682e-08
5.715103221542058590e-08
5.715306098262106626e-08
5.715501834276869410e-08
5.715692068613427555e-08
5.715877496780534333e-08
5.716055133174794864e-08
5.716227558165375053e-08
5.716394371113376350e-08
5.716554844604373706e-08
5.716708224742771865e-08
5.716856814300952418e-08
5.716999210025088143e-08
5.717135184935441204e-08
5.717266140682505376e-08
5.717392631102046871e-08
5.717511608990451844e-08
5.717626307017473056e-08
5.717735024942221406e-08
5.717838314463131634e-08
5.717935156333536983e-08
5.718027143852633108e-08
5.718113140345320096e-08
5.718193620393031058e-08
5.718268690270632093e-08
5.718339572876356335e-08
5.718403368053094461e-08
5.718463069996501218e-08
5.718516879532613150e-08
5.718565694243910169e-08
5.718608157520829810e-08
5.718646174262103357e-08
5.718678846207692699e-08
5.718704966278031892e-08
5.718726434768472333e-08
5.718743407547207211e-08
5.718753485455332198e-08
5.718758684022949525e-08
5.718759155762658569e-08
5.718754003270426096e-08
5.718742269373426095e-08
5.718725794680057772e-08
5.718704272357853838e-08
5.718675902095088392e-08
5.718643329907719152e-08
5.718605202657167837e-08
5.718562209281872926e-08
5.718512383920194406e-08
5.718458543033875716e-08
5.718399228983200500e-08
5.718334137272945288e-08
5.718263035296275619e-08
5.718187314422223329e-08
5.718105389027470182e-08
5.718018480122473603e-08
5.717925810676672443e-08
5.717828944451693537e-08
5.717724962937289558e-08
5.717616867131541562e-08
5.717503132375382718e-08
5.717384159649846053e-08
5.717258706972332104e-08
5.717128868571810527e-08
5.716993779463792916e-08
5.716852181995943509e-08
5.716706186191746803e-08
5.716554684638621579e-08
5.716398531403628735e-08
5.716235318035232900e-08
5.716068072372264719e-08
5.715895507899695094e-08
5.715717289467095582e-08
5.715532992158811916e-08
5.715343939068691916e-08
5.715149730517153458e-08
5.714948822846629369e-08
5.714743804469789169e-08
5.714533437477439986e-08
5.714318116215899077e-08
5.714096189696813295e-08
5.713870249115542005e-08
5.713638731220304049e-08
5.713401924863419672e-08
5.713159021858668555e-08
5.712911483986257332e-08
5.712658460232839022e-08
5.712399399855271907e-08
5.712136173092101409e-08
5.711867645178809688e-08
5.711593863278902622e-08
5.711313985132297517e-08
5.711030394449544387e-08
5.710740879209635646e-08
5.710446203267620313e-08
5.710145515647719965e-08
5.709840819920106983e-08
5.709530637264959842e-08
5.709214489052930559e-08
5.708894345694029536e-08
5.708569296828750056e-08
5.708239677439809364e-08
5.707903423497263259e-08
5.707563430515930605e-08
5.707218574274388756e-08
5.706868486908831361e-08
5.706512659684805055e-08
5.706152111453171997e-08
5.705787316056088178e-08
5.705416246306744087e-08
5.705041249221483957e-08
5.704660651346499476e-08
5.704276900779272211e-08
5.703886257351303949e-08
5.703491696878273724e-08
5.703092320654698064e-08
5.702688503499765250e-08
5.702278943688914133e-08
5.701864344667064658e-08
5.701445502475353168e-08
5.701021542498553780e-08
5.700592176052059432e-08
5.700158708360929925e-08
5.699720736950819765e-08
5.699277850773904563e-08
5.698829120311176811e-08
5.698377225156024490e-08
5.697919857567744626e-08
5.697457923945137066e-08
5.696990072696606783e-08
5.696518612700621184e-08
5.696042517494841665e-08
5.695560747966021394e-08
5.695074669906330916e-08
5.694584248391268400e-08
5.694090221127454328e-08
5.693589993355969744e-08
5.693085541865274971e-08
5.692577332602952615e-08
5.692064359432105057e-08
5.691546336921751501e-08
5.691023263582602886e-08
5.690496106181996825e-08
5.689964678900926431e-08
5.689427513818214733e-08
5.688887068561454585e-08
5.688341225374931237e-08
5.687792581643274458e-08
5.687237580069271942e-08
5.686678915873116638e-08
5.686115959791243436e-08
5.685548818945134484e-08
5.684976641662666234e-08
5.684399633310100845e-08
5.683818556047917190e-08
5.683233221240877357e-08
5.682642224057310418e-08
5.682047995058656887e-08
5.681448444922549571e-08
5.680845829625490376e-08
5.680236895144544088e-08
5.679624217332706710e-08
5.679007815676857269e-08
5.678386476795455062e-08
5.677760535385434371e-08
5.677129202724642250e-08
5.676494683685498785e-08
5.675855490595632009e-08
5.675211084742941779e-08
5.674562686134292430e-08
5.673910162652295938e-08
5.673254158211901734e-08
5.672592712956926121e-08
5.671926728423842486e-08
5.671257515427243989e-08
5.670583714404482424e-08
5.669905527731164988e-08
5.669222306177863650e-08
5.668535021943124368e-08
5.667843975157614973e-08
5.667148223275742086e-08
5.666447764268852535e-08
5.665743972065195886e-08
5.665035690070765367e-08
5.664324528087690127e-08
5.663607061266202857e-08
5.662886689731188401e-08
5.662161910363260509e-08
5.661433644142838273e-08
5.660700317921746392e-08
5.659962690247260740e-08
5.659221265992419923e-08
5.658476058457513289e-08
5.657725394270576423e-08
5.656971586410317722e-08
5.656212930934093744e-08
5.655451457545747179e-08
5.654684584786649743e-08
5.653913256181836217e-08
5.653138915619919516e-08
5.652360125922138289e-08
5.651577133836866305e-08
5.650788996378431572e-08
5.649996954206517642e-08
5.649201632700459897e-08
5.648401725230434763e-08
5.647596839744436143e-08
5.646789173206890563e-08
5.645977074777033751e-08
5.645162043478035034e-08
5.644341352004242316e-08
5.643517114512924910e-08
5.642689792515999387e-08
5.641858096303843284e-08
5.641022446467806499e-08
5.640182062009913574e-08
5.639337933707259155e-08
5.638490290589699256e-08
5.637638615793408272e-08
5.636782142303628345e-08
5.635923254676182858e-08
5.635059509846311276e-08
5.634193415284490628e-08
5.633322079239374653e-08
5.632447157764241324e-08
5.631569305263463817e-08
5.630687119410330191e-08
5.629801737016793753e-08
5.628911350593025313e-08
5.628017593186138902e-08
5.627120387636199571e-08
5.626219538496148314e-08
5.625313485431063173e-08
5.624404882904256898e-08
5.623491653236652038e-08
5.622576016563868873e-08
5.621655274566383182e-08
5.620730402535366077e-08
5.619802760152875573e-08
5.618871252333886501e-08
5.617935679991303114e-08
5.616995802125944756e-08
5.616051520679526234e-08
5.615104704149065436e-08
5.614153816956722696e-08
5.613198474918232889e-08
5.612239648179337774e-08
5.611277642187869803e-08
5.610312191254649718e-08
5.609343594164617123e-08
5.608369478658648199e-08
5.607392934717838058e-08
5.606413045973197613e-08
5.605429354100695555e-08
5.604441875783054076e-08
5.603450181997669155e-08
5.602455178456391622e-08
5.601456909801668784e-08
5.600454908226320727e-08
5.599448534864223268e-08
5.598439977066510362e-08
5.597427024068007971e-08
5.596411780207411094e-08
5.595392348786471090e-08
5.594368831157350030e-08
5.593343125577354661e-08
5.592313241881255518e-08
5.591280563087333518e-08
5.590243613755513299e-08
5.589203012692133400e-08
5.588159394477922225e-08
5.587112827834851175e-08
5.586062086817683947e-08
5.585007201766324781e-08
5.583949962583575728e-08
5.582888706730372612e-08
5.581825163292852302e-08
5.580756470811274034e-08
5.579684614828703108e-08
5.578610146842317915e-08
5.577532129567340170e-08
5.576450435295213487e-08
5.575364772199064889e-08
5.574275157478171008e-08
5.573183048509272927e-08
5.572087662868167727e-08
5.570988172833454008e-08
5.569884834370997482e-08
5.568779393475062606e-08
5.567670133545390266e-08
5.566558665821072551e-08
5.565442388505962695e-08
5.564322947795855106e-08
5.563201312573950551e-08
5.562075874661579625e-08
5.560947332864056509e-08
5.559814978660804256e-08
5.558679035610218605e-08
5.557540228723737793e-08
5.556398462411808411e-08
5.555253113656489260e-08
5.554103896369366321e-08
5.552952794704842685e-08
5.551797588963352622e-08
5.550640350759480390e-08
5.549479473759397648e-08
5.548314554180595927e-08
5.547147549662768249e-08
5.545977237420383845e-08
5.544803933165294846e-08
5.543627302835193171e-08
5.542446796034436336e-08
5.541263700375565281e-08
5.540077766932624817e-08
5.538888817358546412e-08
5.537695763539788394e-08
5.536500231260832251e-08
5.535301503545695226e-08
5.534100140117530072e-08
5.532896075914527102e-08
5.531687356165554411e-08
5.530476183902215747e-08
5.529262577901629467e-08
5.528045875722626887e-08
5.526825926337875610e-08
5.525602229544800599e-08
5.524375160683171292e-08
5.523145729677508938e-08
5.521913501254219521e-08
5.520677894574446757e-08
5.519438327016210228e-08
5.518197126248513230e-08
5.516952362459903855e-08
5.515705529304060022e-08
5.514455719214899018e-08
5.513201510602895235e-08
5.511945272382309527e-08
5.510686423191020417e-08
5.509424493452143378e-08
5.508159848319244027e-08
5.506891473685718212e-08
5.505620163601615016e-08
5.504346387932285300e-08
5.503069847731785701e-08
5.501789864327038114e-08
5.500506734334791542e-08
5.499221890369338028e-08
5.497933281986807004e-08
5.496642946204657808e-08
5.495349408107420964e-08
5.494052039762502689e-08
5.492752737426730993e-08
5.491450854002640582e-08
5.490145897186257843e-08
5.488838468111024223e-08
5.487527259215974152e-08
5.486213482244431687e-08
5.484897452470852395e-08
5.483578867629921672e-08
5.482257026061183071e-08
5.480931672796996562e-08
5.479604791131736289e-08
5.478274649585668063e-08
5.476942675366024624e-08
5.475607746513492016e-08
5.474268920553587921e-08
5.472928046101988622e-08
5.471584935355312042e-08
5.470239166728008657e-08
5.468890640198883087e-08
5.467538638969057239e-08
5.466183800757499383e-08
5.464826774797664264e-08
5.463467329823076253e-08
5.462105180738179603e-08
5.460739340375059924e-08
5.459371875494024476e-08
5.458001557738798700e-08
5.456628953911353141e-08
5.455254499061217775e-08
5.453875841618310571e-08
5.452495071916642599e-08
5.451112521259982462e-08
5.449726883787302803e-08
5.448338974237697138e-08
5.446948249718321131e-08
5.445554387549864547e-08
5.444158241258682153e-08
5.442759828853097411e-08
5.441358950796543157e-08
5.439954983547814986e-08
5.438548443420642221e-08
5.437140345488998210e-08
5.435728873163630273e-08
5.434315923729110536e-08
5.432900318547269409e-08
5.431481022944552813e-08
5.430060118994111607e-08
5.428637211792822824e-08
5.427211532121514112e-08
5.425783508427196855e-08
5.424352427765702259e-08
5.422918664789847438e-08
5.421483102559527943e-08
5.420045202565240680e-08
5.418604917030321884e-08
5.417161641197393610e-08
5.415716049142862846e-08
5.414268611754457162e-08
5.412818703350958631e-08
5.411367157015208615e-08
5.409912606433116042e-08
5.408455089157575608e-08
5.406995659782390271e-08
5.405534333286320601e-08
5.404070784448872155e-08
5.402604807911835545e-08
5.401135795108739558e-08
5.399664381939206426e-08
5.398190949543180823e-08
5.396715432575754135e-08
5.395237806825916950e-08
5.393757144414218436e-08
5.392274358798154563e-08
5.390789924791272605e-08
5.389302713712332850e-08
5.387814222714171175e-08
5.386323303223474751e-08
5.384828990093682334e-08
5.383333140446860118e-08
5.381835467586803610e-08
5.380335381140520505e-08
5.378833276350584206e-08
5.377328524961050738e-08
5.375821202759293745e-08
5.374311998989660962e-08
5.372800802882583383e-08
5.371287561980200175e-08
5.369771631165397828e-08
5.368253334333068854e-08
5.366733851688490410e-08
5.365211505102021219e-08
5.363687791146883761e-08
5.362162014007073487e-08
5.360632810526866810e-08
5.359102151016986649e-08
5.357570066027986397e-08
5.356035443197745747e-08
5.354498732158749985e-08
5.352959939713428728e-08
5.351418350074545770e-08
5.349874849921909755e-08
5.348329813119415941e-08
5.346782646587860652e-08
5.345233413030340118e-08
5.343681473407652208e-08
5.342127931288402335e-08
5.340572592082878391e-08
5.339015352128507564e-08
5.337456624798281887e-08
5.335895347654809783e-08
5.334331466607377878e-08
5.332766004915683277e-08
5.331198988496039694e-08
5.329630176459286129e-08
5.328059105615038096e-08
5.326485722715172217e-08
5.324910120259302103e-08
5.323332745271644486e-08
5.321753648818715937e-08
5.320172890727005415e-08
5.318589891061962243e-08
5.317004260354354513e-08
5.315417723155368222e-08
5.313828991174902910e-08
5.312238427748519514e-08
5.310646858960742821e-08
5.309052490132313610e-08
5.307456007437763470e-08
5.305858137573708641e-08
5.304258554956053215e-08
5.302657044214806597e-08
5.301053937058932806e-08
5.299448492051880602e-08
5.297840853419896104e-08
5.296231754598962906e-08
5.294620910584760635e-08
5.293008421955290378e-08
5.291393962558917021e-08
5.289776946526742648e-08
5.288159068201533676e-08
5.286539135690447202e-08
5.284917533132132318e-08
5.283294693232164432e-08
5.281669405800911505e-08
5.280041991702360481e-08
5.278413166016670930e-08
5.276783042968292493e-08
5.275151038207134751e-08
5.273517078586291778e-08
5.271881297142216754e-08
5.270243212644002571e-08
5.268603664739437315e-08
5.266962860019758222e-08
5.265320204157976866e-08
5.263675843641108024e-08
5.262029303545584108e-08
5.260381242594718558e-08
5.258731938418836209e-08
5.257080881173895018e-08
5.255428665058078817e-08
5.253774596275986770e-08
5.252118015259034714e-08
5.250460274715115779e-08
5.248801326879641051e-08
5.247140603818242301e-08
5.245478296378623380e-08
5.243814396604492641e-08
5.242148321380124899e-08
5.240480597554291241e-08
5.238811475338299501e-08
5.237140886548199050e-08
5.235468971385132132e-08
5.233795148941812787e-08
5.232119285154045702e-08
5.230442745242434178e-08
5.228764365606604083e-08
5.227084503615567305e-08
5.225403830257134376e-08
5.223721049361389015e-08
5.222036304859403566e-08
5.220350437868132187e-08
5.218663439171424295e-08
5.216974586736421100e-08
5.215284601788276580e-08
5.213592879663532201e-08
5.211899245021873313e-08
5.210204312539880351e-08
5.208507974647944418e-08
5.206810240862756624e-08
5.205111325171013427e-08
5.203410399699701145e-08
5.201707865521088178e-08
5.200004544797906329e-08
5.198299383619277586e-08
5.196593175678360316e-08
5.194885837490435801e-08
5.193176255446943651e-08
5.191465278020046638e-08
5.189752997869020777e-08
5.188039697592514270e-08
5.186324987363061152e-08
5.184608607000511659e-08
5.182890795221810138e-08
5.181171142381213265e-08
5.179450066798568126e-08
5.177728112261633849e-08
5.176004692292380024e-08
5.174280005049444436e-08
5.172553764443071051e-08
5.170825679588259733e-08
5.169096942190015889e-08
5.167366932737606398e-08
5.165635656923872861e-08
5.163903421765097319e-08
5.162169439489052436e-08
5.160433621931163786e-08
5.158696945407661240e-08
5.156959362512190604e-08
5.155220317015391654e-08
5.153479978056231798e-08
5.151738409892840640e-08
5.149995081130759416e-08
5.148250477620375364e-08
5.146504781768747395e-08
5.144757934366569167e-08
5.143009958371703230e-08
5.141260728812665685e-08
5.139509748960551040e-08
5.137758117305621685e-08
5.136005359381832894e-08
5.134251149303205554e-08
5.132496233392770376e-08
5.130740344799433964e-08
5.128982413444812508e-08
5.127223608799225740e-08
5.125463954541029055e-08
5.123703013951616700e-08
5.121940982922152348e-08
5.120178014433486438e-08
5.118413499038994497e-08
5.116647539985320427e-08
5.114880784866360311e-08
5.113112806635837840e-08
5.111343761964284263e-08
5.109573938413303742e-08
5.107802561349955855e-08
5.106029711837187565e-08
5.104256351588145154e-08
5.102481674188993642e-08
5.100706026249639776e-08
5.098929651224577144e-08
5.097151793684646750e-08
5.095372330175828853e-08
5.093592117199032276e-08
5.091810967847130434e-08
5.090028844768482996e-08
5.088245679229043050e-08
5.086461204071809925e-08
5.072692588659589824e-08
5.070911059520177657e-08
5.069128697743368828e-08
5.067345606767670789e-08
5.017259586385090747e-08
5.015497016255773100e-08
5.013733241813477784e-08
5.011968027343988281e-08
4.985865884803060002e-08
4.984110700007511506e-08
4.982354465024309641e-08
4.980597548609490852e-08
4.929793808513397380e-08
4.928056936789708875e-08
4.926319506150571764e-08
4.924581327189268544e-08
4.898132342814089043e-08
4.896403816093904570e-08
4.894674093420886812e-08
4.892943182779504496e-08
4.841416509608003472e-08
4.839706794819878859e-08
4.837996102057180109e-08
4.836284546716335471e-08
4.809486722873092633e-08
4.807785045630099034e-08
4.806082114394260378e-08
4.804378838130383416e-08
4.752125495891023755e-08
4.750443530484383189e-08
4.748761046130923371e-08
4.747077815043872663e-08
4.719929114542697565e-08
4.718255525738653862e-08
4.716581224003856911e-08
4.714906138570239876e-08
4.661921437487552472e-08
4.660268230766380202e-08
4.658614142094228723e-08
4.656958763135524098e-08
4.629457536259998046e-08
4.627812633990731354e-08
4.626166848532764514e-08
4.624520369837545890e-08
4.570799782300191160e-08
4.569174953113809020e-08
4.567549365158099335e-08
4.565923277178933627e-08
4.538067441127360151e-08
4.536451736289479324e-08
4.534835431419023272e-08
4.533217951848964516e-08
4.478755987638885148e-08
4.477160728836768434e-08
4.475564728425692217e-08
4.473968056288870364e-08
4.445755741253391179e-08
4.444169330853955955e-08
4.442582128190276506e-08
4.387351410939244257e-08
4.385786455093320900e-08
4.384221017259098719e-08
4.382654837976920794e-08
4.354071962348518212e-08
4.352516521415826228e-08
4.350959997502943766e-08
4.349402813329159395e-08
4.293422365389687616e-08
4.291888425974099043e-08
4.290353779800928048e-08
4.288818698417895650e-08
4.259875161237715980e-08
4.258350321381343959e-08
4.256825124665806386e-08
4.255299389941889601e-08
4.198564456925498580e-08
4.197061993390634708e-08
4.195558621058006262e-08
4.194054478146390020e-08
4.164748103002196457e-08
4.163254923642048596e-08
4.161761158123866138e-08
4.160266782489547823e-08
4.102772788097220502e-08
4.101302061298779573e-08
4.099830344089530823e-08
4.098358155727567523e-08
4.068687556736545408e-08
4.067226790498967211e-08
4.065765430002158593e-08
4.064303723456946664e-08
4.006046752952689805e-08
4.004608356340856735e-08
4.003169604186067905e-08
3.973167872994936763e-08
3.971740539769269987e-08
3.970312718684687774e-08
3.968884394925447001e-08
3.910064036574275008e-08
3.908659220898330412e-08
3.907253896025714513e-08
3.905848244285665734e-08
3.875613174425275694e-08
3.874218883347589787e-08
3.872824305074585220e-08
3.871429009873226293e-08
3.812109102159332515e-08
3.810737830410442208e-08
3.809365993894269639e-08
3.807993635545277087e-08
3.777526239508837031e-08
3.776165577400638895e-08
3.774804083029379060e-08
3.773442138133400535e-08
3.713624312232895866e-08
3.712286613197273391e-08
3.710948464287658669e-08
3.709609948039514490e-08
3.678910204297404998e-08
3.677582992525843805e-08
3.676255171739684648e-08
3.615915163207629241e-08
3.614611691135353442e-08
3.613307811926315391e-08
3.612003378928472487e-08
3.581060225124283088e-08
3.579767477917389131e-08
3.578474165076473875e-08
3.577180699245314719e-08
3.516344855063357915e-08
3.515075835121526047e-08
3.513806582693612204e-08
3.512536859534278810e-08
3.481363014274927587e-08
3.480104919204639789e-08
3.478846505887354734e-08
3.477587816208993937e-08
3.416256887364592259e-08
3.415022781000717933e-08
3.413788185673037218e-08
3.412553035336943320e-08
3.381149371039947781e-08
3.379926119255183513e-08
3.378702549230130753e-08
3.316852484199058449e-08
3.315653610337699106e-08
3.314454543149840313e-08
3.313254920233745841e-08
3.281609755702142800e-08
3.280422343007352979e-08
3.279234542435260852e-08
3.278046376564027921e-08
3.215703690271446419e-08
3.214540579901866068e-08
3.213376967916230405e-08
3.212212987288602679e-08
3.180339662311803151e-08
3.179187941987186510e-08
3.178035830717467091e-08
3.176883503251268649e-08
3.114049055961559374e-08
3.112921657736826556e-08
3.111793781476449678e-08
3.079680151461156551e-08
3.078564582789391142e-08
3.077448649388036502e-08
3.076332408416277484e-08
3.012981910114344754e-08
3.011890906086613391e-08
3.010799270217910144e-08
3.009707560414051448e-08
2.977367040283639896e-08
2.976287625986367980e-08
2.975207969185867459e-08
2.974128136765978755e-08
2.910287907326397953e-08
2.909233021774583928e-08
2.908177968189364459e-08
2.907122560999276714e-08
2.874555728943414174e-08
2.873512826639875728e-08
2.872469560413110513e-08
2.808115174229733353e-08
2.807097185925927001e-08
2.806078815661724314e-08
2.805060116689945734e-08
2.772254816415694163e-08
2.771248696010695840e-08
2.770242208195387643e-08
2.769235600349413836e-08
2.704393821351175442e-08
2.703412529235978695e-08
2.702431170880958213e-08
2.701449599805808649e-08
2.668419543673744218e-08
2.667450527144214697e-08
2.666481371009930226e-08
2.601127766868755565e-08
2.600184025986658358e-08
2.599240175425125531e-08
2.598296112424549851e-08
2.565029196525802897e-08
2.564097779992857856e-08
2.563166104583224996e-08
2.562234213755299819e-08
2.496395649720086260e-08
2.495489397422330188e-08
2.494582937845045849e-08
2.493676268092169693e-08
2.460185875298868760e-08
2.459291887262815964e-08
2.458397798699747176e-08
2.392049551596329467e-08
2.391181218564532173e-08
2.390312848746622713e-08
2.389444214004304159e-08
2.355718358856713912e-08
2.354862559653317793e-08
2.354006641003902359e-08
2.353150467502234287e-08
2.286319853362169871e-08
2.285489704114540174e-08
2.284659310230376123e-08
2.283828789675128442e-08
2.249881161150644429e-08
2.249063499199851863e-08
2.248245632551301018e-08
2.180907660047544840e-08
2.180115842733131336e-08
2.179323784886113695e-08
2.178531620606579590e-08
2.144349737756962316e-08
2.143570465223933028e-08
2.142791110728682078e-08
2.142011574183265577e-08
2.074193537036214244e-08
2.073440149805542694e-08
2.072686648215914657e-08
2.038271277254254264e-08
2.037530747777734209e-08
2.036790161154104811e-08
2.036049334041141095e-08
1.967726278372327510e-08
1.967011728402074937e-08
1.966297044814076942e-08
1.965582183275148204e-08
1.930947157296409055e-08
1.930245439704364556e-08
1.929543419620257379e-08
1.928841278526712876e-08
1.860040875446421590e-08
1.859365083743217476e-08
1.858689124002582195e-08
1.823821864621448930e-08
1.823159075968986019e-08
1.822496070332129737e-08
1.821833018311966977e-08
1.752529942413738099e-08
1.751893358945158264e-08
1.751256730190114106e-08
1.750620011064066676e-08
1.715534723529065028e-08
1.714911163388032138e-08
1.714287551874910579e-08
1.644483158458468388e-08
1.643886090804309680e-08
1.643288973334436043e-08
1.642691756610821893e-08
1.607375881656560011e-08
1.606791877079544477e-08
1.606207815291353138e-08
1.605623608136803708e-08
1.535345818472084156e-08
1.534788330387002443e-08
1.534230707598067642e-08
1.498684866311776701e-08
1.498140499388797272e-08
1.497596064860141900e-08
1.497051540172807946e-08
1.426274913075544817e-08
1.425757203272637051e-08
1.425239401985448937e-08
1.424721588141608171e-08
1.388959986371555251e-08
1.388455471181885445e-08
1.387950918012659694e-08
1.316676785792851061e-08
1.316199102749944355e-08
1.315721344309763373e-08
1.315243570386006893e-08
1.279253566133099219e-08
1.278789119503147528e-08
1.278324647409370431e-08
1.277860147357544419e-08
1.206116672714992701e-08
1.205679068643410675e-08
1.205241449213367030e-08
1.169023711104521725e-08
1.168599421124565379e-08
1.168175117879034471e-08
1.167750780909993867e-08
1.095512316681013634e-08
1.095115008786866323e-08
1.094717687897162176e-08
1.094320269284599038e-08
1.057889038930308538e-08
1.057505145241390601e-08
1.057121211524473250e-08
9.843891451921933947e-09
9.840323434080567129e-09
9.836755307514387037e-09
9.833186136352767332e-09
9.466611860738997224e-09
9.463178372535741572e-09
9.459744415592152306e-09
9.456309925263353181e-09
8.724338701627599951e-09
8.721176697883791630e-09
8.718013629528028533e-09
8.349184413070833484e-09
8.346157488521207694e-09
8.343129934949860587e-09
8.340101629212035398e-09
7.603220653205098571e-09
7.600465541838596580e-09
7.597709978840137408e-09
7.226633385877117483e-09
7.224014548503767128e-09
7.221395409064679509e-09
7.218776232651641731e-09
6.477000565905553290e-09
6.474655282407522117e-09
6.472309888809431172e-09
6.469964495214695271e-09
6.096786289490961955e-09
6.094577764766461405e-09
6.092369177292239765e-09
5.345712603685153054e-09
5.343778598459675854e-09
5.341844471276848907e-09
5.339910344095698656e-09
4.964500949668254110e-09
4.962704064666609868e-09
4.960907101290287492e-09
4.959110137911448832e-09
4.207861460774728133e-09
4.206339543336814943e-09
4.204817625898901753e-09
3.827184295739937270e-09
3.825800119774093128e-09
3.824415912713468488e-09
3.823031705652005086e-09
3.066930262002005587e-09
3.065822021034893491e-09
3.064713780068620570e-09
2.684864391347793288e-09
2.683894298119670453e-09
2.682924204891547618e-09
2.681954111663424783e-09
1.921014114727101531e-09
1.920320645472543594e-09
1.919627176217986071e-09
1.918933706963847514e-09
1.537014336826452043e-09
1.536459342600615979e-09
1.535904348375199296e-09
8.178146671922467817e-10
8.175196731801294319e-10
8.172246791678022884e-10
8.169296851561042157e-10
2.411738824584750499e-10
2.410869776195795765e-10
2.410000727806840514e-10
-0.000000000000000000e+00
-0.000000000000000000e+00
-0.000000000000000000e+00
-0.000000000000000000e+00
-0.000000000000000000e+00
-0.000000000000000000e+00
-0.000000000000000000e+00
-0.000000000000000000e+00
-0.000000000000000000e+00
-0.000000000000000000e+00
-0.000000000000000000e+00
-0.000000000000000000e+00
-0.000000000000000000e+00
-0.000000000000000000e+00
-0.000000000000000000e+00
-0.000000000000000000e+00
-0.000000000000000000e+00
-0.000000000000000000e+00
-0.000000000000000000e+00
-0.000000000000000000e+00
-0.000000000000000000e+00
-0.000000000000000000e+00
-0.000000000000000000e+00
-0.000000000000000000e+00
-0.000000000000000000e+00
-0.000000000000000000e+00
-0.000000000000000000e+00
-0.000000000000000000e+00
-0.000000000000000000e+00
-0.000000000000000000e+00
-0.000000000000000000e+00
-0.000000000000000000e+00
-0.000000000000000000e+00
-0.000000000000000000e+00
-0.000000000000000000e+00
-0.000000000000000000e+00
-0.000000000000000000e+00
-0.000000000000000000e+00
-0.000000000000000000e+00
-0.000000000000000000e+00
-0.000000000000000000e+00
-0.000000000000000000e+00
-0.000000000000000000e+00
-0.000000000000000000e+00
-0.000000000000000000e+00
-0.000000000000000000e+00
-0.000000000000000000e+00
-0.000000000000000000e+00
-0.000000000000000000e+00
-0.000000000000000000e+00
-0.000000000000000000e+00
-0.000000000000000000e+00
-0.000000000000000000e+00
-0.000000000000000000e+00
-0.000000000000000000e+00
-0.000000000000000000e+00
-0.000000000000000000e+00
-0.000000000000000000e+00
-0.000000000000000000e+00
-0.000000000000000000e+00
-0.000000000000000000e+00
-0.000000000000000000e+00
-0.000000000000000000e+00
-0.000000000000000000e+00
-0.000000000000000000e+00
-0.000000000000000000e+00
-0.000000000000000000e+00
-0.000000000000000000e+00
-0.000000000000000000e+00
-0.000000000000000000e+00
-0.000000000000000000e+00
-0.000000000000000000e+00
-0.000000000000000000e+00
-0.000000000000000000e+00
-0.000000000000000000e+00
-0.000000000000000000e+00
-0.000000000000000000e+00
-0.000000000000000000e+00
-0.000000000000000000e+00
-0.000000000000000000e+00
-0.000000000000000000e+00
-0.000000000000000000e+00
-0.000000000000000000e+00
-0.000000000000000000e+00
-0.000000000000000000e+00
-0.000000000000000000e+00
-0.000000000000000000e+00
-0.000000000000000000e+00
-0.000000000000000000e+00
-0.000000000000000000e+00
-0.000000000000000000e+00
-0.000000000000000000e+00
-0.000000000000000000e+00
-0.000000000000000000e+00
-0.000000000000000000e+00
-0.000000000000000000e+00
-0.000000000000000000e+00
-0.000000000000000000e+00
-0.000000000000000000e+00
-0.000000000000000000e+00
-0.000000000000000000e+00
-0.000000000000000000e+00
-0.000000000000000000e+00
-0.000000000000000000e+00
-0.000000000000000000e+00
-0.000000000000000000e+00
-0.000000000000000000e+00
-0.000000000000000000e+00
-0.000000000000000000e+00
-0.000000000000000000e+00
-0.000000000000000000e+00
-0.000000000000000000e+00
-0.000000000000000000e+00
-0.000000000000000000e+00
-0.000000000000000000e+00
-0.000000000000000000e+00
-0.000000000000000000e+00
-0.000000000000000000e+00
-0.000000000000000000e+00
-0.000000000000000000e+00
-0.000000000000000000e+00
-0.000000000000000000e+00
-0.000000000000000000e+00
-0.000000000000000000e+00
-0.000000000000000000e+00
-0.000000000000000000e+00
-0.000000000000000000e+00
-0.000000000000000000e+00
-0.000000000000000000e+00
-0.000000000000000000e+00
-0.000000000000000000e+00
-0.000000000000000000e+00
-0.000000000000000000e+00
-0.000000000000000000e+00
-0.000000000000000000e+00
-0.000000000000000000e+00
-0.000000000000000000e+00
-0.000000000000000000e+00
-0.000000000000000000e+00
-0.000000000000000000e+00
-0.000000000000000000e+00
-0.000000000000000000e+00
-0.000000000000000000e+00
-0.000000000000000000e+00
-0.000000000000000000e+00
-0.000000000000000000e+00
-0.000000000000000000e+00
-0.000000000000000000e+00
-0.000000000000000000e+00
-0.000000000000000000e+00
-0.000000000000000000e+00
-0.000000000000000000e+00
-0.000000000000000000e+00
-0.000000000000000000e+00
-0.000000000000000000e+00
-0.000000000000000000e+00
-0.000000000000000000e+00
-0.000000000000000000e+00
-0.000000000000000000e+00
-0.000000000000000000e+00
-0.000000000000000000e+00
-0.000000000000000000e+00
-0.000000000000000000e+00
-0.000000000000000000e+00
-0.000000000000000000e+00
-0.000000000000000000e+00
-0.000000000000000000e+00
-0.000000000000000000e+00
-0.000000000000000000e+00
-0.000000000000000000e+00
-0.000000000000000000e+00
-0.000000000000000000e+00
-0.000000000000000000e+00
-0.000000000000000000e+00
-0.000000000000000000e+00
-0.000000000000000000e+00
-0.000000000000000000e+00
-0.000000000000000000e+00
-0.000000000000000000e+00
-0.000000000000000000e+00
-0.000000000000000000e+00
-0.000000000000000000e+00
-0.000000000000000000e+00
-0.000000000000000000e+00
-0.000000000000000000e+00
-0.000000000000000000e+00
-0.000000000000000000e+00
-0.000000000000000000e+00
-0.000000000000000000e+00
-0.000000000000000000e+00
-0.000000000000000000e+00
-0.000000000000000000e+00
-0.000000000000000000e+00
-0.000000000000000000e+00
-0.000000000000000000e+00
-0.000000000000000000e+00
-0.000000000000000000e+00
-0.000000000000000000e+00
-0.000000000000000000e+00
-0.000000000000000000e+00
-0.000000000000000000e+00
-0.000000000000000000e+00
-0.000000000000000000e+00
-0.000000000000000000e+00
-0.000000000000000000e+00
-0.000000000000000000e+00
-0.000000000000000000e+00
-0.000000000000000000e+00
-0.000000000000000000e+00
-0.000000000000000000e+00
-0.000000000000000000e+00
-0.000000000000000000e+00
-0.000000000000000000e+00
-0.000000000000000000e+00
-0.000000000000000000e+00
-0.000000000000000000e+00
-0.000000000000000000e+00
-0.000000000000000000e+00
-0.000000000000000000e+00
-0.000000000000000000e+00
-0.000000000000000000e+00
-0.000000000000000000e+00
-0.000000000000000000e+00
-0.000000000000000000e+00
-0.000000000000000000e+00
-0.000000000000000000e+00
-0.000000000000000000e+00
-0.000000000000000000e+00
-0.000000000000000000e+00
-0.000000000000000000e+00
-0.000000000000000000e+00
-0.000000000000000000e+00
-0.000000000000000000e+00
-0.000000000000000000e+00
-0.000000000000000000e+00
-0.000000000000000000e+00
-0.000000000000000000e+00
-0.000000000000000000e+00
-0.000000000000000000e+00
-0.000000000000000000e+00
-0.000000000000000000e+00
-0.000000000000000000e+00
-0.000000000000000000e+00
-0.000000000000000000e+00
-0.000000000000000000e+00
-0.000000000000000000e+00
-0.000000000000000000e+00
-0.000000000000000000e+00
-0.000000000000000000e+00
-0.000000000000000000e+00
-0.000000000000000000e+00
-0.000000000000000000e+00
-0.000000000000000000e+00
-0.000000000000000000e+00
-0.000000000000000000e+00
-0.000000000000000000e+00
-0.000000000000000000e+00
-0.000000000000000000e+00
-0.000000000000000000e+00
-0.000000000000000000e+00
-0.000000000000000000e+00
-0.000000000000000000e+00
-0.000000000000000000e+00
-0.000000000000000000e+00
-0.000000000000000000e+00
-0.000000000000000000e+00
-0.000000000000000000e+00
-0.000000000000000000e+00
-0.000000000000000000e+00
-0.000000000000000000e+00
-0.000000000000000000e+00
-0.000000000000000000e+00
-0.000000000000000000e+00
-0.000000000000000000e+00
-0.000000000000000000e+00
-0.000000000000000000e+00
-0.000000000000000000e+00
-0.000000000000000000e+00
-0.000000000000000000e+00
-0.000000000000000000e+00
-0.000000000000000000e+00
-0.000000000000000000e+00
-0.000000000000000000e+00
-0.000000000000000000e+00
-0.000000000000000000e+00
-0.000000000000000000e+00
-0.000000000000000000e+00
-0.000000000000000000e+00
-0.000000000000000000e+00
-0.000000000000000000e+00
-0.000000000000000000e+00
-0.000000000000000000e+00
-0.000000000000000000e+00
-0.000000000000000000e+00
-0.000000000000000000e+00
-0.000000000000000000e+00
-0.000000000000000000e+00
-0.000000000000000000e+00
-0.000000000000000000e+00
-0.000000000000000000e+00
-0.000000000000000000e+00
-0.000000000000000000e+00
-0.000000000000000000e+00
-0.000000000000000000e+00
-0.000000000000000000e+00
-0.000000000000000000e+00
-0.000000000000000000e+00
-0.000000000000000000e+00
-0.000000000000000000e+00
-0.000000000000000000e+00
-0.000000000000000000e+00
-0.000000000000000000e+00
-0.000000000000000000e+00
-0.000000000000000000e+00
-0.000000000000000000e+00
-0.000000000000000000e+00
-0.000000000000000000e+00
-0.000000000000000000e+00
-0.000000000000000000e+00
-0.000000000000000000e+00
-0.000000000000000000e+00
-0.000000000000000000e+00
-0.000000000000000000e+00
-0.000000000000000000e+00
-0.000000000000000000e+00
-0.000000000000000000e+00
-0.000000000000000000e+00
-0.000000000000000000e+00
-0.000000000000000000e+00
-0.000000000000000000e+00
-0.000000000000000000e+00
-0.000000000000000000e+00
-0.000000000000000000e+00
-0.000000000000000000e+00
-0.000000000000000000e+00
-0.000000000000000000e+00
-0.000000000000000000e+00
-0.000000000000000000e+00
-0.000000000000000000e+00
-0.000000000000000000e+00
-0.000000000000000000e+00
-0.000000000000000000e+00
-0.000000000000000000e+00
-0.000000000000000000e+00
-0.000000000000000000e+00
-0.000000000000000000e+00
-0.000000000000000000e+00
-0.000000000000000000e+00
-0.000000000000000000e+00
-0.000000000000000000e+00
-0.000000000000000000e+00
-0.000000000000000000e+00
-0.000000000000000000e+00
-0.000000000000000000e+00
-0.000000000000000000e+00
-0.000000000000000000e+00
-0.000000000000000000e+00
-0.000000000000000000e+00
-0.000000000000000000e+00
-0.000000000000000000e+00
-0.000000000000000000e+00
-0.000000000000000000e+00
-0.000000000000000000e+00
-0.000000000000000000e+00
-0.000000000000000000e+00
-0.000000000000000000e+00
-0.000000000000000000e+00
-0.000000000000000000e+00
-0.000000000000000000e+00
-0.000000000000000000e+00
-0.000000000000000000e+00
-0.000000000000000000e+00
-0.000000000000000000e+00
-0.000000000000000000e+00
-0.000000000000000000e+00
-0.000000000000000000e+00
-0.000000000000000000e+00
-0.000000000000000000e+00
-0.000000000000000000e+00
-0.000000000000000000e+00
-0.000000000000000000e+00
