3.160598728877510070e-09
3.914790549427347052e-09
4.740140926749151591e-09
5.630196773985640060e-09
6.577871536039431090e-09
7.575689024084504648e-09
8.615941426131466410e-09
9.690852456931449945e-09
1.079274093195067790e-08
1.191417088532531456e-08
1.304804614169949841e-08
1.418775298043064716e-08
1.532721744760487491e-08
1.646100429914339559e-08
1.758434136433789804e-08
1.869318920870091579e-08
1.978422633458817153e-08
2.085486239904511224e-08
2.190321538386200089e-08
2.292809879542297836e-08
2.392894234003164914e-08
2.490581085408892407e-08
2.585932742260622604e-08
2.679057849753834139e-08
2.770108895768533715e-08
2.859279311225530470e-08
2.946787020887753846e-08
3.032875219667121037e-08
3.117806286713259861e-08
3.201847432776322527e-08
3.285272005824427494e-08
3.368358006184325606e-08
3.451364622913039307e-08
3.534554760518212015e-08
3.618155473649703636e-08
3.702392621322908051e-08
3.787451602692867748e-08
3.873501367358940203e-08
3.960675953373229270e-08
4.049081116589627089e-08
4.138789006039698064e-08
4.229826947493133616e-08
4.322209167373180692e-08
4.415892578226146719e-08
4.510820972290616475e-08
4.606890026334581398e-08
4.703977429109300738e-08
4.801923590979172285e-08
4.900550183918838187e-08
4.999653081986156301e-08
5.099009108253302546e-08
5.198388380834908812e-08
5.297537058949628049e-08
5.396194581354363628e-08
5.494104845017807063e-08
5.591002919226255097e-08
5.686628291404008757e-08
5.780732151209156505e-08
5.873071912231656505e-08
5.963418554102395075e-08
6.051559538036375543e-08
6.137311186648796596e-08
6.220480940237986706e-08
6.300918735050062752e-08
6.378501473201776745e-08
6.453135061930002276e-08
6.524729774321167611e-08
6.593215342669582190e-08
6.658584170768049339e-08
6.720847868411618084e-08
6.779980032254417811e-08
6.836057019687467785e-08
6.889158221839048975e-08
6.939334249158577626e-08
6.986734178702507584e-08
7.031430681328621672e-08
7.073623818785786086e-08
7.113415913817042440e-08
7.151017765166147926e-08
7.186560784515885400e-08
7.220283870774047951e-08
7.252324047763864042e-08
7.282907247316951156e-08
7.312221169586082880e-08
7.340474931975564293e-08
7.367842810697889524e-08
7.394505348342740358e-08
7.420673670963501083e-08
7.446489326309568057e-08
7.472144760108842570e-08
7.497794157391000154e-08
7.523549841189133516e-08
7.549586853006461651e-08
7.575995318288625822e-08
7.602876296160291053e-08
7.630349673680323373e-08
7.658467361101495779e-08
7.687286866396588737e-08
7.716874824582025736e-08
7.747241188249475167e-08
7.778475928835275673e-08
7.810507925162837440e-08
7.843354544436729140e-08
7.877029012676338050e-08
7.911491710633662940e-08
7.946712227896695142e-08
7.982668833406709170e-08
8.019314711432723911e-08
8.056559277204208690e-08
8.094366085634433830e-08
8.132691101358297304e-08
8.171454606868655850e-08
8.210576924285894734e-08
8.250018337645600435e-08
8.289664016026307605e-08
8.329491566737456099e-08
8.369387716788137300e-08
8.409316743917898067e-08
8.449171754881159120e-08
8.488917389350173611e-08
8.528448001269144408e-08
8.567745016419507169e-08
8.606688746090421615e-08
8.645274908832081630e-08
8.683384173161541810e-08
8.721015428468843616e-08
8.758069068664229129e-08
8.794537839595691244e-08
8.830338801705181672e-08
8.865448411714025242e-08
8.899812725188156354e-08
8.933409701150463201e-08
8.966188210315231542e-08
8.998149000518196978e-08
9.029220811950169677e-08
9.059417501732090724e-08
9.088715501435573105e-08
9.117084021770920398e-08
9.144534092343059271e-08
9.171004531313268489e-08
9.196524153626504646e-08
9.221119480644212913e-08
9.244761722048395537e-08
9.267465256161452432e-08
9.289258133995508404e-08
9.310150779452278792e-08
9.330133162508310987e-08
9.349220289208761493e-08
9.367496951411795333e-08
9.384928255012393024e-08
9.401587748124678841e-08
9.417509505043224414e-08
9.432667792475479903e-08
9.447175841623671129e-08
9.461002690681920595e-08
9.474255729680697323e-08
9.486968336965647088e-08
9.499146673004671530e-08
9.510895156311801427e-08
9.522197105469501311e-08
9.533132563496761748e-08
9.543782311851437887e-08
9.554147154202261288e-08
9.564320358350842428e-08
9.574307705364639546e-08
9.584157577766559337e-08
9.593992110948621031e-08
9.603763331738507993e-08
9.613552346073155259e-08
9.623419642985283224e-08
9.633388522059562335e-08
9.643497767675589800e-08
9.653749175019089663e-08
9.664243760119154369e-08
9.674967846652255921e-08
9.685932252289993199e-08
9.697165019348877243e-08
9.708726707911949820e-08
9.720593839675403467e-08
9.732763641336949489e-08
9.745294124775224372e-08
9.758158434682693740e-08
9.771344057315485348e-08
9.784877552617061598e-08
9.798756959094852533e-08
9.812942868120922334e-08
9.827435724261831562e-08
9.842252593977509228e-08
9.857333872472295190e-08
9.872664944002867138e-08
9.888263233780691824e-08
9.904078822957470649e-08
9.920062460079814208e-08
9.936242673220219616e-08
9.952583964470230519e-08
9.968975106355131834e-08
9.985479135455416061e-08
1.000205152955985178e-07
1.001859297937077251e-07
1.003515252503936545e-07
1.005167354908386962e-07
1.006808965376215459e-07
1.008446137597745245e-07
1.010064443530011865e-07
1.011668301894978410e-07
1.013254175788396113e-07
1.014816155519090013e-07
1.016356098584142200e-07
1.017865888403016669e-07
1.019349131445528507e-07
1.020804387887861167e-07
1.022223185820720442e-07
1.023612114683197357e-07
1.024962646077643226e-07
1.026277974160141728e-07
1.027556926759088313e-07
1.028795615153510722e-07
1.029998242711808333e-07
1.031159984338591043e-07
1.032283009408393772e-07
1.033366690979406176e-07
1.034411663560664588e-07
1.035419472722710461e-07
1.036387584074352766e-07
1.037320571776792959e-07
1.038219324037811814e-07
1.039082069246749114e-07
1.039912576370515345e-07
1.040711474509205933e-07
1.041482279604195604e-07
1.042223366656801158e-07
1.042937473832709897e-07
1.043630965032294311e-07
1.044299593306116893e-07
1.044948207630317825e-07
1.045577455463644185e-07
1.046195203978000891e-07
1.046794737516536781e-07
1.047384243405701344e-07
1.047961758685697595e-07
1.048533747097743942e-07
1.049095952623525381e-07
1.049654114033084207e-07
1.050208955990954989e-07
1.050763185519259102e-07
1.051315548820758002e-07
1.051868774401291766e-07
1.052425678471933565e-07
1.052985972396878936e-07
1.053549954236858416e-07
1.054118827611771583e-07
1.054694791336296450e-07
1.055277177961650548e-07
1.055866435066623723e-07
1.056463047808264263e-07
1.057068103153888737e-07
1.057681164098104566e-07
1.058302938476177634e-07
1.058932552118264288e-07
1.059570321340789205e-07
1.060216119570899363e-07
1.060870120757255457e-07
1.061530908522010194e-07
1.062199096502171343e-07
1.062873210339767188e-07
1.063554971687422027e-07
1.064240420966048826e-07
1.064932336021139770e-07
1.065626014623683343e-07
1.066325723056837701e-07
1.067025732351616501e-07
1.067730044060348524e-07
1.068432233507381066e-07
1.069137150223486852e-07
1.069840767442556483e-07
1.070544796294817106e-07
1.071244502295239106e-07
1.071942327677101197e-07
1.072637945012205571e-07
1.073328580954595015e-07
1.074015143960914610e-07
1.074693636844174718e-07
1.075367897159870582e-07
1.076033366367990673e-07
1.076692695039915181e-07
1.077341900676532012e-07
1.077983142181298678e-07
1.078615347531373138e-07
1.079238024869811622e-07
1.079850622520015104e-07
1.080452107437049529e-07
1.081043574652076713e-07
1.081623734705950702e-07
1.082193256846184548e-07
1.082750703382383720e-07
1.083296776452081545e-07
1.083830692977432618e-07
1.084353326108585402e-07
1.084863943542697395e-07
1.085363913811008112e-07
1.085851716158313611e-07
1.086327702605978027e-07
1.086793028773334733e-07
1.087246727184794091e-07
1.087691257241420749e-07
1.088124051179727854e-07
1.088547013221709187e-07
1.088959992643777044e-07
1.089363660649638878e-07
1.089758994638979622e-07
1.090143901740198332e-07
1.090521002052724474e-07
1.090889694791403315e-07
1.091251367400758171e-07
1.091606311043677523e-07
1.091953141245152795e-07
1.092293754326534597e-07
1.092628357230099339e-07
1.092957827520104401e-07
1.093282490923875127e-07
1.093601550660001333e-07
1.093915883101556245e-07
1.094226285945730439e-07
1.094533172872436352e-07
1.094837024387460008e-07
1.095137271831613055e-07
1.095433857460968060e-07
1.095728297289896810e-07
1.096020418000871859e-07
1.096310867356731998e-07
1.096599333838622944e-07
1.096884997575213835e-07
1.097169626671505688e-07
1.097453414151370154e-07
1.097735494952728889e-07
1.098016717733610031e-07
1.098296641225920018e-07
1.098575505783119025e-07
1.098853859521320951e-07
1.099130143095656713e-07
1.099405873500667286e-07
1.099680910401603417e-07
1.099953978496470737e-07
1.100226560620510279e-07
1.100497143101875459e-07
1.100766691127181590e-07
1.101035610502791877e-07
1.101301733015074521e-07
1.101566945549298106e-07
1.101830721449478757e-07
1.102091484761100714e-07
1.102350925888670825e-07
1.102608613120348634e-07
1.102863537427101947e-07
1.103116306407139291e-07
1.103365573038758211e-07
1.103612314972184339e-07
1.103856383338979430e-07
1.104096713225796386e-07
1.104334329147386456e-07
1.104568466249403707e-07
1.104798392281600031e-07
1.105025168395703602e-07
1.105248357718604829e-07
1.105467261366932399e-07
1.105682631241497008e-07
1.105893477056335683e-07
1.106100293839997084e-07
1.106302880623659683e-07
1.106501126422828865e-07
1.106694942435118495e-07
1.106884452110864912e-07
1.107069054955935903e-07
1.107249522814002055e-07
1.107425164014463476e-07
1.107595930792632122e-07
1.107762322921714089e-07
1.107924174181245474e-07
1.108081037329678362e-07
1.108233821140180944e-07
1.108381605724942837e-07
1.108524692398856859e-07
1.108663345282656787e-07
1.108797637442787168e-07
1.108927258143572823e-07
1.109052855532270238e-07
1.109173825386915892e-07
1.109290203374836349e-07
1.109402431303775686e-07
1.109510796198873320e-07
1.109614761005744452e-07
1.109715182027737529e-07
1.109811549696966016e-07
1.109903400069477670e-07
1.109991671996729664e-07
1.110076517543946628e-07
1.110157478103760100e-07
1.110235416655507828e-07
1.110309517387194340e-07
1.110379950257952103e-07
1.110446884839308265e-07
1.110510928433667330e-07
1.110571688484323784e-07
1.110629570962437310e-07
1.110684141710365773e-07
1.110735851192900150e-07
1.110783920981225628e-07
1.110829557322414524e-07
1.110872610181706711e-07
1.110912449400742593e-07
1.110949757364491748e-07
1.110984701173179584e-07
1.111016106882290523e-07
1.111045194852378754e-07
1.111072046982569329e-07
1.111095827620964664e-07
1.111117553167788681e-07
1.111136530144786354e-07
1.111153087977469505e-07
1.111166679996549946e-07
1.111178221972489121e-07
1.111187303676208395e-07
1.111193385451969247e-07
1.111197240011091464e-07
1.111198814498062821e-07
1.111197239488334493e-07
1.111193370357998960e-07
1.111187201311785043e-07
1.111178096784304814e-07
1.111166777584440820e-07
1.111152714893143137e-07
1.111136416488812157e-07
1.111116838435318267e-07
1.111095117650682887e-07
1.111071061874131774e-07
1.111043810990015740e-07
1.111014465645946417e-07
1.110982357034929428e-07
1.110947738660950270e-07
1.110910081677227421e-07
1.110870194828336584e-07
1.110827481850971223e-07
1.110781570731500143e-07
1.110733369064975778e-07
1.110682296159236828e-07
1.110628106718219510e-07
1.110571088636306450e-07
1.110511534670476197e-07
1.110449173229989045e-07
1.110383722699602571e-07
1.110315798861222267e-07
1.110245097340551589e-07
1.110171264077155914e-07
1.110094467218368205e-07
1.110015320885702913e-07
1.109933454243326039e-07
1.109848373568625132e-07
1.109761025554412067e-07
1.109670831450057808e-07
1.109577843945322013e-07
1.109481776613685816e-07
1.109383450873075683e-07
1.109282274522707428e-07
1.109177864880245497e-07
1.109071361710505270e-07
1.108961667638843641e-07
1.108849283213039294e-07
1.108733697313509889e-07
1.108615864801782901e-07
1.108495380378632677e-07
1.108371998049924082e-07
1.108246307768904890e-07
1.108117791255178343e-07
1.107986974772660059e-07
1.107852890553144396e-07
1.107716467195357817e-07
1.107577860148419987e-07
1.107436654159685412e-07
1.107292674564252397e-07
1.107146585689343349e-07
1.106998058899000400e-07
1.106846879810266684e-07
1.106692972171705278e-07
1.106537098827916303e-07
1.106378797043345100e-07
1.106217560561961737e-07
1.106054556045703348e-07
1.105888695647491588e-07
1.105720754533691306e-07
1.105549754363655680e-07
1.105376773785214877e-07
1.105201534867288605e-07
1.105024042057773526e-07
1.104843812430264093e-07
1.104661810989047942e-07
1.104477368667345690e-07
1.104290644847386217e-07
1.104101095268388155e-07
1.103909724742583430e-07
1.103716401823366615e-07
1.103520484959144673e-07
1.103322436169231523e-07
1.103122289395855857e-07
1.102920099270628159e-07
1.102715450716536407e-07
1.102508371488151292e-07
1.102299515190758018e-07
1.102088460675394707e-07
1.101874798753077638e-07
1.101659388429235226e-07
1.101441519232504164e-07
1.101221807852601607e-07
1.100999346145899131e-07
1.100774780178824939e-07
1.100548345052087864e-07
1.100319791137116507e-07
1.100088688610370358e-07
1.099855778829862968e-07
1.099620666833250798e-07
1.099383659656428141e-07
1.099144107681725312e-07
1.098902282557257913e-07
1.098658758402474680e-07
1.098413244989393260e-07
1.098165225094606019e-07
1.097915360663922083e-07
1.097663383653699119e-07
1.097409549006460912e-07
1.097153331225851661e-07
1.096894813470713347e-07
1.096634595089575388e-07
1.096372383371997076e-07
1.096107815680823141e-07
1.095841316243544134e-07
1.095572872790033504e-07
1.095302381468242065e-07
1.095029773432031328e-07
1.094754636922621256e-07
1.094477911713306095e-07
1.094199215619325770e-07
1.093918613225711267e-07
1.093635457942002495e-07
1.093350974185539198e-07
1.093064153414983357e-07
1.092775618563810575e-07
1.092484580993826077e-07
1.092191668094052292e-07
1.091897119649929236e-07
1.091600676521258594e-07
1.091301901775323745e-07
1.091001455904095730e-07
1.090699081209101486e-07
1.090394936557462952e-07
1.090088673176559643e-07
1.089780150344993340e-07
1.089470059249495040e-07
1.089158197753646418e-07
1.088844466492501856e-07
1.088528465777548066e-07
1.088211144900082113e-07
1.087891578790624354e-07
1.087570542040188402e-07
1.087247122828952963e-07
1.086921883259968807e-07
1.086595140223099136e-07
1.086266601573692666e-07
1.085936120924493927e-07
1.085603630906153537e-07
1.085269833708480518e-07
1.084933980351409405e-07
1.084596535126653728e-07
1.084256790278317369e-07
1.083915436802834922e-07
1.083572610041032684e-07
1.083228039352377405e-07
1.082881459846981481e-07
1.082533229744385345e-07
1.082183464904429897e-07
1.081831866969943184e-07
1.081478632138632752e-07
1.081123215438895652e-07
1.080766312858539200e-07
1.080407871373111638e-07
1.080047831874736040e-07
1.079685799845731120e-07
1.079322249481823480e-07
1.078957188327288884e-07
1.078590354202288421e-07
1.078221979332686015e-07
1.077851455112372358e-07
1.077479487034406957e-07
1.077106116494448926e-07
1.076731168359027867e-07
1.076354429339789330e-07
1.075975953653325976e-07
1.075596308227353037e-07
1.075214818161569534e-07
1.074831936191890608e-07
1.074447072270398522e-07
1.074060601964834220e-07
1.073672930866720527e-07
1.073283655143101673e-07
1.072892838534629030e-07
1.072500024441448409e-07
1.072106212844433330e-07
1.071710519802647451e-07
1.071313653992867740e-07
1.070914803117045876e-07
1.070514297739921494e-07
1.070112530855530763e-07
1.069709290371165927e-07
1.069304689406656722e-07
1.068898168288178417e-07
1.068490455601261431e-07
1.068081276886377961e-07
1.067670635587348770e-07
1.067258557858279635e-07
1.066844548591889256e-07
1.066429242527355067e-07
1.066012717517535262e-07
1.065594841102823433e-07
1.065175469586250470e-07
1.064754306667246635e-07
1.064332186159135300e-07
1.063908527444024735e-07
1.063483653920740094e-07
1.063057214807871699e-07
1.062628979379294427e-07
1.062199794037212053e-07
1.061769200811127082e-07
1.061337309672533287e-07
1.060903744616996460e-07
1.060468874203807546e-07
1.060032938074010867e-07
1.059595314520696994e-07
1.059156630899419441e-07
1.058716151070490592e-07
1.058274326570353482e-07
1.057831385941666524e-07
1.057387122808260897e-07
1.056941688626859513e-07
1.056494577764278264e-07
1.056046341690882051e-07
1.055596991771216371e-07
1.055146158909845822e-07
1.054694260211696957e-07
1.054240668663877223e-07
1.053785777899843726e-07
1.053329850303119404e-07
1.052872787402545423e-07
1.052414593714869388e-07
1.051954768593499076e-07
1.051493836680528577e-07
1.051031955403904147e-07
1.050568711332023044e-07
1.050104391769253597e-07
1.049638611337236306e-07
1.049171490826622070e-07
1.048703543049259573e-07
1.048234295807692449e-07
1.047763991305749094e-07
1.047292156128332045e-07
1.046819228578163572e-07
1.046345411483040204e-07
1.045870069501657771e-07
1.045393923258978056e-07
1.044916178276590610e-07
1.044437157067183832e-07
1.043957225515381860e-07
1.043476206424418007e-07
1.042994065414095667e-07
1.042510842345591050e-07
1.042026161411460036e-07
1.041540768504951731e-07
1.041054115619922522e-07
1.040566510316617156e-07
1.040077757752033672e-07
1.039587500706563826e-07
1.039096329534766898e-07
1.038604250777161445e-07
1.038111211019459254e-07
1.037617211597877958e-07
1.037121778046706088e-07
1.036625447888259748e-07
1.036128293506212065e-07
1.035629996638462521e-07
1.035130821472045604e-07
1.034630431703688737e-07
1.034128809219224942e-07
1.033626464168267234e-07
1.033123139574002710e-07
1.032618770903675420e-07
1.032113439682511941e-07
1.031606761649705281e-07
1.031099505850901048e-07
1.030591094712948443e-07
1.030081754433430577e-07
1.029571418149179664e-07
1.029059741795894410e-07
1.028547226766370904e-07
1.028033927197513478e-07
1.027519624950802627e-07
1.027004458524644131e-07
1.026488289202923037e-07
1.025970967784103014e-07
1.025453060723505312e-07
1.024934112944283732e-07
1.024414358244716691e-07
1.023893658592735975e-07
1.023371685547142397e-07
1.022848935826520091e-07
1.022325466779541005e-07
1.021801138272589817e-07
1.021276057279914095e-07
1.020749920181390153e-07
1.020222773722010977e-07
1.019695054573114573e-07
1.019166437694291393e-07
1.018637043931973955e-07
1.018106789468774266e-07
1.017575389378230690e-07
1.017043239260514092e-07
1.016510472180226674e-07
1.015976802360151542e-07
1.015442366923270332e-07
1.014907048191567525e-07
1.014370708715976301e-07
1.013833890957272402e-07
1.013296124661763121e-07
1.012757620202795536e-07
1.012218305143783432e-07
1.011677878020975761e-07
1.011136763957243869e-07
1.010595024686043416e-07
1.010052506563360032e-07
1.009509218852829896e-07
1.008965293163463766e-07
1.008420274620346245e-07
1.007874682213261404e-07
1.007328507354013415e-07
1.006781463943603259e-07
1.006233861681595165e-07
1.005685323520591084e-07
1.005135807311078008e-07
1.004585780869235179e-07
1.004035149465122165e-07
1.003483831307671890e-07
1.002931958597503027e-07
1.002379109206759026e-07
1.001825555367513369e-07
1.001271533856484162e-07
1.000716787357385298e-07
1.000161438730379072e-07
9.996053762635739129e-08
9.990484120844854741e-08
9.984908652916255596e-08
9.979327902055007006e-08
9.973740596061870401e-08
9.968146658239789853e-08
9.962547152770570338e-08
9.956938652280938847e-08
9.951325458098216898e-08
9.945706863445401193e-08
9.940080499817391464e-08
9.934450164691435624e-08
9.928811395868126832e-08
9.923164090098181487e-08
9.917512965570953027e-08
9.911856829369357043e-08
9.906194114878373432e-08
9.900525813509809066e-08
9.894852633467087936e-08
9.889170660382590107e-08
9.883484505455805866e-08
9.877794049169825196e-08
9.872096952992012488e-08
9.866395457053970904e-08
9.860687186338450740e-08
9.854970694875734054e-08
9.849250561119687077e-08
9.843526337703490086e-08
9.837796213033543816e-08
9.832061247551072370e-08
9.826321695599658961e-08
9.820574248881467023e-08
9.814823179224701900e-08
9.809067600806502815e-08
9.803306547280307021e-08
9.797541616134076033e-08
9.791770324377334096e-08
9.785991978698854331e-08
9.780210495893572519e-08
9.774425007134602048e-08
9.768633992050200850e-08
9.762838519531771054e-08
9.757039077939520062e-08
9.751232804697655836e-08
9.745422928683208104e-08
9.739609397633226257e-08
9.733790203422988156e-08
9.727967993271534108e-08
9.722140112064278980e-08
9.716305402377422158e-08
9.710467874643147103e-08
9.704626654027647770e-08
9.698781138786637622e-08
9.692931000252599137e-08
9.687078342745513844e-08
9.681219498930716153e-08
9.675355925001965048e-08
9.669489974113156531e-08
9.663620208870656841e-08
9.657746396623702271e-08
9.651868664862838808e-08
9.645986078702550679e-08
9.640097860537045415e-08
9.634207399012548228e-08
9.628314251934029343e-08
9.622416575174234112e-08
9.616515418708092845e-08
9.610611760038563644e-08
9.604702046069321899e-08
9.598789564060424366e-08
9.576999600673040667e-08
9.571095481358985752e-08
9.565188694843184226e-08
9.559277560688256855e-08
9.553361437291290198e-08
9.483199439862511659e-08
9.477338150340331737e-08
9.471473609802045920e-08
9.465605507890978626e-08
9.427209047650990638e-08
9.421365457048183967e-08
9.415517331601874534e-08
9.409667250649200655e-08
9.337948359668760541e-08
9.332152940125694296e-08
9.326355522656444648e-08
9.320553847438363363e-08
9.314747484322143707e-08
9.275627833939304194e-08
9.269847917379282165e-08
9.264065269273780651e-08
9.258279712315743321e-08
9.185045184862734128e-08
9.179316364029981528e-08
9.173583514691677153e-08
9.167848764793866215e-08
9.162112251698912974e-08
9.122266087302644930e-08
9.116555382080767264e-08
9.110841796485453030e-08
9.105124110293530825e-08
9.030357299927321798e-08
9.024698286716739847e-08
9.019037209433685363e-08
9.013373238464422477e-08
8.972764728394622053e-08
8.967128074563184651e-08
8.961487752193784008e-08
8.955845963049576152e-08
8.950202486554208362e-08
8.873890049029461156e-08
8.868305426999762633e-08
8.862717890391107792e-08
8.857127168507820609e-08
8.815777431057997110e-08
8.810215008140990345e-08
8.804650744233273406e-08
8.799083980916051123e-08
8.721147815802622473e-08
8.715641971251450763e-08
8.710133208527368555e-08
8.704622684749768706e-08
8.699111216861901807e-08
8.657016309008426604e-08
8.651532762943181014e-08
8.646047835283827911e-08
8.640559989183810578e-08
8.561044543721929275e-08
8.555618362405207053e-08
8.550190226721665573e-08
8.544760656451122093e-08
8.501883093858413996e-08
8.496483649840024193e-08
8.491082069776045734e-08
8.485678323808765751e-08
8.480273247970036987e-08
8.399166794838361414e-08
8.393825284461969203e-08
8.388482236137723919e-08
8.383137243849204675e-08
8.339501585378880408e-08
8.334186091508193424e-08
8.328869379527675624e-08
8.323552329489143205e-08
8.240771299503904414e-08
8.235517588706218724e-08
8.230263266753026209e-08
8.225006361824118447e-08
8.219748385609966391e-08
8.175348716813440946e-08
8.170122200782226601e-08
8.164893957799418266e-08
8.159665033050660501e-08
8.075258645211282433e-08
8.070093826195795138e-08
8.064928019501117088e-08
8.059761245033451633e-08
8.014556819842521335e-08
8.009421806946319909e-08
8.004285779509506561e-08
7.999148972777502793e-08
7.913034036070263812e-08
7.907963485054650594e-08
7.902892351069377729e-08
7.897819836486102802e-08
7.892746214579227469e-08
7.846764386608364496e-08
7.841723507782653745e-08
7.836681107947693487e-08
7.831637769343195524e-08
7.743865453782637400e-08
7.738890193188709710e-08
7.733914234878371041e-08
7.728937561803047806e-08
7.682137519550172298e-08
7.677194279172881174e-08
7.672250290802069416e-08
7.667305435411709069e-08
7.662360351106386769e-08
7.572916461607587690e-08
7.568040350435353226e-08
7.563163097633589466e-08
7.558285751604174041e-08
7.510694203807237092e-08
7.505850496670014543e-08
7.501006419256689409e-08
7.496161902665344098e-08
7.404958299804966769e-08
7.400183621303916620e-08
7.395408219084075290e-08
7.390632297508360660e-08
7.342208248050789462e-08
7.337467823997838702e-08
7.332725833940287425e-08
7.327983470713939287e-08
7.323240844226855348e-08
7.230331461309657860e-08
7.225659267542561938e-08
7.220987184144127710e-08
7.216314403821385366e-08
7.167084996306406178e-08
7.162447717221508916e-08
7.157809802422684190e-08
7.153171799091458333e-08
7.058469054534771740e-08
7.053903706020021553e-08
7.049337854861683694e-08
7.044772080011522320e-08
6.994694694268027849e-08
6.990164632869544894e-08
6.985634420397481544e-08
6.981103679599799503e-08
6.976572686374246167e-08
6.880132148013220368e-08
6.875674351178782085e-08
6.871216827081643189e-08
6.866759356028400750e-08
6.815863567553784705e-08
6.811442959681293427e-08
6.807022350473223097e-08
6.802601845314510602e-08
6.704333478781156089e-08
6.699987374528519925e-08
6.695641608831155689e-08
6.691295563592684036e-08
6.639537151771432189e-08
6.635228603440207376e-08
6.630920197584166073e-08
6.626611581248314784e-08
6.622302807361795530e-08
6.522264676580942345e-08
6.518031660830626680e-08
6.513798241347763591e-08
6.509565248660912323e-08
6.456974450478815957e-08
6.452779696324022459e-08
6.448585119584660513e-08
6.444390314403686418e-08
6.342488609935334883e-08
6.338369948631026888e-08
6.334251610221594383e-08
6.330132683426866056e-08
6.276663449011044676e-08
6.272584090031721307e-08
6.268504400708235609e-08
6.264424570248335060e-08
6.160642085466748427e-08
6.156639835402167996e-08
6.152637824808098082e-08
6.148636309792428000e-08
6.144635761099413159e-08
6.090319666952607164e-08
6.086357910920426839e-08
6.082396048261759175e-08
6.078434453729610723e-08
5.972831953901542097e-08
5.968948913085618743e-08
5.965066437951718308e-08
5.961184697259502214e-08
5.905974944712051926e-08
5.902132371529300965e-08
5.898290318225180274e-08
5.894448693506877831e-08
5.786930871882453736e-08
5.783168714469922150e-08
5.779407601629433870e-08
5.775647226936148273e-08
5.719536249526999766e-08
5.715815677974230549e-08
5.712095821455791788e-08
5.708376126161662441e-08
5.704656239154378623e-08
5.595286066736778282e-08
5.591648061917516518e-08
5.588010502592392492e-08
5.584372852774528031e-08
5.527393164284192115e-08
5.523796690785840019e-08
5.520200179749392481e-08
5.516603777886278375e-08
5.405283704824827252e-08
5.401769936558707745e-08
5.398256762036143015e-08
5.394743759259965227e-08
5.336846778551349203e-08
5.333374806111609272e-08
5.329903309925791507e-08
5.326431924314232172e-08
5.213143560295637524e-08
5.209755546068081989e-08
5.206368247032641282e-08
5.202980880376671776e-08
5.199593483086824659e-08
5.140812974907457712e-08
5.137467978774262159e-08
5.134123107640547589e-08
5.130778604535717489e-08
5.015589243086040933e-08
5.012329744435712731e-08
5.009070262336698823e-08
5.005811078986924729e-08
4.946097775475542893e-08
4.942881352537593304e-08
4.939665125842295623e-08
4.936449259090679629e-08
4.819257382573195430e-08
4.816127213643091947e-08
4.812997230553095073e-08
4.809867447052669772e-08
4.749213535239617216e-08
4.746127203296308584e-08
4.743041129937610295e-08
4.739955519171027194e-08
4.620743609167336155e-08
4.617744668037852706e-08
4.614745921710252532e-08
4.611747453855933793e-08
4.550144980243161261e-08
4.547190475285960677e-08
4.544236188786193061e-08
4.541282353256760227e-08
4.538329332991544279e-08
4.417166513377605836e-08
4.414300418677282445e-08
4.411434861528123118e-08
4.408569687476954160e-08
4.346054031668073091e-08
4.343232831868846362e-08
4.340412154906288803e-08
4.337592120094901981e-08
4.214374439988306442e-08
4.211642424756626438e-08
4.208910746019471242e-08
4.206179478837093625e-08
4.142698870611264538e-08
4.140012161012275098e-08
4.137325928981272902e-08
4.134640217306235806e-08
4.009349984566717015e-08
4.006753288169637589e-08
4.004156928756371553e-08
4.001560863507861560e-08
3.937107559868363131e-08
3.934556624622933551e-08
3.932006346655953242e-08
3.929456455819206076e-08
3.802076412364528805e-08
3.799616553364065768e-08
3.797157093047083371e-08
3.794697909236668520e-08
3.729263951897762533e-08
3.726850501955227206e-08
3.724437541006425000e-08
3.722025237888315048e-08
3.592537656408460861e-08
3.590216189732505321e-08
3.587895015365360021e-08
3.585574368758841261e-08
3.583254351629822983e-08
3.516876896340060428e-08
3.514602727865515978e-08
3.512329332675252857e-08
3.510056588842578782e-08
3.378534663100535227e-08
3.376353125704816521e-08
3.374172176989241173e-08
3.371991634202431377e-08
3.304617693605733434e-08
3.302483706526917980e-08
3.300350324213383025e-08
3.298217595746908637e-08
3.164554020615593101e-08
3.162513592341103338e-08
3.160473698682846858e-08
3.158434230414100020e-08
3.090055792638153887e-08
3.088063169504673705e-08
3.086071021472820008e-08
3.084079664047946900e-08
2.948256560566816965e-08
2.946358246769263402e-08
2.944460265900171677e-08
2.942562865605302631e-08
2.873171214795472200e-08
2.871321006629363368e-08
2.869471202465150166e-08
2.867622177482171342e-08
2.729622055479236190e-08
2.727867108158402307e-08
2.726112389357276347e-08
2.724358407483320563e-08
2.653945745620321073e-08
2.652239358539846945e-08
2.650533159406445758e-08
2.648827834693269244e-08
2.508633548067851327e-08
2.507023140101541695e-08
2.505412866365837255e-08
2.503803394585561900e-08
2.432361589522333466e-08
2.430800113518035578e-08
2.429238789990633633e-08
2.427678388271855112e-08
2.285272463247089003e-08
2.283807803988157767e-08
2.282343443911972512e-08
2.280879862648063349e-08
2.208401037533010363e-08
2.206985920171565188e-08
2.205571006213984841e-08
2.204156988761916755e-08
2.059522055829039795e-08
2.058204349001938191e-08
2.056887164417428610e-08
2.055570408096794611e-08
1.982046148186091649e-08
1.980778129543961020e-08
1.979510395991653446e-08
1.978243394693578213e-08
1.976976502098673570e-08
1.830192267787729693e-08
1.829023007522357415e-08
1.827854096704089620e-08
1.826685466036149088e-08
1.752156938955683952e-08
1.751037743586634009e-08
1.749919210288105692e-08
1.748800849696610522e-08
1.599754117941256780e-08
1.598733939951541624e-08
1.597714072834884105e-08
1.596694618927339250e-08
1.521104873852108015e-08
1.520134843699767798e-08
1.519165391426582667e-08
1.518196180940455152e-08
1.366869177497297645e-08
1.365998883889279590e-08
1.365128918788601982e-08
1.364259348953562387e-08
1.287600250038159307e-08
1.286780607438642600e-08
1.285961549751195374e-08
1.285142754747935919e-08
1.131518732732098077e-08
1.130799848630145620e-08
1.130081244616363593e-08
1.129362727122049429e-08
1.051626427830002460e-08
1.050958428003905084e-08
1.050290794284603194e-08
1.049623160565500655e-08
8.936847331303790196e-09
8.931180151708355659e-09
8.925514491504890586e-09
8.919848831297443466e-09
8.131632347702496642e-09
8.126477584511229459e-09
8.121325051641505794e-09
8.116172518769790277e-09
6.533475814399580751e-09
6.529344140185819457e-09
6.525213725194812200e-09
6.521083310201813091e-09
5.721938977947370953e-09
5.718321205707929344e-09
5.714703728120938051e-09
5.711086250537931287e-09
4.104908580830895818e-09
4.102316725074612255e-09
4.099724869315340917e-09
4.097133013558061429e-09
3.286974450383908631e-09
3.284897769230308742e-09
3.282821088077704778e-09
3.280744406925101227e-09
1.752330077681160692e-09
1.751223988877840854e-09
1.750117900074023053e-09
5.185582817027020798e-10
5.182316522777239008e-10
5.179050228526212312e-10
5.175783934273940709e-10
-0.000000000000000000e+00
-0.000000000000000000e+00
-0.000000000000000000e+00
-0.000000000000000000e+00
-0.000000000000000000e+00
-0.000000000000000000e+00
-0.000000000000000000e+00
-0.000000000000000000e+00
-0.000000000000000000e+00
-0.000000000000000000e+00
-0.000000000000000000e+00
-0.000000000000000000e+00
-0.000000000000000000e+00
-0.000000000000000000e+00
-0.000000000000000000e+00
-0.000000000000000000e+00
-0.000000000000000000e+00
-0.000000000000000000e+00
-0.000000000000000000e+00
-0.000000000000000000e+00
-0.000000000000000000e+00
-0.000000000000000000e+00
-0.000000000000000000e+00
-0.000000000000000000e+00
-0.000000000000000000e+00
-0.000000000000000000e+00
-0.000000000000000000e+00
-0.000000000000000000e+00
-0.000000000000000000e+00
-0.000000000000000000e+00
-0.000000000000000000e+00
-0.000000000000000000e+00
-0.000000000000000000e+00
-0.000000000000000000e+00
-0.000000000000000000e+00
-0.000000000000000000e+00
-0.000000000000000000e+00
-0.000000000000000000e+00
-0.000000000000000000e+00
-0.000000000000000000e+00
-0.000000000000000000e+00
-0.000000000000000000e+00
-0.000000000000000000e+00
-0.000000000000000000e+00
-0.000000000000000000e+00
-0.000000000000000000e+00
-0.000000000000000000e+00
-0.000000000000000000e+00
-0.000000000000000000e+00
-0.000000000000000000e+00
-0.000000000000000000e+00
-0.000000000000000000e+00
-0.000000000000000000e+00
-0.000000000000000000e+00
-0.000000000000000000e+00
-0.000000000000000000e+00
-0.000000000000000000e+00
-0.000000000000000000e+00
-0.000000000000000000e+00
-0.000000000000000000e+00
-0.000000000000000000e+00
-0.000000000000000000e+00
-0.000000000000000000e+00
-0.000000000000000000e+00
-0.000000000000000000e+00
-0.000000000000000000e+00
-0.000000000000000000e+00
-0.000000000000000000e+00
-0.000000000000000000e+00
-0.000000000000000000e+00
-0.000000000000000000e+00
-0.000000000000000000e+00
-0.000000000000000000e+00
-0.000000000000000000e+00
-0.000000000000000000e+00
-0.000000000000000000e+00
-0.000000000000000000e+00
-0.000000000000000000e+00
-0.000000000000000000e+00
-0.000000000000000000e+00
-0.000000000000000000e+00
-0.000000000000000000e+00
-0.000000000000000000e+00
-0.000000000000000000e+00
-0.000000000000000000e+00
-0.000000000000000000e+00
-0.000000000000000000e+00
-0.000000000000000000e+00
-0.000000000000000000e+00
-0.000000000000000000e+00
-0.000000000000000000e+00
-0.000000000000000000e+00
-0.000000000000000000e+00
-0.000000000000000000e+00
-0.000000000000000000e+00
-0.000000000000000000e+00
-0.000000000000000000e+00
-0.000000000000000000e+00
-0.000000000000000000e+00
-0.000000000000000000e+00
-0.000000000000000000e+00
-0.000000000000000000e+00
-0.000000000000000000e+00
-0.000000000000000000e+00
-0.000000000000000000e+00
-0.000000000000000000e+00
-0.000000000000000000e+00
-0.000000000000000000e+00
-0.000000000000000000e+00
-0.000000000000000000e+00
-0.000000000000000000e+00
-0.000000000000000000e+00
-0.000000000000000000e+00
-0.000000000000000000e+00
-0.000000000000000000e+00
-0.000000000000000000e+00
-0.000000000000000000e+00
-0.000000000000000000e+00
-0.000000000000000000e+00
-0.000000000000000000e+00
-0.000000000000000000e+00
-0.000000000000000000e+00
-0.000000000000000000e+00
-0.000000000000000000e+00
-0.000000000000000000e+00
-0.000000000000000000e+00
-0.000000000000000000e+00
-0.000000000000000000e+00
-0.000000000000000000e+00
-0.000000000000000000e+00
-0.000000000000000000e+00
-0.000000000000000000e+00
-0.000000000000000000e+00
-0.000000000000000000e+00
-0.000000000000000000e+00
-0.000000000000000000e+00
-0.000000000000000000e+00
-0.000000000000000000e+00
-0.000000000000000000e+00
-0.000000000000000000e+00
-0.000000000000000000e+00
-0.000000000000000000e+00
-0.000000000000000000e+00
-0.000000000000000000e+00
-0.000000000000000000e+00
-0.000000000000000000e+00
-0.000000000000000000e+00
-0.000000000000000000e+00
-0.000000000000000000e+00
-0.000000000000000000e+00
-0.000000000000000000e+00
-0.000000000000000000e+00
-0.000000000000000000e+00
-0.000000000000000000e+00
-0.000000000000000000e+00
-0.000000000000000000e+00
-0.000000000000000000e+00
-0.000000000000000000e+00
-0.000000000000000000e+00
-0.000000000000000000e+00
-0.000000000000000000e+00
-0.000000000000000000e+00
-0.000000000000000000e+00
-0.000000000000000000e+00
-0.000000000000000000e+00
-0.000000000000000000e+00
-0.000000000000000000e+00
-0.000000000000000000e+00
-0.000000000000000000e+00
-0.000000000000000000e+00
-0.000000000000000000e+00
-0.000000000000000000e+00
-0.000000000000000000e+00
-0.000000000000000000e+00
-0.000000000000000000e+00
-0.000000000000000000e+00
-0.000000000000000000e+00
-0.000000000000000000e+00
-0.000000000000000000e+00
-0.000000000000000000e+00
-0.000000000000000000e+00
-0.000000000000000000e+00
-0.000000000000000000e+00
-0.000000000000000000e+00
-0.000000000000000000e+00
-0.000000000000000000e+00
-0.000000000000000000e+00
-0.000000000000000000e+00
-0.000000000000000000e+00
-0.000000000000000000e+00
-0.000000000000000000e+00
-0.000000000000000000e+00
-0.000000000000000000e+00
-0.000000000000000000e+00
-0.000000000000000000e+00
-0.000000000000000000e+00
-0.000000000000000000e+00
-0.000000000000000000e+00
-0.000000000000000000e+00
-0.000000000000000000e+00
-0.000000000000000000e+00
-0.000000000000000000e+00
-0.000000000000000000e+00
-0.000000000000000000e+00
-0.000000000000000000e+00
-0.000000000000000000e+00
-0.000000000000000000e+00
-0.000000000000000000e+00
-0.000000000000000000e+00
-0.000000000000000000e+00
-0.000000000000000000e+00
-0.000000000000000000e+00
-0.000000000000000000e+00
-0.000000000000000000e+00
-0.000000000000000000e+00
-0.000000000000000000e+00
-0.000000000000000000e+00
-0.000000000000000000e+00
-0.000000000000000000e+00
-0.000000000000000000e+00
-0.000000000000000000e+00
-0.000000000000000000e+00
-0.000000000000000000e+00
-0.000000000000000000e+00
-0.000000000000000000e+00
-0.000000000000000000e+00
-0.000000000000000000e+00
-0.000000000000000000e+00
-0.000000000000000000e+00
-0.000000000000000000e+00
-0.000000000000000000e+00
-0.000000000000000000e+00
-0.000000000000000000e+00
-0.000000000000000000e+00
-0.000000000000000000e+00
-0.000000000000000000e+00
-0.000000000000000000e+00
-0.000000000000000000e+00
-0.000000000000000000e+00
-0.000000000000000000e+00
-0.000000000000000000e+00
-0.000000000000000000e+00
-0.000000000000000000e+00
-0.000000000000000000e+00
-0.000000000000000000e+00
-0.000000000000000000e+00
-0.000000000000000000e+00
-0.000000000000000000e+00
-0.000000000000000000e+00
-0.000000000000000000e+00
-0.000000000000000000e+00
-0.000000000000000000e+00
-0.000000000000000000e+00
-0.000000000000000000e+00
-0.000000000000000000e+00
-0.000000000000000000e+00
-0.000000000000000000e+00
-0.000000000000000000e+00
-0.000000000000000000e+00
-0.000000000000000000e+00
-0.000000000000000000e+00
-0.000000000000000000e+00
-0.000000000000000000e+00
-0.000000000000000000e+00
-0.000000000000000000e+00
-0.000000000000000000e+00
-0.000000000000000000e+00
-0.000000000000000000e+00
-0.000000000000000000e+00
-0.000000000000000000e+00
-0.000000000000000000e+00
-0.000000000000000000e+00
-0.000000000000000000e+00
-0.000000000000000000e+00
-0.000000000000000000e+00
-0.000000000000000000e+00
-0.000000000000000000e+00
-0.000000000000000000e+00
-0.000000000000000000e+00
-0.000000000000000000e+00
-0.000000000000000000e+00
-0.000000000000000000e+00
-0.000000000000000000e+00
-0.000000000000000000e+00
-0.000000000000000000e+00
-0.000000000000000000e+00
-0.000000000000000000e+00
-0.000000000000000000e+00
-0.000000000000000000e+00
-0.000000000000000000e+00
-0.000000000000000000e+00
-0.000000000000000000e+00
-0.000000000000000000e+00
-0.000000000000000000e+00
-0.000000000000000000e+00
-0.000000000000000000e+00
-0.000000000000000000e+00
-0.000000000000000000e+00
-0.000000000000000000e+00
-0.000000000000000000e+00
-0.000000000000000000e+00
-0.000000000000000000e+00
-0.000000000000000000e+00
-0.000000000000000000e+00
-0.000000000000000000e+00
-0.000000000000000000e+00
-0.000000000000000000e+00
-0.000000000000000000e+00
-0.000000000000000000e+00
-0.000000000000000000e+00
-0.000000000000000000e+00
-0.000000000000000000e+00
-0.000000000000000000e+00
-0.000000000000000000e+00
-0.000000000000000000e+00
-0.000000000000000000e+00
-0.000000000000000000e+00
-0.000000000000000000e+00
-0.000000000000000000e+00
-0.000000000000000000e+00
-0.000000000000000000e+00
-0.000000000000000000e+00
-0.000000000000000000e+00
-0.000000000000000000e+00
-0.000000000000000000e+00
-0.000000000000000000e+00
-0.000000000000000000e+00
-0.000000000000000000e+00
-0.000000000000000000e+00
-0.000000000000000000e+00
-0.000000000000000000e+00
-0.000000000000000000e+00
-0.000000000000000000e+00
-0.000000000000000000e+00
-0.000000000000000000e+00
-0.000000000000000000e+00
-0.000000000000000000e+00
-0.000000000000000000e+00
-0.000000000000000000e+00
-0.000000000000000000e+00
-0.000000000000000000e+00
-0.000000000000000000e+00
-0.000000000000000000e+00
-0.000000000000000000e+00
-0.000000000000000000e+00
-0.000000000000000000e+00
-0.000000000000000000e+00
-0.000000000000000000e+00
-0.000000000000000000e+00
-0.000000000000000000e+00
-0.000000000000000000e+00
-0.000000000000000000e+00
-0.000000000000000000e+00
-0.000000000000000000e+00
-0.000000000000000000e+00
-0.000000000000000000e+00
-0.000000000000000000e+00
-0.000000000000000000e+00
-0.000000000000000000e+00
-0.000000000000000000e+00
-0.000000000000000000e+00
-0.000000000000000000e+00
-0.000000000000000000e+00
-0.000000000000000000e+00
-0.000000000000000000e+00
-0.000000000000000000e+00
-0.000000000000000000e+00
-0.000000000000000000e+00
-0.000000000000000000e+00
-0.000000000000000000e+00
-0.000000000000000000e+00
-0.000000000000000000e+00
-0.000000000000000000e+00
-0.000000000000000000e+00
-0.000000000000000000e+00
-0.000000000000000000e+00
-0.000000000000000000e+00
-0.000000000000000000e+00
-0.000000000000000000e+00
-0.000000000000000000e+00
-0.000000000000000000e+00
-0.000000000000000000e+00
-0.000000000000000000e+00
-0.000000000000000000e+00
-0.000000000000000000e+00
-0.000000000000000000e+00
-0.000000000000000000e+00
-0.000000000000000000e+00
-0.000000000000000000e+00
-0.000000000000000000e+00
-0.000000000000000000e+00
-0.000000000000000000e+00
-0.000000000000000000e+00
-0.000000000000000000e+00
-0.000000000000000000e+00
-0.000000000000000000e+00
-0.000000000000000000e+00
-0.000000000000000000e+00
-0.000000000000000000e+00
-0.000000000000000000e+00
-0.000000000000000000e+00
-0.000000000000000000e+00
-0.000000000000000000e+00
-0.000000000000000000e+00
-0.000000000000000000e+00
-0.000000000000000000e+00
-0.000000000000000000e+00
-0.000000000000000000e+00
-0.000000000000000000e+00
-0.000000000000000000e+00
-0.000000000000000000e+00
-0.000000000000000000e+00
-0.000000000000000000e+00
-0.000000000000000000e+00
-0.000000000000000000e+00
-0.000000000000000000e+00
-0.000000000000000000e+00
-0.000000000000000000e+00
-0.000000000000000000e+00
-0.000000000000000000e+00
-0.000000000000000000e+00
-0.000000000000000000e+00
-0.000000000000000000e+00
-0.000000000000000000e+00
-0.000000000000000000e+00
-0.000000000000000000e+00
-0.000000000000000000e+00
-0.000000000000000000e+00
-0.000000000000000000e+00
-0.000000000000000000e+00
-0.000000000000000000e+00
-0.000000000000000000e+00
-0.000000000000000000e+00
-0.000000000000000000e+00
-0.000000000000000000e+00
-0.000000000000000000e+00
-0.000000000000000000e+00
-0.000000000000000000e+00
-0.000000000000000000e+00
-0.000000000000000000e+00
-0.000000000000000000e+00
-0.000000000000000000e+00
-0.000000000000000000e+00
-0.000000000000000000e+00
-0.000000000000000000e+00
-0.000000000000000000e+00
-0.000000000000000000e+00
-0.000000000000000000e+00
-0.000000000000000000e+00
-0.000000000000000000e+00
-0.000000000000000000e+00
-0.000000000000000000e+00
-0.000000000000000000e+00
-0.000000000000000000e+00
-0.000000000000000000e+00
-0.000000000000000000e+00
-0.000000000000000000e+00
-0.000000000000000000e+00
-0.000000000000000000e+00
-0.000000000000000000e+00
-0.000000000000000000e+00
-0.000000000000000000e+00
-0.000000000000000000e+00
-0.000000000000000000e+00
-0.000000000000000000e+00
-0.000000000000000000e+00
-0.000000000000000000e+00
-0.000000000000000000e+00
-0.000000000000000000e+00
-0.000000000000000000e+00
-0.000000000000000000e+00
-0.000000000000000000e+00
-0.000000000000000000e+00
-0.000000000000000000e+00
-0.000000000000000000e+00
-0.000000000000000000e+00
-0.000000000000000000e+00
-0.000000000000000000e+00
-0.000000000000000000e+00
-0.000000000000000000e+00
-0.000000000000000000e+00
-0.000000000000000000e+00
-0.000000000000000000e+00
-0.000000000000000000e+00
-0.000000000000000000e+00
-0.000000000000000000e+00
-0.000000000000000000e+00
-0.000000000000000000e+00
-0.000000000000000000e+00
-0.000000000000000000e+00
-0.000000000000000000e+00
-0.000000000000000000e+00
-0.000000000000000000e+00
-0.000000000000000000e+00
-0.000000000000000000e+00
-0.000000000000000000e+00
-0.000000000000000000e+00
-0.000000000000000000e+00
-0.000000000000000000e+00
-0.000000000000000000e+00
-0.000000000000000000e+00
-0.000000000000000000e+00
-0.000000000000000000e+00
-0.000000000000000000e+00
-0.000000000000000000e+00
-0.000000000000000000e+00
-0.000000000000000000e+00
-0.000000000000000000e+00
-0.000000000000000000e+00
-0.000000000000000000e+00
-0.000000000000000000e+00
-0.000000000000000000e+00
-0.000000000000000000e+00
-0.000000000000000000e+00
-0.000000000000000000e+00
-0.000000000000000000e+00
-0.000000000000000000e+00
-0.000000000000000000e+00
-0.000000000000000000e+00
-0.000000000000000000e+00
-0.000000000000000000e+00
-0.000000000000000000e+00
-0.000000000000000000e+00
-0.000000000000000000e+00
-0.000000000000000000e+00
-0.000000000000000000e+00
-0.000000000000000000e+00
-0.000000000000000000e+00
-0.000000000000000000e+00
-0.000000000000000000e+00
-0.000000000000000000e+00
-0.000000000000000000e+00
-0.000000000000000000e+00
-0.000000000000000000e+00
-0.000000000000000000e+00
-0.000000000000000000e+00
-0.000000000000000000e+00
-0.000000000000000000e+00
-0.000000000000000000e+00
-0.000000000000000000e+00
-0.000000000000000000e+00
-0.000000000000000000e+00
-0.000000000000000000e+00
-0.000000000000000000e+00
-0.000000000000000000e+00
-0.000000000000000000e+00
-0.000000000000000000e+00
-0.000000000000000000e+00
-0.000000000000000000e+00
-0.000000000000000000e+00
-0.000000000000000000e+00
-0.000000000000000000e+00
-0.000000000000000000e+00
-0.000000000000000000e+00
-0.000000000000000000e+00
-0.000000000000000000e+00
-0.000000000000000000e+00
-0.000000000000000000e+00
-0.000000000000000000e+00
-0.000000000000000000e+00
-0.000000000000000000e+00
-0.000000000000000000e+00
-0.000000000000000000e+00
-0.000000000000000000e+00
-0.000000000000000000e+00
-0.000000000000000000e+00
-0.000000000000000000e+00
-0.000000000000000000e+00
-0.000000000000000000e+00
-0.000000000000000000e+00
-0.000000000000000000e+00
-0.000000000000000000e+00
-0.000000000000000000e+00
-0.000000000000000000e+00
-0.000000000000000000e+00
-0.000000000000000000e+00
-0.000000000000000000e+00
-0.000000000000000000e+00
-0.000000000000000000e+00
-0.000000000000000000e+00
-0.000000000000000000e+00
-0.000000000000000000e+00
-0.000000000000000000e+00
-0.000000000000000000e+00
-0.000000000000000000e+00
-0.000000000000000000e+00
-0.000000000000000000e+00
-0.000000000000000000e+00
-0.000000000000000000e+00
-0.000000000000000000e+00
-0.000000000000000000e+00
-0.000000000000000000e+00
-0.000000000000000000e+00
-0.000000000000000000e+00
-0.000000000000000000e+00
-0.000000000000000000e+00
-0.000000000000000000e+00
-0.000000000000000000e+00
-0.000000000000000000e+00
-0.000000000000000000e+00
-0.000000000000000000e+00
-0.000000000000000000e+00
-0.000000000000000000e+00
-0.000000000000000000e+00
-0.000000000000000000e+00
-0.000000000000000000e+00
-0.000000000000000000e+00
-0.000000000000000000e+00
-0.000000000000000000e+00
-0.000000000000000000e+00
-0.000000000000000000e+00
-0.000000000000000000e+00
-0.000000000000000000e+00
-0.000000000000000000e+00
-0.000000000000000000e+00
-0.000000000000000000e+00
-0.000000000000000000e+00
-0.000000000000000000e+00
-0.000000000000000000e+00
-0.000000000000000000e+00
-0.000000000000000000e+00
-0.000000000000000000e+00
-0.000000000000000000e+00
-0.000000000000000000e+00
-0.000000000000000000e+00
-0.000000000000000000e+00
-0.000000000000000000e+00
-0.000000000000000000e+00
-0.000000000000000000e+00
-0.000000000000000000e+00
-0.000000000000000000e+00
-0.000000000000000000e+00
-0.000000000000000000e+00
-0.000000000000000000e+00
-0.000000000000000000e+00
-0.000000000000000000e+00
-0.000000000000000000e+00
-0.000000000000000000e+00
-0.000000000000000000e+00
-0.000000000000000000e+00
-0.000000000000000000e+00
-0.000000000000000000e+00
-0.000000000000000000e+00
-0.000000000000000000e+00
-0.000000000000000000e+00
-0.000000000000000000e+00
-0.000000000000000000e+00
-0.000000000000000000e+00
-0.000000000000000000e+00
-0.000000000000000000e+00
-0.000000000000000000e+00
-0.000000000000000000e+00
-0.000000000000000000e+00
-0.000000000000000000e+00
-0.000000000000000000e+00
-0.000000000000000000e+00
-0.000000000000000000e+00
-0.000000000000000000e+00
-0.000000000000000000e+00
-0.000000000000000000e+00
-0.000000000000000000e+00
-0.000000000000000000e+00
-0.000000000000000000e+00
-0.000000000000000000e+00
-0.000000000000000000e+00
-0.000000000000000000e+00
-0.000000000000000000e+00
-0.000000000000000000e+00
-0.000000000000000000e+00
-0.000000000000000000e+00
-0.000000000000000000e+00
-0.000000000000000000e+00
-0.000000000000000000e+00
-0.000000000000000000e+00
-0.000000000000000000e+00
-0.000000000000000000e+00
-0.000000000000000000e+00
-0.000000000000000000e+00
-0.000000000000000000e+00
-0.000000000000000000e+00
-0.000000000000000000e+00
-0.000000000000000000e+00
-0.000000000000000000e+00
-0.000000000000000000e+00
-0.000000000000000000e+00
-0.000000000000000000e+00
-0.000000000000000000e+00
-0.000000000000000000e+00
-0.000000000000000000e+00
-0.000000000000000000e+00
-0.000000000000000000e+00
-0.000000000000000000e+00
-0.000000000000000000e+00
-0.000000000000000000e+00
-0.000000000000000000e+00
-0.000000000000000000e+00
-0.000000000000000000e+00
-0.000000000000000000e+00
-0.000000000000000000e+00
-0.000000000000000000e+00
-0.000000000000000000e+00
-0.000000000000000000e+00
-0.000000000000000000e+00
-0.000000000000000000e+00
-0.000000000000000000e+00
-0.000000000000000000e+00
-0.000000000000000000e+00
-0.000000000000000000e+00
-0.000000000000000000e+00
-0.000000000000000000e+00
-0.000000000000000000e+00
-0.000000000000000000e+00
-0.000000000000000000e+00
-0.000000000000000000e+00
-0.000000000000000000e+00
-0.000000000000000000e+00
-0.000000000000000000e+00
-0.000000000000000000e+00
-0.000000000000000000e+00
-0.000000000000000000e+00
-0.000000000000000000e+00
-0.000000000000000000e+00
-0.000000000000000000e+00
-0.000000000000000000e+00
-0.000000000000000000e+00
-0.000000000000000000e+00
-0.000000000000000000e+00
-0.000000000000000000e+00
-0.000000000000000000e+00
-0.000000000000000000e+00
-0.000000000000000000e+00
-0.000000000000000000e+00
-0.000000000000000000e+00
-0.000000000000000000e+00
-0.000000000000000000e+00
-0.000000000000000000e+00
-0.000000000000000000e+00
-0.000000000000000000e+00
-0.000000000000000000e+00
-0.000000000000000000e+00
-0.000000000000000000e+00
-0.000000000000000000e+00
-0.000000000000000000e+00
-0.000000000000000000e+00
-0.000000000000000000e+00
-0.000000000000000000e+00
-0.000000000000000000e+00
-0.000000000000000000e+00
-0.000000000000000000e+00
-0.000000000000000000e+00
-0.000000000000000000e+00
-0.000000000000000000e+00
-0.000000000000000000e+00
-0.000000000000000000e+00
