1.611093592077467373e-07
1.727630989189345910e-07
1.838606681077604260e-07
1.944226700304180258e-07
2.044689483179559978e-07
2.140179182415743240e-07
2.230891285985213233e-07
2.316988371402477516e-07
2.398641447046304854e-07
2.476006648262603578e-07
2.549244479362030640e-07
2.618493778101580516e-07
2.683894943472157993e-07
2.745583209491349194e-07
2.803686996699064010e-07
2.858334146481779957e-07
2.909634489127738412e-07
2.957711547877033299e-07
3.002666729112829103e-07
3.044612405793693310e-07
3.083641272905437674e-07
3.119847604757694865e-07
3.153335619479399878e-07
3.184191900629264896e-07
3.212490569116112271e-07
3.238332750465349615e-07
3.261797219781703965e-07
3.282953120172463149e-07
3.301903700621986214e-07
3.318697802793151652e-07
3.333419145887246388e-07
3.346154590215934701e-07
3.356944060848921883e-07
3.365892527198137981e-07
3.373027724611178342e-07
3.378456085348796281e-07
3.382195383822597077e-07
3.384357381969111287e-07
3.384952878098186838e-07
3.384082731347922766e-07
3.381777595102649808e-07
3.378104893431217765e-07
3.373114502595449901e-07
3.366865199954352948e-07
3.359417762367958553e-07
3.350798077680809481e-07
3.341081363882743246e-07
3.330301046161205079e-07
3.318519658645497785e-07
3.305782942047699420e-07
3.292121956747952455e-07
3.277605863317378329e-07
3.262259749994294052e-07
3.246132566110082210e-07
3.229283737170476100e-07
3.211730652706322256e-07
3.193529069008921898e-07
3.174729358759267788e-07
3.155343349670770694e-07
3.135429588225634066e-07
3.115038833005915124e-07
3.094173612844518052e-07
3.072886857883282057e-07
3.051229819594323491e-07
3.029208704601453494e-07
3.006863846191898062e-07
2.984241927327961094e-07
2.961363391763367594e-07
2.938246039226930947e-07
2.914934582025873271e-07
2.891459161934295823e-07
2.867833428259962266e-07
2.844092315470205544e-07
2.820264708027480510e-07
2.796369891697769722e-07
2.772427291853201277e-07
2.748469779311310852e-07
2.724516056508065219e-07
2.700581494598398733e-07
2.676688857190005747e-07
2.652865784644339780e-07
2.629125790271274490e-07
2.605479408512082164e-07
2.581946652375963872e-07
2.558551151186830048e-07
2.535309738410522100e-07
2.512221129407146131e-07
2.489301513370859313e-07
2.466576088833306036e-07
2.444064062616018264e-07
2.421753957006695052e-07
2.399660705358891935e-07
2.377801908927269900e-07
2.356188731364232088e-07
2.334838787855893450e-07
2.313737545187578099e-07
2.292895510198228701e-07
2.272333345360140969e-07
2.252050113276682874e-07
2.232059636510226065e-07
2.212351328950171101e-07
2.192929550421529379e-07
2.173815204238463795e-07
2.154997168162817796e-07
2.136493412997218696e-07
2.118288821396434193e-07
2.100390974215529720e-07
2.082808057492761516e-07
2.065530105619920866e-07
2.048575509087956542e-07
2.031921010265401426e-07
2.015588489108271969e-07
1.999557400371672801e-07
1.983846525691425809e-07
1.968435730619348623e-07
1.953338620910570705e-07
1.938542104208106574e-07
1.924052080289993590e-07
1.909862748534120864e-07
1.895970520945108282e-07
1.882372151741088456e-07
1.869062473370773327e-07
1.856042250093171452e-07
1.843306039222628407e-07
1.830853587760659358e-07
1.818676817956017207e-07
1.806766003512988436e-07
1.795123362618467105e-07
1.783736938191661235e-07
1.772617057020472752e-07
1.761743281576524970e-07
1.751129162401025541e-07
1.740740328822902812e-07
1.730596795612749900e-07
1.720668971490603271e-07
1.710979212633896521e-07
1.701499938889483720e-07
1.692247742807393384e-07
1.683196913850440306e-07
1.674343100421269208e-07
1.665687566672189458e-07
1.657211251545530550e-07
1.648930210010506282e-07
1.640816671757455288e-07
1.632887182105321136e-07
1.625113996225019929e-07
1.617497783370716440e-07
1.610036694373494686e-07
1.602712969523407234e-07
1.595539745353119969e-07
1.588491886477203133e-07
1.581578909784085288e-07
1.574786865511266749e-07
1.568103927645637070e-07
1.561537555039461376e-07
1.555065913962580164e-07
1.548696994324981229e-07
1.542419748967390085e-07
1.536225052987897104e-07
1.530118658047951801e-07
1.524079524669191385e-07
1.518110638433391943e-07
1.512207410049037531e-07
1.506357735765228874e-07
1.500567006290700901e-07
1.494821123041184156e-07
1.489116965564585455e-07
1.483454939736183527e-07
1.477821585403535615e-07
1.472217641260421924e-07
1.466639449017085312e-07
1.461078724731269942e-07
1.455536458125982689e-07
1.450005029564461875e-07
1.444479006127356720e-07
1.438957685720227227e-07
1.433434418008611285e-07
1.427906107317903687e-07
1.422370949403260844e-07
1.416825400594536507e-07
1.411266967537224473e-07
1.405692769871289558e-07
1.400098626082480564e-07
1.394481255501667945e-07
1.388837852812097792e-07
1.383167865571840679e-07
1.377467896837093760e-07
1.371735570799076480e-07
1.365972894995212214e-07
1.360176303175891027e-07
1.354342571056320755e-07
1.348472584056795737e-07
1.342562132105150171e-07
1.336608392213775597e-07
1.330616293199087351e-07
1.324582082044363723e-07
1.318502491467936778e-07
1.312384335421944015e-07
1.306225079449750785e-07
1.300020423469420170e-07
1.293774582184958824e-07
1.287485874280277390e-07
1.281149596721641231e-07
1.274771130276808351e-07
1.268353379934646568e-07
1.261892144485561717e-07
1.255388992153788007e-07
1.248851272742941569e-07
1.242275408196183732e-07
1.235659415431362471e-07
1.229009950795378015e-07
1.222325073144161601e-07
1.215601694380717709e-07
1.208847349206835222e-07
1.202065090088129324e-07
1.195252399174093414e-07
1.188410809991408451e-07
1.181548331922376392e-07
1.174663498818339145e-07
1.167755008919504550e-07
1.160828769314201612e-07
1.153886151767517496e-07
1.146926039598793840e-07
1.139950926741721961e-07
1.132967844880349295e-07
1.125976830318706222e-07
1.118977956564482557e-07
1.111976655877019288e-07
1.104975817169630344e-07
1.097976018486735410e-07
1.090978965056151505e-07
1.083988359153435211e-07
1.077005823513692762e-07
1.070032805045195499e-07
1.063072343524641228e-07
1.056127850949098119e-07
1.049201470706289487e-07
1.042295670270198797e-07
1.035412413849376446e-07
1.028553850439923474e-07
1.021722868842140558e-07
1.014922747623225267e-07
1.008153063559274181e-07
1.001416164386290843e-07
9.947159271055433474e-08
9.880553427483072724e-08
9.814332941339298374e-08
9.748523861036057850e-08
9.683171486030761910e-08
9.618308146569587990e-08
9.553892432436438004e-08
9.489962770705763555e-08
9.426564572958054092e-08
9.363733694595662273e-08
9.301409647285745880e-08
9.239637008649800647e-08
9.178465586775349424e-08
9.117931491562552931e-08
9.057961906656780526e-08
8.998591488492463688e-08
8.939883058853938708e-08
8.881872320224007182e-08
8.824468436413334843e-08
8.767698130115236900e-08
8.711619802525268683e-08
8.656288590751925108e-08
8.601608897687454405e-08
8.547592159185884081e-08
8.494293554292375125e-08
8.441776046711571933e-08
8.389973861673384022e-08
8.338838150764449832e-08
8.288428736250871226e-08
8.238816744322235758e-08
8.189975576483415374e-08
8.141791082392877297e-08
8.094325021649620085e-08
8.047627374232479544e-08
8.001742842740876064e-08
7.956532252733175805e-08
7.912021702486151825e-08
7.868260989102443879e-08
7.825315040556360452e-08
7.783100679846000090e-08
7.741554107363917743e-08
7.700723305756144158e-08
7.660664714267844725e-08
7.621402446434594102e-08
7.582777327838977214e-08
7.544809111057575819e-08
7.507549655465669686e-08
7.471055314106341738e-08
7.435250184972481190e-08
7.400048061181456633e-08
7.365500997461736402e-08
7.331651296948066269e-08
7.298536664965070477e-08
7.266019755983068035e-08
7.234087040932291853e-08
7.202784393728823962e-08
7.172159709727845755e-08
7.142204064553831661e-08
7.112763546534698347e-08
7.083861733707160331e-08
7.055538693838299830e-08
7.027835255370952266e-08
7.000699839227275562e-08
6.974028980656747412e-08
6.947853879890476145e-08
6.922208886464260108e-08
6.897134792281919934e-08
6.872542311824881780e-08
6.848363608443961215e-08
6.824630216252380960e-08
6.801370612413657776e-08
6.778612587516439286e-08
6.756260037116569407e-08
6.734257953157837381e-08
6.712629513807525077e-08
6.691398720397469753e-08
6.670588573513238574e-08
6.650115163547116868e-08
6.629931072917024809e-08
6.610054866510398710e-08
6.590506233577655928e-08
6.571304285962276292e-08
6.552380555173093004e-08
6.533684481866821060e-08
6.515230528810154924e-08
6.497032061076565481e-08
6.479104215378680669e-08
6.461402808564470013e-08
6.443864721082314104e-08
6.426497637332300090e-08
6.409311271301352778e-08
6.392313942668508891e-08
6.375490524025995942e-08
6.358775606243098856e-08
6.342169191533683825e-08
6.325676252420482076e-08
6.309301372207111828e-08
6.293043124223076005e-08
6.276849408610913312e-08
6.260707284750789038e-08
6.244618354020498072e-08
6.228584412206120236e-08
6.212606083687603209e-08
6.196655958337425220e-08
6.180707779254290108e-08
6.164759339977521528e-08
6.148809106976802630e-08
6.132855244270296987e-08
6.116890001879963610e-08
6.100890632522656236e-08
6.084851129536558084e-08
6.068766404779237090e-08
6.052632828682320399e-08
6.036444711880614214e-08
6.020193234902396605e-08
6.003871392843890516e-08
5.987472259562578228e-08
5.970989854758755412e-08
5.954418514239693530e-08
5.937750314903936570e-08
5.920989347375739358e-08
5.904129421838192874e-08
5.887164493212267928e-08
5.870087756518777772e-08
5.852892851752903539e-08
5.835573342276900095e-08
5.818147744261138204e-08
5.800610986742569071e-08
5.782956207111735777e-08
5.765173585474278399e-08
5.747257505242635125e-08
5.729212359320618113e-08
5.711053985788553336e-08
5.692778826035241496e-08
5.674379534935370910e-08
5.655849243973381337e-08
5.637178326869902459e-08
5.618380072204910443e-08
5.599475967477851929e-08
5.580459185686022457e-08
5.561325061281355070e-08
5.542067691199622488e-08
5.522678022871030240e-08
5.503173379346684536e-08
5.483579219270137393e-08
5.463890672662515602e-08
5.444104299001188813e-08
5.424214502051906228e-08
5.404215570593872678e-08
5.384121265598828599e-08
5.363954841032685780e-08
5.343717582543625758e-08
5.323406192526835962e-08
5.303014501794762457e-08
5.282542958908359439e-08
5.261995588299467690e-08
5.241403978639368441e-08
5.220770700146538944e-08
5.200092274428930512e-08
5.179369958398137344e-08
5.158601258261015903e-08
5.137788802717977445e-08
5.116959337397081024e-08
5.096120822938326760e-08
5.075274947705358874e-08
5.054421190126984686e-08
5.033561774871680924e-08
5.012697672430026384e-08
4.991842273444473191e-08
4.971008120595898185e-08
4.950198060872250633e-08
4.929415075980977523e-08
4.908661340345322157e-08
4.887939817609191440e-08
4.867258618937225008e-08
4.846627661607625273e-08
4.826054230327442673e-08
4.805541305075052015e-08
4.785094737796374560e-08
4.764718391848686513e-08
4.744418804613050444e-08
4.724200998790496871e-08
4.704069809290682256e-08
4.684029072186098688e-08
4.664086368802358124e-08
4.644247252363099496e-08
4.624518053214848814e-08
4.604907071354275847e-08
4.585407755266515832e-08
4.566018247251712946e-08
4.546748477450033297e-08
4.527602913801853344e-08
4.508591499628329244e-08
4.489719164009165409e-08
4.470997559375313879e-08
4.452404748593619824e-08
4.433948413633255314e-08
4.415634177349230400e-08
4.397473045492324597e-08
4.379469906952510893e-08
4.361635928728939247e-08
4.343974403064241113e-08
4.326458388117459547e-08
4.309098243332123675e-08
4.291895468608865430e-08
4.274866367466661586e-08
4.258012949253147364e-08
4.241349371497234386e-08
4.224873785948709986e-08
4.208550374015717632e-08
4.192389448437050821e-08
4.176392053592754312e-08
4.160574599042618568e-08
4.144939208686951068e-08
4.129497052749218051e-08
4.114254463816380097e-08
4.099168210952053151e-08
4.084243336056229674e-08
4.069487281528742328e-08
4.054905949970963191e-08
4.040513374337607558e-08
4.026312292049372633e-08
4.012315040250155595e-08
3.998478786599710700e-08
3.984795429240304507e-08
3.971278120468944180e-08
3.957930432495712034e-08
3.944759477083216252e-08
3.931778660849178643e-08
3.918991487966091570e-08
3.906371245652577683e-08
3.893895018531836086e-08
3.881564746017157785e-08
3.869392483440409416e-08
3.857381714637085652e-08
3.845539084842310152e-08
3.833876299597956865e-08
3.822385924279553909e-08
3.811024367616582468e-08
3.799793991098850504e-08
3.788699958528618431e-08
3.777745862877206015e-08
3.766944348229133904e-08
3.756295238264632809e-08
3.745807478848094848e-08
3.735451061731623747e-08
3.725205953366026786e-08
3.715074009572101899e-08
3.705061545805997117e-08
3.695175331833886026e-08
3.685417763558571100e-08
3.675793700326512715e-08
3.666308035307549435e-08
3.656916624212284735e-08
3.647615351794474651e-08
3.638409727445590466e-08
3.629302139576923223e-08
3.620296224647460788e-08
3.611395898275715393e-08
3.602607222662064508e-08
3.593920686147501905e-08
3.585303568651242634e-08
3.576755802876619622e-08
3.568280939322605063e-08
3.559880501241136935e-08
3.551556276473460194e-08
3.543314792800313046e-08
3.535155684138158505e-08
3.527069334049087660e-08
3.519030883935367876e-08
3.511042888289350868e-08
3.503104867557078079e-08
3.495219128273158960e-08
3.487386763780373816e-08
3.479611781796023237e-08
3.471893800518019691e-08
3.464224897650915263e-08
3.456585427091618226e-08
3.448976096580063419e-08
3.441397157925281853e-08
3.433849239319731061e-08
3.426332641352673101e-08
3.418849980309199318e-08
3.411400806700622164e-08
3.403981175174496509e-08
3.396574986143035398e-08
3.389180345810868054e-08
3.381798608794907301e-08
3.374429129217840131e-08
3.367072014218479775e-08
3.359727253372631965e-08
3.352395676538294375e-08
3.345075399840340301e-08
3.337756170642322661e-08
3.330435052046326965e-08
3.323111687967377762e-08
3.315785495392532019e-08
3.308456497202895882e-08
3.301123967311635438e-08
3.293787807588033587e-08
3.286447046111510804e-08
3.279098322698992422e-08
3.271737878915604207e-08
3.264364890823182345e-08
3.256978830348267208e-08
3.249579088987021698e-08
3.242165041234003107e-08
3.234736101110495035e-08
3.227291104483299924e-08
3.219829603722669098e-08
3.212352403981728256e-08
3.204858782239437548e-08
3.197348155547144404e-08
3.189819755144858989e-08
3.182272490858694189e-08
3.174705926011865180e-08
3.167119602429659328e-08
3.159512733819994373e-08
3.151886653794621378e-08
3.144244524584505696e-08
3.136586049373602720e-08
3.128909939383993143e-08
3.121216194073164275e-08
3.113504403497087490e-08
3.105773719450105037e-08
3.098023694972402482e-08
3.090253882309046298e-08
3.082469026529921607e-08
3.074672074152707330e-08
3.066862555869798657e-08
3.059040697975826042e-08
3.051206155514354582e-08
3.043358483644277174e-08
3.035497535800323125e-08
3.027623139713626456e-08
3.019735119250319772e-08
3.011839804834285028e-08
3.003939723778769760e-08
2.996035405102504500e-08
2.988126993679967035e-08
2.980214501021824583e-08
2.972297957412233380e-08
2.964377526124933467e-08
2.956453422588081455e-08
2.948526010811323314e-08
2.940600032280270978e-08
2.932678130034148986e-08
2.924760758201416086e-08
2.916848471161447691e-08
2.908941742605160406e-08
2.901041019008170221e-08
2.893146764491063278e-08
2.885259551371850139e-08
2.877380491714809842e-08
2.869512200878939855e-08
2.861657331048310348e-08
2.853816769340776032e-08
2.845991366818000828e-08
2.838182016486489920e-08
2.830389649338154094e-08
2.822615080334477349e-08
2.814859097268693437e-08
2.807123012454224290e-08
2.799408325498847147e-08
2.791715660005736471e-08
2.784046116821229072e-08
2.776400939680959020e-08
2.768781269585273249e-08
2.761188169675316360e-08
2.753622791931349012e-08
2.746086376417381153e-08
2.738580282388673396e-08
2.731106559410103747e-08
2.723662747840168854e-08
2.716248094197716755e-08
2.708864096603418060e-08
2.701512114592517474e-08
2.694193491427598733e-08
2.686909522041265807e-08
2.679661529063703987e-08
2.672450835499380255e-08
2.665279054619587485e-08
2.658147604863597782e-08
2.651050461037854501e-08
2.643988149632790782e-08
2.636962191354715789e-08
2.629974103856582111e-08
2.623025285045996800e-08
2.616117539337147564e-08
2.609252109715662818e-08
2.602430453310368350e-08
2.595654690742247188e-08
2.588922834411794869e-08
2.582228263267421517e-08
2.575571867678777724e-08
2.568955035154553918e-08
2.562379255227466155e-08
2.555846111843997281e-08
2.549357154132182792e-08
2.542913805704284149e-08
2.536517619628512102e-08
2.530171184144963797e-08
2.523869488931316619e-08
2.517604772335393274e-08
2.511377918217082154e-08
2.505190267129685460e-08
2.499043224402706156e-08
2.492938292404601373e-08
2.486876945378564767e-08
2.480860481629251703e-08
2.474890566149441179e-08
2.468969143830921798e-08
2.463092138014415351e-08
2.457250725634149778e-08
2.451445295880570982e-08
2.445677117604336558e-08
2.439947550943275412e-08
2.434257921757795184e-08
2.428609773757600572e-08
2.423004213278148971e-08
2.417442412969687237e-08
2.411925788673908736e-08
2.406453565286944567e-08
2.401014048353791273e-08
2.395606972854863036e-08
2.390233589744929338e-08
2.384894881556714959e-08
2.379591817039883276e-08
2.374325542232724745e-08
2.369097338043310711e-08
2.363908296579178441e-08
2.358759513426475332e-08
2.353652476027895737e-08
2.348576860836323442e-08
2.343528108462811193e-08
2.338507142993519344e-08
2.333515184111390616e-08
2.328552812973339852e-08
2.323620843093533135e-08
2.318720266702097522e-08
2.313852033825926448e-08
2.309017230553147319e-08
2.304216736872128933e-08
2.299448015289213510e-08
2.294701492405758864e-08
2.289976833999918260e-08
2.285274896237655568e-08
2.280596211476597997e-08
2.275941504264675111e-08
2.271311603668057671e-08
2.266707069247331630e-08
2.262128696603173553e-08
2.257577063825743035e-08
2.253053538959227045e-08
2.248551750725094650e-08
2.244066364432750478e-08
2.239597853916264336e-08
2.235146642151992672e-08
2.230713134548466970e-08
2.226297981699765740e-08
2.221901448018770908e-08
2.217524053637396110e-08
2.213166567592024320e-08
2.208829439723458321e-08
2.204513404251816832e-08
2.200212341129153190e-08
2.195922724289376624e-08
2.191644872763193687e-08
2.187379139510855765e-08
2.183125926495040564e-08
2.178885547154814281e-08
2.174658226244463068e-08
2.170444262952138037e-08
2.166244177648228993e-08
2.162058359054931438e-08
2.157887368404299973e-08
2.153726788357143923e-08
2.149573898648724590e-08
2.145428888040797161e-08
2.141292074864142032e-08
2.137163601663353754e-08
2.133043702085058959e-08
2.128932511346834894e-08
2.124830480854740017e-08
2.120737773689814373e-08
2.116654694295254746e-08
2.112581683448162392e-08
2.108516506994567745e-08
2.104456877543172238e-08
2.100402615509838883e-08
2.096354033864539417e-08
2.092311247124574204e-08
2.088274501711596224e-08
2.084244161419804312e-08
2.080220127998704294e-08
2.076202581947443477e-08
2.072191810877432222e-08
2.068187949295418057e-08
2.064190924651407776e-08
2.060198366090999979e-08
2.056210342241681857e-08
2.052226718574321048e-08
2.048247769024833081e-08
2.044273495775220819e-08
2.040304163924462875e-08
2.036340072583881163e-08
2.032381128345841760e-08
2.028427573651920850e-08
2.024479728677295869e-08
2.020537999509050437e-08
2.016601326459187477e-08
2.012669022963316246e-08
2.008741021864064236e-08
2.004817722896397283e-08
2.000899200848427389e-08
1.996985711986581304e-08
1.993077487059226774e-08
1.989174487133206414e-08
1.985277064774172050e-08
1.981385346535926668e-08
1.977499448556994005e-08
1.973619972832193093e-08
1.969746142498291497e-08
1.965877446761715300e-08
1.962014269142654475e-08
1.958156663401264148e-08
1.954305079598344058e-08
1.950459502968586930e-08
1.946620361404004007e-08
1.942787863060178963e-08
1.938962035840975421e-08
1.935143345501834503e-08
1.931331862513631940e-08
1.927527845538590446e-08
1.923731136888325088e-08
1.919940875233643037e-08
1.916157626951843949e-08
1.912381452795024941e-08
1.908612844813889497e-08
1.904851831316047764e-08
1.901098965049210776e-08
1.897354452880330947e-08
1.893618327340916300e-08
1.889891124654074559e-08
1.886172827805378811e-08
1.882464160813677689e-08
1.878764279780277454e-08
1.875072364493197924e-08
1.871388963324150616e-08
1.867714095662943589e-08
1.864048352627285148e-08
1.860392011592060136e-08
1.856745670336328503e-08
1.853108936230375591e-08
1.849482642726959585e-08
1.845866651946570845e-08
1.842261552288008420e-08
1.838668398004692098e-08
1.835085307089402673e-08
1.831511792309780273e-08
1.827947447148409169e-08
1.824393310372101702e-08
1.820849751574304180e-08
1.817316714255917242e-08
1.813794403942636486e-08
1.810283561319791871e-08
1.806783895425131214e-08
1.803296597741371342e-08
1.799821508486731055e-08
1.796359331926440018e-08
1.792909304747593313e-08
1.789469753429279090e-08
1.786040961264858814e-08
1.782622707802973374e-08
1.779215288683036701e-08
1.775819132687039545e-08
1.772434405357314405e-08
1.769062413195512560e-08
1.765702264770463203e-08
1.762354873669055519e-08
1.759020053322968823e-08
1.755698852947829600e-08
1.752391876050045737e-08
1.749097140253659078e-08
1.745812473343835103e-08
1.742538154830262594e-08
1.739275445276869687e-08
1.736023819233583192e-08
1.732783403667086017e-08
1.729554871441474207e-08
1.726338151928245819e-08
1.723134823132692036e-08
1.719943775006190663e-08
1.716765899311630462e-08
1.713600912134187189e-08
1.710450849959724291e-08
1.707311911162511692e-08
1.704183045397806812e-08
1.701063687276841119e-08
1.697955301026890827e-08
1.694857753943370265e-08
1.691770784761183696e-08
1.688695191915490613e-08
1.685630724514106997e-08
1.682578969870554048e-08
1.679538952507560234e-08
1.676511373615327838e-08
1.673496004348219592e-08
1.670494790894422584e-08
1.667504081756294546e-08
1.664522543594350914e-08
1.661549696627871492e-08
1.658587204262176417e-08
1.655634318423963485e-08
1.652691258191215234e-08
1.649758237638738408e-08
1.646836181319909453e-08
1.643925010909336305e-08
1.641024756885547092e-08
1.638135465532539636e-08
1.635258087544071446e-08
1.632393070215362151e-08
1.629538553023868923e-08
1.626691528632424326e-08
1.623853470878546834e-08
1.621023515509729762e-08
1.618201985885193051e-08
1.615388989935479572e-08
1.612585455137628368e-08
1.609791124237948474e-08
1.607006128151718091e-08
1.604230428897904426e-08
1.601464995343258602e-08
1.598709844963980778e-08
1.595964777261449725e-08
1.593230030938814403e-08
1.590503485729158172e-08
1.587783548867897169e-08
1.585070456867152618e-08
1.582364610174546819e-08
1.579666663434853799e-08
1.576975950680759985e-08
1.574293067092167341e-08
1.571618008513353225e-08
1.568951706774006212e-08
1.566293455601809383e-08
1.563643487939673074e-08
1.561002550817519673e-08
1.558371041329349335e-08
1.555747550575771901e-08
1.553129922098990127e-08
1.550518858324484733e-08
1.547913823271627723e-08
1.545314925209535262e-08
1.542722683926022123e-08
1.540137432951072907e-08
1.537558829574916942e-08
1.534987031228289937e-08
1.532422799011677523e-08
1.529865896248830291e-08
1.527316435453144342e-08
1.524774459748779286e-08
1.522241013601565459e-08
1.519714401498869462e-08
1.517192669273279473e-08
1.514677051505408947e-08
1.512166766037482229e-08
1.509662043638968773e-08
1.507163109094826919e-08
1.504670586057300477e-08
1.502183911341908682e-08
1.499703386389975467e-08
1.497229597231263210e-08
1.494762375753744601e-08
1.492301800348250959e-08
1.489847971220591634e-08
1.487401750055588390e-08
1.484961791626641866e-08
1.482526365951972478e-08
1.480096295124321136e-08
1.477671054383590975e-08
1.475250667002938664e-08
1.472835827500105803e-08
1.470426377464057494e-08
1.468022396221001221e-08
1.465623761342448984e-08
1.463231522792632835e-08
1.460844961183609122e-08
1.458464182625940726e-08
1.456090014243156963e-08
1.453722313679898050e-08
1.451360483947830304e-08
1.449004052249599307e-08
1.446652073476686356e-08
1.444304615355323176e-08
1.441962279607524301e-08
1.439625048863523234e-08
1.437292818321810779e-08
1.434965656224861918e-08
1.432644412844093908e-08
1.430328496641805759e-08
1.428017960243658176e-08
1.425713677048095355e-08
1.423415212187566724e-08
1.421122483287481232e-08
1.418836676614197438e-08
1.416556152509055199e-08
1.414279785800354209e-08
1.412008612519841891e-08
1.409742113567868607e-08
1.407480292982746487e-08
1.405223662663865846e-08
1.402972308251725318e-08
1.400726144752549160e-08
1.398485230662606253e-08
1.396250223088691332e-08
1.394020753543124861e-08
1.391796820881609501e-08
1.389579199789353728e-08
1.387367584084353489e-08
1.385162153599578246e-08
1.382961828434955539e-08
1.380765919485731310e-08
1.378574481170761317e-08
1.376388046638721636e-08
1.374206215636203207e-08
1.372029248328822064e-08
1.369857816949213673e-08
1.367691321072382368e-08
1.365529869274444128e-08
1.363374440250676037e-08
1.361224351313714808e-08
1.359079670455945969e-08
1.356941223370521079e-08
1.354808685372149915e-08
1.352682077141241642e-08
1.350560573353261032e-08
1.348443387646336432e-08
1.346330603522200507e-08
1.344222781351281622e-08
1.342119501121365825e-08
1.340021062340822055e-08
1.337927992616265748e-08
1.335839858105336942e-08
1.333756684773591248e-08
1.331679419510516201e-08
1.329607403539967657e-08
1.327540734467868234e-08
1.325480243419853184e-08
1.323425325992767455e-08
1.321376671185668132e-08
1.319332945092848315e-08
1.317293234524762306e-08
1.315258319730358794e-08
1.313227859665371283e-08
1.311201654086669159e-08
1.309180675450917441e-08
1.307164268627604606e-08
1.305152681415971218e-08
1.303146556435322776e-08
1.301145385990248327e-08
1.299149211123854070e-08
1.297158932732714079e-08
1.295173987440078225e-08
1.293194382832598601e-08
1.291221084657744124e-08
1.289252880525981691e-08
1.287288910494539185e-08
1.285329052023334498e-08
1.283373101756002326e-08
1.281421789721024051e-08
1.279474774128917231e-08
1.277531988767397951e-08
1.275594255500118784e-08
1.273660931899217410e-08
1.271732157307925040e-08
1.269808804206035625e-08
1.267890221771548978e-08
1.265976454129546171e-08
1.264068351082706351e-08
1.262165234933012894e-08
1.260267910096670848e-08
1.258375051679361462e-08
1.256485473292907619e-08
1.254600442589446893e-08
1.252719006364695691e-08
1.250841428590574229e-08
1.248968308427467905e-08
1.247099152047996650e-08
1.245234247066937779e-08
1.243373893712066985e-08
1.241517807434692843e-08
1.239666550404676378e-08
1.237819869792790979e-08
1.235977673493195088e-08
1.234140709905736999e-08
1.232308588040148714e-08
1.230481629142601091e-08
1.228658763171848246e-08
1.226839048578184373e-08
1.225023426019539800e-08
1.223211262805449166e-08
1.221402615460902418e-08
1.219598210026452052e-08
1.217797469899523542e-08
1.216000718129623702e-08
1.214208156843249158e-08
1.212419624058086667e-08
1.210635620708470474e-08
1.208855845092117211e-08
1.207080247525143033e-08
1.205309573359169502e-08
1.203543252521187327e-08
1.201781981234816139e-08
1.200024641551991574e-08
1.198270214213872429e-08
1.196519577891385211e-08
1.194772064665326857e-08
1.193028113439095236e-08
1.191287808461920820e-08
1.189550878728606362e-08
1.187818070903252964e-08
1.186088825714862166e-08
1.184363243438742867e-08
1.182642034229700162e-08
1.180924590879014135e-08
1.179211440136820377e-08
1.177502466204409380e-08
1.175797534074043241e-08
1.174097480045058277e-08
1.172401233185789539e-08
1.170708441788702535e-08
1.169018700324953190e-08
1.167331889163197998e-08
1.165648642655998016e-08
1.163968479023487226e-08
1.162291901900743579e-08
1.160618694635053112e-08
1.158948866294449465e-08
1.157283083638081067e-08
1.155620732402154431e-08
1.153962176233315752e-08
1.152307554251921192e-08
1.150656598830333430e-08
1.149009991357267337e-08
1.147367272335811533e-08
1.145729002121348464e-08
1.144094291243529699e-08
1.142462304003254593e-08
1.140833628308274859e-08
1.139207809667751040e-08
1.137585451785978601e-08
1.135966174464923433e-08
1.134350100423422038e-08
1.132737694584591022e-08
1.131128469082888900e-08
1.129523061994273093e-08
1.127921122291663928e-08
1.126322599776646403e-08
1.124728264217013298e-08
1.123137363974066145e-08
1.121550669185678495e-08
1.119967863692666552e-08
1.118389222922947065e-08
1.116813999572545926e-08
1.115241353144987408e-08
1.113672104031915488e-08
1.112105594176493849e-08
1.110542424202952875e-08
1.108982309727970925e-08
1.107425307766717568e-08
1.105871903833357259e-08
1.104321583879418938e-08
1.102775031631898907e-08
1.101231835789845585e-08
1.099692053843420297e-08
1.098156234245670569e-08
1.096623771249123298e-08
1.095095477913789324e-08
1.093570854428166736e-08
1.092050462951958614e-08
1.090533430024566410e-08
1.089019055323798091e-08
1.087507720282784222e-08
1.085998909916204864e-08
1.084493619063801616e-08
1.082991011529619526e-08
1.081491647006147266e-08
1.079995386193373149e-08
1.078502178828064963e-08
1.077012661789059198e-08
1.075526162032793712e-08
1.074043377529951824e-08
1.072563932087674699e-08
1.071087921358175340e-08
1.069615784704441434e-08
1.068146998259772539e-08
1.066682475645883637e-08
1.065221084086562506e-08
1.063763092626323972e-08
1.062307486117761893e-08
1.060854769017940139e-08
1.059404905931775982e-08
1.057957761677798772e-08
1.056513808375447716e-08
1.055072575753784123e-08
1.053634808673026370e-08
1.052199918211506601e-08
1.050768331053733850e-08
1.049339991466073922e-08
1.047914720263991847e-08
1.046493253074650493e-08
1.045074807050256021e-08
1.043660259675426087e-08
1.042248988881868495e-08
1.040841750254065584e-08
1.039437569247052986e-08
1.038035997306319414e-08
1.036637078696417359e-08
1.035240607044924168e-08
1.033847108073293954e-08
1.032456020172949593e-08
1.031068215745532517e-08
1.029682961419304431e-08
1.028300842381568246e-08
1.026921596311274602e-08
1.025545296282129401e-08
1.024172283094935567e-08
1.022802141257037016e-08
1.021435621060589713e-08
1.020071996384862710e-08
1.018711986855018846e-08
1.017355201086506708e-08
1.016002133894798095e-08
1.014651939496046379e-08
1.013304111542839611e-08
1.011958755612491080e-08
1.010615652602285216e-08
1.009275292938946620e-08
1.007937126487992756e-08
1.006602022662305328e-08
1.005269203402738327e-08
1.003939381649082280e-08
1.002612110444326730e-08
1.001287670166758334e-08
9.999661345983648315e-09
9.986472654744360749e-09
9.973317145189134482e-09
9.960188109280908494e-09
9.947093244510755451e-09
9.934025628783238044e-09
9.920994847905116273e-09
9.907989785473403323e-09
9.895010042053743369e-09
9.882050236792576616e-09
9.869113693027645393e-09
9.856199647458020040e-09
9.843308268867838253e-09
9.830441811027223716e-09
9.817597275575536607e-09
9.804780103019871145e-09
9.791985346400121948e-09
9.779219313302144393e-09
9.766476164501078304e-09
9.753762175243987575e-09
9.741073409643223187e-09
9.728412474318525469e-09
9.715779714071607840e-09
9.703173559167694840e-09
9.690599174930003730e-09
9.678053153248017592e-09
9.665531365333414584e-09
9.653027562013936635e-09
9.640546546341105841e-09
9.628083271774099751e-09
9.615644778449178101e-09
9.603224619911754881e-09
9.590830168041518161e-09
9.578455226762516492e-09
9.566105623567540330e-09
9.553777592094568015e-09
9.541474103037943014e-09
9.529194709729731498e-09
9.516938942970258187e-09
9.504709920643881943e-09
9.492503488232086815e-09
9.480327127601959473e-09
9.468173428688089240e-09
9.456050745319334878e-09
9.443951240926614739e-09
9.431875168294752376e-09
9.419814462658696192e-09
9.407776451253629917e-09
9.395754413579694768e-09
9.383756080636714191e-09
9.371774656581005552e-09
9.359816616299666967e-09
9.347877311135435253e-09
9.335960989753951149e-09
9.324065407740503699e-09
9.312192301746311641e-09
9.300342051730668216e-09
9.288513661730561910e-09
9.276710357088719907e-09
9.264928224008097565e-09
9.253173799457358950e-09
9.241440786169313236e-09
9.229736583372808767e-09
9.218054847039884882e-09
9.206394992089982854e-09
9.194750319229751019e-09
9.183126340064114915e-09
9.171517744104128210e-09
9.159931098794935331e-09
9.148360377862482240e-09
9.136812620018868503e-09
9.125281513426452640e-09
9.113773507081007185e-09
9.102283428867994959e-09
9.090816819475518837e-09
9.079369612772866544e-09
9.067945622082684683e-09
9.056542559876937098e-09
9.045162608138471043e-09
9.033805198629939896e-09
9.022470834041078742e-09
9.011160631296744418e-09
8.999875713529210197e-09
8.988611140371908421e-09
8.977364055186952823e-09
8.966134123656720730e-09
8.954922008004810158e-09
8.943727976537011867e-09
8.932552359512133734e-09
8.921395578804862963e-09
8.910257693956318479e-09
8.899139791434320466e-09
8.888040962040406814e-09
8.876963381769212858e-09
8.865904824158571664e-09
8.854869029700849789e-09
8.843852111966190438e-09
8.832859571798973061e-09
8.821886053664642144e-09
8.810938336095323515e-09
8.800010090447701044e-09
8.789108632243258769e-09
8.778228147159365846e-09
8.767368215117600784e-09
8.756523091727997447e-09
8.745696930786192030e-09
8.734886179985936851e-09
8.724095112275214482e-09
8.713320081653358476e-09
8.702565472698241186e-09
8.691827576949360521e-09
8.681110971307437953e-09
8.670411346053569752e-09
8.659734154434017215e-09
8.649074439055280459e-09
8.638438354935000162e-09
8.627819914831047352e-09
8.617225855340213876e-09
8.606649950721910956e-09
8.596099165644944063e-09
8.585567293999371404e-09
8.575061909878120301e-09
8.564576564055501717e-09
8.554111300846644943e-09
8.543660252766684562e-09
8.533227553584221524e-09
8.522809821405033979e-09
8.512410924756594928e-09
8.502027785485858400e-09
8.491664082999014444e-09
8.481316836917292468e-09
8.470989798603659842e-09
8.460680081062698508e-09
8.450391002744962594e-09
8.440119565743798774e-09
8.429869644732600568e-09
8.419637686517004595e-09
8.409428244199623681e-09
8.399237166685389314e-09
8.389069574251704431e-09
8.378920881170966846e-09
8.368796152905793575e-09
8.358693549079658694e-09
8.348609517955949142e-09
8.338541056125032095e-09
8.328488237836624571e-09
8.318452364213694148e-09
8.308431823068529737e-09
8.298429697211994944e-09
8.288442906836677608e-09
8.278475263605729626e-09
8.268523328146335446e-09
8.258591274468486524e-09
8.248675422464538689e-09
8.238780218501434217e-09
8.228901807571590026e-09
8.219044914842184545e-09
8.209205142784340697e-09
8.199387467893847048e-09
8.189587594677410505e-09
8.179810829141359931e-09
8.170051821686245078e-09
8.160318073159142643e-09
8.150601618157259700e-09
8.140904242802511230e-09
8.131219211242648997e-09
8.121551516987739588e-09
8.111897215976350414e-09
8.102260254933063404e-09
8.092637825770364072e-09
8.083032958708253152e-09
8.073443966640158090e-09
8.063872418052140841e-09
8.054317675555260330e-09
8.044780339397134920e-09
8.035260640512493169e-09
8.025758650758844107e-09
8.016275307624312823e-09
8.006809816795274426e-09
7.997363964596551301e-09
7.987935846664730372e-09
7.978529006331073571e-09
7.969139719350985448e-09
7.959774243325740838e-09
7.950424444489238909e-09
7.941092794064528694e-09
7.931772018843769528e-09
7.922467625764932283e-09
7.913175247797911104e-09
7.903899052641679951e-09
7.894636114157648180e-09
7.885389417214105848e-09
7.876157514775660364e-09
7.866941375723138820e-09
7.857741048599762848e-09
7.848556235442459649e-09
7.839388244923088430e-09
7.830235859409577715e-09
7.821101522181946903e-09
7.811982566591425906e-09
7.802882969207190437e-09
7.793798842821296258e-09
7.784735234438945015e-09
7.775686781697785917e-09
7.766660491005873597e-09
7.757649987231190064e-09
7.748655563162584938e-09
7.739672483572629769e-09
7.730703004694011248e-09
7.721746334892962877e-09
7.712802987525506944e-09
7.703874305661891148e-09
7.694957908169499002e-09
7.686057462768695194e-09
7.677168930105770201e-09
7.668297655738521819e-09
7.659438602177060107e-09
7.650597086478307588e-09
7.641768016791052115e-09
7.632957819199321307e-09
7.624160549951370088e-09
7.615381831771057699e-09
7.606616883368079793e-09
7.597870332017459566e-09
7.589138919731083855e-09
7.580425044263101813e-09
7.571729963131572312e-09
7.563048149372026902e-09
7.554381460401904741e-09
7.545724292189808634e-09
7.537082209988743223e-09
7.528449755500777455e-09
7.519831781315462168e-09
7.511224911955546572e-09
7.502632208886875761e-09
7.494052534763149661e-09
7.485486100570107731e-09
7.476933799384458634e-09
7.468394141664524308e-09
7.459870008947609591e-09
7.451358629837326350e-09
7.442863702510913802e-09
7.434381339239345283e-09
7.425916840195547897e-09
7.417464497481660550e-09
7.409030484094221920e-09
7.400609679159312736e-09
7.392206616954190593e-09
7.383819952931470013e-09
7.375446219449892961e-09
7.367085506283578112e-09
7.358733589696115711e-09
7.350396716539281499e-09
7.342068477049153428e-09
7.333754037984145170e-09
7.325449766334706642e-09
7.317158861789715559e-09
7.308880221074323818e-09
7.300613831868710172e-09
7.292360845153834267e-09
7.284119338215322493e-09
7.275893050186318222e-09
7.267678092445969186e-09
7.259478936393689887e-09
7.251291504282632653e-09
7.243120742200804693e-09
7.234961771099959788e-09
7.226819230095716949e-09
7.218689806689297486e-09
7.210575484628389710e-09
7.202478204392807964e-09
7.194392392173935812e-09
7.186321447663741376e-09
7.178258489803674967e-09
7.170208100809581529e-09
7.162167211380858165e-09
7.154138172667016188e-09
7.146121003507092394e-09
7.138114411920408849e-09
7.130121162813957995e-09
7.122137823273466962e-09
7.114169031878043759e-09
7.106210318497252491e-09
7.098266858220664819e-09
7.090334509776029154e-09
7.082416101764484225e-09
7.074510002691758836e-09
7.066617129315960904e-09
7.058738406728882542e-09
7.050872287319355519e-09
7.043022485351211531e-09
7.035184252775932738e-09
7.027363227584688998e-09
7.019555482772100847e-09
7.011760042100063471e-09
7.003975311840020711e-09
6.996199522047355382e-09
6.988437148505659174e-09
6.980683243442122580e-09
6.972942610845505516e-09
6.965211036531475625e-09
6.957491984588673462e-09
6.949784502306079615e-09
6.942087911814600128e-09
6.934404224017559720e-09
6.926730955603161015e-09
6.919072083779824075e-09
6.911423297679038653e-09
6.903790352961064547e-09
6.896167909682710655e-09
6.888559615940145032e-09
6.880963783381842810e-09
6.873380502705761812e-09
6.865812892600770145e-09
6.858256887854166368e-09
6.850717971803878619e-09
6.843191194186745253e-09
6.835676516409331303e-09
6.828171561852076342e-09
6.820675644002634009e-09
6.813192307113582488e-09
6.805717184206428686e-09
6.798255010625112750e-09
6.790801414287727551e-09
6.783359812352946494e-09
6.775929489641323518e-09
6.768509210645454640e-09
6.761101747575011972e-09
6.753703980756985964e-09
6.746320079124588419e-09
6.738946832911647551e-09
6.731587333490635816e-09
6.724238615085620708e-09
6.716902495060508558e-09
6.709579376450326077e-09
6.702267936183901280e-09
6.694971994674511032e-09
6.687686502677610332e-09
6.680416552973374032e-09
6.673160076205637833e-09
6.665914195247125134e-09
6.658679446994673994e-09
6.651452716483462834e-09
6.644238006886326147e-09
6.637030946396437371e-09
6.629834546128203144e-09
6.622648665167848414e-09
6.615471707937779666e-09
6.608307220166221454e-09
6.601150924545694607e-09
6.594007989231720852e-09
6.586874655170662433e-09
6.579753056476919209e-09
6.572642289504227467e-09
6.565541907211882780e-09
6.558454924814789039e-09
6.551377688633931920e-09
6.544314981498913693e-09
6.537262243540418506e-09
6.530222864882212024e-09
6.523195131765876331e-09
6.516179303790918616e-09
6.509179436739772711e-09
6.502189860356712600e-09
6.495211486367736782e-09
6.488241217556010900e-09
6.481279446888863710e-09
6.474328873188213865e-09
6.467385808360401969e-09
6.460454267488339849e-09
6.453530598659454070e-09
6.446617487691517997e-09
6.439714806077181154e-09
6.432820342019034124e-09
6.425938420155082958e-09
6.419064852603602527e-09
6.412204321407615788e-09
6.405353049301573517e-09
6.398512274503839248e-09
6.391683328033879928e-09
6.384863919239775421e-09
6.378058442168218101e-09
6.371262023401210427e-09
6.364479209895817765e-09
6.357706819279071832e-09
6.350945769232712899e-09
6.344199947923842482e-09
6.337463815141355539e-09
6.330738293192340652e-09
6.324020369323497408e-09
6.317310294959516277e-09
6.310611117245302457e-09
6.303918974969791329e-09
6.297237324760744662e-09
6.290563611639023220e-09
6.283899211260993189e-09
6.277245038696985644e-09
6.270598437310300557e-09
6.263963964321331116e-09
6.257337853629151913e-09
6.250722589781119178e-09
6.244116824742578874e-09
6.237520316650880492e-09
6.230935851955655056e-09
6.224360074343481041e-09
6.217797468353331011e-09
6.211243846586012339e-09
6.204700833157511419e-09
6.198170310231988434e-09
6.191649240379155751e-09
6.185141914107385219e-09
6.178645091625461815e-09
6.172157404999453476e-09
6.165678981965940472e-09
6.159207489979653899e-09
6.152745628409073652e-09
6.146290303621372705e-09
6.139843489056410883e-09
6.133406281472177375e-09
6.126975678655969705e-09
6.120556168190948045e-09
6.114144017439778667e-09
6.107741320708792797e-09
6.101347815501489945e-09
6.094962086020080677e-09
6.088587541425725365e-09
6.082221693992833898e-09
6.075866137786706837e-09
6.069519661950087063e-09
6.063182115902272230e-09
6.056856632030451495e-09
6.050538906361943839e-09
6.044234039773868392e-09
6.037937832921593225e-09
6.031651671792474068e-09
6.025379127982906616e-09
6.019115135368029750e-09
6.012860304873045013e-09
6.006612738641431538e-09
6.000371247730470361e-09
5.994140857654510191e-09
5.987915786610243008e-09
5.981699141774088616e-09
5.975491000694934201e-09
5.969289277992676123e-09
5.963098217213416851e-09
5.956913723028957027e-09
5.950739031425811727e-09
5.944572578656835074e-09
5.938413481669954989e-09
5.932265010904999831e-09
5.926124531903512080e-09
5.919994269242472691e-09
5.913872340231179664e-09
5.907758886334971254e-09
5.901656909306884019e-09
5.895562319400078424e-09
5.889479704192228812e-09
5.883405403711871913e-09
5.877340568457102343e-09
5.871288745134863932e-09
5.865245069258846116e-09
5.859209852312139000e-09
5.853182251939046744e-09
5.847160743424843190e-09
5.841148768024303858e-09
5.835142254506903150e-09
5.829143411843991228e-09
5.823153320684255384e-09
5.817169297509528197e-09
5.811194926306461041e-09
5.805227742013879235e-09
5.799268090907084547e-09
5.793317546521289093e-09
5.787373603029752431e-09
5.781440650445460380e-09
5.775514858268291372e-09
5.769596974124265414e-09
5.763689115827983252e-09
5.757788540441915387e-09
5.751899348197291542e-09
5.746017611976729515e-09
5.740144476487313518e-09
5.734282697378353004e-09
5.728428153739185656e-09
5.722584961868362022e-09
5.716751576903768399e-09
5.710925492367253824e-09
5.705109376461695316e-09
5.699297998361144419e-09
5.693493324782093099e-09
5.687696800093106134e-09
5.681906192369521795e-09
5.676124092135507227e-09
5.670348474409289125e-09
5.664579601478547059e-09
5.658819744568450887e-09
5.653065940674786553e-09
5.647321371505510485e-09
5.641584111959833007e-09
5.635853438536621288e-09
5.630132436322023285e-09
5.624418917378857836e-09
5.618714185130770491e-09
5.613017286885190445e-09
5.607327843413636048e-09
5.601649170452967217e-09
5.595977610576294508e-09
5.590315095202288211e-09
5.584662021255717586e-09
5.579016702108778081e-09
5.573382172077794556e-09
5.567756665535451117e-09
5.562137794126810553e-09
5.556528828525669259e-09
5.550924166164077980e-09
5.545326053991606266e-09
5.539735477436251988e-09
5.534150499179064721e-09
5.528573984260019460e-09
5.523003466181873263e-09
5.517439393870559546e-09
5.511884009806266930e-09
5.506334437223277807e-09
5.500793613160238710e-09
5.495259778819160134e-09
5.489732160622387578e-09
5.484214080166196720e-09
5.478703099088199088e-09
5.473199798334996703e-09
5.467704792520234127e-09
5.462216549413377489e-09
5.456738817847299301e-09
5.451267814747739093e-09
5.445804578188522109e-09
5.440351827601888653e-09
5.434905383780630124e-09
5.429469325356222497e-09
5.424042348412722855e-09
5.418622644087656330e-09
5.413211135963332012e-09
5.407804473065864432e-09
5.402403204895761579e-09
5.397011128532897604e-09
5.391623371952328182e-09
5.386242349158866223e-09
5.380868756713449824e-09
5.375500419645118534e-09
5.370140498533113865e-09
5.364787008483812015e-09
5.359439189753907732e-09
5.354100209397233336e-09
5.348767337173977211e-09
5.343442528980201496e-09
5.338124589214262525e-09
5.332812879042792303e-09
5.327511279598383810e-09
5.322215724694037610e-09
5.316927388822373482e-09
5.311648423867612768e-09
5.306375509029106773e-09
5.301112557728936686e-09
5.295856548098812720e-09
5.290608285752018334e-09
5.285370212976164643e-09
5.280139755079116281e-09
5.274915292462365854e-09
5.269699954877706740e-09
5.264488372614571363e-09
5.259282510922490713e-09
5.254083756130237663e-09
5.248890157479990072e-09
5.243703420261283124e-09
5.238522968054302058e-09
5.233347370516320344e-09
5.228180457491795665e-09
5.223018911144486192e-09
5.217863709245840612e-09
5.212715975190342661e-09
5.207573770737399754e-09
5.202440246547861548e-09
5.197312626624104741e-09
5.192191070134787061e-09
5.187078802845865133e-09
5.181972425871701533e-09
5.176872918540585715e-09
5.171782237001819507e-09
5.166697267599801442e-09
5.161621682231126809e-09
5.156552781707722978e-09
5.151491043612742389e-09
5.146438801373638763e-09
5.141394122595792764e-09
5.136355149807211846e-09
5.131324826342502870e-09
5.126297958478073266e-09
5.121276209120502893e-09
5.116262137170511556e-09
5.111252309558524046e-09
5.106248554809057862e-09
5.101251330893096845e-09
5.096258836177685802e-09
5.091273835014486993e-09
5.086294702793314967e-09
5.081320383994030031e-09
5.076354249048492344e-09
5.071393812560990069e-09
5.066439385979830365e-09
5.061492285136366315e-09
5.056550775803598227e-09
5.051617428304038520e-09
5.046689986256602647e-09
5.041768524529367317e-09
5.036856239149820165e-09
5.031949558145529189e-09
5.027049432498912289e-09
5.022158412301176041e-09
5.017272838830396206e-09
5.012395266700387705e-09
5.007526695060048180e-09
5.002664178679825718e-09
4.997807765140555359e-09
4.992956903325295776e-09
4.988111010515952465e-09
4.983271068408780685e-09
4.978436148467445296e-09
4.973605752737447988e-09
4.968782989674402025e-09
4.963964663711683451e-09
4.959151226893942261e-09
4.954345510762118736e-09
4.949544430576157288e-09
4.944749478675346836e-09
4.939960934723331347e-09
4.935177435528118178e-09
4.930401702579638818e-09
4.925631302895655418e-09
4.920866110408298033e-09
4.916109893197068391e-09
4.911358608053467929e-09
4.906613126732265963e-09
4.901876122901935412e-09
4.897144571764353288e-09
4.892419529163210983e-09
4.887702935772420771e-09
4.882991255702781971e-09
4.878288011705384766e-09
4.873592555601586361e-09
4.868903039608034993e-09
4.864219426099428710e-09
4.859540773150686978e-09
4.854866835960189054e-09
4.850198727890208422e-09
4.845535283421881031e-09
4.840876179365319080e-09
4.836224228443390118e-09
4.831576632957265049e-09
4.826933499113462021e-09
4.822297800627481745e-09
4.817666663050500632e-09
4.813040707555247244e-09
4.808421414287997694e-09
4.803807238558606648e-09
4.799199329088259035e-09
4.794597302441392905e-09
4.790000229359174694e-09
4.785411050483568798e-09
4.780826905119697262e-09
4.776248140266065860e-09
4.771677750175330355e-09
4.767112337837823677e-09
4.762552699892703809e-09
4.758001472402084153e-09
4.753455353953144133e-09
4.748915560837880449e-09
4.744384833858085270e-09
4.739859295341425075e-09
4.735338854625433050e-09
4.730825500053653521e-09
4.726315284734745778e-09
4.721809444464796527e-09
4.717310126565180564e-09
4.712814466193742309e-09
4.708323830839101146e-09
4.703839153120720324e-09
4.699358525199954513e-09
4.694883827982325876e-09
4.690414474061237187e-09
4.685949247687734992e-09
4.681491083321026333e-09
4.677037749447641789e-09
4.672588624968139348e-09
4.668147350442907074e-09
4.663710620941165779e-09
4.659278721973033123e-09
4.654854388051903033e-09
4.650434908390733137e-09
4.646020779941933792e-09
4.641614163275289034e-09
4.637212389655964471e-09
4.632816624154948040e-09
4.628428505210155337e-09
4.624044838864449082e-09
4.619668392364996738e-09
4.615299586363290521e-09
4.610935924476341470e-09
4.606577294664481973e-09
4.602224211730222573e-09
4.597874935730909328e-09
4.593530035568900713e-09
4.589190534477242900e-09
4.584855104501546998e-09
4.580524590894914910e-09
4.576199359561435890e-09
4.571878063425486621e-09
4.567562586655404021e-09
4.563252132467890578e-09
4.558945479769456477e-09
4.554645716217787936e-09
4.550350488820126551e-09
4.546059198885972661e-09
4.541775516927553735e-09
4.537496045397364907e-09
4.533221103997985714e-09
4.528953638242274949e-09
4.524690593186671080e-09
4.520432447673167228e-09
4.516181734787419531e-09
4.511935705712462479e-09
4.507694964410581560e-09
4.503461789749185592e-09
4.499233070622001573e-09
4.495010248860632168e-09
4.490795705251477421e-09
4.486585751088513647e-09
4.482380237121188768e-09
4.478181605052374960e-09
4.473985468085496323e-09
4.469793036891193069e-09
4.465607309506105821e-09
4.461424234599709136e-09
4.457245539647330381e-09
4.453073009233256694e-09
4.448903722444091482e-09
4.444739111119940990e-09
4.440580235633827450e-09
4.436425306032438683e-09
4.432275286083944824e-09
4.428130670892958818e-09
4.423990582967178170e-09
4.419855604722179234e-09
4.415725983382060585e-09
4.411601006282274888e-09
4.407481643530627742e-09
4.403367500832600604e-09
4.399258123401271001e-09
4.395154997677265681e-09
4.391056984969749636e-09
4.386963488437718817e-09
4.382877163591294617e-09
4.378795845968805736e-09
4.374719379858321016e-09
4.370649728002556760e-09
4.366586362691076439e-09
4.362527902702345276e-09
4.358473980612268431e-09
4.354424810932208631e-09
4.350379212541371006e-09
4.346337430459255674e-09
4.342300783339930680e-09
4.338267564909845959e-09
4.334238564369367256e-09
4.330214752849774052e-09
4.326194396224977728e-09
4.322178912178861937e-09
4.318168253713877220e-09
4.314161282728351268e-09
4.310159693279552751e-09
4.306162668405590395e-09
4.302169772475350651e-09
4.298182345592069560e-09
4.294199578305540894e-09
4.290221139989029320e-09
4.286248332520717489e-09
4.282280287542445647e-09
4.278316768581061048e-09
4.274359182659329193e-09
4.270406493855769475e-09
4.266458144684294605e-09
4.262516268562446133e-09
4.258579565195409857e-09
4.254647078886827693e-09
4.250721071563348599e-09
4.246801444548942116e-09
4.242886211476900676e-09
4.238975107026437185e-09
4.235069403230437407e-09
4.231166434017608376e-09
4.227266771157130455e-09
4.223373038709922461e-09
4.219481747755467050e-09
