1.147275490933038805e-12
1.475731424917952234e-12
1.855505190148935330e-12
2.288549062573533288e-12
2.776506859180147827e-12
3.320800660936946232e-12
3.922542448726617007e-12
4.582606274523942885e-12
5.301642924330211186e-12
6.080181470806144707e-12
6.918384695155360004e-12
7.816354228096637790e-12
8.773992282323195518e-12
9.791039853688608544e-12
1.086705252782825418e-11
1.200138950314171086e-11
1.319351347221982171e-11
1.444240153954663670e-11
1.574732895196874954e-11
1.710706529354511087e-11
1.852043570840205530e-11
1.998620303345171299e-11
2.150312615102114162e-11
2.306972642216409896e-11
2.468435737894375618e-11
2.634562789679919018e-11
2.805188131163446956e-11
2.980120847206697621e-11
3.159209155593572350e-11
3.342270986856756628e-11
3.529125000241968373e-11
3.719580349167674944e-11
3.913456105278760453e-11
4.110568497365779791e-11
4.310709906800751294e-11
4.513712698087177249e-11
4.719355546280500438e-11
4.927478979164252312e-11
5.137849479283995518e-11
5.350328693601614518e-11
5.564659425062538076e-11
5.780711845485869178e-11
5.998270182492717651e-11
6.217140881113702007e-11
6.437174935283208210e-11
6.658139952777129773e-11
6.879925779607654236e-11
7.102294926265217213e-11
7.325122106518403546e-11
7.548240556785255602e-11
7.771448952951381001e-11
7.994663333934674343e-11
8.217676290747808409e-11
8.440357527488880621e-11
8.662620552300157864e-11
8.884255856611394909e-11
9.105184807971817976e-11
9.325320829291003632e-11
9.544461310287968647e-11
9.762567365797686944e-11
9.979583902944384532e-11
1.019530034483751146e-10
1.040969121669648126e-10
1.062273600444210261e-10
1.083426224740175421e-10
1.104423105061659154e-10
1.125263956646772504e-10
1.145939636807171265e-10
1.166440559141595769e-10
1.186768251009268592e-10
1.206920514121463594e-10
1.226890189540999037e-10
1.246678468619715236e-10
1.266283461732985985e-10
1.285702734005195061e-10
1.304935790054417220e-10
1.323986796065143091e-10
1.342854293023121028e-10
1.361536147067068440e-10
1.380037527294955286e-10
1.398365462677345457e-10
1.416518239401888863e-10
1.434494517674221183e-10
1.452303794242458575e-10
1.469954615695508616e-10
1.487445413540111226e-10
1.504777814953027861e-10
1.521963612459299094e-10
1.539006179235288466e-10
1.555916840773245258e-10
1.572697386006754070e-10
1.589347834444042470e-10
1.605882069616860444e-10
1.622313786446543430e-10
1.638643982605554395e-10
1.654877866089204422e-10
1.671024175934933680e-10
1.687089070747248088e-10
1.703088696999060452e-10
1.719025545086349709e-10
1.734906216426564734e-10
1.750740309702942930e-10
1.766533601256668099e-10
1.782300479768764147e-10
1.798046452038649191e-10
1.813781548987826641e-10
1.829511093146343917e-10
1.845241242708425353e-10
1.860983145739387559e-10
1.876745847743778933e-10
1.892539726582504124e-10
1.908371991220628317e-10
1.924244172776082791e-10
1.940164736774075092e-10
1.956142313990646819e-10
1.972187321011990178e-10
1.988308713252758693e-10
2.004510686358307690e-10
2.020795000886618037e-10
2.037168825634864372e-10
2.053640344767731964e-10
2.070216491117545192e-10
2.086906261391813758e-10
2.103711113744521470e-10
2.120634844630277481e-10
2.137681274326492586e-10
2.154854307310946492e-10
2.172161245087053870e-10
2.189604462324917238e-10
2.207192653976558839e-10
2.224919811759351111e-10
2.242797633860040126e-10
2.260815081824666607e-10
2.278987566305975100e-10
2.297303657309026460e-10
2.315780777189814963e-10
2.334405886776090135e-10
2.353193554359565372e-10
2.372131633765709732e-10
2.391221963744233026e-10
2.410467899855860473e-10
2.429858186038574686e-10
2.449407391431122009e-10
2.469097634069490048e-10
2.488944437804435819e-10
2.508929412902164831e-10
2.529056214971588977e-10
2.549323643886136005e-10
2.569716246257602200e-10
2.590246565267507858e-10
2.610894072542980680e-10
2.631668402157353397e-10
2.652558168161400118e-10
2.673553891224119665e-10
2.694661798586156462e-10
2.715857449760327087e-10
2.737147253424380245e-10
2.758520019518693989e-10
2.779966312030061457e-10
2.801490103622414610e-10
2.823069827460487815e-10
2.844706240646152128e-10
2.866390419316731312e-10
2.888105166718162634e-10
2.909851549384040696e-10
2.931613509435805017e-10
2.953383925668944684e-10
2.975158039558241141e-10
2.996920624693850756e-10
3.018665989014367981e-10
3.040384210455258018e-10
3.062062170752568942e-10
3.083691487880012964e-10
3.105261263977865156e-10
3.126760724112057066e-10
3.148177767728722896e-10
3.169505439191823140e-10
3.190732042061617180e-10
3.211843019362222403e-10
3.232838120345416640e-10
3.253701855796149485e-10
3.274418864123412882e-10
3.294988262070366192e-10
3.315391223495958629e-10
3.335611958911959986e-10
3.355657611889844940e-10
3.375507098509006910e-10
3.395145193193400324e-10
3.414585411809536501e-10
3.433804814322923631e-10
3.452784258940389179e-10
3.471536196503627302e-10
3.490034213190150381e-10
3.508258246243744199e-10
3.526234031926713021e-10
3.543935464485099123e-10
3.561337977885554430e-10
3.578475414230990636e-10
3.595326681540753270e-10
3.611860017071937032e-10
3.628100682298409471e-10
3.644033906977273721e-10
3.659623381135421595e-10
3.674893368786015912e-10
3.689853462418365648e-10
3.704467679093489596e-10
3.718735898135662552e-10
3.732696795214839935e-10
3.746315444965614743e-10
3.759567784267216445e-10
3.772498852376079614e-10
3.785083466129179654e-10
3.797286187454713567e-10
3.809150463623926452e-10
3.820685324299203616e-10
3.831856119149383008e-10
3.842658982051395563e-10
3.853150011759109918e-10
3.863298307425349272e-10
3.873073553681374389e-10
3.882526515719725837e-10
3.891655530583117584e-10
3.900428461020967635e-10
3.908847539772420282e-10
3.916972028505013437e-10
3.924776074072513560e-10
3.932229477043816070e-10
3.939387481013620012e-10
3.946261375091462604e-10
3.952824091082199801e-10
3.959066163730135729e-10
3.965051547523416439e-10
3.970763760828779807e-10
3.976178854557265827e-10
3.981318941939948116e-10
3.986230260420922142e-10
3.990892132714953011e-10
3.995285130930255364e-10
3.999455966862610021e-10
4.003425930963078905e-10
4.007178206689513483e-10
4.010699689747388015e-10
4.014047345762618205e-10
4.017227989095412377e-10
4.020225510608481853e-10
4.023039608400755386e-10
4.025717627564108213e-10
4.028261842759198071e-10
4.030661141151985000e-10
4.032918850443751185e-10
4.035083358629070727e-10
4.037154297361108131e-10
4.039126412812128935e-10
4.041005344117214375e-10
4.042834286608247300e-10
4.044614936177537010e-10
4.046345532432538762e-10
4.048031482421306241e-10
4.049700548032497513e-10
4.051356955378184224e-10
4.053001506744151213e-10
4.054641490974641056e-10
4.056302316550059764e-10
4.057992773707018702e-10
4.059717395580563118e-10
4.061483827629041271e-10
4.063309838314050622e-10
4.065206407061941938e-10
4.067181344198085728e-10
4.069243829786154996e-10
4.071399156762983566e-10
4.073651208516554248e-10
4.076010314454840131e-10
4.078489024396658747e-10
4.081094147719282412e-10
4.083826208193474994e-10
4.086698976159591460e-10
4.089724137542252482e-10
4.092915176384676853e-10
4.096261290469070794e-10
4.099773666228696448e-10
4.103465731842302761e-10
4.107354558107506229e-10
4.111428886924116439e-10
4.115680787436621464e-10
4.120124767883422229e-10
4.124777309672787728e-10
4.129649901860352847e-10
4.134716580689292533e-10
4.139987455180194912e-10
4.145479676327491230e-10
4.151212157979846981e-10
4.157169134643887166e-10
4.163331723533232653e-10
4.169718398456315393e-10
4.176344579429564468e-10
4.183225303550959800e-10
4.190321118725735801e-10
4.197630812922536844e-10
4.205172010263252222e-10
4.212963141026761330e-10
4.221006151946239865e-10
4.229256877023134648e-10
4.237726828785157625e-10
4.246432762218984866e-10
4.255391861320245334e-10
4.264586205115088952e-10
4.273977649658492937e-10
4.283579878503022388e-10
4.293407832343719915e-10
4.303479283817790709e-10
4.313759632403580486e-10
4.324222711638692004e-10
4.334882706419933463e-10
4.345752554904258930e-10
4.356844927751647264e-10
4.368122937252963247e-10
4.379566025184040633e-10
4.391184982407137752e-10
4.402991009695519845e-10
4.414994598604412397e-10
4.427154429053468439e-10
4.439447174542796531e-10
4.451881054832318063e-10
4.464464858431491278e-10
4.477206738019198610e-10
4.490073529793865551e-10
4.503040875450356895e-10
4.516114555690752633e-10
4.529299920361912734e-10
4.542602699621873037e-10
4.556000493750517853e-10
4.569463212352382224e-10
4.582992559565111799e-10
4.596591317428717164e-10
4.610261537013627762e-10
4.623991433934260247e-10
4.637743554167162267e-10
4.651515148878661746e-10
4.665305261715621674e-10
4.679112954794193759e-10
4.692932510569192140e-10
4.706738372276505477e-10
4.720520558135776191e-10
4.734275610379842577e-10
4.747999679045436018e-10
4.761687133785442105e-10
4.775322755111864573e-10
4.788893090328321123e-10
4.802390805320628612e-10
4.815809842142235504e-10
4.829142436134758546e-10
4.842377491920977426e-10
4.855507523205328629e-10
4.868524377831707869e-10
4.881417323237546388e-10
4.894177474371482290e-10
4.906791979870968820e-10
4.919258221322246720e-10
4.931578172136720804e-10
4.943738420136623896e-10
4.955726778850494333e-10
4.967531858623337081e-10
4.979138660285057668e-10
4.990564206220045699e-10
5.001799525965577947e-10
5.012832844453433487e-10
5.023650690660216367e-10
5.034240524977826535e-10
5.044588758913294890e-10
5.054730762775788647e-10
5.064656111674222249e-10
5.074350596948542862e-10
5.083794660948796796e-10
5.092975938688020031e-10
5.101899377953664001e-10
5.110591200735106103e-10
5.119042792697346596e-10
5.127237728816055757e-10
5.135161099445242447e-10
5.142791172201021960e-10
5.150147290070052860e-10
5.157264788408158399e-10
5.164127120122311500e-10
5.170721418686090417e-10
5.177033159552401272e-10
5.183039267247507477e-10
5.188767034192056080e-10
5.194260482799280810e-10
5.199504994551061479e-10
5.204488375786082541e-10
5.209194611728510875e-10
5.213605144525055571e-10
5.217742136038392821e-10
5.221646010343521352e-10
5.225315508868595552e-10
5.228736027150948201e-10
5.231886616570251153e-10
5.234762057312436733e-10
5.237360559874820079e-10
5.239750842736775286e-10
5.241931051455321961e-10
5.243882812105741481e-10
5.245601687184993577e-10
5.247072086763825179e-10
5.248287395538079288e-10
5.249314891796200376e-10
5.250165039899024106e-10
5.250832566795138580e-10
5.251302472682483337e-10
5.251571113727889685e-10
5.251625621158313336e-10
5.251501579301015754e-10
5.251238543360480241e-10
5.250828999089056022e-10
5.250269571828071898e-10
5.249547100310110258e-10
5.248662409399677943e-10
5.247614059481563030e-10
5.246464017699476522e-10
5.245213674365357109e-10
5.243864319738685307e-10
5.242407871890990837e-10
5.240843700044117067e-10
5.239165996040205117e-10
5.237404125085476915e-10
5.235591438301519769e-10
5.233728811606427921e-10
5.231813629359151529e-10
5.229846454925936022e-10
5.227824879891018614e-10
5.225752209247919315e-10
5.223659733803225464e-10
5.221561829277695129e-10
5.219458656448769611e-10
5.217353049151200733e-10
5.215244817649608311e-10
5.213137266543774382e-10
5.211037605801307034e-10
5.208969550174207458e-10
5.206940594322489526e-10
5.204954853413452405e-10
5.203015821113896385e-10
5.201126588419099565e-10
5.199292128236334218e-10
5.197520744003112498e-10
5.195822189657855339e-10
5.194204139878238961e-10
5.192669432029422041e-10
5.191226552339288494e-10
5.189878660475650874e-10
5.188634188482754252e-10
5.187498480152496512e-10
5.186468892513780372e-10
5.185554808574079042e-10
5.184758396559066480e-10
5.184091596046643835e-10
5.183557118650664343e-10
5.183163793227147807e-10
5.182919907265564170e-10
5.182804991473589204e-10
5.182825509523247459e-10
5.182988919562800567e-10
5.183300433177523469e-10
5.183772104165725019e-10
5.184407663350195846e-10
5.185219299624382446e-10
5.186180267436593066e-10
5.187287372149127575e-10
5.188552976958931147e-10
5.189981968809358075e-10
5.191581133694939120e-10
5.193364170024403182e-10
5.195335160000247656e-10
5.197476310335530542e-10
5.199773538164517836e-10
5.202229017840637476e-10
5.204856105270213927e-10
5.207658779370664580e-10
5.210644794311722521e-10
5.213826723390899788e-10
5.217197516445265196e-10
5.220712895151755827e-10
5.224375921074563583e-10
5.228192616081930406e-10
5.232167057873182440e-10
5.236313736177727221e-10
5.240632418150839760e-10
5.245133480558237575e-10
5.249785842283618612e-10
5.254569310749734596e-10
5.259486052656938439e-10
5.264543364224615056e-10
5.269749674562172707e-10
5.275107361102497155e-10
5.280622049735853667e-10
5.286299732614847858e-10
5.292091708809245012e-10
5.297993907607740800e-10
5.304012879648820654e-10
5.310151204640808608e-10
5.316413024617830129e-10
5.322802896663463557e-10
5.329327410641098974e-10
5.335972957186346059e-10
5.342694720639615981e-10
5.349491719200387364e-10
5.356367340212973284e-10
5.363322581472259439e-10
5.370358970562461532e-10
5.377483499274029282e-10
5.384694441727701821e-10
5.391978112686774326e-10
5.399303520721175476e-10
5.406672735268053034e-10
5.414083527098817227e-10
5.421537321664039165e-10
5.429034413188554011e-10
5.436577512184410424e-10
5.444164725102837371e-10
5.451783575691152279e-10
5.459409576266554696e-10
5.467041941315173883e-10
5.474678596817281485e-10
5.482318142227060273e-10
5.489958999621391187e-10
5.497602368279813530e-10
5.505243567700092845e-10
5.512875514883536350e-10
5.520475816522332463e-10
5.528039257398228992e-10
5.535564164703873171e-10
5.543047553342957643e-10
5.550485656811428875e-10
5.557876239567654658e-10
5.565216555335605370e-10
5.572497663646126793e-10
5.579713425945571059e-10
5.586859397630379519e-10
5.593930826306396317e-10
5.600922624568008792e-10
5.607829991005646709e-10
5.614649787421797495e-10
5.621378105123369042e-10
5.628006313483212260e-10
5.634535199940874354e-10
5.640963880663796978e-10
5.647285660409088736e-10
5.653497106125744626e-10
5.659592423989291422e-10
5.665567213713198973e-10
5.671415515686146961e-10
5.677128992810989747e-10
5.682704029031283608e-10
5.688160047232716836e-10
5.693493662185250003e-10
5.698699985767623622e-10
5.703772622877777201e-10
5.708703018757567436e-10
5.713487603143269314e-10
5.718121954648629621e-10
5.722598012236451628e-10
5.726923370754864997e-10
5.731119741325903970e-10
5.735183682927851164e-10
5.739104658120118155e-10
5.742880664902283799e-10
5.746507118203940909e-10
5.749976081763125076e-10
5.753282251074054427e-10
5.756417933768968165e-10
5.759410002644751674e-10
5.762274181025112324e-10
5.765003662993701482e-10
5.767597278458874940e-10
5.770048705411559852e-10
5.772352064268505804e-10
5.774502942456241827e-10
5.776496886460819716e-10
5.778325096890393086e-10
5.780026689650365525e-10
5.781612978877450864e-10
5.783084522698532533e-10
5.784437218779191386e-10
5.785666034881798533e-10
5.786766681274167055e-10
5.787735161767348369e-10
5.788568379352461323e-10
5.789258552059886806e-10
5.789841232075956401e-10
5.790333081913516777e-10
5.790729410990310532e-10
5.791030117104864263e-10
5.791232285567175631e-10
5.791332536796848792e-10
5.791326932060900510e-10
5.791213639574481733e-10
5.790988367317423964e-10
5.790674643702751809e-10
5.790300187220265311e-10
5.789864096119019697e-10
5.789364484405711650e-10
5.788798051447717348e-10
5.788164549138829502e-10
5.787462485104602360e-10
5.786690579951399933e-10
5.785847601828619117e-10
5.784940311865741458e-10
5.784001549846115000e-10
5.783034225260084752e-10
5.782037566265421140e-10
5.781011620706250793e-10
5.779956249791593094e-10
5.778871169598320228e-10
5.777756207990146722e-10
5.776610385815183525e-10
5.775435190542695354e-10
5.774250303962593507e-10
5.773066578019461468e-10
5.771884564116858649e-10
5.770705062596695447e-10
5.769529175955070775e-10
5.768357801893053129e-10
5.767191813140782673e-10
5.766031992411296590e-10
5.764880248810978873e-10
5.763740117024862026e-10
5.762626200741372217e-10
5.761541819553767266e-10
5.760488817813424094e-10
5.759469031401390148e-10
5.758484061984176792e-10
5.757535877118404463e-10
5.756626155218056119e-10
5.755756614332300949e-10
5.754930286183963077e-10
5.754150572624449162e-10
5.753420013660722557e-10
5.752740924568009076e-10
5.752115611256195637e-10
5.751546460224067516e-10
5.751036081577181899e-10
5.750586981462690946e-10
5.750201371114697383e-10
5.749881773324881658e-10
5.749632475671452374e-10
5.749451460167895872e-10
5.749334833682041723e-10
5.749284832948316582e-10
5.749303981800648464e-10
5.749394957657244081e-10
5.749560649716053656e-10
5.749803888023341804e-10
5.750127114030810618e-10
5.750533612739024702e-10
5.751026958451659181e-10
5.751602328505565160e-10
5.752248178516650945e-10
5.752965759256448971e-10
5.753757672777085978e-10
5.754626703375121264e-10
5.755575561830610007e-10
5.756607503575718636e-10
5.757724763553200596e-10
5.758929707332517304e-10
5.760225215542027835e-10
5.761610207415667969e-10
5.763064053082195523e-10
5.764586658944469825e-10
5.766180619312207083e-10
5.767848006013107029e-10
5.769590869556770650e-10
5.771411603082589180e-10
5.773312952089042467e-10
5.775297192465978637e-10
5.777366535546762092e-10
5.779523426981863712e-10
5.781748082174402587e-10
5.784031881985113975e-10
5.786376631533852704e-10
5.788784700080960085e-10
5.791257287868813655e-10
5.793796026492973701e-10
5.796402655453057058e-10
5.799079252297544573e-10
5.801827891080906190e-10
5.804649717266310560e-10
5.807537540988292843e-10
5.810467908913703914e-10
5.813439275933679613e-10
5.816452577693717494e-10
5.819508725591342635e-10
5.822608955441007636e-10
5.825754367794936970e-10
5.828945718636653506e-10
5.832184235265612618e-10
5.835470285239519493e-10
5.838805450248473703e-10
5.842174124109123142e-10
5.845563030331099595e-10
5.848972568598148881e-10
5.852403044297081347e-10
5.855853889151507448e-10
5.859325214920145385e-10
5.862817642686595008e-10
5.866331087021297016e-10
5.869866392573264136e-10
5.873423031895741859e-10
5.876999612132383930e-10
5.880583809757827355e-10
5.884166844623755520e-10
5.887747915865479880e-10
5.891327065560023834e-10
5.894903732847499209e-10
5.898476419463934293e-10
5.902045178605314279e-10
5.905609513652251726e-10
5.909168953063821001e-10
5.912722161126966929e-10
5.916267111932439940e-10
5.919795983155787560e-10
5.923301034816732931e-10
5.926781516492061262e-10
5.930236901171769405e-10
5.933664993121464951e-10
5.937064408338942923e-10
5.940435116395537307e-10
5.943775136158939454e-10
5.947082659761400540e-10
5.950356864533751075e-10
5.953595961102346370e-10
5.956797456339857107e-10
5.959960178824532652e-10
5.963084245908486508e-10
5.966166176014990219e-10
5.969205206627448438e-10
5.972199497581672504e-10
5.975146432882579274e-10
5.978045885612538639e-10
5.980896422712572216e-10
5.983694977653750064e-10
5.986440435899532273e-10
5.989132531350878871e-10
5.991776387781225329e-10
5.994368442753629593e-10
5.996910299734548040e-10
5.999398504257269609e-10
6.001833350278622944e-10
6.004212313079596773e-10
6.006531804712998949e-10
6.008793123614163163e-10
6.010993284570976773e-10
6.013128485432864927e-10
6.015197429130996307e-10
6.017208616370569908e-10
6.019167612943870775e-10
6.021075059235931171e-10
6.022928245930805605e-10
6.024725626844295117e-10
6.026464163502127424e-10
6.028142185518934594e-10
6.029760887115219302e-10
6.031316687184573069e-10
6.032808375609736206e-10
6.034235868249896802e-10
6.035594696332933074e-10
6.036900100673211839e-10
6.038159519510411745e-10
6.039370767383723591e-10
6.040532402350249213e-10
6.041643654466965724e-10
6.042703430801636455e-10
6.043708381099072635e-10
6.044657216618497353e-10
6.045551526554192697e-10
6.046387817775371415e-10
6.047167039645494339e-10
6.047888231946836638e-10
6.048565508203754538e-10
6.049207149997994047e-10
6.049811706716149822e-10
6.050377426096862537e-10
6.050904668789224905e-10
6.051392516053656731e-10
6.051837961156460195e-10
6.052240446202362437e-10
6.052601465827321003e-10
6.052919120983468148e-10
6.053193386099342415e-10
6.053422999835351864e-10
6.053623868719165934e-10
6.053803596333941555e-10
6.053960929826959871e-10
6.054095785611619983e-10
6.054208827636021086e-10
6.054297087572461200e-10
6.054360902688945843e-10
6.054401554248539190e-10
6.054418196293628783e-10
6.054410164553514989e-10
6.054377049658167017e-10
6.054318881250429298e-10
6.054245966996659700e-10
6.054166657235511109e-10
6.054081489670777633e-10
6.053991364026811544e-10
6.053893873687795069e-10
6.053791498400583938e-10
6.053683779476984878e-10
6.053571082587076918e-10
6.053453249426688789e-10
6.053330402516158463e-10
6.053201985378000649e-10
6.053070268007574431e-10
6.052936457939681624e-10
6.052810484111073558e-10
6.052693911896539399e-10
6.052587851049860756e-10
6.052491677119158322e-10
6.052407137887435586e-10
6.052333902409655632e-10
6.052272892217960403e-10
6.052224054283455191e-10
6.052189034564864437e-10
6.052166815654850122e-10
6.052159371897876788e-10
6.052167105656101077e-10
6.052192417152888989e-10
6.052235932926269336e-10
6.052299292626887209e-10
6.052383618912541772e-10
6.052489614598894842e-10
6.052616584395973814e-10
6.052766614258068924e-10
6.052939184244262538e-10
6.053137361788420187e-10
6.053359246762376246e-10
6.053607033097269391e-10
6.053879512735519657e-10
6.054181682168972941e-10
6.054508663184339135e-10
6.054861447978145552e-10
6.055238581562855767e-10
6.055643928486586959e-10
6.056076992536924547e-10
6.056537293927606555e-10
6.057026713262027428e-10
6.057544922491936756e-10
6.058095710410596858e-10
6.058676539406559435e-10
6.059289526137404696e-10
6.059933730619899956e-10
6.060614174720483583e-10
6.061322619167697899e-10
6.062057219807034971e-10
6.062816337125161687e-10
6.063604867556502691e-10
6.064420514314973220e-10
6.065263808104765038e-10
6.066135121284539607e-10
6.067037214562146699e-10
6.067969870164919264e-10
6.068932743626726096e-10
6.069926156435448167e-10
6.070952591190059958e-10
6.072012689525463640e-10
6.073100522899242702e-10
6.074207011543373413e-10
6.075335400358358644e-10
6.076483515768320233e-10
6.077652256329631429e-10
6.078840894995201552e-10
6.080052709307734804e-10
6.081286439091482366e-10
6.082541950369654783e-10
6.083819332782987857e-10
6.085121099421987811e-10
6.086446721325332431e-10
6.087794941157811123e-10
6.089166623031169246e-10
6.090554036806924875e-10
6.091952856229558320e-10
6.093364109383654951e-10
6.094787155263797043e-10
6.096224438748695965e-10
6.097673768880927345e-10
6.099135621953569433e-10
6.100610532868755600e-10
6.102100154113319684e-10
6.103602104310378763e-10
6.105117431683057396e-10
6.106646566303235567e-10
6.108190319726911238e-10
6.109743536497977112e-10
6.111300147086044354e-10
6.112860218092387163e-10
6.114422275185850492e-10
6.115986822559487471e-10
6.117553765469685099e-10
6.119123338161585143e-10
6.120694863943543890e-10
6.122268021429423585e-10
6.123843684487564915e-10
6.125421335046478431e-10
6.127000140050914870e-10
6.128580805202569205e-10
6.130162606212170919e-10
6.131741926268887570e-10
6.133315814994009291e-10
6.134882651647894153e-10
6.136442128357226887e-10
6.137994927679188927e-10
6.139539687107517876e-10
6.141076486875424428e-10
6.142605237829382162e-10
6.144125303197483729e-10
6.145636327961254847e-10
6.147138367050451272e-10
6.148630588466133385e-10
6.150113157017420790e-10
6.151584896662759133e-10
6.153044746393293124e-10
6.154492534221629800e-10
6.155925679730551342e-10
6.157344953146803587e-10
6.158750593753058231e-10
6.160140706306478348e-10
6.161515402370567514e-10
6.162874593094547412e-10
6.164218291491623440e-10
6.165544154650465518e-10
6.166853385878155352e-10
6.168146215633001864e-10
6.169419629130358333e-10
6.170674738139845517e-10
6.171912601891053210e-10
6.173131472226265107e-10
6.174333707554867243e-10
6.175519275099000665e-10
6.176686060883631888e-10
6.177833931014689520e-10
6.178963506414473194e-10
6.180074485035500693e-10
6.181163628323398808e-10
6.182233452521059074e-10
6.183283617170040351e-10
6.184310714169586455e-10
6.185316750793394934e-10
6.186302169611217645e-10
6.187262654497188682e-10
6.188204286700364620e-10
6.189130750550195400e-10
6.190038554602515038e-10
6.190929531688556063e-10
6.191803839407731862e-10
6.192659587634144778e-10
6.193496504104604912e-10
6.194315476677558651e-10
6.195115799651311020e-10
6.195895228966751043e-10
6.196655697904616116e-10
6.197396702591972005e-10
6.198115855735940045e-10
6.198814886182050780e-10
6.199492860082270126e-10
6.200155016605037732e-10
6.200804005884834983e-10
6.201440097037429549e-10
6.202061108951327889e-10
6.202668628569226463e-10
6.203262854399583033e-10
6.203840408002683819e-10
6.204404215075823571e-10
6.204953988128244493e-10
6.205486299884316621e-10
6.206004122686049447e-10
6.206506802695145223e-10
6.206992117044860267e-10
6.207462146152337792e-10
6.207915911358688392e-10
6.208359392233446203e-10
6.208795393722907337e-10
6.209224006070822261e-10
6.209643699633295546e-10
6.210055635054741626e-10
6.210460055880293894e-10
6.210854973461053472e-10
6.211242125562039451e-10
6.211621380143719370e-10
6.211990560972483762e-10
6.212351966782427729e-10
6.212704910673671623e-10
6.213047786816504054e-10
6.213382916986963272e-10
6.213708645201722988e-10
6.214030125527227070e-10
6.214349861176618045e-10
6.214667691979605182e-10
6.214984036587185744e-10
6.215298952842445608e-10
6.215611782859692287e-10
6.215923209254009859e-10
6.216233616736347875e-10
6.216541931217644019e-10
6.216849195186179666e-10
6.217155142609916470e-10
6.217459490914858196e-10
6.217762868910471619e-10
6.218064888099801523e-10
6.218365782374783553e-10
6.218667111833621750e-10
6.218971332224180732e-10
6.219279017407146360e-10
6.219589896947397890e-10
6.219904690685628506e-10
6.220223237133021580e-10
6.220545660984572912e-10
6.220872166199033321e-10
6.221202621803933337e-10
6.221537410560557807e-10
6.221876745127116051e-10
6.222220664642485932e-10
6.222569040759669246e-10
6.222922236872343977e-10
6.223280461248871934e-10
6.223643905500678932e-10
6.224012938138382223e-10
6.224387181854298740e-10
6.224768187138102529e-10
6.225155144961659580e-10
6.225548128285608641e-10
6.225948020231959912e-10
6.226354167889685113e-10
6.226766937017371598e-10
6.227186987206358276e-10
6.227613652596931558e-10
6.228048043612062165e-10
6.228489516860743487e-10
6.228937920514801270e-10
6.229394830063789213e-10
6.229859219152756609e-10
6.230331554146959995e-10
6.230811167017818216e-10
6.231296930831835522e-10
6.231790631919459127e-10
6.232291020862424077e-10
6.232798045282826805e-10
6.233313294461803362e-10
6.233835523222870978e-10
6.234365424389349670e-10
6.234903281797513286e-10
6.235448425263147995e-10
6.236002589821576864e-10
6.236564414835138500e-10
6.237134164004876280e-10
6.237713092367265878e-10
6.238299812661837885e-10
6.238895850068193963e-10
6.239498767839635346e-10
6.240106963681820586e-10
6.240722234931662125e-10
6.241343041829672824e-10
6.241970016620600540e-10
6.242603470890147132e-10
6.243242535326082727e-10
6.243889115622671291e-10
6.244541577085733963e-10
6.245200094647426684e-10
6.245866404151227981e-10
6.246538606413612489e-10
6.247218056533440222e-10
6.247904310375106423e-10
6.248597297220458983e-10
6.249297677490498965e-10
6.250003305754995730e-10
6.250711757591414458e-10
6.251422157552326673e-10
6.252134260048635689e-10
6.252848780769415195e-10
6.253565116915892780e-10
6.254283498521206531e-10
6.255003991658889418e-10
6.255725817186842962e-10
6.256450544215403977e-10
6.257176639901969606e-10
6.257904863795211159e-10
6.258635040106013577e-10
6.259367038568319636e-10
6.260101330063792017e-10
6.260837029268465730e-10
6.261574867172601437e-10
6.262312931095567719e-10
6.263050224063042043e-10
6.263786596732527898e-10
6.264522035161896060e-10
6.265256486023639616e-10
6.265989772157178056e-10
6.266721730703056475e-10
6.267452637211680528e-10
6.268182114156164283e-10
6.268910477639442927e-10
6.269637318384129894e-10
6.270362735577452438e-10
6.271086794306117056e-10
6.271809136422425210e-10
6.272529846368282550e-10
6.273248594239245372e-10
6.273965722474852385e-10
6.274680064301280814e-10
6.275391681742187351e-10
6.276099899005900790e-10
6.276805125881005314e-10
6.277506867234557040e-10
6.278205273584476132e-10
6.278900196490720126e-10
6.279591423403440361e-10
6.280279271729208667e-10
6.280962951178013450e-10
6.281642964617764499e-10
6.282319044824456206e-10
6.282991015675619727e-10
6.283659269278853651e-10
6.284322653442702223e-10
6.284981999691303392e-10
6.285636522347004661e-10
6.286286351794977263e-10
6.286931271910297931e-10
6.287570542737722526e-10
6.288205162441886478e-10
6.288833201313818280e-10
6.289456320792100356e-10
6.290073391650292302e-10
6.290684775970990829e-10
6.291290502439165219e-10
6.291889450326001500e-10
6.292482877226444977e-10
6.293069378959219632e-10
6.293649813618331870e-10
6.294223857875423856e-10
6.294790872553147019e-10
6.295351726306949826e-10
6.295905020869070456e-10
6.296452674134686910e-10
6.296994292463434926e-10
6.297531639683967512e-10
6.298063993171301543e-10
6.298591226614130302e-10
6.299113867497258607e-10
6.299630789060898638e-10
6.300143144440319227e-10
6.300649347177551753e-10
6.301150733427365840e-10
6.301646404647450309e-10
6.302136544308946566e-10
6.302621521874556751e-10
6.303099894886049177e-10
6.303573242890298449e-10
6.304039966123308612e-10
6.304501309876540541e-10
6.304955968844925560e-10
6.305405988613031286e-10
6.305852477891564574e-10
6.306295458320397430e-10
6.306735302460023385e-10
6.307171182357243196e-10
6.307604077704922035e-10
6.308032566386026660e-10
6.308457916070562240e-10
6.308879186156564990e-10
6.309296860807736688e-10
6.309710872274676445e-10
6.310120660996996827e-10
6.310527026701185858e-10
6.310928665540494278e-10
6.311326995566362618e-10
6.311720604797201683e-10
6.312110619342635331e-10
6.312495929295853542e-10
6.312878325979338526e-10
6.313258309575144623e-10
6.313636080947539980e-10
6.314011782358355066e-10
6.314384895737754793e-10
6.314756195588181586e-10
6.315124441074196527e-10
6.315490878783452513e-10
6.315854495245991238e-10
6.316216013953681110e-10
6.316575024280831168e-10
6.316931542854598905e-10
6.317285866159676917e-10
6.317637201857954413e-10
6.317986376713972098e-10
6.318332672012002421e-10
6.318676786871864221e-10
6.319017962061696364e-10
6.319357464953718998e-10
6.319696194973672196e-10
6.320034646750746847e-10
6.320372691816349195e-10
6.320710377220512483e-10
6.321047776401158674e-10
6.321384721478673726e-10
6.321721499392913150e-10
6.322057722036523798e-10
6.322393770824967660e-10
6.322729294926131536e-10
6.323064635312962905e-10
6.323399637322539556e-10
6.323734333674817797e-10
6.324068811701872342e-10
6.324402877516703512e-10
6.324736856689328599e-10
6.325070341318789583e-10
6.325403548038725805e-10
6.325737426391269112e-10
6.326072203530141879e-10
6.326408117905872105e-10
6.326744928569846341e-10
6.327082964883877808e-10
6.327421931854680556e-10
6.327762165583935438e-10
6.328103387029707435e-10
6.328445863325839467e-10
6.328789422637139806e-10
6.329134208638263408e-10
6.329480190595314611e-10
6.329827366239336998e-10
6.330175855845700354e-10
6.330525501259953102e-10
6.330876606904412996e-10
6.331228862377900814e-10
6.331582566620181211e-10
6.331937423457581500e-10
6.332293391791632948e-10
6.332650156381322567e-10
6.333007998956922369e-10
6.333366645549596030e-10
6.333726422852672117e-10
6.334087030472202460e-10
6.334448753398377862e-10
6.334811371049425916e-10
6.335175086770329425e-10
6.335539770057630327e-10
6.335905530195122430e-10
6.336272334949231624e-10
6.336640191110283557e-10
6.337009173375169086e-10
6.337379175449525135e-10
6.337750399746929139e-10
6.338122618585917492e-10
6.338496039262087603e-10
6.338870431567766275e-10
6.339245777841820251e-10
6.339621771680834209e-10
6.339998693739745363e-10
6.340376210878179451e-10
6.340754728656173365e-10
6.341133805069766785e-10
6.341513944462559715e-10
6.341894611905121822e-10
6.342276351669061276e-10
6.342658619649860392e-10
6.343041975979488403e-10
6.343425887800602414e-10
6.343810843584033651e-10
6.344196423300701950e-10
6.344582991203725952e-10
6.344970258445771656e-10
6.345358440475955770e-10
6.345747323736096466e-10
6.346137144018990436e-10
6.346527361708401999e-10
6.346917892647802813e-10
6.347308578891190814e-10
6.347699488119310902e-10
6.348090587268099633e-10
6.348481829739991559e-10
6.348873308362849382e-10
6.349264863408923999e-10
6.349656670305025358e-10
6.350048508912749861e-10
6.350440610884028053e-10
6.350832714510494651e-10
6.351225076869130688e-10
6.351617412294765980e-10
6.352010000271049994e-10
6.352402569907912647e-10
6.352795350501474100e-10
6.353188090989183553e-10
6.353580907232575046e-10
6.353973733721425605e-10
6.354365949678192207e-10
6.354757496571574707e-10
6.355148186433050707e-10
6.355538148804894399e-10
6.355927229805042068e-10
6.356315519415855108e-10
6.356702904857874443e-10
6.357089427181592332e-10
6.357475013665011632e-10
6.357859700481567711e-10
6.358243396470166801e-10
6.358626130145378977e-10
6.359007823508208380e-10
6.359388560970782159e-10
6.359768183291319821e-10
6.360146839692790279e-10
6.360524299274342985e-10
6.360900765499661160e-10
6.361275910654675361e-10
6.361650024365510135e-10
6.362022736589609735e-10
6.362394321575811120e-10
6.362764448488265216e-10
6.363133384742883533e-10
6.363500822171047322e-10
6.363867001866540230e-10
6.364231633505097275e-10
6.364594946918024472e-10
6.364956646253422394e-10
6.365316943139660499e-10
6.365675606881856210e-10
6.366032829983549632e-10
6.366388358825374692e-10
6.366742407053194360e-10
6.367094690042431665e-10
6.367445445600068089e-10
6.367794367801625885e-10
6.368141708315979243e-10
6.368487182176925596e-10
6.368830887124126123e-10
6.369172965731258385e-10
6.369513546400328096e-10
6.369852620723457922e-10
6.370190080933076116e-10
6.370526065898745456e-10
6.370860302131394375e-10
6.371193072278224591e-10
6.371524012468688498e-10
6.371853470301450283e-10
6.372181015330744327e-10
6.372507053449961307e-10
6.372831095500882907e-10
6.373153596708297174e-10
6.373474013378381595e-10
6.373792856001928897e-10
6.374109572466899472e-10
6.374424647624795777e-10
6.374737524033639931e-10
6.375048765778497314e-10
6.375357694703200943e-10
6.375665051989703804e-10
6.375970720813220036e-10
6.376275311640899918e-10
6.376578378011933993e-10
6.376880307084899243e-10
6.377180697802516443e-10
6.377479895408466576e-10
6.377777540105652962e-10
6.378073892556471000e-10
6.378368721157380209e-10
6.378662158675831988e-10
6.378954116902940176e-10
6.379244578663540124e-10
6.379533594057066401e-10
6.379821017730514591e-10
6.380107018046572210e-10
6.380391332753829903e-10
6.380674232170362359e-10
6.380955345543479275e-10
6.381235061064079037e-10
6.381512830343675567e-10
6.381789379612105100e-10
6.382064698299240180e-10
6.382339320582190371e-10
6.382612874646165462e-10
6.382885686394536536e-10
6.383157429820121343e-10
6.383428385986484320e-10
6.383698263246285093e-10
6.383967296981211590e-10
6.384235299168974674e-10
6.384502362606004184e-10
6.384768450518331627e-10
6.385033487285932585e-10
6.385297614785171361e-10
6.385560572629103701e-10
6.385822682135211371e-10
6.386083507895058666e-10
6.386343540331209471e-10
6.386602246501948464e-10
6.386860118994984783e-10
6.387116624230433266e-10
6.387372223536020519e-10
6.387627059736887009e-10
6.387881422290412439e-10
6.388135287786558292e-10
6.388388583457418902e-10
6.388641450474187100e-10
6.388893668028442990e-10
6.389145469207689073e-10
6.389396587441806013e-10
6.389647288598223214e-10
6.389897273205298887e-10
6.390146810335373720e-10
6.390395644813982088e-10
6.390644009865111290e-10
6.390891671604683899e-10
6.391138845229526532e-10
6.391385276368779532e-10
6.391631216369957420e-10
6.391876404365524003e-10
6.392121071755533332e-10
6.392365046813154337e-10
6.392608335547440578e-10
6.392851217198436832e-10
6.393093846957633721e-10
6.393336350099053477e-10
6.393578655819757976e-10
6.393820834835417786e-10
6.394062817014351852e-10
6.394304662870612247e-10
6.394546316247320775e-10
6.394787802623708255e-10
6.395029095514278651e-10
6.395270229727619323e-10
6.395511162359112666e-10
6.395751949016802542e-10
6.395992539779925392e-10
6.396232974131052623e-10
6.396473194234956578e-10
6.396713203761010453e-10
6.396953061845183421e-10
6.397192660190921735e-10
6.397432136709085841e-10
6.397671286039267375e-10
6.397910256549957677e-10
6.398149043392223997e-10
6.398387906935639797e-10
6.398626723199066144e-10
6.398865643561104629e-10
6.399104533074682940e-10
6.399343478413440022e-10
6.399582418715907944e-10
6.399821346464669300e-10
6.400060292619853646e-10
6.400299223729863420e-10
6.400538185553502929e-10
6.400777119849398833e-10
6.401016057131830339e-10
6.401254965361610780e-10
6.401493867581924071e-10
6.401732749861394335e-10
6.401971622517031763e-10
6.402210468244631529e-10
6.402449301194358783e-10
6.402688048968471182e-10
6.402926810192540341e-10
6.403165447835825984e-10
6.403404045642506917e-10
6.403642145779281030e-10
6.403880030749420616e-10
6.404117507801231385e-10
6.404354639673467668e-10
6.404591467229678906e-10
6.404827806532607416e-10
6.405063863945618059e-10
6.405299423430641530e-10
6.405534647560101060e-10
6.405769417263001833e-10
6.406003741889793494e-10
6.406237671498137990e-10
6.406471104509428922e-10
6.406704125329175992e-10
6.406936684435730290e-10
6.407168750543880276e-10
6.407400360736132813e-10
6.407631428420326246e-10
6.407861998501614488e-10
6.408092107328795198e-10
6.408321638206536277e-10
6.408550717355981758e-10
6.408779277132369097e-10
6.409007397716383020e-10
6.409235051197295299e-10
6.409462159717971548e-10
6.409688863272112996e-10
6.409914997292550367e-10
6.410140739417560977e-10
6.410365890256912532e-10
6.410590530041334185e-10
6.410814638261296237e-10
6.411038220376190733e-10
6.411261326044978565e-10
6.411483850137966962e-10
6.411705887939745045e-10
6.411927179123752745e-10
6.412148011668370828e-10
6.412368208558188979e-10
6.412587907484451192e-10
6.412806968493988088e-10
6.413025438541707138e-10
6.413243283039878209e-10
6.413460402218111719e-10
6.413676961053031346e-10
6.413892966375081000e-10
6.414108613754572907e-10
6.414323767492941167e-10
6.414538486984235303e-10
6.414752795028034540e-10
6.414966599543420268e-10
6.415180038590972626e-10
6.415392887801259180e-10
6.415605322711932084e-10
6.415817291902135736e-10
6.416028702867848646e-10
6.416239674615959132e-10
6.416450013689187842e-10
6.416659953789632471e-10
6.416869277455232290e-10
6.417078107276222032e-10
6.417286436599174439e-10
6.417494063946466942e-10
6.417701340006696905e-10
6.417907756893036174e-10
6.418113756386519890e-10
6.418319053095361062e-10
6.418523746850747049e-10
6.418727923494586688e-10
6.418931108633835597e-10
6.419133727795016292e-10
6.419335290413289823e-10
6.419536232741229711e-10
6.419736398336234653e-10
6.419935638273120757e-10
6.420134262011735707e-10
6.420331778471907032e-10
6.420528655456531176e-10
6.420724462853609897e-10
6.420919467874741094e-10
6.421113612410486735e-10
6.421306823605673597e-10
6.421499215004902825e-10
6.421690515322712004e-10
6.421880993025945610e-10
6.422070396202538356e-10
6.422258951046683106e-10
6.422446422364875521e-10
6.422632996888175801e-10
6.422818546590945410e-10
6.423002979756225208e-10
6.423186581073939436e-10
6.423369424903075671e-10
6.423551775141959867e-10
6.423733518901945107e-10
6.423914628614342344e-10
6.424095257069336885e-10
6.424275147747881020e-10
6.424454611115674058e-10
6.424633331076398260e-10
6.424811468391778495e-10
6.424989068939319486e-10
6.425165965434563645e-10
6.425342395765142564e-10
6.425517897720314333e-10
6.425692908027454140e-10
6.425867231770136036e-10
6.426040953988730844e-10
6.426214098690915073e-10
6.426386368850606416e-10
6.426558119968111862e-10
6.426729002909933597e-10
6.426899373085388742e-10
6.427068940706638942e-10
6.427237725765398829e-10
6.427405907144852543e-10
6.427573659971543470e-10
6.427741231656433596e-10
6.427908469507358518e-10
6.428075485544011919e-10
6.428242262791820449e-10
6.428408749389868425e-10
6.428575010062557235e-10
6.428740949955431679e-10
6.428906640389244940e-10
6.429072054006652619e-10
6.429237112333030005e-10
6.429401964563635460e-10
6.429566480125941342e-10
6.429730707328536195e-10
6.429894679164759521e-10
6.430058158794190382e-10
6.430221481198093493e-10
6.430384435664201925e-10
6.430547033912837777e-10
6.430709458037059553e-10
6.430871298034870477e-10
6.431032979746708104e-10
6.431194111674605959e-10
6.431354942051329966e-10
6.431515479670637218e-10
6.431675264109736695e-10
6.431834638116705475e-10
6.431993274225628299e-10
6.432151400718501896e-10
6.432309146005603788e-10
6.432466062863050402e-10
6.432622591364989687e-10
6.432778290465750065e-10
6.432933449564395004e-10
6.433088087845310861e-10
6.433241998727584277e-10
6.433395380268859579e-10
6.433547995372703431e-10
6.433699980312572256e-10
6.433851314026379708e-10
6.434001992795535344e-10
6.434152000320031602e-10
6.434301252231995495e-10
6.434449965986870306e-10
6.434597746609635853e-10
6.434744983598135893e-10
6.434891428119898556e-10
6.435037096092773961e-10
6.435182152710107107e-10
6.435326716154500834e-10
6.435470979560220463e-10
6.435614897438536158e-10
6.435758426946868863e-10
6.435901707054456619e-10
6.436044574805891572e-10
6.436187109557572969e-10
6.436329307842373271e-10
6.436471134792148118e-10
6.436612685376744408e-10
6.436753691867576360e-10
6.436894413165558258e-10
6.437034786754033765e-10
6.437174814072297149e-10
6.437314431129242632e-10
6.437453510556840263e-10
6.437592339719702796e-10
6.437730764891276470e-10
6.437868774314016060e-10
6.438006436264236505e-10
6.438143486341099629e-10
6.438280311488942636e-10
6.438416618606655225e-10
6.438552444357777278e-10
6.438687895361340258e-10
6.438823056183326910e-10
6.438958138908296799e-10
6.439093068388959225e-10
6.439227918478480820e-10
6.439362689681441756e-10
6.439497252302125841e-10
6.439631732529417062e-10
6.439766048729274354e-10
6.439900292040457611e-10
6.440034365614592762e-10
6.440168318391407158e-10
6.440302088142930499e-10
6.440435697819702470e-10
6.440569195286942805e-10
6.440702533854441831e-10
6.440835778431062213e-10
6.440968694662474346e-10
6.441101504166907944e-10
6.441234216904031172e-10
6.441366677001170173e-10
6.441499117443257049e-10
6.441631131360000819e-10
6.441763019148658378e-10
6.441894770018245043e-10
6.442026304060218511e-10
6.442157664214765151e-10
6.442288217701537657e-10
6.442418403439939844e-10
6.442548152443108626e-10
6.442677182989043797e-10
6.442805780364894002e-10
6.442933679967161814e-10
6.443061055351988227e-10
6.443187991151530434e-10
6.443314137695450401e-10
6.443439783891052726e-10
6.443564791605792555e-10
6.443689170584684686e-10
6.443813058511528488e-10
6.443936173600217258e-10
6.444058683743186338e-10
6.444180548508260975e-10
6.444301783420794087e-10
6.444422378774234775e-10
6.444542233369238949e-10
6.444661486349166168e-10
6.444780004137168804e-10
6.444897814466958436e-10
6.445015018484526004e-10
6.445131433628628777e-10
6.445247121100705916e-10
6.445362280651226873e-10
6.445476906134239696e-10
6.445591265646839130e-10
6.445705208117721181e-10
6.445818735352207537e-10
6.445931926047848086e-10
6.446044617475055280e-10
6.446156980890408012e-10
6.446268889894918418e-10
6.446380383574111213e-10
6.446491534791845014e-10
6.446602094327700247e-10
6.446712290732920930e-10
6.446822133547794658e-10
6.446931443796906655e-10
6.447040309809497861e-10
6.447148670526817769e-10
6.447256657646773248e-10
6.447364245836544446e-10
6.447471140926717302e-10
6.447577710190033284e-10
6.447683769467550305e-10
6.447789310980461885e-10
6.447894479050278219e-10
6.447998956495420604e-10
6.448102950296744225e-10
6.448206542917125119e-10
6.448309794166684658e-10
6.448412887354436847e-10
6.448515717083095987e-10
6.448618258659666430e-10
6.448720638557995886e-10
6.448822736949392098e-10
6.448924581781392830e-10
6.449026188025967172e-10
6.449127528294337859e-10
6.449228602267626767e-10
6.449329474086245773e-10
6.449429951700363338e-10
6.449530240295025539e-10
6.449630238975704339e-10
6.449729944140028171e-10
6.449829381397508800e-10
6.449928460850157253e-10
6.450027301296412334e-10
6.450125917288035380e-10
6.450224045692669682e-10
6.450321960297585419e-10
6.450419594272792951e-10
6.450516848042290139e-10
6.450613856415423723e-10
6.450710370279307608e-10
6.450806640767630126e-10
6.450902686592871093e-10
6.450997945331357388e-10
6.451092923229618012e-10
6.451187503052171929e-10
6.451281485302907725e-10
6.451375071729936032e-10
6.451468113870880507e-10
6.451560666577741932e-10
6.451652881332519472e-10
6.451744356848804873e-10
6.451835420351390245e-10
6.451926041173795149e-10
6.452016039052271004e-10
6.452105588783316131e-10
6.452194514992646551e-10
6.452282954404118532e-10
6.452370912870862088e-10
6.452458177633751865e-10
6.452544970298609869e-10
6.452631221923654356e-10
6.452716800388702757e-10
6.452801955073406915e-10
6.452886346818826433e-10
6.452970247132521721e-10
6.453053575727928933e-10
6.453136224119483553e-10
6.453218251709506910e-10
6.453299839287420865e-10
6.453380938567384340e-10
6.453461825198237481e-10
6.453542372318184874e-10
6.453622492484723195e-10
6.453702356654164772e-10
6.453781834857823809e-10
6.453860937239829749e-10
6.453939770816674340e-10
6.454018137015379733e-10
6.454096160071856488e-10
6.454173879418217997e-10
6.454251148039653989e-10
6.454328059702463573e-10
6.454404566356138555e-10
6.454480711744884859e-10
6.454556513227087639e-10
6.454631762636541892e-10
6.454706711901856520e-10
6.454781325139522958e-10
6.454855343444077430e-10
6.454929056117389682e-10
6.455002349273232979e-10
6.455075143704514174e-10
6.455147614253640115e-10
6.455219539603061238e-10
6.455290992148038345e-10
6.455362073637577043e-10
6.455432827701732333e-10
6.455503341902535137e-10
6.455573626839064233e-10
6.455643654391314699e-10
6.455713451557220956e-10
6.455783019910080529e-10
6.455852284355955871e-10
6.455921329698230559e-10
6.455990150148708258e-10
6.456058611708679227e-10
6.456126870463816333e-10
6.456194856457800810e-10
6.456262529310156697e-10
6.456329967705198991e-10
6.456397080756457887e-10
6.456463929378340875e-10
6.456530509297632911e-10
6.456596716420271349e-10
6.456662677863236824e-10
6.456728384464263280e-10
6.456793656812425348e-10
6.456858693191601254e-10
6.456923489459684081e-10
6.456987796002929870e-10
6.457051865274380033e-10
6.457115637473839364e-10
6.457178989322445273e-10
6.457242037663181595e-10
6.457304723777805367e-10
6.457367039363491190e-10
6.457429018183683719e-10
6.457490555055337030e-10
6.457551750787779558e-10
6.457612648267430929e-10
6.457672990132346391e-10
6.457733021482758888e-10
6.457792747688724955e-10
6.457851899864846725e-10
6.457910724494403127e-10
6.457969187553387614e-10
6.458027148204374733e-10
6.458084731103069205e-10
6.458141869769378788e-10
6.458198571046155101e-10
6.458254912261964117e-10
6.458310678866834457e-10
6.458366078524872490e-10
6.458421081316541872e-10
6.458475485237305981e-10
6.458529523474342580e-10
6.458583122307661117e-10
6.458636146052344173e-10
6.458688785707703908e-10
6.458740939291469783e-10
6.458792473154002274e-10
6.458843617426460372e-10
6.458894394764907464e-10
6.458944734210481883e-10
6.458994876885091416e-10
6.459044732596270795e-10
6.459094189696144019e-10
6.459143416410500215e-10
6.459192313375922662e-10
6.459240848685987182e-10
6.459289130025961049e-10
6.459337022044280632e-10
6.459384588818492081e-10
6.459431903506930312e-10
6.459478753069642154e-10
6.459525310206223075e-10
6.459571607353733616e-10
6.459617394601058390e-10
6.459662905228432978e-10
6.459708106648663558e-10
6.459752834455053893e-10
6.459797256927987029e-10
6.459841327533176836e-10
6.459884945072519993e-10
6.459928251805365429e-10
6.459971154990704405e-10
6.460013608979334047e-10
6.460055775358091885e-10
6.460097455901415926e-10
6.460138674014795194e-10
6.460179559815807994e-10
6.460220133119152310e-10
6.460260383421702314e-10
6.460300409282441581e-10
6.460340183342784943e-10
6.460379628063235368e-10
6.460418838409090261e-10
6.460457768164941619e-10
6.460496371102560138e-10
6.460534740036573629e-10
6.460572782283048818e-10
6.460610510629370795e-10
6.460648003943488653e-10
6.460685114371003801e-10
6.460721939317396452e-10
6.460758513331519249e-10
6.460794664120749586e-10
6.460830551331359274e-10
6.460866152784568140e-10
6.460901323206781103e-10
6.460936225429328927e-10
6.460970828904017999e-10
6.461004982939633817e-10
6.461038860401207973e-10
6.461072427317673481e-10
6.461105521377996184e-10
6.461138348187843500e-10
6.461170846200428362e-10
6.461202821329814152e-10
6.461234533893875544e-10
6.461265968951662724e-10
6.461296920835469729e-10
6.461327695514855648e-10
6.461358208517309148e-10
6.461388246124588952e-10
6.461418097769259345e-10
6.461447640107524058e-10
6.461476746919893420e-10
6.461505628519933305e-10
6.461534176046539198e-10
6.461562321171697370e-10
6.461590195673137618e-10
6.461617714056780549e-10
6.461644860117330783e-10
6.461671690173173530e-10
6.461698151521736834e-10
6.461724251453170226e-10
6.461750017448068019e-10
6.461775384644096453e-10
6.461800405731006188e-10
6.461825074429255603e-10
6.461849308932543273e-10
6.461873200321519651e-10
6.461896757675319141e-10
6.461919822375235045e-10
6.461942544762377671e-10
6.461964917402047673e-10
6.461986812025829005e-10
6.462008268013929473e-10
6.462029379048275762e-10
6.462050178538072427e-10
6.462070662990962923e-10
6.462090910187153838e-10
6.462110893323511783e-10
6.462130542201974460e-10
6.462149964284470378e-10
6.462169083445981353e-10
6.462187878172780424e-10
6.462206441546054356e-10
6.462224655060186281e-10
6.462242565725297976e-10
6.462260228922785815e-10
6.462277514744968570e-10
6.462294507208374264e-10
6.462311222154132012e-10
6.462327562924739672e-10
6.462343588433034445e-10
6.462359336594287275e-10
6.462374697618469817e-10
6.462389723555094936e-10
6.462404473826336297e-10
6.462418810434686282e-10
6.462432805490028382e-10
6.462446529772346456e-10
6.462459808866058854e-10
6.462472729383799950e-10
6.462485370400727582e-10
6.462497574035773364e-10
6.462509333441949776e-10
6.462520785270734782e-10
6.462531965887262857e-10
6.462542725837574901e-10
6.462553281497023111e-10
6.462563632557275913e-10
6.462573502048072134e-10
6.462583186652834511e-10
