4.991223267623246817e-07
5.238887911074201590e-07
5.458008531857828607e-07
5.650559726875822294e-07
5.818354647024407016e-07
5.963063632255288876e-07
6.086233947774632028e-07
6.189321486862053794e-07
6.273687974665943616e-07
6.340622889672746634e-07
6.391341362837297805e-07
6.426996074002106350e-07
6.448675122149191035e-07
6.457413085786741067e-07
6.454192908087682177e-07
6.439951456642384334e-07
6.415589881892206130e-07
6.381966800693405633e-07
6.339906950018225050e-07
6.290197778194303559e-07
6.233601324836099081e-07
6.170846985286913498e-07
6.102626223644188214e-07
6.029600711112901635e-07
5.952400917338289932e-07
5.871623483226958018e-07
5.787837566078871886e-07
5.701570576847112951e-07
5.613325381323359869e-07
5.523571473804108392e-07
5.432750145359115489e-07
5.341265455219542417e-07
5.249499392491574308e-07
5.157800660265616874e-07
5.066487882524975549e-07
4.975859393107104620e-07
4.886177951070835322e-07
4.797682642559289038e-07
4.710588017088967784e-07
4.625084125905374348e-07
4.541336624161653924e-07
4.459491125213494683e-07
4.379662413727893312e-07
4.301963039820893433e-07
4.226471065641903026e-07
4.153249645998284960e-07
4.082353959883485154e-07
4.013807579788603952e-07
3.947637322048523319e-07
3.883843477361273040e-07
3.822421087965471735e-07
3.763345726467723858e-07
3.706591030985343240e-07
3.652116683287532746e-07
3.599875014587246921e-07
3.549808017839440939e-07
3.501858711867460869e-07
3.455952708210675414e-07
3.412013793932240716e-07
3.369968186806366185e-07
3.329725510786711353e-07
3.291201348464505936e-07
3.254308205602204244e-07
3.218956013631773615e-07
3.185043396681709455e-07
3.152482996372141952e-07
3.121186032784620612e-07
3.091041548457735308e-07
3.061967689430850055e-07
3.033870847758672796e-07
3.006656480528196982e-07
2.980228814418203127e-07
2.954513008890875171e-07
2.929421212597438634e-07
2.904862756359197687e-07
2.880763287063792521e-07
2.857050492283731806e-07
2.833654627256454811e-07
2.810502179916399854e-07
2.787530156312275435e-07
2.764684447041973119e-07
2.741909880860143225e-07
2.719152635874495207e-07
2.696367917076548708e-07
2.673520839046774642e-07
2.650570865746325347e-07
2.627486365609320272e-07
2.604242929742856751e-07
2.580820879571165179e-07
2.557199145364978262e-07
2.533366218261280043e-07
2.509313385853291156e-07
2.485037193821118350e-07
2.460537249747428763e-07
2.435813534940843758e-07
2.410876072080730066e-07
2.385732650331694231e-07
2.360398808600278383e-07
2.334889753626584228e-07
2.309221229406444881e-07
2.283418297543903954e-07
2.257498317037295464e-07
2.231490346499350238e-07
2.205419542781466235e-07
2.179309803760598130e-07
2.153194901360168167e-07
2.127098441104874741e-07
2.101055414949789938e-07
2.075089546674457107e-07
2.049234455110231439e-07
2.023519079265847641e-07
1.997973517290496768e-07
1.972626716054220486e-07
1.947499779990048618e-07
1.922634511417304238e-07
1.898041404953694597e-07
1.873757843416431760e-07
1.849799297158527032e-07
1.826192699195863471e-07
1.802955490289249513e-07
1.780111300007887069e-07
1.757675048116972904e-07
1.735664451930608647e-07
1.714093140678470453e-07
1.692974265685717334e-07
1.672317260170436895e-07
1.652134587509612847e-07
1.632429556672466012e-07
1.613216339582669408e-07
1.594486868871914276e-07
1.576256592944365589e-07
1.558515708420469541e-07
1.541265985306915907e-07
1.524512413312342396e-07
1.508243347179772820e-07
1.492454034584677696e-07
1.477147552516396524e-07
1.462302877196834117e-07
1.447921502293054825e-07
1.433986314954195758e-07
1.420489092111328794e-07
1.407416853987944930e-07
1.394763850683362273e-07
1.382511633706544914e-07
1.370637347938930418e-07
1.359143391117303103e-07
1.347996889907759695e-07
1.337193540759327928e-07
1.326711546276027228e-07
1.316541516720184842e-07
1.306668062950922754e-07
1.297060324893273806e-07
1.287714003438300001e-07
1.278606003898485426e-07
1.269724301349739641e-07
1.261054804615588383e-07
1.252574093489598884e-07
1.244278583576698482e-07
1.236141323907803311e-07
1.228150016330224583e-07
1.220295700396445996e-07
1.212554486126219988e-07
1.204923529659504150e-07
1.197386641955326687e-07
1.189929164786812266e-07
1.182548842618784719e-07
1.175224855074116700e-07
1.167948315723431175e-07
1.160715232328266053e-07
1.153509975278081075e-07
1.146330671815416034e-07
1.139169881519515397e-07
1.132016228571565415e-07
1.124870911300656736e-07
1.117724223148153049e-07
1.110570375624262126e-07
1.103409454715500519e-07
1.096235733575107850e-07
1.089046448508117205e-07
1.081843313741476421e-07
1.074621102766963370e-07
1.067378747519038471e-07
1.060120674503304677e-07
1.052843507659603574e-07
1.045546499718721797e-07
1.038235401301469592e-07
1.030909632003804184e-07
1.023568323711669463e-07
1.016218356727073781e-07
1.008860872940677690e-07
1.001494990563610719e-07
9.941294034670978809e-08
9.867662999207404664e-08
9.794062624896136304e-08
9.720559759235630303e-08
9.647189784102101392e-08
9.573986369797070120e-08
9.500974188618502221e-08
9.428220629676677073e-08
9.355772037595594402e-08
9.283608718315442012e-08
9.211869347498348321e-08
9.140535853806259714e-08
9.069638993979507414e-08
8.999247434386868345e-08
8.929402625419055786e-08
8.860106283392629062e-08
8.791411047984878784e-08
8.723371515184285567e-08
8.655990013385315912e-08
8.589299085605631351e-08
8.523355163563992052e-08
8.458177565813803587e-08
8.393756742971132640e-08
8.330144009335975363e-08
8.267368347825549266e-08
8.205414925627794369e-08
8.144311052028368682e-08
8.084073561996815735e-08
8.024742660981648735e-08
7.966284875600309188e-08
7.908722085128843023e-08
7.852060447327086963e-08
7.796297415781649836e-08
7.741424986275976582e-08
7.687453362111638782e-08
7.634396551896000451e-08
7.582234781654091626e-08
7.530946413155691417e-08
7.480517443941286969e-08
7.430936879376305056e-08
7.382226615745102014e-08
7.334348829628800270e-08
7.287270546198423212e-08
7.241012468483538676e-08
7.195531301341798983e-08
7.150806168042086879e-08
7.106847319527412209e-08
7.063630968583178491e-08
7.021125887197583287e-08
6.979271572766053459e-08
6.938082471132995876e-08
6.897567740565536910e-08
6.857664822736272729e-08
6.818337178966679879e-08
6.779582125513457525e-08
6.741431374751988482e-08
6.703798249538157655e-08
6.666662623426203997e-08
6.630014928864248035e-08
6.593882487489923522e-08
6.558186047792724263e-08
6.522898842180557704e-08
6.488012909174462739e-08
6.453551872685476278e-08
6.419454014362007333e-08
6.385693361464688645e-08
6.352267589002735175e-08
6.319193612741996740e-08
6.286420087997543222e-08
6.253918504718860034e-08
6.221688758583193576e-08
6.189738853012920818e-08
6.158040674858814759e-08
6.126560522379049597e-08
6.095294901676130324e-08
6.064251652007504037e-08
6.033415789983521092e-08
6.002754692772018824e-08
5.972271035298060404e-08
5.941970287569904656e-08
5.911847711659702025e-08
5.881868951276540600e-08
5.852034405937482689e-08
5.822338200422212901e-08
5.792801158419215302e-08
5.763398355389004745e-08
5.734116613535279817e-08
5.704961626929428780e-08
5.675927213056033458e-08
5.647024273576191470e-08
5.618236079081645782e-08
5.589561216072793795e-08
5.561005595049251008e-08
5.532576877553446015e-08
5.504258122010521121e-08
5.476050966936011244e-08
5.447957191289962654e-08
5.419976474887231052e-08
5.392119673220329109e-08
5.364378700790753106e-08
5.336756576831224174e-08
5.309255396457212018e-08
5.281877664030859358e-08
5.254630862519719392e-08
5.227512517973784374e-08
5.200522264417499460e-08
5.173666225713033098e-08
5.146943715044357269e-08
5.120368300807734058e-08
5.093938344782905558e-08
5.067645455818661489e-08
5.041508754175416312e-08
5.015524851850575374e-08
4.989693585287053539e-08
4.964030765599644677e-08
4.938528123645478147e-08
4.913184106870755241e-08
4.888015712725079732e-08
4.863010966216744175e-08
4.838196642255812712e-08
4.813551316403590622e-08
4.789074275331037190e-08
4.764792389352216148e-08
4.740686267444249788e-08
4.716777263462010222e-08
4.693049756528543048e-08
4.669500622302479823e-08
4.646155964256960744e-08
4.622994314227691435e-08
4.600034878660408823e-08
4.577265492803033176e-08
4.554680044524883096e-08
4.532303815147754278e-08
4.510108550683777318e-08
4.488124323746266727e-08
4.466327461309968795e-08
4.444723900331128437e-08
4.423321312299751018e-08
4.402095888391058539e-08
4.381077977093771093e-08
4.360241942814643529e-08
4.339604355323136793e-08
4.319154867572056883e-08
4.298880735154217499e-08
4.278802659363771478e-08
4.258894613489118904e-08
4.239187812466192265e-08
4.219654701361786296e-08
4.200300501174905563e-08
4.181117203764076598e-08
4.162104509582904971e-08
4.143275110622595974e-08
4.124610418601781639e-08
4.106117740620924766e-08
4.087773816773764307e-08
4.069598898646110053e-08
4.051574467138931813e-08
4.033717007789426197e-08
4.016012356132784058e-08
3.998445956262284826e-08
3.981030907094378021e-08
3.963753328534521077e-08
3.946627597041339008e-08
3.929639986614539348e-08
3.912790719634504116e-08
3.896063930398828749e-08
3.879472540844576497e-08
3.863005544055518009e-08
3.846674307022874284e-08
3.830466541315550074e-08
3.814368748125787927e-08
3.798382178709216149e-08
3.782507038640410757e-08
3.766747453474363361e-08
3.751099570155005488e-08
3.735557175946914883e-08
3.720111725337166614e-08
3.704769440963978796e-08
3.689520764551466741e-08
3.674374668372137505e-08
3.659323969848078105e-08
3.644363354085632908e-08
3.629488392254842350e-08
3.614703797634434002e-08
3.600001437606533977e-08
3.585390169518059568e-08
3.570860383713857160e-08
3.556410069550554792e-08
3.542032823548857375e-08
3.527735192643629220e-08
3.513512032315059522e-08
3.499368227401227994e-08
3.485296328044016069e-08
3.471296927525753865e-08
3.457363355046051518e-08
3.443503563761574230e-08
3.429710749595051963e-08
3.415992243608893514e-08
3.402338119283980095e-08
3.388753597261390588e-08
3.375229159794530029e-08
3.361776905205561364e-08
3.348384099686278471e-08
3.335062751664189193e-08
3.321801296713172779e-08
3.308608173068612152e-08
3.295474798872949081e-08
3.282411039500300731e-08
3.269404149590173014e-08
3.256465898531704245e-08
3.243586488262847758e-08
3.230777875178280447e-08
3.218027390612125624e-08
3.205344625237666860e-08
3.192720831350982198e-08
3.180163601156328245e-08
3.167669928453420884e-08
3.155242292742017807e-08
3.142878753264024238e-08
3.130576405096842098e-08
3.118341759014488695e-08
3.106167122747255897e-08
3.094065046855621299e-08
3.082020502513000826e-08
3.070049299508882879e-08
3.058136964031368579e-08
3.046298290434473214e-08
3.034516886767819614e-08
3.022805971195903179e-08
3.011158362545124053e-08
2.999581225647445509e-08
2.988068037501543846e-08
2.976618681892064807e-08
2.965238788388931026e-08
2.953920915346524852e-08
2.942677949331064688e-08
2.931493813954845129e-08
2.920382997909950510e-08
2.909332727830566109e-08
2.898352123759946785e-08
2.887433203177586294e-08
2.876580776188051230e-08
2.865797977918794498e-08
2.855076668375426750e-08
2.844424561631912404e-08
2.833831119535656404e-08
2.823310016107168024e-08
2.812845071655350720e-08
2.802447634252026446e-08
2.792114916685248421e-08
2.781845999849723359e-08
2.771638785658895371e-08
2.761488081315461474e-08
2.751407457283252468e-08
2.741381331774984164e-08
2.731420365587376172e-08
2.721519493230108869e-08
2.711680371007339807e-08
2.701897286245696355e-08
2.692167248985187126e-08
2.682502174750400878e-08
2.672888455971334643e-08
2.663334580292598801e-08
2.653837449415722404e-08
2.644396765012903243e-08
2.635008255560484684e-08
2.625668634793765004e-08
2.616389031317015630e-08
2.607155993896961732e-08
2.597977722725987620e-08
2.588853624549142195e-08
2.579779807061428362e-08
2.570755054539480013e-08
2.561775459207830571e-08
2.552850387971930040e-08
2.543967302330469854e-08
2.535134645710585064e-08
2.526353354808548036e-08
2.517615397987001654e-08
2.508924867486907052e-08
2.500276134823095662e-08
2.491672244768806567e-08
2.483109817284800551e-08
2.474590546782686965e-08
2.466119102828186062e-08
2.457687067221463177e-08
2.449300739864976205e-08
2.440951793265681104e-08
2.432639696081162339e-08
2.424373891022073933e-08
2.416143650203099866e-08
2.407955144213339460e-08
2.399807797560920910e-08
2.391697906425234756e-08
2.383628084904802118e-08
2.375593416087379452e-08
2.367598418972068077e-08
2.359638298190307622e-08
2.351714520885190926e-08
2.343833134115772388e-08
2.335984561336460080e-08
2.328175962660663077e-08
2.320399826183887442e-08
2.312655225344958430e-08
2.304952902361589069e-08
2.297279452895878160e-08
2.289642339576033340e-08
2.282042754141300001e-08
2.274474430350623902e-08
2.266944465417597136e-08
2.259445523412157734e-08
2.251977942948090726e-08
2.244547970936577816e-08
2.237148016104785302e-08
2.229783209835553513e-08
2.222453123394519768e-08
2.215153666949952642e-08
2.207891102003311019e-08
2.200658617598774776e-08
2.193458299511200146e-08
2.186290955167759052e-08
2.179154724058004034e-08
2.172053190292237393e-08
2.164983785214382457e-08
2.157945148614126136e-08
2.150941517779722256e-08
2.143967411120628800e-08
2.137024363520749720e-08
2.130112934576243379e-08
2.123232108175356623e-08
2.116384183915418334e-08
2.109568045361611996e-08
2.102780998475977996e-08
2.096028615280079862e-08
2.089305010608547674e-08
2.082610288944240140e-08
2.075949114617444620e-08
2.069315588836216151e-08
2.062713886903499632e-08
2.056144608721430522e-08
2.049602766982472349e-08
2.043095293999671311e-08
2.036614675240909222e-08
2.030160070183070837e-08
2.023742275194384078e-08
2.017348215912842648e-08
2.010984853976946652e-08
2.004654213041250495e-08
1.998349553530958597e-08
1.992077152669935709e-08
1.985830738436570104e-08
1.979610904003040226e-08
1.973423034306527809e-08
1.967260419601258886e-08
1.961125640072504206e-08
1.955021825655406694e-08
1.948944456682186450e-08
1.942894144659434207e-08
1.936873354935854446e-08
1.930878142260134789e-08
1.924907306935886536e-08
1.918967536502244036e-08
1.913050373539841015e-08
1.907161240130437698e-08
1.901301631620143723e-08
1.895465137859352334e-08
1.889657673243306969e-08
1.883873605135455810e-08
1.878113661955494186e-08
1.872381710256908968e-08
1.866672502168494939e-08
1.860988740670060605e-08
1.855330758167103045e-08
1.849699516900844280e-08
1.844090545963020871e-08
1.838509339223287547e-08
1.832948983183843871e-08
1.827409920935694855e-08
1.821899680537846552e-08
1.816409242927688590e-08
1.810942316577681776e-08
1.805501578392782473e-08
1.800083084365976652e-08
1.794686675719729342e-08
1.789315867352102491e-08
1.783965492539564962e-08
1.778634072030803412e-08
1.773330767934911955e-08
1.768045170659060476e-08
1.762781884983521247e-08
1.757543917294856147e-08
1.752326177250394226e-08
1.747129345936945807e-08
1.741956815338785084e-08
1.736803225464408802e-08
1.731667287147785173e-08
1.726557974751072710e-08
1.721465315833388776e-08
1.716393431961851186e-08
1.711345037511334855e-08
1.706316473408031096e-08
1.701307054257335743e-08
1.696320953136755906e-08
1.691352073148173925e-08
1.686400668988075395e-08
1.681473458875246799e-08
1.676562824528399931e-08
1.671672125965473106e-08
1.666801754705007763e-08
1.661952279434720917e-08
1.657119582642614367e-08
1.652309739644196174e-08
1.647515955051892087e-08
1.642740471580161181e-08
1.637985392175493268e-08
1.633248423232542004e-08
1.628528521114536689e-08
1.623828299707619821e-08
1.619149075743685593e-08
1.614485933627077447e-08
1.609841836060179174e-08
1.605216846422614533e-08
1.600609026321347344e-08
1.596015859067538444e-08
1.591446169189461537e-08
1.586889962993685332e-08
1.582351663731579301e-08
1.577833341374362355e-08
1.573332447959846224e-08
1.568847362910043896e-08
1.564383045351738112e-08
1.559932940268721405e-08
1.555499671282748343e-08
1.551084630163760390e-08
1.546686448156729611e-08
1.542303639183717018e-08
1.537938054686001873e-08
1.533592131069962312e-08
1.529260933474097648e-08
1.524946206483464286e-08
1.520650612294213041e-08
1.516369309936441007e-08
1.512101991883787537e-08
1.507855137240931275e-08
1.503621769701529216e-08
1.499404794833097421e-08
1.495204055603236616e-08
1.491021707082067174e-08
1.486853220115179484e-08
1.482700973754030746e-08
1.478566003457836479e-08
1.474445583378386534e-08
1.470337600864769366e-08
1.466249519703673950e-08
1.462174001654514751e-08
1.458114361754020387e-08
1.454069947018451087e-08
1.450042840094885562e-08
1.446029059184841971e-08
1.442030769356157177e-08
1.438048629510661280e-08
1.434080611685528752e-08
1.430124263801854913e-08
1.426186890982044555e-08
1.422261495901867897e-08
1.418351095281356413e-08
1.414455065673927715e-08
1.410575874051678033e-08
1.406709154511529639e-08
1.402856813968203680e-08
1.399020901795159971e-08
1.395197144442578516e-08
1.391385509254936405e-08
1.387591194834835246e-08
1.383809188218087433e-08
1.380039959738804270e-08
1.376285032446185738e-08
1.372546464649497488e-08
1.368820003914177707e-08
1.365106629982386404e-08
1.361409341319407374e-08
1.357722668966741487e-08
1.354049485434069038e-08
1.350388910964766134e-08
1.346744038842967108e-08
1.343109340423039318e-08
1.339488081047583902e-08
1.335881114042030476e-08
1.332288210143295150e-08
1.328706360501357698e-08
1.325138584936997830e-08
1.321583419820900585e-08
1.318040862526666768e-08
1.314507944220173254e-08
1.310991545485267155e-08
1.307485356992809130e-08
1.303991235470625632e-08
1.300509718169683814e-08
1.297042844402698150e-08
1.293586773095418379e-08
1.290142283156745214e-08
1.286712477952986106e-08
1.283292123342096825e-08
1.279884598001129452e-08
1.276486821935753494e-08
1.273105017116552884e-08
1.269731684376148362e-08
1.266370781214730076e-08
1.263021760715484874e-08
1.259686406655349118e-08
1.256360986760047585e-08
1.253047057694600963e-08
1.249747040517554707e-08
1.246455764161195835e-08
1.243175701308708624e-08
1.239906649193224154e-08
1.236651159630010945e-08
1.233404092460932924e-08
1.230168656698826162e-08
1.226944969399362978e-08
1.223733644337290310e-08
1.220531902966327733e-08
1.217341058197182461e-08
1.214163404114746720e-08
1.210994158570893472e-08
1.207835416060599923e-08
1.204687342446177844e-08
1.201552120799203323e-08
1.198424867366918328e-08
1.195308796995468206e-08
1.192203667406301663e-08
1.189110674147648002e-08
1.186026596649510926e-08
1.182952879675296643e-08
1.179891879321893966e-08
1.176838595384386331e-08
1.173796040580960665e-08
1.170762125668574079e-08
1.167742047679936488e-08
1.164728984238500895e-08
1.161726720609133971e-08
1.158734423477358802e-08
1.155754038051471419e-08
1.152782472553524362e-08
1.149820172831222307e-08
1.146869894469503842e-08
1.143927613122233197e-08
1.140995774212834567e-08
1.138071025764094252e-08
1.135159541364480055e-08
1.132255796903483583e-08
1.129361045640642366e-08
1.126475722381631388e-08
1.123601734701085570e-08
1.120737247304942861e-08
1.117880954699396284e-08
1.115034452169581379e-08
1.112198832137012825e-08
1.109370830730753317e-08
1.106551437724526754e-08
1.103741336814239694e-08
1.100942544086809344e-08
1.098150287630530451e-08
1.095367868740090785e-08
1.092594389881818060e-08
1.089831804081384234e-08
1.087077075259775815e-08
1.084330571008598830e-08
1.081595009295901184e-08
1.078867157533237008e-08
1.076148409319311420e-08
1.073436121808867284e-08
1.070735542640124305e-08
1.068042845254812700e-08
1.065357486036087056e-08
1.062681173825711921e-08
1.060014171063261049e-08
1.057356918177601094e-08
1.054706886662122630e-08
1.052065345691431663e-08
1.049434063301712483e-08
1.046809187170989962e-08
1.044193621970312585e-08
1.041583946619577920e-08
1.038985803223197943e-08
1.036394445868078476e-08
1.033810521953226389e-08
1.031234904223001578e-08
1.028668358157536228e-08
1.026110816483902025e-08
1.023560224398803765e-08
1.021017589774454806e-08
1.018484797874596414e-08
1.015958045518024415e-08
1.013440208884248737e-08
1.010927916451985719e-08
1.008426603166005332e-08
1.005931960415707582e-08
1.003444097753210764e-08
1.000964375524784695e-08
9.984929703005581104e-09
9.960305761827993095e-09
9.935745983585464846e-09
9.911260084635390183e-09
9.886867639575086867e-09
9.862540222983914154e-09
9.838290981448675085e-09
9.814098617536325995e-09
9.789999195666513326e-09
9.765978417587789764e-09
9.742013957640454696e-09
9.718129709161749615e-09
9.694318112481721477e-09
9.670596755688412588e-09
9.646940949042679554e-09
9.623351412255533492e-09
9.599841303478961816e-09
9.576414343526863128e-09
9.553042974005809600e-09
9.529743778334838795e-09
9.506502058157749120e-09
9.483362206283494814e-09
9.460274529810642809e-09
9.437254496913298249e-09
9.414303422180616408e-09
9.391432910044322034e-09
9.368638890462639057e-09
9.345902769790002718e-09
9.323235014109040017e-09
9.300652163596835081e-09
9.278123594611207946e-09
9.255669244615616610e-09
9.233264702356221359e-09
9.210943634450749799e-09
9.188696331907063982e-09
9.166497064752127255e-09
9.144371227879055381e-09
9.122309734053184529e-09
9.100331597694110213e-09
9.078415632809998652e-09
9.056556573126402976e-09
9.034764782927169808e-09
9.013057276241712929e-09
8.991392019797803775e-09
8.969802915300429560e-09
8.948256760571527120e-09
8.926801500155504050e-09
8.905403984036966704e-09
8.884056770184433888e-09
8.862778857387753041e-09
8.841562638212104934e-09
8.820425058379115837e-09
8.799344778133649887e-09
8.778320727212555278e-09
8.757360835176731830e-09
8.736480166199579203e-09
8.715638430211515190e-09
8.694870879388523248e-09
8.674143154410527609e-09
8.653502024255128587e-09
8.632915929530210494e-09
8.612376769472911699e-09
8.591904309920424443e-09
8.571488805593198196e-09
8.551149516367359534e-09
8.530865541712546676e-09
8.510633411300569146e-09
8.490461976452279213e-09
8.470366280068977304e-09
8.450310612235889854e-09
8.430322946444932834e-09
8.410375210999413708e-09
8.390501330694570178e-09
8.370691727712499663e-09
8.350921587950664785e-09
8.331214696365271678e-09
8.311563147501807803e-09
8.291979805531183957e-09
8.272458475294494206e-09
8.252982335372255192e-09
8.233561931024337421e-09
8.214211120275150810e-09
8.194909603168284616e-09
8.175662027715548025e-09
8.156463889364513052e-09
8.137313072582201160e-09
8.118244008992489211e-09
8.099215064802693348e-09
8.080235021356439255e-09
8.061311849649564438e-09
8.042445015401986925e-09
8.023644373218917976e-09
8.004890974136384515e-09
7.986186776062734262e-09
7.967537846711379393e-09
7.948958042715276377e-09
7.930410945783028285e-09
7.911928121199137156e-09
7.893479641832802251e-09
7.875097893574397290e-09
7.856775621131063364e-09
7.838487937271761278e-09
7.820258080796066801e-09
7.802077478568503928e-09
7.783956879974976369e-09
7.765893911805457961e-09
7.747873593785304744e-09
7.729899726073905707e-09
7.711986084994199596e-09
7.694131119812826613e-09
7.676309574040258116e-09
7.658546420547467796e-09
7.640816480619144815e-09
7.623158846999686892e-09
7.605547450001539464e-09
7.587971578279551403e-09
7.570450722154948136e-09
7.552977764721386524e-09
7.535563297121643284e-09
7.518202888871964081e-09
7.500881778889971100e-09
7.483605414776540379e-09
7.466388287890903196e-09
7.449224477086305250e-09
7.432093049083585486e-09
7.415017132956760136e-09
7.397972134713752434e-09
7.380995640530429221e-09
7.364064559833090203e-09
7.347166027859665067e-09
7.330320724240302641e-09
7.313519849545676161e-09
7.296773824359593669e-09
7.280079772187049781e-09
7.263424925718644224e-09
7.246812081392677966e-09
7.230250195733914828e-09
7.213746570360492813e-09
7.197269101321780466e-09
7.180848769285999381e-09
7.164457149654733790e-09
7.148119404147590854e-09
7.131838711682972881e-09
7.115588992454131224e-09
7.099383677338456835e-09
7.083223054196991602e-09
7.067109519465017157e-09
7.051050617487081379e-09
7.035030276658639340e-09
7.019048884315596520e-09
7.003112539007985832e-09
6.987231607324071556e-09
6.971384511137238514e-09
6.955582184902298180e-09
6.939818150914307090e-09
6.924088845061748150e-09
6.908425907997688223e-09
6.892795735856828156e-09
6.877198463075690324e-09
6.861647638390984000e-09
6.846137996148736280e-09
6.830680328325932285e-09
6.815268977355652666e-09
6.799891315350204637e-09
6.784552056487601055e-09
6.769259786821676313e-09
6.754020587476821769e-09
6.738804621896916470e-09
6.723639417741040117e-09
6.708502036866521691e-09
6.693406782146347652e-09
6.678370616166355183e-09
6.663363642051250875e-09
6.648391612140491931e-09
6.633463119243907088e-09
6.618571765487282308e-09
6.603732410621169303e-09
6.588933076437936099e-09
6.574166474683681551e-09
6.559436866047861893e-09
6.544756326174930358e-09
6.530120445176103448e-09
6.515507509598873905e-09
6.500945111636463834e-09
6.486406251803982258e-09
6.471911953874840766e-09
6.457470562495135359e-09
6.443056858747057896e-09
6.428677104553231067e-09
6.414338922889413582e-09
6.400035934671508737e-09
6.385782740532755240e-09
6.371567642792558836e-09
6.357383189162387984e-09
6.343233984961775666e-09
6.329130149239692067e-09
6.315072327364538905e-09
6.301034803749375609e-09
6.287044437155284270e-09
6.273078298114067380e-09
6.259150049670216176e-09
6.245277520807474980e-09
6.231430507600126795e-09
6.217614004753629168e-09
6.203836725894983928e-09
6.190093647326597340e-09
6.176396972205700097e-09
6.162740052916862360e-09
6.149111976282914825e-09
6.135517323639359754e-09
6.121960285968000822e-09
6.108451167937702636e-09
6.094964281947469213e-09
6.081516905323019066e-09
6.068100188402897853e-09
6.054710209188817450e-09
6.041375680627274494e-09
6.028069739033521685e-09
6.014787755334884585e-09
6.001546397991886622e-09
5.988337873773952242e-09
5.975166748930711846e-09
5.962038075704572621e-09
5.948939910090834095e-09
5.935871275670741826e-09
5.922835697840144634e-09
5.909843307632418003e-09
5.896886500931315221e-09
5.883950409615741208e-09
5.871058587072489438e-09
5.858186716336731272e-09
5.845350128567416488e-09
5.832564279520704678e-09
5.819801243614468097e-09
5.807064781913606864e-09
5.794364170300428278e-09
5.781695548232647380e-09
5.769067048787391380e-09
5.756475335652065609e-09
5.743910813410739007e-09
5.731375817731524693e-09
5.718873993180520531e-09
5.706413335332484020e-09
5.693981370882820006e-09
5.681575532065804047e-09
5.669206402349174534e-09
5.656856912894484806e-09
5.644547092567279084e-09
5.632279318611199924e-09
5.620034862514991592e-09
5.607816726364219733e-09
5.595632068434597044e-09
5.583477071374003880e-09
5.571361943200009865e-09
5.559281117900352027e-09
5.547225999271420195e-09
5.535198978363100226e-09
5.523203590275996029e-09
5.511247320423648432e-09
5.499318589969620256e-09
5.487413488426184052e-09
5.475544997878646760e-09
5.463694629162835242e-09
5.451878529544445439e-09
5.440107192452931974e-09
5.428356410951336278e-09
5.416629260110430835e-09
5.404934560184552177e-09
5.393269340938371766e-09
5.381638772875087220e-09
5.370043211239749172e-09
5.358472692885072174e-09
5.346927849309315768e-09
5.335411430425284412e-09
5.323932205444265512e-09
5.312485294089182281e-09
5.301054531618709045e-09
5.289661611832213378e-09
5.278287699519183970e-09
5.266940151617697332e-09
5.255639485058072567e-09
5.244359727467535797e-09
5.233099348601560032e-09
5.221872712205544089e-09
5.210673353240803055e-09
5.199502184304383083e-09
5.188366976414634161e-09
5.177260079741230930e-09
5.166176208248774593e-09
5.155118480533750419e-09
5.144090136170946586e-09
5.133099789315834864e-09
5.122127935225606869e-09
5.111183575501429056e-09
5.100267830946203484e-09
5.089369371291492868e-09
5.078505159842995764e-09
5.067678807522699420e-09
5.056871893942428904e-09
5.046085914463770236e-09
5.035329341737904997e-09
5.024599924878989035e-09
5.013900794403650083e-09
5.003234571680056131e-09
4.992591703795817832e-09
4.981970957242593478e-09
4.971375588109196901e-09
4.960812165689093545e-09
4.950282976995665157e-09
4.939767276049943405e-09
4.929281959107542642e-09
4.918820731359197047e-09
4.908376256177146592e-09
4.897969934277657926e-09
4.887592736673825567e-09
4.877234959778720800e-09
4.866898911087802600e-09
4.856590111429569053e-09
4.846306655955599654e-09
4.836052977356119110e-09
4.825830135745853407e-09
4.815628934281980094e-09
4.805449043615653658e-09
4.795293159494086314e-09
4.785167733145398482e-09
4.775075013557985385e-09
4.764995220383369875e-09
4.754943878081295051e-09
4.744916199614726793e-09
4.734904455417452361e-09
4.724926069241070274e-09
4.714979513066753381e-09
4.705051379039489398e-09
4.695141448457516223e-09
4.685258992956288356e-09
4.675400612284005145e-09
4.665568845778441655e-09
4.655767281008384683e-09
4.645988016797204510e-09
4.636228745949142933e-09
4.626492494735906320e-09
4.616781633788800994e-09
4.607103036911055551e-09
4.597442423439970189e-09
4.587801521834307302e-09
4.578189468193545286e-09
4.568591161455765538e-09
4.559016401106053730e-09
4.549481550683380606e-09
4.539962123870666399e-09
4.530458219158562122e-09
4.520981922610194176e-09
4.511528586440138647e-09
4.502095473228201254e-09
4.492693811849972004e-09
4.483317365338683653e-09
4.473959457600112676e-09
4.464621920126533516e-09
4.455306167045915203e-09
4.446018725947170113e-09
4.436759772277854712e-09
4.427511286539887682e-09
4.418290287438933329e-09
4.409089406734006577e-09
4.399902690512757128e-09
4.390746978406777503e-09
4.381620413918984438e-09
4.372510085396049214e-09
4.363414960583190145e-09
4.354346215693698224e-09
4.345298710592489745e-09
4.336273716443298714e-09
4.327276055559088766e-09
4.318301511458398181e-09
4.309344182644349944e-09
4.300407009580695694e-09
4.291491562865659239e-09
4.282603884569177779e-09
4.273739531518538110e-09
4.264886377430260182e-09
4.256061063068036519e-09
4.247252648641601731e-09
4.238458789145225934e-09
4.229696970989243006e-09
4.220958991639686751e-09
4.212237841983895731e-09
4.203531766924884197e-09
4.194849854673059055e-09
4.186188786740398205e-09
4.177549099366528994e-09
4.168935398187615080e-09
4.160344090353749112e-09
4.151768668578454647e-09
4.143212486697015219e-09
4.134676683391149480e-09
4.126166825446908988e-09
4.117681157038212804e-09
4.109205208767782628e-09
4.100754576303651266e-09
4.092321823483797739e-09
4.083902063837843838e-09
4.075508522453585351e-09
4.067145170795481968e-09
4.058794864003080955e-09
4.050457240645373138e-09
4.042144529503541064e-09
4.033851033615507114e-09
4.025574904704589007e-09
4.017326129257715156e-09
4.009098959306643624e-09
4.000888059950237917e-09
3.992693734207352507e-09
3.984517802653675570e-09
3.976366033535207694e-09
3.968239851970899974e-09
3.960124713443108138e-09
3.952028203407388032e-09
3.943954938529707447e-09
3.935892408017106546e-09
3.927848124063880175e-09
3.919836745889317445e-09
3.911839622298548362e-09
3.903856454447201222e-09
3.895891141410414896e-09
3.887945489030843730e-09
3.880019079634302256e-09
3.872113734918378752e-09
3.864231402863255948e-09
3.856367124621551537e-09
3.848518379809171173e-09
3.840686801574749758e-09
3.832873622965776073e-09
3.825083968639554548e-09
3.817316475198068315e-09
3.809557367255847234e-09
3.801820711175372849e-09
3.794101581147559622e-09
3.786393670636531407e-09
3.778706485765377430e-09
3.771050274797443533e-09
3.763405090958085853e-09
3.755772225728156788e-09
3.748159033863221765e-09
3.740564266518389307e-09
3.732986230317292739e-09
3.718129951020859003e-09
3.710611592034164637e-09
3.703108851718880580e-09
3.695621067210213974e-09
3.658834276090541672e-09
3.651444172023064289e-09
3.644076631565468441e-09
3.636729257801492200e-09
3.614674839868974530e-09
3.607388742795643886e-09
3.600119147885871432e-09
3.592860214020630733e-09
3.556075879387055689e-09
3.548929645253939110e-09
3.541793783921751290e-09
3.534669816006054966e-09
3.512734328981955094e-09
3.505677321725147919e-09
3.498637304379006270e-09
3.491616910969358145e-09
3.454843519847606860e-09
3.447922830602756807e-09
3.441015941046289882e-09
3.434124509533580312e-09
3.412303146315055195e-09
3.405477057215860444e-09
3.398673387527784019e-09
3.391876832359178063e-09
3.355097136435368758e-09
3.348399578891993976e-09
3.341711102566513937e-09
3.335038237258252072e-09
3.313334320976002383e-09
3.306731232096373162e-09
3.300141034004669595e-09
3.293563760707906697e-09
3.256778184330348157e-09
3.250297914908669491e-09
3.243832216687576661e-09
3.237388230475235010e-09
3.215790007575151839e-09
3.209405090154001003e-09
3.203033413614582762e-09
3.196676485172423032e-09
3.159883204453089023e-09
3.153625269097690107e-09
3.147381770781328511e-09
3.141146344022528329e-09
3.119647151679669640e-09
3.113473214958143373e-09
3.107309286409934436e-09
3.101163659178839028e-09
3.064366926997336869e-09
3.058316950850740889e-09
3.052277735920344798e-09
3.046254185740390580e-09
3.024849389108428676e-09
3.018885172244733982e-09
3.012937412693769893e-09
2.976046632471960973e-09
2.970193372905791169e-09
2.964351390091064927e-09
2.958522878240425375e-09
2.937170703554188212e-09
2.931399671500329450e-09
2.925648341052188393e-09
2.919908299429962519e-09
2.882994817392249999e-09
2.877343038656485608e-09
2.871701970797704659e-09
2.866070297948357473e-09
2.844811030310528627e-09
2.839248136516961312e-09
2.833693285437230317e-09
2.828148334027762231e-09
2.791216218974278172e-09
2.785760027782015724e-09
2.780318774541873662e-09
2.774893126743736728e-09
2.753727973362747287e-09
2.748360505811348257e-09
2.743003869754110856e-09
2.737659413275511452e-09
2.700705570367550868e-09
2.695447729378802097e-09
2.690208646917599069e-09
2.684981747227313031e-09
2.663896244710447490e-09
2.658720234214425341e-09
2.653555075027445612e-09
2.648398797108211842e-09
2.611417462232243168e-09
2.606359123029090624e-09
2.601307697343679114e-09
2.580273365940016962e-09
2.575276162280137089e-09
2.570287980828784847e-09
2.565312308526482230e-09
2.528291122117975060e-09
2.523410651413779338e-09
2.518539222044470883e-09
2.513676339160435853e-09
2.492761091424022112e-09
2.487953873306143662e-09
2.483152828497334646e-09
2.478365995225381115e-09
2.441398781018643777e-09
2.436698517757785187e-09
2.432007610350241572e-09
2.427328856804523560e-09
2.406523636908412213e-09
2.401894219071120888e-09
2.397280564922219950e-09
2.392678145499660890e-09
2.355748976916879340e-09
2.351227274445397233e-09
2.346718498122162156e-09
2.342216111006232174e-09
2.321524367440099643e-09
2.317080146931584345e-09
2.312648548790760611e-09
2.275687626258272504e-09
2.271337765322848601e-09
2.266997506437513015e-09
2.262667125128450724e-09
2.242041343986094468e-09
2.237765696636892587e-09
2.233501080338609738e-09
2.229240219963869366e-09
2.192316778738344282e-09
2.188140766756910373e-09
2.183970285116246778e-09
2.179809697387942349e-09
2.159295442165659483e-09
2.155190849906317806e-09
2.151094244846631255e-09
2.147002991397586177e-09
2.110119376770956423e-09
2.106111229451026054e-09
2.102113439175668108e-09
2.098128377220518761e-09
2.077719614012549192e-09
2.073785275155809265e-09
2.069857507607768437e-09
2.032938318291430501e-09
2.029093182147849083e-09
2.025254059067648856e-09
2.021428194151986887e-09
2.001080976511729419e-09
1.997301695181166949e-09
1.993530357510091015e-09
1.989767745394004355e-09
1.952880358122539409e-09
1.949195760469980845e-09
1.945524528409206607e-09
1.941863068097045337e-09
1.921610473024851197e-09
1.917992867603969278e-09
1.914384414724287551e-09
1.910780365135550671e-09
1.873929447396238288e-09
1.870410029128871990e-09
1.866902809713437485e-09
1.846710344489453281e-09
1.843247088610051278e-09
1.839792685857972804e-09
1.836345174658746726e-09
1.799454549600836373e-09
1.796084958593724752e-09
1.792730780276200189e-09
1.789378733711179119e-09
1.769277662901457836e-09
1.765970925166659872e-09
1.762671250500235055e-09
1.759374771766023624e-09
1.722516818874628286e-09
1.719307961014440595e-09
1.716103177110097911e-09
1.712904229828181945e-09
1.692895351669028567e-09
1.689741988951768368e-09
1.686594564101958786e-09
1.649696013467683620e-09
1.646631010954905655e-09
1.643574874085072114e-09
1.640523658521430584e-09
1.620568870352412907e-09
1.617562640669533346e-09
1.614562681377035692e-09
1.611565859505444855e-09
1.574701055232194557e-09
1.571789454877596046e-09
1.568879150859942344e-09
1.565974672363781966e-09
1.546108679002598710e-09
1.543248287662920969e-09
1.540391783711718187e-09
1.503482798042218303e-09
1.500710204505390728e-09
1.497940779771787548e-09
1.495176453084713985e-09
1.475358058395452421e-09
1.472637032426296097e-09
1.469922164820436930e-09
1.467212390825156336e-09
1.430335042686673816e-09
1.427706855920693769e-09
1.425082941613212992e-09
1.422463685912271693e-09
1.402733367583093118e-09
1.400158299994181950e-09
1.397586133782052832e-09
1.360665029530528064e-09
1.358174063051576365e-09
1.355684134968973832e-09
1.353199721665611537e-09
1.333514152703380262e-09
1.331072152021150581e-09
1.328633213824045447e-09
1.326201126925257476e-09
1.289308422462775343e-09
1.286952133371580074e-09
1.284601295158115128e-09
1.282254043690481811e-09
1.262650016053385499e-09
1.260344961418531187e-09
1.258045738781135367e-09
1.221108063866019647e-09
1.218885275029972537e-09
1.216668497878927173e-09
1.214454559058602418e-09
1.194896187954225455e-09
1.192724664145319138e-09
1.190555734768889663e-09
1.188392187450002663e-09
1.151482681312519722e-09
1.149393886643262877e-09
1.147308158063624898e-09
1.127790824105753387e-09
1.125746337092293260e-09
1.123703762251328743e-09
1.121666964831411016e-09
1.084711382672927666e-09
1.082749015645746057e-09
1.080790245081146731e-09
1.078835602614093821e-09
1.059395682181691420e-09
1.057479656530724778e-09
1.055570328080990535e-09
1.053665198116280680e-09
1.016732822640981121e-09
1.014901572343737730e-09
1.013073694925564619e-09
9.936759639412252989e-10
9.918873342662581155e-10
9.901036834337598759e-10
9.883224720823372328e-10
9.513461134973310744e-10
9.496385698593059659e-10
9.479321750125259171e-10
9.462299382239421954e-10
9.269053738867865680e-10
9.252418921542826603e-10
9.235804814173383048e-10
8.865580144139610805e-10
8.849706820767018874e-10
8.833846089780372387e-10
8.818027478287365495e-10
8.625156270192225144e-10
8.609722316132264463e-10
8.594305908909871956e-10
8.578954105725327815e-10
8.208962257505076540e-10
8.194301405682414778e-10
8.179690676198485980e-10
7.987205235185716046e-10
7.972978404458982453e-10
7.958771434840691521e-10
7.944610576397382789e-10
7.574166525645889344e-10
7.560694594625064436e-10
7.547257997157945384e-10
7.533833663105734185e-10
7.342046175084363649e-10
7.328998964646796840e-10
7.315978924196687755e-10
6.945061607025948766e-10
6.932739933099734738e-10
6.920445952953110447e-10
6.908167042192171919e-10
6.716719452314611593e-10
6.704819847171659555e-10
6.692939480826330694e-10
6.681078342662671747e-10
6.310393611972018344e-10
6.299240653433243588e-10
6.288102592201003520e-10
6.097001329596789433e-10
6.086254891966369840e-10
6.075520221981823700e-10
6.064809814029649903e-10
5.693685741665438061e-10
5.683660856290515265e-10
5.673648532270020602e-10
5.663663193044704810e-10
5.473244732993459301e-10
5.463607154371885736e-10
5.453998626143225191e-10
5.082404981727193032e-10
5.073470018349056833e-10
5.064545528394433945e-10
5.055651149925567150e-10
4.865544498876851186e-10
4.856992583120933955e-10
4.848474261710046881e-10
4.839969108387992648e-10
4.468577320915318303e-10
4.460739922720144360e-10
4.452934401647126914e-10
4.263145467697077156e-10
4.255677184090105155e-10
4.248248027630287811e-10
4.240837826720891815e-10
3.869011625442319181e-10
3.862266984362411616e-10
3.855540250260454548e-10
3.666064198526841114e-10
3.659668533619235615e-10
3.653301724977669867e-10
3.646938448228398583e-10
3.274647765961418201e-10
3.268948096518339087e-10
3.263258927462287170e-10
3.257569758406207336e-10
3.068707049592952005e-10
3.063373073159289963e-10
3.058045071593238949e-10
2.685296153019023053e-10
2.680630047872738576e-10
2.675975535531474256e-10
2.671321023190238370e-10
2.482750526579349690e-10
2.478447397310191823e-10
2.474151706071296839e-10
2.469856014832358946e-10
2.097325999542568709e-10
2.093711242805779053e-10
2.090096486069003355e-10
1.901832194636235532e-10
1.898552800243230585e-10
1.895276347183546969e-10
1.891999894123891270e-10
1.519025012071560652e-10
1.516404664786286260e-10
1.513784317500983693e-10
1.325789745850112469e-10
1.323497298988423507e-10
1.321204852126727566e-10
1.318912405265038346e-10
9.454806777480404156e-11
9.438437282158932880e-11
9.422067786837532690e-11
9.405698291516132500e-11
7.531703874450455736e-11
7.518610337089934059e-11
7.505516799729482174e-11
3.998915401623096241e-11
3.991962723153124043e-11
3.985010044683187388e-11
3.978057366213179648e-11
1.175526157905791931e-11
1.173480255703483618e-11
1.171434353501201638e-11
0.000000000000000000e+00
0.000000000000000000e+00
0.000000000000000000e+00
0.000000000000000000e+00
0.000000000000000000e+00
0.000000000000000000e+00
0.000000000000000000e+00
0.000000000000000000e+00
0.000000000000000000e+00
0.000000000000000000e+00
0.000000000000000000e+00
0.000000000000000000e+00
0.000000000000000000e+00
0.000000000000000000e+00
0.000000000000000000e+00
0.000000000000000000e+00
0.000000000000000000e+00
0.000000000000000000e+00
0.000000000000000000e+00
0.000000000000000000e+00
0.000000000000000000e+00
0.000000000000000000e+00
0.000000000000000000e+00
0.000000000000000000e+00
0.000000000000000000e+00
0.000000000000000000e+00
0.000000000000000000e+00
0.000000000000000000e+00
0.000000000000000000e+00
0.000000000000000000e+00
0.000000000000000000e+00
0.000000000000000000e+00
0.000000000000000000e+00
0.000000000000000000e+00
0.000000000000000000e+00
0.000000000000000000e+00
0.000000000000000000e+00
0.000000000000000000e+00
0.000000000000000000e+00
0.000000000000000000e+00
0.000000000000000000e+00
0.000000000000000000e+00
0.000000000000000000e+00
0.000000000000000000e+00
0.000000000000000000e+00
0.000000000000000000e+00
0.000000000000000000e+00
0.000000000000000000e+00
0.000000000000000000e+00
0.000000000000000000e+00
0.000000000000000000e+00
0.000000000000000000e+00
0.000000000000000000e+00
0.000000000000000000e+00
0.000000000000000000e+00
0.000000000000000000e+00
0.000000000000000000e+00
0.000000000000000000e+00
0.000000000000000000e+00
0.000000000000000000e+00
0.000000000000000000e+00
0.000000000000000000e+00
0.000000000000000000e+00
0.000000000000000000e+00
0.000000000000000000e+00
0.000000000000000000e+00
0.000000000000000000e+00
0.000000000000000000e+00
0.000000000000000000e+00
0.000000000000000000e+00
0.000000000000000000e+00
0.000000000000000000e+00
0.000000000000000000e+00
0.000000000000000000e+00
0.000000000000000000e+00
0.000000000000000000e+00
0.000000000000000000e+00
0.000000000000000000e+00
0.000000000000000000e+00
0.000000000000000000e+00
0.000000000000000000e+00
0.000000000000000000e+00
0.000000000000000000e+00
0.000000000000000000e+00
0.000000000000000000e+00
0.000000000000000000e+00
0.000000000000000000e+00
0.000000000000000000e+00
0.000000000000000000e+00
0.000000000000000000e+00
0.000000000000000000e+00
0.000000000000000000e+00
0.000000000000000000e+00
0.000000000000000000e+00
0.000000000000000000e+00
0.000000000000000000e+00
0.000000000000000000e+00
0.000000000000000000e+00
0.000000000000000000e+00
0.000000000000000000e+00
0.000000000000000000e+00
0.000000000000000000e+00
0.000000000000000000e+00
0.000000000000000000e+00
0.000000000000000000e+00
0.000000000000000000e+00
0.000000000000000000e+00
0.000000000000000000e+00
0.000000000000000000e+00
0.000000000000000000e+00
0.000000000000000000e+00
0.000000000000000000e+00
0.000000000000000000e+00
0.000000000000000000e+00
0.000000000000000000e+00
0.000000000000000000e+00
0.000000000000000000e+00
0.000000000000000000e+00
0.000000000000000000e+00
0.000000000000000000e+00
0.000000000000000000e+00
0.000000000000000000e+00
0.000000000000000000e+00
0.000000000000000000e+00
0.000000000000000000e+00
0.000000000000000000e+00
0.000000000000000000e+00
0.000000000000000000e+00
0.000000000000000000e+00
0.000000000000000000e+00
0.000000000000000000e+00
0.000000000000000000e+00
0.000000000000000000e+00
0.000000000000000000e+00
0.000000000000000000e+00
0.000000000000000000e+00
0.000000000000000000e+00
0.000000000000000000e+00
0.000000000000000000e+00
0.000000000000000000e+00
0.000000000000000000e+00
0.000000000000000000e+00
0.000000000000000000e+00
0.000000000000000000e+00
0.000000000000000000e+00
0.000000000000000000e+00
0.000000000000000000e+00
0.000000000000000000e+00
0.000000000000000000e+00
0.000000000000000000e+00
0.000000000000000000e+00
0.000000000000000000e+00
0.000000000000000000e+00
0.000000000000000000e+00
0.000000000000000000e+00
0.000000000000000000e+00
0.000000000000000000e+00
0.000000000000000000e+00
0.000000000000000000e+00
0.000000000000000000e+00
0.000000000000000000e+00
0.000000000000000000e+00
0.000000000000000000e+00
0.000000000000000000e+00
0.000000000000000000e+00
0.000000000000000000e+00
0.000000000000000000e+00
0.000000000000000000e+00
0.000000000000000000e+00
0.000000000000000000e+00
0.000000000000000000e+00
0.000000000000000000e+00
0.000000000000000000e+00
0.000000000000000000e+00
0.000000000000000000e+00
0.000000000000000000e+00
0.000000000000000000e+00
0.000000000000000000e+00
0.000000000000000000e+00
0.000000000000000000e+00
0.000000000000000000e+00
0.000000000000000000e+00
0.000000000000000000e+00
0.000000000000000000e+00
0.000000000000000000e+00
0.000000000000000000e+00
0.000000000000000000e+00
0.000000000000000000e+00
0.000000000000000000e+00
0.000000000000000000e+00
0.000000000000000000e+00
0.000000000000000000e+00
0.000000000000000000e+00
0.000000000000000000e+00
0.000000000000000000e+00
0.000000000000000000e+00
0.000000000000000000e+00
0.000000000000000000e+00
0.000000000000000000e+00
0.000000000000000000e+00
0.000000000000000000e+00
0.000000000000000000e+00
0.000000000000000000e+00
0.000000000000000000e+00
0.000000000000000000e+00
0.000000000000000000e+00
0.000000000000000000e+00
0.000000000000000000e+00
0.000000000000000000e+00
0.000000000000000000e+00
0.000000000000000000e+00
0.000000000000000000e+00
0.000000000000000000e+00
0.000000000000000000e+00
0.000000000000000000e+00
0.000000000000000000e+00
0.000000000000000000e+00
0.000000000000000000e+00
0.000000000000000000e+00
0.000000000000000000e+00
0.000000000000000000e+00
0.000000000000000000e+00
0.000000000000000000e+00
0.000000000000000000e+00
0.000000000000000000e+00
0.000000000000000000e+00
0.000000000000000000e+00
0.000000000000000000e+00
0.000000000000000000e+00
0.000000000000000000e+00
0.000000000000000000e+00
0.000000000000000000e+00
0.000000000000000000e+00
0.000000000000000000e+00
0.000000000000000000e+00
0.000000000000000000e+00
0.000000000000000000e+00
0.000000000000000000e+00
0.000000000000000000e+00
0.000000000000000000e+00
0.000000000000000000e+00
0.000000000000000000e+00
0.000000000000000000e+00
0.000000000000000000e+00
0.000000000000000000e+00
0.000000000000000000e+00
0.000000000000000000e+00
0.000000000000000000e+00
0.000000000000000000e+00
0.000000000000000000e+00
0.000000000000000000e+00
0.000000000000000000e+00
0.000000000000000000e+00
0.000000000000000000e+00
0.000000000000000000e+00
0.000000000000000000e+00
0.000000000000000000e+00
0.000000000000000000e+00
0.000000000000000000e+00
0.000000000000000000e+00
0.000000000000000000e+00
0.000000000000000000e+00
0.000000000000000000e+00
0.000000000000000000e+00
0.000000000000000000e+00
0.000000000000000000e+00
0.000000000000000000e+00
0.000000000000000000e+00
0.000000000000000000e+00
0.000000000000000000e+00
0.000000000000000000e+00
0.000000000000000000e+00
0.000000000000000000e+00
0.000000000000000000e+00
0.000000000000000000e+00
0.000000000000000000e+00
0.000000000000000000e+00
0.000000000000000000e+00
0.000000000000000000e+00
0.000000000000000000e+00
0.000000000000000000e+00
0.000000000000000000e+00
0.000000000000000000e+00
0.000000000000000000e+00
0.000000000000000000e+00
0.000000000000000000e+00
0.000000000000000000e+00
0.000000000000000000e+00
0.000000000000000000e+00
0.000000000000000000e+00
0.000000000000000000e+00
0.000000000000000000e+00
0.000000000000000000e+00
0.000000000000000000e+00
0.000000000000000000e+00
0.000000000000000000e+00
0.000000000000000000e+00
0.000000000000000000e+00
0.000000000000000000e+00
0.000000000000000000e+00
0.000000000000000000e+00
0.000000000000000000e+00
0.000000000000000000e+00
0.000000000000000000e+00
0.000000000000000000e+00
0.000000000000000000e+00
0.000000000000000000e+00
0.000000000000000000e+00
0.000000000000000000e+00
0.000000000000000000e+00
0.000000000000000000e+00
0.000000000000000000e+00
0.000000000000000000e+00
0.000000000000000000e+00
0.000000000000000000e+00
0.000000000000000000e+00
0.000000000000000000e+00
0.000000000000000000e+00
0.000000000000000000e+00
0.000000000000000000e+00
0.000000000000000000e+00
0.000000000000000000e+00
0.000000000000000000e+00
0.000000000000000000e+00
0.000000000000000000e+00
0.000000000000000000e+00
0.000000000000000000e+00
0.000000000000000000e+00
0.000000000000000000e+00
0.000000000000000000e+00
0.000000000000000000e+00
0.000000000000000000e+00
0.000000000000000000e+00
0.000000000000000000e+00
0.000000000000000000e+00
0.000000000000000000e+00
0.000000000000000000e+00
0.000000000000000000e+00
0.000000000000000000e+00
0.000000000000000000e+00
0.000000000000000000e+00
0.000000000000000000e+00
0.000000000000000000e+00
0.000000000000000000e+00
0.000000000000000000e+00
0.000000000000000000e+00
0.000000000000000000e+00
0.000000000000000000e+00
0.000000000000000000e+00
0.000000000000000000e+00
0.000000000000000000e+00
0.000000000000000000e+00
0.000000000000000000e+00
0.000000000000000000e+00
0.000000000000000000e+00
0.000000000000000000e+00
0.000000000000000000e+00
0.000000000000000000e+00
0.000000000000000000e+00
0.000000000000000000e+00
0.000000000000000000e+00
0.000000000000000000e+00
0.000000000000000000e+00
0.000000000000000000e+00
0.000000000000000000e+00
0.000000000000000000e+00
0.000000000000000000e+00
0.000000000000000000e+00
0.000000000000000000e+00
0.000000000000000000e+00
0.000000000000000000e+00
0.000000000000000000e+00
0.000000000000000000e+00
0.000000000000000000e+00
0.000000000000000000e+00
0.000000000000000000e+00
0.000000000000000000e+00
0.000000000000000000e+00
0.000000000000000000e+00
0.000000000000000000e+00
0.000000000000000000e+00
