-2.900794903811448943e-12
-3.499327958231090323e-12
-4.161579682286486936e-12
-4.890184390760063973e-12
-5.687887348035942430e-12
-6.557508578400957915e-12
-7.501910232036344044e-12
-8.523953675666071381e-12
-9.626422080952619564e-12
-1.081206767299656842e-11
-1.208350719905785630e-11
-1.344324820450708932e-11
-1.489359598220901350e-11
-1.643671130729623877e-11
-1.807458759637671371e-11
-1.980892790474335947e-11
-2.164116746583688588e-11
-2.357277797399371953e-11
-2.560463123635025694e-11
-2.773748413288894128e-11
-2.997198880138268280e-11
-3.230843958069876810e-11
-3.474672763054351562e-11
-3.728663834389268744e-11
-3.992777535163692084e-11
-4.266927407855301369e-11
-4.551027326404466162e-11
-4.844968227533518556e-11
-5.148581342494721944e-11
-5.461706062549067954e-11
-5.784185129743997607e-11
-6.115790648414760243e-11
-6.456304931947408742e-11
-6.805502121666076537e-11
-7.163113973856945235e-11
-7.528885551526486310e-11
-7.902529133007992210e-11
-8.283744527611080773e-11
-8.672266703796711873e-11
-9.067709182096822592e-11
-9.469834701519068299e-11
-9.878265376518905462e-11
-1.029266621282367109e-10
-1.071272926351606984e-10
-1.113808879266574006e-10
-1.156844922595355717e-10
-1.200339111844044729e-10
-1.244263935006846011e-10
-1.288583114999164218e-10
-1.333261313077142018e-10
-1.378271343876397026e-10
-1.423573401741351441e-10
-1.469139061637167817e-10
-1.514937669291765327e-10
-1.560933311024187031e-10
-1.607101295274785979e-10
-1.653410266275900269e-10
-1.699828972519950185e-10
-1.746335052931317898e-10
-1.792898996482867351e-10
-1.839493583458627995e-10
-1.886098895361666236e-10
-1.932689062433142179e-10
-1.979239255104399057e-10
-2.025732943029837018e-10
-2.072149119912245115e-10
-2.118464779830410848e-10
-2.164666580507138227e-10
-2.210739874304897611e-10
-2.256664018932775307e-10
-2.302425055894303863e-10
-2.348013991401428451e-10
-2.393418010503956913e-10
-2.438623101370061583e-10
-2.483621822361059251e-10
-2.528407037085268542e-10
-2.572968243599402584e-10
-2.617298762327630829e-10
-2.661395730938974626e-10
-2.705253527524909084e-10
-2.748866067937124058e-10
-2.792232955927041594e-10
-2.835351641943928828e-10
-2.878218892418596424e-10
-2.920836528889181190e-10
-2.963205180230801672e-10
-3.005321385370332365e-10
-3.047190353695915363e-10
-3.088815602930663618e-10
-3.130194058607478160e-10
-3.171331816626526977e-10
-3.212236087205272712e-10
-3.252904001082151736e-10
-3.293343081254872479e-10
-3.333560417409009268e-10
-3.373554818086862314e-10
-3.413339055751134229e-10
-3.452913188558459902e-10
-3.492281022905820822e-10
-3.531455421956164164e-10
-3.570435529029105720e-10
-3.609232597282916163e-10
-3.647848312958689694e-10
-3.686286861827521423e-10
-3.724561022981367381e-10
-3.762669796608227306e-10
-3.800626443023615832e-10
-3.838427496634459939e-10
-3.876083351508008626e-10
-3.913598451052263831e-10
-3.950978491905521211e-10
-3.988230950058051103e-10
-4.025354298370850192e-10
-4.062357233219542337e-10
-4.099238754792127793e-10
-4.136011448124225083e-10
-4.172671719256302524e-10
-4.209228917846810813e-10
-4.245677412646003651e-10
-4.282025757199219883e-10
-4.318272017271007828e-10
-4.354425376185813866e-10
-4.390480800230720595e-10
-4.426443805246192485e-10
-4.462307855390674021e-10
-4.498079659468977940e-10
-4.533754705068596490e-10
-4.569341237775897659e-10
-4.604829472510990736e-10
-4.640224515908585401e-10
-4.675516407816224710e-10
-4.710710466402078649e-10
-4.745799554671807896e-10
-4.780788855797868803e-10
-4.815669757174299684e-10
-4.850439645368464733e-10
-4.885094058591251264e-10
-4.919625303894990069e-10
-4.954037463694684349e-10
-4.988318401333331915e-10
-5.022474644817917942e-10
-5.056488212297597205e-10
-5.090361619875502873e-10
-5.124081075991831826e-10
-5.157644502074197339e-10
-5.191051042647534713e-10
-5.224286099492387544e-10
-5.257357114548769047e-10
-5.290240698604067927e-10
-5.322939249338841147e-10
-5.355441497624343204e-10
-5.387735747648946874e-10
-5.419831733869154005e-10
-5.451703046543271201e-10
-5.483361490262949957e-10
-5.514788200582606657e-10
-5.545970147703960317e-10
-5.576915117986891149e-10
-5.607593756794385477e-10
-5.638021073962292479e-10
-5.668183547018244735e-10
-5.698063759405946250e-10
-5.727677448371182762e-10
-5.756991639704382664e-10
-5.786010791880034256e-10
-5.814734609595016612e-10
-5.843133445922491058e-10
-5.871231092350239216e-10
-5.899008301141278418e-10
-5.926447894543111931e-10
-5.953572290582673482e-10
-5.980345721573254401e-10
-6.006773488808561891e-10
-6.032865355672745331e-10
-6.058585346410928493e-10
-6.083953640471577475e-10
-6.108970793356027929e-10
-6.133603653974163528e-10
-6.157880700997512459e-10
-6.181787719347352624e-10
-6.205301216304315554e-10
-6.228451913939668899e-10
-6.251220156214661600e-10
-6.273588459828465085e-10
-6.295588513518077057e-10
-6.317202020241770588e-10
-6.338411980332911622e-10
-6.359252795701268088e-10
-6.379703287990360543e-10
-6.399749057105021817e-10
-6.419424883274478177e-10
-6.438712451979878866e-10
-6.457595434314539979e-10
-6.476110771795082433e-10
-6.494243366748042635e-10
-6.511975179165942538e-10
-6.529344882307283772e-10
-6.546344153445290629e-10
-6.562948800775651806e-10
-6.579194169822142799e-10
-6.595084934660664973e-10
-6.610591955351627180e-10
-6.625740976451373392e-10
-6.640550482579378336e-10
-6.654995399336592314e-10
-6.669086054196394942e-10
-6.682856252887710538e-10
-6.696284428489388337e-10
-6.709366089079342930e-10
-6.722139842226196582e-10
-6.734598530595854958e-10
-6.746723390838851561e-10
-6.758545380816958406e-10
-6.770079640992455541e-10
-6.781305415774456711e-10
-6.792232964535826254e-10
-6.802895849531076967e-10
-6.813282370428637218e-10
-6.823383450273452602e-10
-6.833231372175386463e-10
-6.842832732241938217e-10
-6.852172725240137115e-10
-6.861262715820248157e-10
-6.870130683049127598e-10
-6.878769201710562327e-10
-6.887171332934499158e-10
-6.895365370526683882e-10
-6.903362446812171431e-10
-6.911150744995455649e-10
-6.918734950904296260e-10
-6.926142277776074107e-10
-6.933371460779303921e-10
-6.940413366308942824e-10
-6.947286033769809882e-10
-6.954007068049275714e-10
-6.960570119075555150e-10
-6.966973519289995258e-10
-6.973239218754481108e-10
-6.979375472999261597e-10
-6.985376316298603818e-10
-6.991242739876611895e-10
-6.996997012150016378e-10
-7.002640278473068979e-10
-7.008169260077123857e-10
-7.013587533745917319e-10
-7.018913216476671934e-10
-7.024147778306412445e-10
-7.029288073352894015e-10
-7.034339349574463891e-10
-7.039316887401057501e-10
-7.044220431455739188e-10
-7.049048149201836472e-10
-7.053804927604695279e-10
-7.058502530727120789e-10
-7.063139788505823508e-10
-7.067715475131514972e-10
-7.072233796112387876e-10
-7.076705205329637782e-10
-7.081129436106466975e-10
-7.085504719788101268e-10
-7.089833746043594165e-10
-7.094125127930901588e-10
-7.098379431347232777e-10
-7.102595359068156502e-10
-7.106772941829304468e-10
-7.110920260389689344e-10
-7.115037541499922542e-10
-7.119121576450516217e-10
-7.123172811209451821e-10
-7.127196885313040750e-10
-7.131195051690246199e-10
-7.135164249885800798e-10
-7.139103525136496561e-10
-7.143015835746826391e-10
-7.146903861743292892e-10
-7.150765419389436873e-10
-7.154597654188854162e-10
-7.158402145937914613e-10
-7.162181592667570233e-10
-7.165934725101722684e-10
-7.169656599474373854e-10
-7.173346678288641630e-10
-7.177006982261606303e-10
-7.180638368224317340e-10
-7.184235613756122404e-10
-7.187794953214882922e-10
-7.191318392778522014e-10
-7.194807402182731829e-10
-7.198259393984567774e-10
-7.201668099471267831e-10
-7.205032745882774193e-10
-7.208354961755539890e-10
-7.211636027740861824e-10
-7.214869491465514576e-10
-7.218048926018637332e-10
-7.221176469861896271e-10
-7.224252944646096085e-10
-7.227277460167920501e-10
-7.230239623414777352e-10
-7.233138643546822921e-10
-7.235975750817959779e-10
-7.238752388974191967e-10
-7.241465280376859228e-10
-7.244104480391984698e-10
-7.246669540490285228e-10
-7.249163013235792195e-10
-7.251587655343419102e-10
-7.253934899406658697e-10
-7.256198824221245295e-10
-7.258376978997262195e-10
-7.260475337521009248e-10
-7.262493169896580575e-10
-7.264423174754275249e-10
-7.266256540459852847e-10
-7.267995263925345381e-10
-7.269646350690004176e-10
-7.271207325782201358e-10
-7.272671199783825696e-10
-7.274028899280444287e-10
-7.275283816792673126e-10
-7.276443515621068291e-10
-7.277505115957527818e-10
-7.278462940900854670e-10
-7.279308223338271506e-10
-7.280043797125101097e-10
-7.280677910409013644e-10
-7.281209269355536740e-10
-7.281631810532779183e-10
-7.281938138254839540e-10
-7.282126920719700785e-10
-7.282209150435430315e-10
-7.282187904656425911e-10
-7.282053979191160093e-10
-7.281802236593958583e-10
-7.281431024297322960e-10
-7.280948961159808019e-10
-7.280360178713158894e-10
-7.279662989661628688e-10
-7.278847231283858148e-10
-7.277913334406008442e-10
-7.276868397527550764e-10
-7.275716739908642794e-10
-7.274462149414489495e-10
-7.273094180601125143e-10
-7.271608443546571987e-10
-7.270010297173845512e-10
-7.268309630973582590e-10
-7.266508884812498691e-10
-7.264601530909608860e-10
-7.262584486059252732e-10
-7.260457760205308626e-10
-7.258228121439213376e-10
-7.255904894107720404e-10
-7.253486049056516474e-10
-7.250965952549887001e-10
-7.248342930098594591e-10
-7.245621373884591272e-10
-7.242812411637653125e-10
-7.239918922713886846e-10
-7.236935507058772687e-10
-7.233860788348829502e-10
-7.230694135298301277e-10
-7.227443541205249163e-10
-7.224113769113174525e-10
-7.220708379458677496e-10
-7.217223451490147971e-10
-7.213657879628856831e-10
-7.210010701126357384e-10
-7.206293737448767009e-10
-7.202511842867157212e-10
-7.198663928827926398e-10
-7.194748755359289758e-10
-7.190764709443273311e-10
-7.186714819594196831e-10
-7.182609942872416747e-10
-7.178451360607221314e-10
-7.174240097244314649e-10
-7.169973166154210129e-10
-7.165652201221964390e-10
-7.161278684236458467e-10
-7.156861420654675150e-10
-7.152402366633801984e-10
-7.147900886669467002e-10
-7.143356255913035339e-10
-7.138769897544762008e-10
-7.134143336519007391e-10
-7.129485183407762222e-10
-7.124796956686798726e-10
-7.120078475784285936e-10
-7.115329623859624364e-10
-7.110551620544844841e-10
-7.105745380676965946e-10
-7.100918471097169396e-10
-7.096071727995418088e-10
-7.091205763899693877e-10
-7.086321469841970166e-10
-7.081418671427673625e-10
-7.076498417284216442e-10
-7.071566130668508698e-10
-7.066622953243514825e-10
-7.061668873935367814e-10
-7.056705493934849882e-10
-7.051733028692707280e-10
-7.046751193678356604e-10
-7.041764269807750080e-10
-7.036774469217669894e-10
-7.031781978280546919e-10
-7.026787766298747346e-10
-7.021792385082313344e-10
-7.016795887665277446e-10
-7.011799755535190165e-10
-7.006806562198496867e-10
-7.001816457340736206e-10
-6.996829846551704961e-10
-6.991847830965521250e-10
-6.986870550097844151e-10
-6.981898258572283529e-10
-6.976932517352104774e-10
-6.971973759674108070e-10
-6.967021996009501449e-10
-6.962077746905370833e-10
-6.957141299378269987e-10
-6.952212660509448115e-10
-6.947292307755841066e-10
-6.942380949317617003e-10
-6.937478623086985074e-10
-6.932585345712415081e-10
-6.927701159304732124e-10
-6.922826128951156588e-10
-6.917960208096248234e-10
-6.913103315682310293e-10
-6.908255416001774485e-10
-6.903416535420988715e-10
-6.898586258029612917e-10
-6.893764217486044227e-10
-6.888950407914351398e-10
-6.884144751722132996e-10
-6.879346398029603172e-10
-6.874555267888373653e-10
-6.869771313914348104e-10
-6.864993625639787608e-10
-6.860221552117170424e-10
-6.855455200544544105e-10
-6.850694288726628787e-10
-6.845937428362086812e-10
-6.841184341022260039e-10
-6.836435009192360001e-10
-6.831687892286541991e-10
-6.826942278112021075e-10
-6.822198071260275797e-10
-6.817455048295321195e-10
-6.812711848638154356e-10
-6.807968063158351826e-10
-6.803223675810106920e-10
-6.798476774581033314e-10
-6.793726372013650671e-10
-6.788972426938785960e-10
-6.784214796526152618e-10
-6.779451981585079186e-10
-6.774683627563486832e-10
-6.769909940721566176e-10
-6.765129235157218692e-10
-6.760340038686448578e-10
-6.755542626423285456e-10
-6.750736840131962793e-10
-6.745920871984843821e-10
-6.741094969599625709e-10
-6.736258988865368461e-10
-6.731411182747709436e-10
-6.726550086897222659e-10
-6.721675280506959724e-10
-6.716786605793147298e-10
-6.711883802783570873e-10
-6.706966365093643970e-10
-6.702034500791535180e-10
-6.697088022035830816e-10
-6.692122897147921304e-10
-6.687139815080537646e-10
-6.682138985107168458e-10
-6.677120217691421157e-10
-6.672083462511232749e-10
-6.667028167944891480e-10
-6.661954628316197435e-10
-6.656861838087887469e-10
-6.651748222962853877e-10
-6.646614422136761075e-10
-6.641459766205640584e-10
-6.636285125372050889e-10
-6.631090438842719932e-10
-6.625875887829806430e-10
-6.620641668159959677e-10
-6.615384516168685346e-10
-6.610105074855931109e-10
-6.604803473718144316e-10
-6.599479889183873384e-10
-6.594135222756297680e-10
-6.588769672522039736e-10
-6.583383636575323733e-10
-6.577975678854049677e-10
-6.572545427065353154e-10
-6.567092141444780266e-10
-6.561615893407473779e-10
-6.556118425279521508e-10
-6.550601133008502593e-10
-6.545063241951047851e-10
-6.539505052947212228e-10
-6.533926729355370817e-10
-6.528327575028543302e-10
-6.522707774003854950e-10
-6.517066820913704754e-10
-6.511406581139703326e-10
-6.505729158000940839e-10
-6.500034246702407111e-10
-6.494321444968931812e-10
-6.488591166601548582e-10
-6.482842818093712513e-10
-6.477076850762008666e-10
-6.471292451656526008e-10
-6.465491689782432737e-10
-6.459676497039874922e-10
-6.453846412469718670e-10
-6.448001323374650143e-10
-6.442142025792446752e-10
-6.436268272444411656e-10
-6.430380134105361940e-10
-6.424477232493503897e-10
-6.418561761741169275e-10
-6.412635729796592460e-10
-6.406698684891195193e-10
-6.400751044027640556e-10
-6.394793460338087025e-10
-6.388825940188126783e-10
-6.382848930261398305e-10
-6.376862001389051582e-10
-6.370866929457773717e-10
-6.364865515326948246e-10
-6.358858465313434024e-10
-6.352845316650116086e-10
-6.346825966922558210e-10
-6.340802441669115620e-10
-6.334774368257927708e-10
-6.328741758930513772e-10
-6.322704611163237786e-10
-6.316665396763765917e-10
-6.310623593188703855e-10
-6.304579700683046113e-10
-6.298534157681531739e-10
-6.292487719316431000e-10
-6.286441008586931711e-10
-6.280393798893088239e-10
-6.274346106469037684e-10
-6.268299300670013132e-10
-6.262254412194309739e-10
-6.256212129504997570e-10
-6.250171995447230120e-10
-6.244134359224483651e-10
-6.238100775283767654e-10
-6.232071261591866898e-10
-6.226045627821397339e-10
-6.220024014618005708e-10
-6.214007798079176035e-10
-6.207997407486755337e-10
-6.201992541021366790e-10
-6.195993909557477262e-10
-6.190001902450747467e-10
-6.184016986799904298e-10
-6.178040039700421932e-10
-6.172070341953597568e-10
-6.166107928287681746e-10
-6.160153825220020376e-10
-6.154207635635712186e-10
-6.148269324881842108e-10
-6.142339448723404446e-10
-6.136418353764906027e-10
-6.130506494675224033e-10
-6.124603945355470551e-10
-6.118710921218727198e-10
-6.112826953132291994e-10
-6.106952750275651877e-10
-6.101088009059118757e-10
-6.095233128292570731e-10
-6.089387832899644880e-10
-6.083552949352419796e-10
-6.077728485598467483e-10
-6.071914578742810069e-10
-6.066111596106370226e-10
-6.060318618972509610e-10
-6.054535819174498825e-10
-6.048762965065118119e-10
-6.043000384830094286e-10
-6.037247925393931917e-10
-6.031505753994623798e-10
-6.025774037192171364e-10
-6.020053281597160280e-10
-6.014343081770456443e-10
-6.008643112577295690e-10
-6.002952290285352395e-10
-5.997271513761170824e-10
-5.991599553993836169e-10
-5.985937219300311839e-10
-5.980283917266375946e-10
-5.974640413947501020e-10
-5.969006628775653299e-10
-5.963382101545022615e-10
-5.957766801745976448e-10
-5.952160469669964111e-10
-5.946561780370222733e-10
-5.940971323699670441e-10
-5.935388388030516646e-10
-5.929814004701383222e-10
-5.924247422308953885e-10
-5.918688674413826887e-10
-5.913137636265499508e-10
-5.907595127744464139e-10
-5.902059491499613092e-10
-5.896530179751187671e-10
-5.891006843823039257e-10
-5.885490174249880738e-10
-5.879979524867798598e-10
-5.874474655517010875e-10
-5.868975871030191352e-10
-5.863483197811355670e-10
-5.857996214639227894e-10
-5.852514936580292835e-10
-5.847038728732836470e-10
-5.841566394139893763e-10
-5.836098167348981319e-10
-5.830633908279446750e-10
-5.825174219666057299e-10
-5.819718361104032353e-10
-5.814266419564660426e-10
-5.808818718713724936e-10
-5.803375224237302872e-10
-5.797935403083127260e-10
-5.792497945446250345e-10
-5.787063191452590795e-10
-5.781630711933298603e-10
-5.776200412609839965e-10
-5.770772776099420821e-10
-5.765347386303369656e-10
-5.759924309476558111e-10
-5.754503470361889327e-10
-5.749085241628889583e-10
-5.743668844792237668e-10
-5.738253496018005667e-10
-5.732839455127742306e-10
-5.727426385950484152e-10
-5.722014360880693777e-10
-5.716603502785563559e-10
-5.711193930539667040e-10
-5.705785540824578495e-10
-5.700378289796822055e-10
-5.694972454868070387e-10
-5.689567466299159125e-10
-5.684162854882055981e-10
-5.678758645514126049e-10
-5.673354672652358540e-10
-5.667950981571542328e-10
-5.662547833901203080e-10
-5.657145744689161469e-10
-5.651744512383500666e-10
-5.646344324373639089e-10
-5.640945056587067436e-10
-5.635546586533253123e-10
-5.630148790102021178e-10
-5.624751281666665903e-10
-5.619354341991151054e-10
-5.613957786209695269e-10
-5.608561732820210229e-10
-5.603166889005873452e-10
-5.597772943455421962e-10
-5.592380518226390471e-10
-5.586989027759807109e-10
-5.581598801107720436e-10
-5.576209560180470569e-10
-5.570821177854582471e-10
-5.565434047290003213e-10
-5.560047638184097927e-10
-5.554662510821809461e-10
-5.549278843853992768e-10
-5.543897059594246804e-10
-5.538517314884687663e-10
-5.533139344159670380e-10
-5.527763470124487266e-10
-5.522389314252516732e-10
-5.517017514383436357e-10
-5.511647546354202207e-10
-5.506279677086445050e-10
-5.500913883999268436e-10
-5.495550106318237276e-10
-5.490189824005419732e-10
-5.484832527022605645e-10
-5.479478944267545153e-10
-5.474128360251660738e-10
-5.468781281999865596e-10
-5.463437544515307346e-10
-5.458097532652533057e-10
-5.452761144204270790e-10
-5.447428108727098008e-10
-5.442099064663353338e-10
-5.436773556703833915e-10
-5.431453574076664602e-10
-5.426137820536738110e-10
-5.420827023437489394e-10
-5.415520840524859487e-10
-5.410219404478091317e-10
-5.404922984704782905e-10
-5.399631097231743543e-10
-5.394344256466466154e-10
-5.389062040660346130e-10
-5.383784922072381487e-10
-5.378512940289763371e-10
-5.373247344794995580e-10
-5.367987233689404053e-10
-5.362733202664170429e-10
-5.357485083407816906e-10
-5.352242765351168909e-10
-5.347006795256997589e-10
-5.341776464171813126e-10
-5.336552278404871695e-10
-5.331333945440349113e-10
-5.326121784706581044e-10
-5.320915837598734534e-10
-5.315717684101515022e-10
-5.310525963504086647e-10
-5.305341945817038637e-10
-5.300164660909349740e-10
-5.294994456364848658e-10
-5.289831545430806911e-10
-5.284675589695120660e-10
-5.279526730952256089e-10
-5.274384633897568429e-10
-5.269249499141318305e-10
-5.264121672082693555e-10
-5.259001838077301036e-10
-5.253889354878515769e-10
-5.248785381287429823e-10
-5.243688508286287630e-10
-5.238600199301691796e-10
-5.233518964126362213e-10
-5.228444967436986872e-10
-5.223378297975169689e-10
-5.218318794736675051e-10
-5.213266535916564407e-10
-5.208221497464960560e-10
-5.203183677912880699e-10
-5.198154236212081638e-10
-5.193132398868013646e-10
-5.188118137480350629e-10
-5.183112267955800011e-10
-5.178113651795359066e-10
-5.173123012981339860e-10
-5.168139026453978377e-10
-5.163162271896318341e-10
-5.158192529224665879e-10
-5.153229747928628616e-10
-5.148274638355346812e-10
-5.143327228170655672e-10
-5.138387310643535439e-10
-5.133455711775240737e-10
-5.128531190520498642e-10
-5.123615382289847104e-10
-5.118706475131201713e-10
-5.113804803652378917e-10
-5.108909782821733454e-10
-5.104021418082033103e-10
-5.099140311226388903e-10
-5.094265908147118743e-10
-5.089398462450843912e-10
-5.084538780138059179e-10
-5.079685678677955536e-10
-5.074840813914993223e-10
-5.070002560778010409e-10
-5.065172309884816492e-10
-5.060348481759201876e-10
-5.055530771398994163e-10
-5.050719278826826494e-10
-5.045913546530021269e-10
-5.041114274102018202e-10
-5.036320928509379014e-10
-5.031533695239378949e-10
-5.026753419766703811e-10
-5.021978995533300538e-10
-5.017211975121701114e-10
-5.012450806363703154e-10
-5.007696879971280231e-10
-5.002948631082715392e-10
-4.998205981917274721e-10
-4.993468761941171815e-10
-4.988736697810687283e-10
-4.984010501323111364e-10
-4.979289474787151659e-10
-4.974574147902784056e-10
-4.969865060747025198e-10
-4.965161536796995865e-10
-4.960464658297206035e-10
-4.955773096967432517e-10
-4.951088375615063597e-10
-4.946408869997594574e-10
-4.941734898526370465e-10
-4.937065516796392241e-10
-4.932401146160770849e-10
-4.927741716372013745e-10
-4.923086960395495221e-10
-4.918437746456293045e-10
-4.913793749626806302e-10
-4.909155450019441877e-10
-4.904522698136991532e-10
-4.899895255100323631e-10
-4.895273671212833931e-10
-4.890657466041953223e-10
-4.886046319481358627e-10
-4.881439243583906802e-10
-4.876836989696413462e-10
-4.872238962673855374e-10
-4.867645426801227172e-10
-4.863056378067077184e-10
-4.858471818053385231e-10
-4.853892957954948166e-10
-4.849318549890077947e-10
-4.844750160716799909e-10
-4.840186077262678121e-10
-4.835627998970813571e-10
-4.831074241012596883e-10
-4.826525406424120654e-10
-4.821980515318814690e-10
-4.817440160525230481e-10
-4.812904007341383270e-10
-4.808372138783611504e-10
-4.803844853375498387e-10
-4.799322213755958585e-10
-4.794805148077020157e-10
-4.790292688373465749e-10
-4.785785897887202261e-10
-4.781283673450135456e-10
-4.776787129341892250e-10
-4.772294996399372346e-10
-4.767807743943609175e-10
-4.763324610740406170e-10
-4.758846156547377506e-10
-4.754372031313559027e-10
-4.749902332048284842e-10
-4.745437405789225247e-10
-4.740977461979364373e-10
-4.736523026175395557e-10
-4.732073576775579663e-10
-4.727629718492157415e-10
-4.723190748115736263e-10
-4.718757517241762178e-10
-4.714328918069196401e-10
-4.709905359483633467e-10
-4.705486068367184473e-10
-4.701071656174345225e-10
-4.696661699932357219e-10
-4.692256352735549732e-10
-4.687855855911362188e-10
-4.683460346319982626e-10
-4.679070646855201436e-10
-4.674685794410745998e-10
-4.670306992648169728e-10
-4.665932918409851789e-10
-4.661565050622043064e-10
-4.657201816531953100e-10
-4.652844089110604811e-10
-4.648490847038589083e-10
-4.644142777874986478e-10
-4.639799462564327539e-10
-4.635461062299177261e-10
-4.631127740833403363e-10
-4.626799383586381149e-10
-4.622477342210221206e-10
-4.618160342777047323e-10
-4.613849718670855317e-10
-4.609544094905314424e-10
-4.605244728402006677e-10
-4.600950523639079320e-10
-4.596661997886658528e-10
-4.592378313259799924e-10
-4.588100039403500600e-10
-4.583826803158571792e-10
-4.579558881108027485e-10
-4.575296040870157555e-10
-4.571038616148788950e-10
-4.566787028918524431e-10
-4.562541404815022353e-10
-4.558301364727833432e-10
-4.554067550225590264e-10
-4.549839047751924600e-10
-4.545617187903532925e-10
-4.541400403709388758e-10
-4.537189496329876519e-10
-4.532983395686672634e-10
-4.528782814330392100e-10
-4.524587303185591295e-10
-4.520397059679733716e-10
-4.516212159842073815e-10
-4.512032657591797691e-10
-4.507859630634637046e-10
-4.503692016482010769e-10
-4.499530720667383767e-10
-4.495375047006112122e-10
-4.491225404854615369e-10
-4.487081778185920173e-10
-4.482943573700646426e-10
-4.478811039430817791e-10
-4.474683531246498429e-10
-4.470561500087609470e-10
-4.466444621742208571e-10
-4.462332986929373649e-10
-4.458226783961344427e-10
-4.454125808404742124e-10
-4.450031452666520241e-10
-4.445942410576522901e-10
-4.441859753098229827e-10
-4.437782589802327627e-10
-4.433711499336038095e-10
-4.429646355950703801e-10
-4.425586550790798886e-10
-4.421532316633530238e-10
-4.417482927556775912e-10
-4.413438903674461468e-10
-4.409399842937411107e-10
-4.405365947952193842e-10
-4.401337236290099225e-10
-4.397313911386350811e-10
-4.393296705151998803e-10
-4.389284901571135973e-10
-4.385278976537551186e-10
-4.381278803925924631e-10
-4.377283951667108929e-10
-4.373295523079861513e-10
-4.369311967201297954e-10
-4.365334035284067206e-10
-4.361360446111881124e-10
-4.357392175616359318e-10
-4.353428534788270733e-10
-4.349470230697796398e-10
-4.345516587292883643e-10
-4.341568361193618383e-10
-4.337625222425126619e-10
-4.333688148463344180e-10
-4.329755754999552246e-10
-4.325829964121847888e-10
-4.321908790557058896e-10
-4.317993938437732381e-10
-4.314084035677835469e-10
-4.310179549828090838e-10
-4.306279526068790966e-10
-4.302384351363791935e-10
-4.298493915219253091e-10
-4.294608162586001713e-10
-4.290726960087971725e-10
-4.286850623123211698e-10
-4.282978913264582680e-10
-4.279113213502486460e-10
-4.275252332624052686e-10
-4.271396939430587758e-10
-4.267546832370177948e-10
-4.263701472947785399e-10
-4.259862278543066246e-10
-4.256027370723065254e-10
-4.252197735928276766e-10
-4.248371985122871202e-10
-4.244551226126719635e-10
-4.240734669568963230e-10
-4.236922839311314363e-10
-4.233115303849617930e-10
-4.229312554219481531e-10
-4.225514082021172812e-10
-4.221721344974862778e-10
-4.217933110303014902e-10
-4.214150474619799787e-10
-4.210372582393652682e-10
-4.206599612896922422e-10
-4.202832159824482778e-10
-4.199068961452310652e-10
-4.195310726733896900e-10
-4.191556149593250852e-10
-4.187806416064137864e-10
-4.184060720748723696e-10
-4.180319579956645484e-10
-4.176582586591455383e-10
-4.172850182025856511e-10
-4.169121896072492124e-10
-4.165399259373323957e-10
-4.161681070263108012e-10
-4.157968276988797411e-10
-4.154260214195543600e-10
-4.150556674756832641e-10
-4.146858882429144044e-10
-4.143165082757868218e-10
-4.139476241711911034e-10
-4.135791231489475947e-10
-4.132110716428421900e-10
-4.128434421113388748e-10
-4.124762435679627228e-10
-4.121094461471722226e-10
-4.117430824208264048e-10
-4.113771338420812872e-10
-4.110117394030352360e-10
-4.106467908434543508e-10
-4.102822985874634893e-10
-4.099183321518282370e-10
-4.095547791085480648e-10
-4.091917874820796609e-10
-4.088292128093069028e-10
-4.084671101751853103e-10
-4.081054203495924466e-10
-4.077441282905254610e-10
-4.073832652006766119e-10
-4.070227822382653660e-10
-4.066627223201766726e-10
-4.063030890115177677e-10
-4.059439017518219182e-10
-4.055851382408068197e-10
-4.052268932447850665e-10
-4.048690443862254760e-10
-4.045117454148493269e-10
-4.041548642145256841e-10
-4.037984557534448384e-10
-4.034425497107004988e-10
-4.030870365868402570e-10
-4.027319970760789521e-10
-4.023773251517891783e-10
-4.020230975494665052e-10
-4.016692781001284853e-10
-4.013158655381901772e-10
-4.009628412847913663e-10
-4.006102205890989791e-10
-4.002580558165678249e-10
-3.999063622229565292e-10
-3.995551571761565678e-10
-3.992043383031633345e-10
-3.988540973297173500e-10
-3.985042422569980627e-10
-3.981549120667456768e-10
-3.978060406406288267e-10
-3.974575802178872983e-10
-3.971095853081252939e-10
-3.967619377128781155e-10
-3.964147558415412073e-10
-3.960679807248306659e-10
-3.957216302636149927e-10
-3.953756624939644728e-10
-3.950301060845767634e-10
-3.946849855523909057e-10
-3.943403498842022756e-10
-3.939961865211532979e-10
-3.936524047168580841e-10
-3.933091957949703456e-10
-3.929663622931851157e-10
-3.926240526823036733e-10
-3.922821957760054509e-10
-3.919407355985289277e-10
-3.915997328216709667e-10
-3.912590819998053812e-10
-3.909188761458825839e-10
-3.905790706169633128e-10
-3.902396595521846036e-10
-3.899006230468353508e-10
-3.895619959920718216e-10
-3.892237993538506538e-10
-3.888860382990348788e-10
-3.885487687949110866e-10
-3.882118705525396434e-10
-3.878755057786487295e-10
-3.875395486162906159e-10
-3.872040100555250085e-10
-3.868689934006537293e-10
-3.865343415327125350e-10
-3.862001603417888159e-10
-3.858663467354532927e-10
-3.855329282109842502e-10
-3.851999065886015185e-10
-3.848672282843482087e-10
-3.845350004312968375e-10
-3.842031412297291484e-10
-3.838717267889400684e-10
-3.835406574111677648e-10
-3.832101147728067370e-10
-3.828799853704860390e-10
-3.825502663830060511e-10
-3.822210595581123788e-10
-3.818922192866942156e-10
-3.815638928003344881e-10
-3.812359971278957739e-10
-3.809084849097630777e-10
-3.805814087825879561e-10
-3.802546580886819746e-10
-3.799283543204201652e-10
-3.796024334678376011e-10
-3.792768872057590842e-10
-3.789516941925074461e-10
-3.786269119161427978e-10
-3.783025552698862701e-10
-3.779785814630348187e-10
-3.776550951238577179e-10
-3.773319846690191676e-10
-3.770093585988752769e-10
-3.766871507348286272e-10
-3.763653172221056131e-10
-3.760440078743081624e-10
-3.757230816418207956e-10
-3.754025602514577834e-10
-3.750824410844755283e-10
-3.747626154531285289e-10
-3.744432205622533506e-10
-3.741241874553693020e-10
-3.738055345484303556e-10
-3.734872120862503687e-10
-3.731692657353478462e-10
-3.728517292672508567e-10
-3.725345681297990674e-10
-3.722178731070445529e-10
-3.719015358869622905e-10
-3.715856593105595984e-10
-3.712701855780885591e-10
-3.709550722670333692e-10
-3.706404547620107125e-10
-3.703262181273917889e-10
-3.700123502873882099e-10
-3.696988863101873694e-10
-3.693857044133842400e-10
-3.690729538710122833e-10
-3.687605534417548538e-10
-3.684484878491370011e-10
-3.681367558850148084e-10
-3.678254052009164983e-10
-3.675144611499709624e-10
-3.672038430332552046e-10
-3.668936916998120176e-10
-3.665839194532772781e-10
-3.662745174204324944e-10
-3.659655948154085466e-10
-3.656569956906604085e-10
-3.653488674679854278e-10
-3.650411375994293467e-10
-3.647337339720826420e-10
-3.644267608648603883e-10
-3.641201085664377379e-10
-3.638138157666086517e-10
-3.635078668075276956e-10
-3.632022261426465493e-10
-3.628969928614175960e-10
-3.625921028568852082e-10
-3.622875528615052789e-10
-3.619833549689576998e-10
-3.616795754190474288e-10
-3.613762142174243680e-10
-3.610731724639089138e-10
-3.607706132824015261e-10
-3.604684131427848463e-10
-3.601665435138429777e-10
-3.598651724754085623e-10
-3.595641420544360035e-10
-3.592634726029227426e-10
-3.589631757182961381e-10
-3.586631444991309512e-10
-3.583635115512190026e-10
-3.580642130774092399e-10
-3.577652102683175998e-10
-3.574665436942236679e-10
-3.571682218403840113e-10
-3.568702849230159620e-10
-3.565726205103522171e-10
-3.562754178289800604e-10
-3.559785766029612618e-10
-3.556820345154271783e-10
-3.553859873129867296e-10
-3.550902594927379840e-10
-3.547948630099374308e-10
-3.544999379932615995e-10
-3.542053168977380538e-10
-3.539110733193834444e-10
-3.536171772683577421e-10
-3.533235302569263662e-10
-3.530302852344035963e-10
-3.527373657082407895e-10
-3.524447369803211285e-10
-3.521524306808482139e-10
-3.518604648302809082e-10
-3.515688748979517205e-10
-3.512775514258410991e-10
-3.509866761176515157e-10
-3.506961609577976993e-10
-3.504059402799427771e-10
-3.501161915832980478e-10
-3.498267690977297459e-10
-3.495376500558943932e-10
-3.492490091263873547e-10
-3.489606841862877528e-10
-3.486726936958073418e-10
-3.483850595851579528e-10
-3.480976981713105728e-10
-3.478107024436741577e-10
-3.475240279937816999e-10
-3.472376118437223944e-10
-3.469515745347995294e-10
-3.466658561843234369e-10
-3.463804447701800826e-10
-3.460953637038051937e-10
-3.458106510977579758e-10
-3.455263356188526473e-10
-3.452423220704401913e-10
-3.449587184198997429e-10
-3.446754700135538985e-10
-3.443925283552097062e-10
-3.441100225090931558e-10
-3.438278655566474631e-10
-3.435459963844394350e-10
-3.432645161931127668e-10
-3.429833320478746018e-10
-3.427024316667139626e-10
-3.424218436655956906e-10
-3.421415807785254110e-10
-3.418616471817445281e-10
-3.415819659420098138e-10
-3.413026258291725249e-10
-3.410236454277428814e-10
-3.407449126091667152e-10
-3.404666185426662194e-10
-3.401886508369653575e-10
-3.399109594863975645e-10
-3.396337253198676338e-10
-3.393567940612687533e-10
-3.390801500546389271e-10
-3.388039511892163973e-10
-3.385280679318308719e-10
-3.382524804267373391e-10
-3.379772386899605262e-10
-3.377022775401160308e-10
-3.374276370512312157e-10
-3.371532781276586925e-10
-3.368792066660442763e-10
-3.366054953216910365e-10
-3.363320353437625449e-10
-3.360588734628478159e-10
-3.357860710729934657e-10
-3.355135396924947427e-10
-3.352414115231732204e-10
-3.349696021597503390e-10
-3.346980641710454010e-10
-3.344269791882533793e-10
-3.341561835309554347e-10
-3.338856651864541568e-10
-3.336155884284112049e-10
-3.333458137242179498e-10
-3.330763264490249276e-10
-3.328071770200019812e-10
-3.325383040101447752e-10
-3.322697345221779193e-10
-3.320014346574500054e-10
-3.317334348700371563e-10
-3.314657723958175124e-10
-3.311983419096967863e-10
-3.309312217894177126e-10
-3.306644535742232790e-10
-3.303979157472554064e-10
-3.301317948673915325e-10
-3.298659921512173341e-10
-3.296004518235439257e-10
-3.293353330608524571e-10
-3.290705077207975822e-10
-3.288059661645950196e-10
-3.285418303978221437e-10
-3.282780142345299311e-10
-3.280144552260179837e-10
-3.277512572886640369e-10
-3.274883377008692940e-10
-3.272256482621205974e-10
-3.269632809486056675e-10
-3.267012184555239032e-10
-3.264393983680744223e-10
-3.261778690826346542e-10
-3.259166427889333426e-10
-3.256556964842132163e-10
-3.253950343823819690e-10
-3.251346954811550087e-10
-3.248747143487006811e-10
-3.246150147514255930e-10
-3.243556118537478812e-10
-3.240966017967968146e-10
-3.238378597010629968e-10
-3.235794113443619434e-10
-3.233213592108137425e-10
-3.230635785320241178e-10
-3.228060865939606290e-10
-3.225488972427237593e-10
-3.222919654088044941e-10
-3.220353252921839378e-10
-3.217789311867940642e-10
-3.215228226252103318e-10
-3.212670245236337688e-10
-3.210114356559958881e-10
-3.207561517462728817e-10
-3.205011943197646918e-10
-3.202464494823133160e-10
-3.199920668450647116e-10
-3.197380087248545058e-10
-3.194842041688926922e-10
-3.192307393565364920e-10
-3.189776067743178205e-10
-3.187247219858834239e-10
-3.184721784411116298e-10
-3.182199796900432515e-10
-3.179680315746750411e-10
-3.177163866290181590e-10
-3.174650274117318337e-10
-3.172139032080831963e-10
-3.169630796439179048e-10
-3.167124885622206254e-10
-3.164621676828803270e-10
-3.162121550694901728e-10
-3.159623412988717688e-10
-3.157128234114354707e-10
-3.154636225087363417e-10
-3.152146311205892145e-10
-3.149659806446420446e-10
-3.147176516470114673e-10
-3.144695780912900333e-10
-3.142218055724304420e-10
-3.139743857939039061e-10
-3.137272172970530703e-10
-3.134803267533245317e-10
-3.132338102398151459e-10
-3.129875550281362258e-10
-3.127415565004098301e-10
-3.124958550658927407e-10
-3.122504042030431474e-10
-3.120051935103360593e-10
-3.117602380062327668e-10
-3.115155724528828107e-10
-3.112711353253495130e-10
-3.110269522008760126e-10
-3.107830514741380873e-10
-3.105393853288179888e-10
-3.102960075051874076e-10
-3.100528999375881615e-10
-3.098101214691223525e-10
-3.095676170091845073e-10
-3.093253352432071347e-10
-3.090834590321872459e-10
-3.088418225459068101e-10
-3.086004255291771444e-10
-3.083593952344793907e-10
-3.081186423853517005e-10
-3.078781179469741943e-10
-3.076379049215590919e-10
-3.073979520877627773e-10
-3.071581845218344770e-10
-3.069187287398807987e-10
-3.066795032971874844e-10
-3.064404929954370366e-10
-3.062017993563776333e-10
-3.059632827353435737e-10
-3.057250447444820376e-10
-3.054871060870278465e-10
-3.052493604943481027e-10
-3.050119285802534899e-10
-3.047748062080520735e-10
-3.045379265654123485e-10
-3.043012997063886997e-10
-3.040650352161241217e-10
-3.038290067875596247e-10
-3.035932038251890745e-10
-3.033577669303998698e-10
-3.031225963630558347e-10
-3.028876313270616401e-10
-3.026529815196173011e-10
-3.024185717542502790e-10
-3.021843275271881125e-10
-3.019504077013407575e-10
-3.017167135752178586e-10
-3.014832050606671686e-10
-3.012500198361779706e-10
-3.010170085373179560e-10
-3.007842535466899872e-10
-3.005517969299225853e-10
-3.003195245037694459e-10
-3.000875579517618706e-10
-2.998558921183366322e-10
-2.996244640952654994e-10
-2.993932721160029446e-10
-2.991624407935700837e-10
-2.989318369430570572e-10
-2.987014509482792953e-10
-2.984714171994654427e-10
-2.982416402523110885e-10
-2.980120703064306150e-10
-2.977827983963563643e-10
-2.975537671093607533e-10
-2.973249111124529927e-10
-2.970963490984667717e-10
-2.968679872672278695e-10
-2.966398562526687193e-10
-2.964119999283960198e-10
-2.961843187878040010e-10
-2.959569111246463589e-10
-2.957297360917966517e-10
-2.955027955857487755e-10
-2.952761152167036396e-10
-2.950497345680862348e-10
-2.948236032839342577e-10
-2.945976757156205514e-10
-2.943721040045191074e-10
-2.941467572793673487e-10
-2.939216336333131135e-10
-2.936968212834560014e-10
-2.934722911882029053e-10
-2.932479844583105544e-10
-2.930239209062078724e-10
-2.928001124240604738e-10
-2.925765288214556939e-10
-2.923531346733187019e-10
-2.921299950009524280e-10
-2.919071052825278350e-10
-2.916843677017106149e-10
-2.914619383058611613e-10
-2.912396921015296191e-10
-2.910176615249768004e-10
-2.907959222608109049e-10
-2.905743477712673067e-10
-2.903530715830768283e-10
-2.901320729704047817e-10
-2.899112988050555960e-10
-2.896907328914985510e-10
-2.894705218417073712e-10
-2.892505174711439476e-10
-2.890307154905680072e-10
-2.888112426034756019e-10
-2.885920101756137971e-10
-2.883729836482307675e-10
-2.881542207269088622e-10
-2.879356855581201109e-10
-2.877173610329281323e-10
-2.874992464290833282e-10
-2.872813442655137734e-10
-2.870636986399402070e-10
-2.868462028703430149e-10
-2.866289894109075280e-10
-2.864119742716250315e-10
-2.861951502601319751e-10
-2.859786144874627230e-10
-2.857622350342923053e-10
-2.855461476251750331e-10
-2.853303264050795800e-10
-2.851147223071698339e-10
-2.848993161819423169e-10
-2.846842562553679942e-10
-2.844693928409684328e-10
-2.842547264265210797e-10
-2.840403745965313848e-10
-2.838262603273571183e-10
-2.836123507599342825e-10
-2.833986839135982592e-10
-2.831852463198523790e-10
-2.829720186625201477e-10
-2.827589612979106768e-10
-2.825461551443527424e-10
-2.823335720454093880e-10
-2.821211301702877148e-10
-2.819089881521337363e-10
-2.816969853662003325e-10
-2.814852155627539371e-10
-2.812737020760145699e-10
-2.810623601249829859e-10
-2.808512694791685589e-10
-2.806404500244492498e-10
-2.804298556846864040e-10
-2.802194441475378518e-10
-2.800093463049825984e-10
-2.797994686732426971e-10
-2.795897960323424252e-10
-2.793803531016767946e-10
-2.791712198437944219e-10
-2.789622997842198512e-10
-2.787535531690885607e-10
-2.785450771678176323e-10
-2.783368089559861380e-10
-2.781286898373901533e-10
-2.779208321383316083e-10
-2.777131367401667608e-10
-2.775056822993681749e-10
-2.772984076601282626e-10
-2.770913404411989013e-10
-2.768844991752992404e-10
-2.766778242838943369e-10
-2.764714206193675056e-10
-2.762651599734574452e-10
-2.760591841726453329e-10
-2.758534531297205112e-10
-2.756479285315512946e-10
-2.754425777300044315e-10
-2.752375656786168363e-10
-2.750327289596915382e-10
-2.748280842179287213e-10
-2.746237124837142338e-10
-2.744195925114197597e-10
-2.742156773736501131e-10
-2.740119400383047965e-10
-2.738084633484561472e-10
-2.736051801461851825e-10
-2.734020291297277265e-10
-2.731991454247453166e-10
-2.729964182567840825e-10
-2.727939055574237487e-10
-2.725915912337741463e-10
-2.723894549498460018e-10
-2.721875458525161632e-10
-2.719857929579198267e-10
-2.717843015930345632e-10
-2.715829490074336883e-10
-2.713818676986185177e-10
-2.711810253094274370e-10
-2.709803817912578237e-10
-2.707799026621026876e-10
-2.705797494186820568e-10
-2.703797675871415640e-10
-2.701799687667920580e-10
-2.699804210779242768e-10
-2.697811338933048355e-10
-2.695820438903771447e-10
-2.693831150866063526e-10
-2.691844429785588134e-10
-2.689859595523508041e-10
-2.687876163245018462e-10
-2.685895138383800919e-10
-2.683915643166390918e-10
-2.681938477863308515e-10
-2.679962569006270800e-10
-2.677989254654593533e-10
-2.676017461410617967e-10
-2.674047467053260145e-10
-2.672079963915793991e-10
-2.670113915984278716e-10
-2.668150174745869424e-10
-2.666188891162046889e-10
-2.664229648823391106e-10
-2.662272064683332975e-10
-2.660317027796369316e-10
-2.658364361597410557e-10
-2.656413650548068736e-10
-2.654464584537691657e-10
-2.652518427879853882e-10
-2.650574246857345627e-10
-2.648631799017452677e-10
-2.646691573427720396e-10
-2.644753336171540927e-10
-2.642816987504069057e-10
-2.640881860794514627e-10
-2.638949331937905075e-10
-2.637018403047925396e-10
-2.635089138689176542e-10
-2.633162069385581772e-10
-2.631236468386364078e-10
-2.629313065239017764e-10
-2.627391122815722482e-10
-2.625471669554802220e-10
-2.623553488583277776e-10
-2.621637812250234036e-10
-2.619724434658017100e-10
-2.617812968974603313e-10
-2.615903040049202699e-10
-2.613995966792569856e-10
-2.612090761234020916e-10
-2.610187404055495067e-10
-2.608285810503302122e-10
-2.606387096933417963e-10
-2.604490256042974320e-10
-2.602594932375903889e-10
-2.600701872274123694e-10
-2.598810675661227866e-10
-2.596921241728301044e-10
-2.595033064090754165e-10
-2.593147311229896384e-10
-2.591263157431679490e-10
-2.589380495305017824e-10
-2.587500030761855510e-10
-2.585620940145660985e-10
-2.583743972387904286e-10
-2.581868362181728914e-10
-2.579995206885214332e-10
-2.578123262675205220e-10
-2.576253621528221524e-10
-2.574386272083190338e-10
-2.572520754769919999e-10
-2.570656732758285973e-10
-2.568795236120383396e-10
-2.566935785610130766e-10
-2.565078162909440890e-10
-2.563222066928718590e-10
-2.561368697883058920e-10
-2.559517142385590692e-10
-2.557667278435445361e-10
-2.555819292772297696e-10
-2.553973340693951192e-10
-2.552129122904664536e-10
-2.550286000420648387e-10
-2.548445300712303708e-10
-2.546605859625227648e-10
-2.544768524639831848e-10
-2.542932344538242170e-10
-2.541098517529826278e-10
-2.539265962989721751e-10
-2.537435142164266828e-10
-2.535606442323355805e-10
-2.533779273034949518e-10
-2.531953847857067975e-10
-2.530130770668589147e-10
-2.528309613388275769e-10
-2.526490099409572293e-10
-2.524672217234866727e-10
-2.522857188181750830e-10
-2.521043598736065152e-10
-2.519231615010523550e-10
-2.517421731119946024e-10
-2.515614274171865110e-10
-2.513808592465435342e-10
-2.512004239062771876e-10
-2.510202082306659765e-10
-2.508401580330937230e-10
-2.506602789940963632e-10
-2.504805146454265657e-10
-2.503009815122275830e-10
-2.501215919852382893e-10
-2.499423559108780694e-10
-2.497633056754998965e-10
-2.495844024428823492e-10
-2.494056877955847103e-10
-2.492271044023325434e-10
-2.490487512009717935e-10
-2.488705157013524399e-10
-2.486924838224642499e-10
-2.485146687860901408e-10
-2.483370330771511666e-10
-2.481595500034844575e-10
-2.479822464559421834e-10
-2.478052065949725389e-10
-2.476283068876332917e-10
-2.474515590208091089e-10
-2.472750267280892438e-10
-2.470987206624208551e-10
-2.469225871955891687e-10
-2.467465814478287706e-10
-2.465707880824318283e-10
-2.463951557142066868e-10
-2.462196849189756909e-10
-2.460443210162242341e-10
-2.458691843424455299e-10
-2.456941770582346858e-10
-2.455193350213572151e-10
-2.453446434360531465e-10
-2.451701231194976051e-10
-2.449957562051926327e-10
-2.448215304779846937e-10
-2.446475152352338519e-10
-2.444736332795624452e-10
-2.442999134830655877e-10
-2.441264146996744684e-10
-2.439530953835542972e-10
-2.437799340950957701e-10
-2.436069057165837370e-10
-2.434341553166186378e-10
-2.432615403973191780e-10
-2.430890868363163958e-10
-2.429167863880050597e-10
-2.427447399338077693e-10
-2.425728478682449772e-10
-2.424011024735092931e-10
-2.422295296931476584e-10
-2.420581409466147667e-10
-2.418869094800691807e-10
-2.417157780126150204e-10
-2.415448548543940252e-10
-2.413740509116254790e-10
-2.412034457433587786e-10
-2.410329217792132035e-10
-2.408626373688966775e-10
-2.406924384321667633e-10
-2.405224402285817721e-10
-2.403525562054180570e-10
-2.401828883406557798e-10
-2.400133225070771978e-10
-2.398439586105499647e-10
-2.396747951849166590e-10
-2.395057939933195057e-10
-2.393369269457081693e-10
-2.391682382570394384e-10
-2.389997894409500834e-10
-2.388314705770676388e-10
-2.386632922495984864e-10
-2.384953081404315992e-10
-2.383275417735304938e-10
-2.381599368543833226e-10
-2.379924490041852580e-10
-2.378251564453057193e-10
-2.376580217266984838e-10
-2.374910421420459292e-10
-2.373241522811414553e-10
-2.371574816875136718e-10
-2.369909133694291796e-10
-2.368245414566415613e-10
-2.366582466465952157e-10
-2.364921883182272112e-10
-2.363262063402178288e-10
-2.361604230896274820e-10
-2.359947528777012701e-10
-2.358292881651085630e-10
-2.356639221229316205e-10
-2.354987539875210037e-10
-2.353337820794344407e-10
-2.351689652596322624e-10
-2.350042798167616114e-10
-2.348397623590873161e-10
-2.346754849138281063e-10
-2.345113310363525449e-10
-2.343473181906009083e-10
-2.341834729773956815e-10
-2.340198645335445320e-10
-2.338564009195842320e-10
-2.336930588813356013e-10
-2.335298933093023505e-10
-2.333668906846092023e-10
-2.332040371093646029e-10
-2.330412748577405960e-10
-2.328787058041353059e-10
-2.327162515500896729e-10
-2.325539786329717587e-10
-2.323917877528692032e-10
-2.322298075314299465e-10
-2.320679195842123863e-10
-2.319062103758953756e-10
-2.317446054045898137e-10
-2.315832054189447743e-10
-2.314219081834373597e-10
-2.312607717972619006e-10
-2.310998306105936322e-10
-2.309390523298326097e-10
-2.307784201012311607e-10
-2.306179041166886687e-10
-2.304576232206454420e-10
-2.302974837532339454e-10
-2.301374989593076545e-10
-2.299776279616072563e-10
-2.298179786780749710e-10
-2.296584888450455599e-10
-2.294991544025720007e-10
-2.293399294105847560e-10
-2.291808961358631529e-10
-2.290219969006036354e-10
-2.288632423445701452e-10
-2.287045675486293530e-10
-2.285461109224658659e-10
-2.283877420967194384e-10
-2.282295531200852381e-10
-2.280714351178991918e-10
-2.279135400860494983e-10
-2.277557127342667007e-10
-2.275980727728431114e-10
-2.274405296013494811e-10
-2.272831871159180413e-10
-2.271259316135467747e-10
-2.269688538260258647e-10
-2.268119539515737646e-10
-2.266552082557670326e-10
-2.264985962689013311e-10
-2.263421026806020647e-10
-2.261858550413842221e-10
-2.260297252969471996e-10
-2.258737427370103191e-10
-2.257178768778352780e-10
-2.255622276686057922e-10
-2.254067265116118394e-10
-2.252513740532998505e-10
-2.250961288151634789e-10
-2.249410712673035751e-10
-2.247861404926221418e-10
-2.246313518980133698e-10
-2.244766379634918613e-10
-2.243221361453161425e-10
-2.241677162412697789e-10
-2.240134756491213067e-10
-2.238592981813109964e-10
-2.237053387989998673e-10
-2.235514470393146098e-10
-2.233977315212598968e-10
-2.232441069996005448e-10
-2.230906806808581334e-10
-2.229373423871175653e-10
-2.227841609331404353e-10
-2.226311606965007666e-10
-2.224783155985241165e-10
-2.223256080825169989e-10
-2.221730074957139908e-10
-2.220206132406678740e-10
-2.218683749049170662e-10
-2.217162731120190976e-10
-2.215642747905667621e-10
-2.214124672814492603e-10
-2.212608396779433166e-10
-2.211093544856864393e-10
-2.209579695514762633e-10
-2.208067514244515526e-10
-2.206556762435361398e-10
-2.205047360456215003e-10
-2.203538790829786655e-10
-2.202031862946528916e-10
-2.200526151823250530e-10
-2.199021854195298759e-10
-2.197518599041043617e-10
-2.196016759223051040e-10
-2.194516348988567193e-10
-2.193016906950004218e-10
-2.191519071987569832e-10
-2.190022358451925713e-10
-2.188527346887729143e-10
-2.187033158344446145e-10
-2.185540728587387249e-10
-2.184049978799998420e-10
-2.182560566393932966e-10
-2.181072370248769769e-10
-2.179585333027113617e-10
-2.178100649797912545e-10
-2.176617004804958797e-10
-2.175134752609746849e-10
-2.173653534347416965e-10
-2.172174329316007310e-10
-2.170696597640955765e-10
-2.169220266141515473e-10
-2.167744869931849917e-10
-2.166271187332492227e-10
-2.164798818521282902e-10
-2.163327741868398114e-10
-2.161857393576521215e-10
-2.160388782770624107e-10
-2.158921176197799029e-10
-2.157455086113856274e-10
-2.155989827958886586e-10
-2.154526109834183162e-10
-2.153063618912417351e-10
-2.151602173788391556e-10
-2.150142191389434420e-10
-2.148683325751365573e-10
-2.147226104177647803e-10
-2.145769667313594841e-10
-2.144314910499252784e-10
-2.142861753566791811e-10
-2.141409927565315307e-10
-2.139959305277183029e-10
-2.138509748585094807e-10
-2.137062356057156527e-10
-2.135616089697243643e-10
-2.134171192786727757e-10
-2.132727199738238409e-10
-2.131285062697181316e-10
-2.129844546320339169e-10
-2.128405339866150253e-10
-2.126967050132291810e-10
-2.125530299962580513e-10
-2.124094937030135692e-10
-2.122660765221103191e-10
-2.121227519873826253e-10
-2.119795453615605845e-10
-2.118364900093770925e-10
-2.116935319419634747e-10
-2.115507190641530948e-10
-2.114079718249007429e-10
-2.112654232297308670e-10
-2.111229262283292877e-10
-2.109805954366328107e-10
-2.108383399834862604e-10
-2.106962662947790039e-10
-2.105542743361074561e-10
-2.104124050756007529e-10
-2.102707155926404973e-10
-2.101291622090134157e-10
-2.099877373166149817e-10
-2.098464052865020090e-10
-2.097052240300085629e-10
-2.095642358406437460e-10
-2.094233436478642538e-10
-2.092825759875942690e-10
-2.091419202204646338e-10
-2.090014577191529020e-10
-2.088611155227888945e-10
-2.087209056718489695e-10
-2.085807851887114334e-10
-2.084408253891745042e-10
-2.083009867613790745e-10
-2.081612703651582655e-10
-2.080216193659608913e-10
-2.078821299491741575e-10
-2.077427399933228460e-10
-2.076034801205685842e-10
-2.074643187760401178e-10
-2.073252654191363680e-10
-2.071863721860191260e-10
-2.070475391439836387e-10
-2.069088708356084648e-10
-2.067702768982323558e-10
-2.066318574665451108e-10
-2.064935054941065450e-10
-2.063552911606076894e-10
-2.062172391557813501e-10
-2.060793193089896491e-10
-2.059415238948920104e-10
-2.058038155726157158e-10
-2.056662567983945554e-10
-2.055288837223779097e-10
-2.053916022684866016e-10
-2.052544409533408744e-10
-2.051173856450478181e-10
-2.049805159304355710e-10
-2.048437647151468974e-10
-2.047071447143542005e-10
-2.045706054656881103e-10
-2.044342232375833069e-10
-2.042979586307084203e-10
-2.041618102655383864e-10
-2.040257325169874794e-10
-2.038897879580546407e-10
-2.037539663312880286e-10
-2.036182423734866742e-10
-2.034826519720781927e-10
-2.033471205008749142e-10
-2.032117774878680494e-10
-2.030764805707745996e-10
-2.029413361340510497e-10
-2.028062610234079467e-10
-2.026713510047250311e-10
-2.025365348601362461e-10
-2.024018125679835476e-10
-2.022672539035169243e-10
-2.021328364821759219e-10
-2.019985292542873639e-10
-2.018643245576015492e-10
-2.017302202376109739e-10
-2.015963192977585589e-10
-2.014625122244670373e-10
-2.013288290297053809e-10
-2.011952251096130540e-10
-2.010617770052339722e-10
-2.009284959679371955e-10
-2.007953205179856245e-10
-2.006622486783738581e-10
-2.005292726644369607e-10
-2.003964553552119340e-10
-2.002637313334297359e-10
-2.001311263227608362e-10
-1.999985761837625024e-10
-1.998661937178017155e-10
-1.997338835050570857e-10
-1.996017114223254110e-10
-1.994696104957813807e-10
-1.993376285440968993e-10
-1.992057843824877713e-10
-1.990739991374298601e-10
-1.989423677640376671e-10
-1.988107989579945136e-10
-1.986793989333172756e-10
-1.985480666372021546e-10
-1.984168416568406826e-10
-1.982857809129455044e-10
-1.981548480086534619e-10
-1.980240268548410048e-10
-1.978932937152013559e-10
-1.977626703462108626e-10
-1.976322449772106221e-10
-1.975019020934537177e-10
-1.973716809873935287e-10
-1.972415345786159944e-10
-1.971115453754349576e-10
-1.969817115129019856e-10
-1.968519839524306837e-10
-1.967223547087835070e-10
-1.965928180741164957e-10
-1.964634350031938848e-10
-1.963341429724535958e-10
-1.962049675148808305e-10
-1.960758440837669665e-10
-1.959468781445128475e-10
-1.958179897209158708e-10
-1.956892244959735819e-10
-1.955605476580996030e-10
-1.954319559599954604e-10
-1.953035286245394130e-10
-1.951751430463196708e-10
-1.950469061182866712e-10
-1.949187295004547853e-10
-1.947907091314975958e-10
