1.661483928626285501e-07
1.704668912659151300e-07
1.759882406912994790e-07
1.809281732107046431e-07
1.853527008825933516e-07
1.893172074424093684e-07
1.928689702839757383e-07
1.960487673954512935e-07
1.988170415707463005e-07
2.014292937773655469e-07
2.036761912897469771e-07
2.056923082512689543e-07
2.074357547426421581e-07
2.090206762208803237e-07
2.103780456176196428e-07
2.115609781300567712e-07
2.125036909360191271e-07
2.133516363051550211e-07
2.141462734659513701e-07
2.147237531592335797e-07
2.151677016383224529e-07
2.155361083601547297e-07
2.157606525644293549e-07
2.159015371199490350e-07
2.159718867134812955e-07
2.158954587184502579e-07
2.157425765280341971e-07
2.155809643647919491e-07
2.153870374045221008e-07
2.150725419216715968e-07
2.146778679313346746e-07
2.142500509638653916e-07
2.137763324668813655e-07
2.132055435147731234e-07
2.125807999949563740e-07
2.119533542817965647e-07
2.113380967149901065e-07
2.107019038878500309e-07
2.099847565516961421e-07
2.092108891030153008e-07
2.084161396677105463e-07
2.076130961242831046e-07
2.067843952838566597e-07
2.058974461820079620e-07
2.049762748624900643e-07
2.040527135130631544e-07
2.031437557326782786e-07
2.022475349154775001e-07
2.013389203759012062e-07
2.003828052852743529e-07
1.993931371471842415e-07
1.983921915119362564e-07
1.973926561669870355e-07
1.963952973569861101e-07
1.953864258508076502e-07
1.943467645138003430e-07
1.932891217697748538e-07
1.922314518753850102e-07
1.911852702586266620e-07
1.901542134727034668e-07
1.891324864487218102e-07
1.881031936842790197e-07
1.870463559414242443e-07
1.859708323012893455e-07
1.848912213941644712e-07
1.838183461861170636e-07
1.827584494661901940e-07
1.817123315440421838e-07
1.806744285839037085e-07
1.796318300007270674e-07
1.785701669353527122e-07
1.774961119298508217e-07
1.764206728396076083e-07
1.753524901834034894e-07
1.742973749258806725e-07
1.732578161807352809e-07
1.722324580927317613e-07
1.712155451566352979e-07
1.701963352311588863e-07
1.691635708702058567e-07
1.681219507651118965e-07
1.670796174289751228e-07
1.660432606484332516e-07
1.650178572319040815e-07
1.640063954270153250e-07
1.630095836652634864e-07
1.620255432919441272e-07
1.610494849393931126e-07
1.600733682015811806e-07
1.590890992369818104e-07
1.580999816143635880e-07
1.571118088353145402e-07
1.561294452109626951e-07
1.551566766237300817e-07
1.541960533766061150e-07
1.532487249707904722e-07
1.523142666525538471e-07
1.513904975701664747e-07
1.504732903817436343e-07
1.495563721548568055e-07
1.486337019255414467e-07
1.477077692753335626e-07
1.467830096630602807e-07
1.458633235822184668e-07
1.449519952150165293e-07
1.440516071547058055e-07
1.431639511244591087e-07
1.422899346210527206e-07
1.414294834116089842e-07
1.405814398116550654e-07
1.397434566727559407e-07
1.389118870079772575e-07
1.380816691834350654e-07
1.372480701474540647e-07
1.364126376725029190e-07
1.355783792765717916e-07
1.347479749702732185e-07
1.339237329068390677e-07
1.331075431135649760e-07
1.323008292733107742e-07
1.315044985246689537e-07
1.307188892494102163e-07
1.299437168158174977e-07
1.291780172465179304e-07
1.284200887794237397e-07
1.276674312903920932e-07
1.269166835462144494e-07
1.261647868545352866e-07
1.254128927437780343e-07
1.246631349538910164e-07
1.239174471983693895e-07
1.231775386451088270e-07
1.224448684424717804e-07
1.217206192765005941e-07
1.210056699452105861e-07
1.203005669358983505e-07
1.196054949913984204e-07
1.189202466512228596e-07
1.182441907535176884e-07
1.175762398837701825e-07
1.169148167562013089e-07
1.162578195137770454e-07
1.156025859327728346e-07
1.149467446050029454e-07
1.142910281285601426e-07
1.136369092280016565e-07
1.129857455879319130e-07
1.123387669382933449e-07
1.116970616865779150e-07
1.110615630909565504e-07
1.104330349683221604e-07
1.098120569312435026e-07
1.091990091478253581e-07
1.085940566184723602e-07
1.079971329635520832e-07
1.074079237159545754e-07
1.068258491125441043e-07
1.062500463785000043e-07
1.056793514985427004e-07
1.051122804690416144e-07
1.045470100250011961e-07
1.039819461489219052e-07
1.034175794060162185e-07
1.028548994680792685e-07
1.022948270739113124e-07
1.017382071213369310e-07
1.011858015423102733e-07
1.006382819585294603e-07
1.000962221149846131e-07
9.956009008886343918e-08
9.903024027123828443e-08
9.850690511895881198e-08
9.799018667417433363e-08
9.748004784890970274e-08
9.697630347211872942e-08
9.647861109663950265e-08
9.598646156347514350e-08
9.549916932082437423e-08
9.501586249528587730e-08
9.453547271266011436e-08
9.405672466577320154e-08
9.357851904542609497e-08
9.310116874242762905e-08
9.262532630983433081e-08
9.215160295280550074e-08
9.168056484691500339e-08
9.121272935303510747e-08
9.074856112769194713e-08
9.028846812779162040e-08
8.983279750861582170e-08
8.938183141398677889e-08
8.893578265749995476e-08
8.849479029372437621e-08
8.805891507826923639e-08
8.762813481561631518e-08
8.720233959361695623e-08
8.678132690355334422e-08
8.636479664466274114e-08
8.595234601202418732e-08
8.554346426670665651e-08
8.513752738707782682e-08
8.473379260017290687e-08
8.433139279202236117e-08
8.392959163403785353e-08
8.352859963349176658e-08
8.312885643013331952e-08
8.273077770823556079e-08
8.233475326102580869e-08
8.194114500619894666e-08
8.155028495204606401e-08
8.116247311372970200e-08
8.077797537923822244e-08
8.039702132455070441e-08
8.001980197754462150e-08
7.964646753017786395e-08
7.927712499847734503e-08
7.891183582986588813e-08
7.855061345735919739e-08
7.819342080016513760e-08
7.784016771021698062e-08
7.749070836417242063e-08
7.714483860041061090e-08
7.680229320055865389e-08
7.646274311508003561e-08
7.612579263245623750e-08
7.579097649149385788e-08
7.545775693628921753e-08
7.512552071338184167e-08
7.479375212624248027e-08
7.446258204114399235e-08
7.413229898590613049e-08
7.380317789588341125e-08
7.347547911962018152e-08
7.314944740194006520e-08
7.282531084427625687e-08
7.250327984204895615e-08
7.218354599889573431e-08
7.186628101756172271e-08
7.155163556725521575e-08
7.123973812727537962e-08
7.093069380671808301e-08
7.062458314006613068e-08
7.032146085846999563e-08
7.002135463652564822e-08
6.972426381435533992e-08
6.943015809479760911e-08
6.913897621551305466e-08
6.885062459581181418e-08
6.856497595800884240e-08
6.828186792311390602e-08
6.800110158066151705e-08
6.772244003248795911e-08
6.744560691026113182e-08
6.717028486656958664e-08
6.689611403937682353e-08
6.662269048964746010e-08
6.634967795303472810e-08
6.607715993279630148e-08
6.580532250445502723e-08
6.553434383368898529e-08
6.526439366065434953e-08
6.499563277383833910e-08
6.472821247336195091e-08
6.446227402365175370e-08
6.419794809540023576e-08
6.393535419673431759e-08
6.367460009351137623e-08
6.341578121866245850e-08
6.315898007050176517e-08
6.290426559992237468e-08
6.265169258639736761e-08
6.240130100270581769e-08
6.215311536830347239e-08
6.190714409125712545e-08
6.166337879866249128e-08
6.142179365546498073e-08
6.118234467160276439e-08
6.094496899739181433e-08
6.070958420707213828e-08
6.047608757043485743e-08
6.024435531244959341e-08
6.001424186081164344e-08
5.978557908132832993e-08
5.955817550106406301e-08
5.933181551916370081e-08
5.910625860527354082e-08
5.888123848547944114e-08
5.865653565686004254e-08
5.843220450043919723e-08
5.820836655115197577e-08
5.798513884896026194e-08
5.776263367394411165e-08
5.754095827656381975e-08
5.732021460305928316e-08
5.710049901595325545e-08
5.688190200962536603e-08
5.666450792092326739e-08
5.644839463477786290e-08
5.623363328478920375e-08
5.602028794874949780e-08
5.580841533907032201e-08
5.559806448808034888e-08
5.538927642816035410e-08
5.518208386668222638e-08
5.497651085571873331e-08
5.477257245649036055e-08
5.457027439851637521e-08
5.436961273343633816e-08
5.417057348346904412e-08
5.397313228447543170e-08
5.377725402359208505e-08
5.358289247140207452e-08
5.338998990860985042e-08
5.319847674718669909e-08
5.300827114595352856e-08
5.281927862056771771e-08
5.263139164788051167e-08
5.244448926463186973e-08
5.225843666044915549e-08
5.207308476511662862e-08
5.188826983008218765e-08
5.170381300416810445e-08
5.151956794282734272e-08
5.133556913453499293e-08
5.115189560985477854e-08
5.096862391634245736e-08
5.078582798520330093e-08
5.060357899576528773e-08
5.042194523775462307e-08
5.024099197136005296e-08
5.006078128507240634e-08
4.988137195128600486e-08
4.970281927964802380e-08
4.952517496814279436e-08
4.934848695189715705e-08
4.917279924969338005e-08
4.899815180817645387e-08
4.882458034374160759e-08
4.865211618208927506e-08
4.848078609543335632e-08
4.831061213734958566e-08
4.814161147525041408e-08
4.797379622047286031e-08
4.780717325596581750e-08
4.764174406156330272e-08
4.747750453683013000e-08
4.731444482146638133e-08
4.715254911325740794e-08
4.699179548355547821e-08
4.683215569027993007e-08
4.667359498842199087e-08
4.651607193804090398e-08
4.635953820973781625e-08
4.620393838759392025e-08
4.604920976955922570e-08
4.589528216527855346e-08
4.574207769134121251e-08
4.558951056394077456e-08
4.543748688893143983e-08
4.528590444926754759e-08
4.513465248981260594e-08
4.498364083308155896e-08
4.483289019641940305e-08
4.468244847698620917e-08
4.453236197361320406e-08
4.438267531459969663e-08
4.423343138446513613e-08
4.408467124965021439e-08
4.393643408316161852e-08
4.378875708815438606e-08
4.364167542044623753e-08
4.349522210995805652e-08
4.334942798107491230e-08
4.320432157192159653e-08
4.305992905254714834e-08
4.291627414201253141e-08
4.277337802437564613e-08
4.263125926356797274e-08
4.248993371715710797e-08
4.234941444898931913e-08
4.220971164070654344e-08
4.207083250213182430e-08
4.193278118051775790e-08
4.179555866865173658e-08
4.165916271181268832e-08
4.152358771357329043e-08
4.138882464044184077e-08
4.125486092533834690e-08
4.112168036989863274e-08
4.098926304560109580e-08
4.085758519371011972e-08
4.072661912403043788e-08
4.059633311246671727e-08
4.046669129738257242e-08
4.033765357475327216e-08
4.020917549210635533e-08
4.008120814124434555e-08
3.995369804974397320e-08
3.982658707122592247e-08
3.969981227438953154e-08
3.957332298374591432e-08
3.944713346701468778e-08
3.932127374329666622e-08
3.919577272002638117e-08
3.907065815046944384e-08
3.894595659067172495e-08
3.882169335585763898e-08
3.869789247627486586e-08
3.857457665248279703e-08
3.845176721008195297e-08
3.832948405388164586e-08
3.820774562150319402e-08
3.808656883641605443e-08
3.796596906040393515e-08
3.784596004545843256e-08
3.772655388509725535e-08
3.760776096510451392e-08
3.748958991369017018e-08
3.737204755106606029e-08
3.725513883843577731e-08
3.713886682639554159e-08
3.702323260274359737e-08
3.690823523969514447e-08
3.679387174050031020e-08
3.668013698546230294e-08
3.656702367735315314e-08
3.645452228622409714e-08
3.634262099360828760e-08
3.623130563611262117e-08
3.612055964839636057e-08
3.601036400553371231e-08
3.590069716475744831e-08
3.579153500658126185e-08
3.568285077529766851e-08
3.557461501884921504e-08
3.546679552806981347e-08
3.535935727529383788e-08
3.525226235233010528e-08
3.514546990779806717e-08
3.503894719815012967e-08
3.493270366058077975e-08
3.482675891263879931e-08
3.472113180910910747e-08
3.461584041643251113e-08
3.451090198682718745e-08
3.440633293211034976e-08
3.430214879721909107e-08
3.419836423342869776e-08
3.409499297126736823e-08
3.399204779312579453e-08
3.388954050556043562e-08
3.378748191128897370e-08
3.368588178087670264e-08
3.358474882411256496e-08
3.348409066107324902e-08
3.338391379287438696e-08
3.328422357210707329e-08
3.318502417295868505e-08
3.308631856101658735e-08
3.298810846275324203e-08
3.289039433469151516e-08
3.279317533224884637e-08
3.269644927825879146e-08
3.260021263116877332e-08
3.250446045291256560e-08
3.240918637645623195e-08
3.231438257301611796e-08
3.222003971894766488e-08
3.212614696230352973e-08
3.203269188905982082e-08
3.193966048900904550e-08
3.184703712131838741e-08
3.175480447975202251e-08
3.166294355755616394e-08
3.157143361200532670e-08
3.148025212860867406e-08
3.138937478497499645e-08
3.129877541433493985e-08
3.120843315450463920e-08
3.111835444023934730e-08
3.102855224444782128e-08
3.093903899336238429e-08
3.084982655036482480e-08
3.076092619964061940e-08
3.067234862966068531e-08
3.058410391649013946e-08
3.049620150692310496e-08
3.040865020144310808e-08
3.032145813700814608e-08
3.023463276965984347e-08
3.014818085695600193e-08
3.006210844022566375e-08
2.997642082664629831e-08
2.989112257114192050e-08
2.980621745810208820e-08
2.972170848292033611e-08
2.963759783335195334e-08
2.955388687069008235e-08
2.947057611075938161e-08
2.938766520472684486e-08
2.930515291972875471e-08
2.922303711931315846e-08
2.914131474369732008e-08
2.905998178983919556e-08
2.897903329132233273e-08
2.889846329805357342e-08
2.881826485577266148e-08
2.873842998537320717e-08
2.865894966203423390e-08
2.857981379416157596e-08
2.850101120213850856e-08
2.842252959688478296e-08
2.834435555822340505e-08
2.826647451305456162e-08
2.818887071333575816e-08
2.811152721386766513e-08
2.803442584988485880e-08
2.795755216330743350e-08
2.788091052757951807e-08
2.780450981075739030e-08
2.772835849098689645e-08
2.765246464610845446e-08
2.757683594316055887e-08
2.750147962778148613e-08
2.742640251350877374e-08
2.735161097097607601e-08
2.727711091700707223e-08
2.720290780360592764e-08
2.712900660684405240e-08
2.705541181564266894e-08
2.698212742045084016e-08
2.690915690181863433e-08
2.683650321886485094e-08
2.676416879763917510e-08
2.669215551937820470e-08
2.662046470865493671e-08
2.654909712142154054e-08
2.647805293294471708e-08
2.640733172563357380e-08
2.633693247675938413e-08
2.626685354606700602e-08
2.619709266327743684e-08
2.612764691548127647e-08
2.605851273442257239e-08
2.598968588367272915e-08
2.592116144569407524e-08
2.585293380879268377e-08
2.578499665396018545e-08
2.571734294160391220e-08
2.564996489816533172e-08
2.558285400262609459e-08
2.551600097290147906e-08
2.544939575212077995e-08
2.538302749479426476e-08
2.531688455286633277e-08
2.525095446165442406e-08
2.518522731669912372e-08
2.511970612460810365e-08
2.505439695510935289e-08
2.498930559079977407e-08
2.492443752022309777e-08
2.485979793088522573e-08
2.479539170220700602e-08
2.473122339841420541e-08
2.466729726136435460e-08
2.460361720331039357e-08
2.454018679960071664e-08
2.447700928131556101e-08
2.441408752783946418e-08
2.435142405936948587e-08
2.428902102935910499e-08
2.422688021689748079e-08
2.416500301902394901e-08
2.410339044297733956e-08
2.404204309838019176e-08
2.398096118935733774e-08
2.392014450658888387e-08
2.385959241929717311e-08
2.379930386716770875e-08
2.373927735220357268e-08
2.367951093051337812e-08
2.362000220403230675e-08
2.356074831217621361e-08
2.350174592342840293e-08
2.344299122685893902e-08
2.338447992357633021e-08
2.332620721811120862e-08
2.326816780973192634e-08
2.321035588369179674e-08
2.315276510240774922e-08
2.309538859657017249e-08
2.303821895618377764e-08
2.298124822153918641e-08
2.292446787411507937e-08
2.286786882741067230e-08
2.281144387225838303e-08
2.275519516120860777e-08
2.269912706525141578e-08
2.264324374693997811e-08
2.258754915575553383e-08
2.253204702343340269e-08
2.247674085925000111e-08
2.242163394527056720e-08
2.236672933155765748e-08
2.231202983134012751e-08
2.225753801614257672e-08
2.220325621087506194e-08
2.214918648888300051e-08
2.209533066695706426e-08
2.204169030030305779e-08
2.198826667747147999e-08
2.193506081524682506e-08
2.188207345349635158e-08
2.182930504997825367e-08
2.177675577510914470e-08
2.172442550669056583e-08
2.167231382459464507e-08
2.162042000540853623e-08
2.156874301703763453e-08
2.151728151326742987e-08
2.146603382828383562e-08
2.141499797115189040e-08
2.136417162025271034e-08
2.131355211767851329e-08
2.126313646358565859e-08
2.121292131050553043e-08
2.116290295761312913e-08
2.111307734495326110e-08
2.106344004762421509e-08
2.101398626991875253e-08
2.096471083942231287e-08
2.091560820106828159e-08
2.086667241115026459e-08
2.081789713129113430e-08
2.076927731889991525e-08
2.072081439507821691e-08
2.067251129794640894e-08
2.062437080382729752e-08
2.057639552397464927e-08
2.052858790127615511e-08
2.048095020693072192e-08
2.043348453710007517e-08
2.038619280953446751e-08
2.033907676017259586e-08
2.029213793971544916e-08
2.024537771017415272e-08
2.019879724139172672e-08
2.015239750753851387e-08
2.010617928358144828e-08
2.006014314172687115e-08
2.001428944783696260e-08
1.996861835781957816e-08
1.992312981399154911e-08
1.987782354141526505e-08
1.983269904420848551e-08
1.978775560182734761e-08
1.974299226532242419e-08
1.969840785356778937e-08
1.965400094946301219e-08
1.960976989610798222e-08
1.956571279295051113e-08
1.952182749190661406e-08
1.947811159345339811e-08
1.943456244269449499e-08
1.939117712539789243e-08
1.934795246400618394e-08
1.930488501361910483e-08
1.926197105794824837e-08
1.921920660524393921e-08
1.917658738419416115e-08
1.913410883979544362e-08
1.909176612919564715e-08
1.904955411750859155e-08
1.900746872021081981e-08
1.896551100191490213e-08
1.892368324377619417e-08
1.888198761036334483e-08
1.884042614743051693e-08
1.879900077967322631e-08
1.875771330846762083e-08
1.871656540959328858e-08
1.867555863093946281e-08
1.863469439019459404e-08
1.859397397251926268e-08
1.855339852820233627e-08
1.851296907030042105e-08
1.847268647226038272e-08
1.843255146552513832e-08
1.839256463712240823e-08
1.835272642723658374e-08
1.831303712676355132e-08
1.827349687484845726e-08
1.823410565640637930e-08
1.819486329962584593e-08
1.815576947345512388e-08
1.811682368507128361e-08
1.807802527733196361e-08
1.803937342620977044e-08
1.800086713820930802e-08
1.796250524776674343e-08
1.792428641463189615e-08
1.788620912123278099e-08
1.784827167002259178e-08
1.781047218080898327e-08
1.777280858806576727e-08
1.773527863822680449e-08
1.769787988696214179e-08
1.766060969643633530e-08
1.762346523254888653e-08
1.758644346215676511e-08
1.754954115027895190e-08
1.751275485728299921e-08
1.747608183003952391e-08
1.743952272070830224e-08
1.740307897190437616e-08
1.736675193092366207e-08
1.733054284808545954e-08
1.729445287506348866e-08
1.725848306320547266e-08
1.722263436184122266e-08
1.718690761657921143e-08
1.715130356759152353e-08
1.711582284788727465e-08
1.708046598157439740e-08
1.704523338210970435e-08
1.701012535053735724e-08
1.697514207371556719e-08
1.694028362253152562e-08
1.690554995010459594e-08
1.687094088997765340e-08
1.683645615429663915e-08
1.680209533197814680e-08
1.676785788686518022e-08
1.673374315587095030e-08
1.669975034711065446e-08
1.666587853802136128e-08
1.663212667346973231e-08
1.659849356384778279e-08
1.656497788315649276e-08
1.653157816707729174e-08
1.649829281103143013e-08
1.646512006822710504e-08
1.643205804769439350e-08
1.639910471230792681e-08
1.636625787679728629e-08
1.633351520574509049e-08
1.630087421157269794e-08
1.626833225251357823e-08
1.623588653057425888e-08
1.620353408948280491e-08
1.617127181262488741e-08
1.613909720167082974e-08
1.610701074946902865e-08
1.607501365379642010e-08
1.604310704368468977e-08
1.601129197827301331e-08
1.597956944565328902e-08
1.594794036170778364e-08
1.591640556893918797e-08
1.588496583529311864e-08
1.585362185297297012e-08
1.582237423724711696e-08
1.579122352524849609e-08
1.576017017476647971e-08
1.572921456303104553e-08
1.569835698548929395e-08
1.566759765457411691e-08
1.563693669846522362e-08
1.560637415984231133e-08
1.557590999463050040e-08
1.554554407073788791e-08
1.551527616678532913e-08
1.548510597082833756e-08
1.545503307907108713e-08
1.542505699457257265e-08
1.539517712594481613e-08
1.536539278604315201e-08
1.533570319064856816e-08
1.530610745714205629e-08
1.527660460317099169e-08
1.524719354530748260e-08
1.521787309769869942e-08
1.518864197070915029e-08
1.515949876955488348e-08
1.513044199292959672e-08
1.510147003162266314e-08
1.507258116712897161e-08
1.504377357025067050e-08
1.501504529969073901e-08
1.498639430063831637e-08
1.495781892736496853e-08
1.492931953483775224e-08
1.490089694221552730e-08
1.487255191319133510e-08
1.484428515513124240e-08
1.481609731820777858e-08
1.478798899452804765e-08
1.475996071725647008e-08
1.473201295973209174e-08
1.470414613458053938e-08
1.467636059282054311e-08
1.464865662296501773e-08
1.462103445011673265e-08
1.459349423505848102e-08
1.456603607333785239e-08
1.453865999434643674e-08
1.451136596039360221e-08
1.448415386577474069e-08
1.445702353583399939e-08
1.442997472602145206e-08
1.440300712094476462e-08
1.437612033341527221e-08
1.434931390348848943e-08
1.432258729749904530e-08
1.429593990708999015e-08
1.426937104823651405e-08
1.424287996026404201e-08
1.421646580486066644e-08
1.419012766508394470e-08
1.416386454436201401e-08
1.413767536548906501e-08
1.411155896961505473e-08
1.408551411522980475e-08
1.405953947714128095e-08
1.403363364544823187e-08
1.400779512450700372e-08
1.398202233189266938e-08
1.395631359735431086e-08
1.393066716176459752e-08
1.390508163458426819e-08
1.387955738587156529e-08
1.385409520050423946e-08
1.382869582340955041e-08
1.380335995895761596e-08
1.377808827035109007e-08
1.375288137901125583e-08
1.372773986396043261e-08
1.370266426120077329e-08
1.367765506308940049e-08
1.365271271770986012e-08
1.362783762823991883e-08
1.360303015231568051e-08
1.357829060139199364e-08
1.355361924009919437e-08
1.352901628559610893e-08
1.350448190691936031e-08
1.348001622432894599e-08
1.345561930865007674e-08
1.343129118061129323e-08
1.340703181017880395e-08
1.338284111588708605e-08
1.335871896416571742e-08
1.333466516866243366e-08
1.331067948956238154e-08
1.328676163290361380e-08
1.326291124988874260e-08
1.323912793619283246e-08
1.321541123126742378e-08
1.319176061764076780e-08
1.316817552021419368e-08
1.314465530555467883e-08
1.312119928118350669e-08
1.309780669486111280e-08
1.307447673386803988e-08
1.305120852428200020e-08
1.302800113025109642e-08
1.300485355326309529e-08
1.298176473141082336e-08
1.295873381840171132e-08
1.293576103226690526e-08
1.291284683335150906e-08
1.288999164661721984e-08
1.286719586115144260e-08
1.284445982967363712e-08
1.282178386803889707e-08
1.279916825473877300e-08
1.277661323039927461e-08
1.275411899727614997e-08
1.273168571874729769e-08
1.270931351880243789e-08
1.268700248152997230e-08
1.266475265060098078e-08
1.264256402875048308e-08
1.262043657725580719e-08
1.259837021541216013e-08
1.257636482000536318e-08
1.255442022478173333e-08
1.253253621991513907e-08
1.251071255147115281e-08
1.248894892086841404e-08
1.246724498433705758e-08
1.244560035237432126e-08
1.242401458919722532e-08
1.240248721219242776e-08
1.238101769136311689e-08
1.235960544877306314e-08
1.233824985798774943e-08
1.231695024351257820e-08
1.229570588022816348e-08
1.227451599282273445e-08
1.225337975522155451e-08
1.223229629001346511e-08
1.221126466787443347e-08
1.219028390698818871e-08
1.216935297246389328e-08
1.214847077575085476e-08
1.212763617405027478e-08
1.210684825882994219e-08
1.208610723264758388e-08
1.206541355902197571e-08
1.204476767548776984e-08
1.202416999324176426e-08
1.200362089678721172e-08
1.198312074357626437e-08
1.196266986365042477e-08
1.194226855927911929e-08
1.192191710459631265e-08
1.190161574523516379e-08
1.188136469796076596e-08
1.186116415030092303e-08
1.184101426017496875e-08
1.182091515552064876e-08
1.180086693391900740e-08
1.178086966221735380e-08
1.176092337615019319e-08
1.174102807995826715e-08
1.172118374600554586e-08
1.170139031439424831e-08
1.168164769257793519e-08
1.166195575497253712e-08
1.164231434256541091e-08
1.162272326252242876e-08
1.160318228779301772e-08
1.158369115671323045e-08
1.156424957260677450e-08
1.154485720338404150e-08
1.152551368113912458e-08
1.150621860174478940e-08
1.148697152444543016e-08
1.146777197144800725e-08
1.144861942751090709e-08
1.142951333953082000e-08
1.141045311612751205e-08
1.139143812722660015e-08
1.137246770364024094e-08
1.135354113664577825e-08
1.133465788004342935e-08
1.131581816395883263e-08
1.129702239891724609e-08
1.127827097478103875e-08
1.125956426047867815e-08
1.124090260373228683e-08
1.122228633078379428e-08
1.120371574611968101e-08
1.118519113219426510e-08
1.116671274915162231e-08
1.114828083454601721e-08
1.112989560306094137e-08
1.111155724622672381e-08
1.109326593213666249e-08
1.107502180516177766e-08
1.105682498566406479e-08
1.103867556970834779e-08
1.102057362877265336e-08
1.100251920945715917e-08
1.098451233319166976e-08
1.096655299594163319e-08
1.094864116791273172e-08
1.093077679325396861e-08
1.091295978975930907e-08
1.089519004856786033e-08
1.087746743386256123e-08
1.085979178256741090e-08
1.084216290404323010e-08
1.082458057978190717e-08
1.080704456309920131e-08
1.078955457882604373e-08
1.077211032299833835e-08
1.075471146254528672e-08
1.073735763497622573e-08
1.072004844806593006e-08
1.070278347953846871e-08
1.068556227674950805e-08
1.066838435636713598e-08
1.065124920405118049e-08
1.063415640014220362e-08
1.061710600142812146e-08
1.060009816992582438e-08
1.058313304764473367e-08
1.056621075635080518e-08
1.054933139732937174e-08
1.053249505114684399e-08
1.051570177741122997e-08
1.049895161453150008e-08
1.048224457947579054e-08
1.046558066752842078e-08
1.044895985204575934e-08
1.043238208421090526e-08
1.041584729278719489e-08
1.039935538387054068e-08
1.038290624064056399e-08
1.036649972311058800e-08
1.035013566787639652e-08
1.033381388786385122e-08
1.031753417207528470e-08
1.030129628533472223e-08
1.028509996803190411e-08
1.026894493586510691e-08
1.025283087958278193e-08
1.023675746472396766e-08
1.022072433135752115e-08
1.020473109382013997e-08
1.018877734045317316e-08
1.017286263333821133e-08
1.015698650803148722e-08
1.014114847329705205e-08
1.012534801083872931e-08
1.010958457503085090e-08
1.009385759264778234e-08
1.007816646259221871e-08
1.006251055562224653e-08
1.004688921407719126e-08
1.003130175160223068e-08
1.001574745287175756e-08
1.000022574936960586e-08
9.984736752737992016e-09
9.969280735920700200e-09
9.953857958299895072e-09
9.938468665532672527e-09
9.923113089386829608e-09
9.907791447575830390e-09
9.892503943592976126e-09
9.877250766544822642e-09
9.862032090983763955e-09
9.846848076739838322e-09
9.831698868751751788e-09
9.816584596897071243e-09
9.801505375821659774e-09
9.786461304768284848e-09
9.771452467404422466e-09
9.756478931649287082e-09
9.741540749500024409e-09
9.726637956857108484e-09
9.711770573348956217e-09
9.696938602155688289e-09
9.682142029832110844e-09
9.667380826129881590e-09
9.652654943818856977e-09
9.637964318507622133e-09
9.623308868463206850e-09
9.608688494429989274e-09
9.594103079447772421e-09
9.579552488669040131e-09
9.565036569175397409e-09
9.550555149793180296e-09
9.536108040908243506e-09
9.521695034279914274e-09
9.507315902854127291e-09
9.492970400575729152e-09
9.478658262199937426e-09
9.464379203102989085e-09
9.450132919091927015e-09
9.435919086213582506e-09
9.421737444193038027e-09
9.407588049628413074e-09
9.393471029298550082e-09
9.379386497012207015e-09
9.365334553465476241e-09
9.351315286098516855e-09
9.337328768951674879e-09
9.323375062520925182e-09
9.309454213612666535e-09
9.295566255197883059e-09
9.281711206265599247e-09
9.267889071675744390e-09
9.254099842011302309e-09
9.240343493429840714e-09
9.226619987514352336e-09
9.212929271123450864e-09
9.199271276240905140e-09
9.185645919824501679e-09
9.172053103654235521e-09
9.158492714179862496e-09
9.144964622367746736e-09
9.131468683547076216e-09
9.118004737255371889e-09
9.104572607083361541e-09
9.091172100519157160e-09
9.077803008791762291e-09
9.064465106713915994e-09
9.051158152524253545e-09
9.037881887728782236e-09
9.024636036941693774e-09
9.011420307725495085e-09
8.998234390430444287e-09
8.985077958033319950e-09
8.971950665975500492e-09
8.958852152000370252e-09
8.945782035990015836e-09
8.932739919801264030e-09
8.919725387101014960e-09
8.906738003200888682e-09
8.893777425182797689e-09
8.880843735783735746e-09
8.867937117941718083e-09
8.855057745191407121e-09
8.842205781559943967e-09
8.829381381462278628e-09
8.816584689596056868e-09
8.803815840836037216e-09
8.791074960128029868e-09
8.778362162382388914e-09
8.765677552367016524e-09
8.753021224599905570e-09
8.740393263241219023e-09
8.727793741984879666e-09
8.715222723949709812e-09
8.702680261570081343e-09
8.690166396486100856e-09
8.677681159433321682e-09
8.665224570131972815e-09
8.652796637175722975e-09
8.640397357919948356e-09
8.628026718369555360e-09
8.615684693066292124e-09
8.603371244975596829e-09
8.591086325372962939e-09
8.578829873729826325e-09
8.566601817598970971e-09
8.554402072499438375e-09
8.542230541800975376e-09
8.530087116607987339e-09
8.517971675642991705e-09
8.505884085129619921e-09
8.493824198675094921e-09
8.481791857152252012e-09
8.469786888581051866e-09
8.457809108009608791e-09
8.445858317394735924e-09
8.433934305481994109e-09
8.422036847685242830e-09
8.410165762897078764e-09
8.398321085745666287e-09
8.386502898464985671e-09
8.374711274266538037e-09
8.362946277247602759e-09
8.351207962299028326e-09
8.339496375012695651e-09
8.327811551588556203e-09
8.316153518741283022e-09
8.304522293606551153e-09
8.292917883646896225e-09
8.281340286557204098e-09
8.269789490169801817e-09
8.258265472359130009e-09
8.246768200946074481e-09
8.235297633601832944e-09
8.223853717751454175e-09
8.212436390476917260e-09
8.201045578419878320e-09
8.189681197683954010e-09
8.178343153736655944e-09
8.167031341310894996e-09
8.155745644306115019e-09
8.144485935688988152e-09
8.133252077393737910e-09
8.122043920222061903e-09
8.110861303742619472e-09
8.099704056190153699e-09
8.088571994364189909e-09
8.077464923527327197e-09
8.066382637303146139e-09
8.055324917573669832e-09
8.044291534376464279e-09
8.033282245801303680e-09
8.022296797886427091e-09
8.011334924514406311e-09
8.000396347307585293e-09
7.989480775523102650e-09
7.978587905947550203e-09
7.967717496637623198e-09
7.956869590340836132e-09
7.946044296344422231e-09
7.935241717054477875e-09
7.924461947926282558e-09
7.913705077394350843e-09
7.902971186802171641e-09
7.892260350331687750e-09
7.881572634932444532e-09
7.870908100250506975e-09
7.860266798557024370e-09
7.849648774676545188e-09
7.839054065915024244e-09
7.828482701987548615e-09
7.817934704945755852e-09
7.807410089104962676e-09
7.796908860971022360e-09
7.786431019166854545e-09
7.775976554358702093e-09
7.765545449182100072e-09
7.755137678167505602e-09
7.744753207665704365e-09
7.734391995772848186e-09
7.724053992255246117e-09
7.713739138473831271e-09
7.703447367308343095e-09
7.693178603081205253e-09
7.682932761481102405e-09
7.672709749486272440e-09
7.662509465287489349e-09
7.652331798210725138e-09
7.642176628639560295e-09
7.632043827937243518e-09
7.621933258368480136e-09
7.611844773020911161e-09
7.601778215726281324e-09
7.591733420981314283e-09
7.581710213868286743e-09
7.571708409975283280e-09
7.561727856512191381e-09
7.551768556891954943e-09
7.541830548949322187e-09
7.531913863950950987e-09
7.522018526533889803e-09
7.512144554643830295e-09
7.502291959473100214e-09
7.492460745398431296e-09
7.482650909918459146e-09
7.472862443591014680e-09
7.463095329970129355e-09
7.453349545542826991e-09
7.443625059665658338e-09
7.433921834500980873e-09
7.424239824953017736e-09
7.414578978603639568e-09
7.404939235647924655e-09
7.395320528829455206e-09
7.385722783375375409e-09
7.376145916931198839e-09
7.366589839495356966e-09
7.357054453353525981e-09
7.347539653012669892e-09
7.338045325134860287e-09
7.328571348470833875e-09
7.319117593793307672e-09
7.309683923830023687e-09
7.300270193196572763e-09
7.290876248328947922e-09
7.281501927415837150e-09
7.272147060330692014e-09
7.262811468563515874e-09
7.253494965152411370e-09
7.244197354614879772e-09
7.234918432878852308e-09
7.225657987213479138e-09
7.216415796159656935e-09
7.207191629460305006e-09
7.197985247990386636e-09
7.188796461156337471e-09
7.179625300686070323e-09
7.170471850700894663e-09
7.161336190562228242e-09
7.152218394826212997e-09
7.143118533198144022e-09
7.134036670486742189e-09
7.124972866558226603e-09
7.115927176290231545e-09
7.106899649525535639e-09
7.097890331025602427e-09
7.088899260423967087e-09
7.079926472179423803e-09
7.070971995529045209e-09
7.062035854441026485e-09
7.053118067567331741e-09
7.044218648196182421e-09
7.035337604204354622e-09
7.026474938009301882e-09
7.017630646521089370e-09
7.008804721094154362e-09
6.999997147478891366e-09
6.991207905773038713e-09
6.982436970372903027e-09
6.973684309924393440e-09
6.964949887273863078e-09
6.956233659418796685e-09
6.947535577458284843e-09
6.938855586543336053e-09
6.930193625826993617e-09
6.921549628414282104e-09
6.912923521311961095e-09
6.904315225378087844e-09
6.895724655271417812e-09
6.887151719400601719e-09
6.878596319873202262e-09
6.870058352444534651e-09
6.861537706466308618e-09
6.853034264835094241e-09
6.844547929498015093e-09
6.836078698699290987e-09
6.827626591356631869e-09
6.819191621618358274e-09
6.810773798821757748e-09
6.802373127451301475e-09
6.793989607096688846e-09
6.785623232410752237e-09
6.777273993067197185e-09
6.768941873718196966e-09
6.760626853951817615e-09
6.752328908249308104e-09
6.744048005942217651e-09
6.735784111169355852e-09
6.727537182833622957e-09
6.719307174558637478e-09
6.711094034645262889e-09
6.702897706027923385e-09
6.694718126230809637e-09
6.686555227323890151e-09
6.678408935878786147e-09
6.670279172924489271e-09
6.662165853902905600e-09
6.654068888624254066e-09
6.645988181222313500e-09
6.637923630109482737e-09
6.629875127931717473e-09
6.621842561523280174e-09
6.613825811861346887e-09
6.605824754020449441e-09
6.597839257126753037e-09
6.589869184312176678e-09
6.581914392668363872e-09
6.573974733200477982e-09
6.566050050780837096e-09
6.558140184102407454e-09
6.550244965632106615e-09
6.542364221563971807e-09
6.534497771772148765e-09
6.526645469390988564e-09
6.518807320592307440e-09
6.510983367313106137e-09
6.503173647831363545e-09
6.495378196734038037e-09
6.487597044884976174e-09
6.479830219392692365e-09
6.472077743578028585e-09
6.464339636941703256e-09
6.456615915131751759e-09
6.448906589910833780e-09
6.441211669123425668e-09
6.433531156662914364e-09
6.425865052438552366e-09
6.418213352342299362e-09
6.410576048215557165e-09
6.402953127815771468e-09
6.395344574782933511e-09
6.387750368605941125e-09
6.380170484588862173e-09
6.372604893817059021e-09
6.365053563123224504e-09
6.357516455053258241e-09
6.349993527832061893e-09
6.342484735329186349e-09
6.334990027024382964e-09
6.327509347973013348e-09
6.320042638771354927e-09
6.312589835521784914e-09
6.305150869797829444e-09
6.297725668609114278e-09
6.290314154366178197e-09
6.282916244845177199e-09
6.275531853152452224e-09
6.268160887688993469e-09
6.260803252114777329e-09
6.253458845312973459e-09
6.246127561354041006e-09
6.238809289459704885e-09
6.231503939440911119e-09
6.224211518672920337e-09
6.216932056671597301e-09
6.209665579739131512e-09
6.202412110937007429e-09
6.195171670058876250e-09
6.187944273603336714e-09
6.180729934746620761e-09
6.173528663315179120e-09
6.166340465758178376e-09
6.159165345119893818e-09
6.152003301012014608e-09
6.144854329585848852e-09
6.137718423504429423e-09
6.130595571914532089e-09
6.123485760418586941e-09
6.116388971046505455e-09
6.109305182227395871e-09
6.102234368761194210e-09
6.095176501790199335e-09
6.088131548770491377e-09
6.081099473443281510e-09
6.074080235806142608e-09
6.067073792084153050e-09
6.060080094700932988e-09
6.053099092249601214e-09
6.046130729463615385e-09
6.039174947187517124e-09
6.032231682347594414e-09
6.025300867922422377e-09
6.018382432913329624e-09
6.011476302314744658e-09
6.004582397084459553e-09
5.997700634113782799e-09
5.990830926197603636e-09
5.983973182004349683e-09
5.977127306045851087e-09
5.970293198647096327e-09
5.963470755915901976e-09
5.956659893991405477e-09
5.949860622396323456e-09
5.943072972128840739e-09
5.936296971497639667e-09
5.929532646099726689e-09
5.922780018798183683e-09
5.916039109699836566e-09
5.909309936132862682e-09
5.902592512624296458e-09
5.895886850877491211e-09
5.889192959749473422e-09
5.882510845228243251e-09
5.875840510409986534e-09
5.869181955476203241e-09
5.862535177670790438e-09
5.855900171276998685e-09
5.849276927594360320e-09
5.842665434915508547e-09
5.836065678502927869e-09
5.829477640565635044e-09
5.822901300235771521e-09
5.816336633545118962e-09
5.809783613401551061e-09
5.803242209565385277e-09
5.796712388625671703e-09
5.790194113976406662e-09
5.783687345792648688e-09
5.777192041006580755e-09
5.770708153283476536e-09
5.764235632997595537e-09
5.757774427207993856e-09
5.751324479634268760e-09
5.744885730632204013e-09
5.738458117169361426e-09
5.732041572800567359e-09
5.725636027643339673e-09
5.719241408353230293e-09
5.712857638099075147e-09
5.706484636538191974e-09
5.700122338878626854e-09
5.693770753533441890e-09
5.687429905568171715e-09
5.681099817699089366e-09
5.674780510274434248e-09
5.668472001255591293e-09
5.662174306198197326e-09
5.655887438233179609e-09
5.649611408047750532e-09
5.643346223866323735e-09
5.637091891431367356e-09
5.630848413984205169e-09
5.624615792245743275e-09
5.618394024397142202e-09
5.612183106060419518e-09
5.605983030278988753e-09
5.599793787498142072e-09
5.593615365545464295e-09
5.587447749611179907e-09
5.581290922228446315e-09
5.575144863253566854e-09
5.569009549846160789e-09
5.562884956449257215e-09
5.556771054769321948e-09
5.550667813756227356e-09
5.544575199583152687e-09
5.538493175626429822e-09
5.532421702445309603e-09
5.526360737761675235e-09
5.520310236439693638e-09
5.514270150465381605e-09
5.508240428926138049e-09
5.502221017990181941e-09
5.496211860885947246e-09
5.490212897881401752e-09
5.484224066263303033e-09
5.478245300316389894e-09
5.472276531302503509e-09
5.466317687439658091e-09
5.460368710615023341e-09
5.454429606922589377e-09
5.448500397066777922e-09
5.442581099701514333e-09
5.436671731414330841e-09
5.430772306710410243e-09
5.424882837996581607e-09
5.419003335565265524e-09
5.413133807578358979e-09
5.407274260051087125e-09
5.401424696835781449e-09
5.395585119605620708e-09
5.389755527838310655e-09
5.383935918799719100e-09
5.378126287527455544e-09
5.372326626814398708e-09
5.366536927192169462e-09
5.360757176914554127e-09
5.354987361940878969e-09
5.349227465919320181e-09
5.343477470170179939e-09
5.337737353669088852e-09
5.332007093030168695e-09
5.326286662489144691e-09
5.320576033886391621e-09
5.314875176649944356e-09
5.309184057778435605e-09
5.303502641824003056e-09
5.297830890875119586e-09
5.292168764539393694e-09
5.286516219926297975e-09
5.280873211629855393e-09
5.275239691711258573e-09
5.269615609681467566e-09
5.264000912483708368e-09
5.258395544475952404e-09
5.252799447413334805e-09
5.247212560430504028e-09
5.241634820023944179e-09
5.236066174496430346e-09
5.230506627626377982e-09
5.224956195791234471e-09
5.219414893566648469e-09
5.213882733712923173e-09
5.208359727161410025e-09
5.202845883000868500e-09
5.197341208463776273e-09
5.191845708912602153e-09
5.186359387826035180e-09
5.180882246785168231e-09
5.175414285459639430e-09
5.169955501593732210e-09
5.164505890992428218e-09
5.159065447507423002e-09
5.153634163023089581e-09
5.148212027442408929e-09
5.142799028672850007e-09
5.137395152612207596e-09
5.132000383134396305e-09
5.126614702075205689e-09
5.121238089218000778e-09
5.115870522279397792e-09
5.110511976894870372e-09
5.105162426604337607e-09
5.099821842837685899e-09
5.094490194900269308e-09
5.089167449958344558e-09
5.083853573024473782e-09
5.078548526942885906e-09
5.073252272374782611e-09
5.067964767783607902e-09
5.062685969420277971e-09
5.057415831308350675e-09
5.052154305229166893e-09
5.046901340706942246e-09
5.041656884993810021e-09
5.036420883054821902e-09
5.031193277552913963e-09
5.025974021651179356e-09
5.020763117709630543e-09
5.015560579274125951e-09
5.010366418312240235e-09
5.005180645201706914e-09
5.000003268718833705e-09
4.994834296026871537e-09
4.989673732664357094e-09
4.984521582533421443e-09
4.979377847888051519e-09
4.974242529322327609e-09
4.969115625758618663e-09
4.963997134435742858e-09
4.958887050897092590e-09
4.953785368978728038e-09
4.948692080797421922e-09
4.943607176738686893e-09
4.938530645444748323e-09
4.933462473802493941e-09
4.928402646931382105e-09
4.923351148171313683e-09
4.918307959070470012e-09
4.913273059373110332e-09
4.908246427007340265e-09
4.903228038072837286e-09
4.898217866828536479e-09
4.893215885680296450e-09
4.888222065168507338e-09
4.883236373955677307e-09
4.878258778813978522e-09
4.873289244612751755e-09
4.868327734305981220e-09
4.863374208919728865e-09
4.858428627539533939e-09
4.853490947297767875e-09
4.848561123360970156e-09
4.843639108917127108e-09
4.838724855162925870e-09
4.833818311290969492e-09
4.828919435812048971e-09
4.824028230771780307e-09
4.819144708126105515e-09
4.814268878452273251e-09
4.809400750938990398e-09
4.804540333376552974e-09
4.799687632146936513e-09
4.794842652213864098e-09
4.790005397112844635e-09
4.785175868941180505e-09
4.780354068347943791e-09
4.775539994523922724e-09
4.770733645191544145e-09
4.765935016594755426e-09
4.761144103488889858e-09
4.756360899130488192e-09
4.751585395267101157e-09
4.746817582127058060e-09
4.742057448409200651e-09
4.737304981272599613e-09
4.732560166326226383e-09
4.727822987618600988e-09
4.723093427627415892e-09
4.718371467249118483e-09
4.713657085788469570e-09
4.708950260948077069e-09
4.704250968817880057e-09
4.699559183864630339e-09
4.694874878921319429e-09
4.690198025176584022e-09
4.685528592164092434e-09
4.680866547751871496e-09
4.676211858131641711e-09
4.671564487808083760e-09
4.666924399588103352e-09
4.662291554570052234e-09
4.657665912132911146e-09
4.653047429925465343e-09
4.648436063855425507e-09
4.643831777963427305e-09
4.639234574257681631e-09
4.634644463383567043e-09
4.630061454777923102e-09
4.625485556660635461e-09
4.620916776026182079e-09
4.616355118635160412e-09
4.611800589005796401e-09
4.607253190405410453e-09
4.602712924841884243e-09
4.598179793055077889e-09
4.593653794508238854e-09
4.589134927379379418e-09
4.584623188552626018e-09
4.580118573609555361e-09
4.575621076820490004e-09
4.571130691135785657e-09
4.566647408177074653e-09
4.562171218228501140e-09
4.557702110227925667e-09
4.553240071758095864e-09
4.548785089037807186e-09
4.544337146913028921e-09
4.539896228848002069e-09
4.535462316916324821e-09
4.531035391791998328e-09
4.526615432740455097e-09
4.522202417609565058e-09
4.517796322820604408e-09
4.513397123359212044e-09
4.509004792766314560e-09
4.504619303129022307e-09
4.500240625071508890e-09
4.495868727745859247e-09
4.491503578822886288e-09
4.487145144482942574e-09
4.482793389406679881e-09
4.478448276765799665e-09
4.474109768213782028e-09
4.469777832497604338e-09
4.465452471474196079e-09
4.461133694523587703e-09
4.456821509961218285e-09
4.452515925030688596e-09
4.448216945896495978e-09
4.443924577636751014e-09
4.439638824235873528e-09
4.435359688577262932e-09
4.431087172435953697e-09
4.426821276471247648e-09
4.422562000219323935e-09
4.418309342085829152e-09
4.414063299338446768e-09
4.409823868099451680e-09
4.405591043338222569e-09
4.401364818863765018e-09
4.397145187317189131e-09
4.392932140164175569e-09
4.388725667687416778e-09
4.384525758979038358e-09
4.380332401933008026e-09
4.376145583237506529e-09
4.371965288367293596e-09
4.367791501576038318e-09
4.363624205888644567e-09
4.359463383093536708e-09
4.355309013734942835e-09
4.351161077105139119e-09
4.347019551236689206e-09
4.342884412894649690e-09
4.338755637568755741e-09
4.334633199465596800e-09
4.330517071500755884e-09
4.326407225290939789e-09
4.322303631146074552e-09
4.318206258061393469e-09
4.314115073709496987e-09
4.310030044432385302e-09
4.305951142539437155e-09
4.301878368352006426e-09
4.297811728514133525e-09
4.293751228713901118e-09
4.289696873677114469e-09
4.285648667160964404e-09
4.281606611947677876e-09
4.277570709838150330e-09
4.273540961645552419e-09
4.269517367188928458e-09
4.265499925286775847e-09
4.261488633750600506e-09
4.257483489378459074e-09
4.253484487948483744e-09
4.249491624212389718e-09
4.245504891888961164e-09
4.241524283657520619e-09
4.237549791151384342e-09
4.233581404951295324e-09
4.229619114578837276e-09
4.225662908489842828e-09
4.221712774067762847e-09
4.217768697617032453e-09
4.213830664356422961e-09
4.209898658412359098e-09
4.205972662812232066e-09
4.202052659477692768e-09
4.198138629217919383e-09
4.194230551722875014e-09
4.190328405556543011e-09
4.186432168150149874e-09
4.182541815795353425e-09
4.178657323637441726e-09
4.174778665668479891e-09
4.170905814720470124e-09
4.167038742458468758e-09
4.163177419373701620e-09
4.159321814776652120e-09
4.155471896790134431e-09
4.151627639764824586e-09
4.147789046673618807e-09
4.143956127072287026e-09
4.140128889705082060e-09
4.136307342499425791e-09
4.132491492560573863e-09
4.128681346166273740e-09
4.124876908761404582e-09
4.121078184952598912e-09
4.117285178502860157e-09
4.113497892326151225e-09
4.109716328481980617e-09
4.105940488169969498e-09
4.102170371724398096e-09
4.098405978608752929e-09
4.094647307410236810e-09
4.090894355834288769e-09
4.087147120699067590e-09
4.083405597929936996e-09
4.079669782553923541e-09
4.075939668694169535e-09
4.072215249564364463e-09
4.068496517463163175e-09
4.064783463768592483e-09
4.061076078932439577e-09
4.057374352474623880e-09
4.053678272977558988e-09
4.049987828080497240e-09
4.046303004473856906e-09
4.042623787893538634e-09
4.038950163115225347e-09
4.035282113948664773e-09
4.031619623231938732e-09
4.027962672825720853e-09
4.024311243607514434e-09
4.020665315465873755e-09
4.017024867294617951e-09
4.013389876987024207e-09
4.009760321430002748e-09
4.006136179172473962e-09
4.002517438489343745e-09
3.998904089435869580e-09
3.995296121179934401e-09
3.991693521996733618e-09
3.988096279263455515e-09
3.984504379453940971e-09
3.980917808133333260e-09
3.977336549952712126e-09
3.973760588643716285e-09
3.970189907013151031e-09
3.966624486937578480e-09
3.963064309357899531e-09
3.959509354273914331e-09
3.955959600738881081e-09
3.952415026854043403e-09
3.948875609763159375e-09
3.945341325647008220e-09
3.941812149717886248e-09
3.938288056214086253e-09
3.934769018394360362e-09
3.931255008532379586e-09
3.927745997911165233e-09
3.924241956817515372e-09
3.920742854536414740e-09
3.917248659345430598e-09
3.913759338509091208e-09
3.910274858273255219e-09
3.906795183859463672e-09
3.903320279459277954e-09
3.899850108228604510e-09
3.896384632282004665e-09
3.892923812686988737e-09
3.889467609458300214e-09
3.886015981552177607e-09
3.882568886860612983e-09
3.879126282205585697e-09
3.875688123333287836e-09
3.872254364908332308e-09
3.868824973932258534e-09
3.865399970242593856e-09
3.861979386641273973e-09
3.858563255525160101e-09
3.855151608882991644e-09
3.851744478292351261e-09
3.848341894916604306e-09
3.844943889501833289e-09
3.841550492373776485e-09
3.838161733434740897e-09
3.834777642160513558e-09
3.831398247597271191e-09
3.828023578358472487e-09
3.824653662621740462e-09
3.821288528125748951e-09
3.817928202167085109e-09
3.814572711597114399e-09
3.811222082818833168e-09
3.807876341783707993e-09
3.804535513988519156e-09
3.801199624472181789e-09
3.797868697812566196e-09
3.794542758123306585e-09
3.791221829050607328e-09
3.787905933770026879e-09
3.784595094983270798e-09
3.781289334914961608e-09
3.777988675309410311e-09
3.774693137427366395e-09
3.771402742042781903e-09
3.768117509439534143e-09
3.764837459408177351e-09
3.761562611242652165e-09
3.758292983737004202e-09
3.755028595182096010e-09
3.751769463362298354e-09
3.748515605552182311e-09
3.745267038513199800e-09
3.742023778490353355e-09
3.738785833584772788e-09
3.735553180749085343e-09
3.732325788429858723e-09
3.729103624154609206e-09
3.725886654526893978e-09
3.722674845221390240e-09
3.719468160978951971e-09
3.716266565601671667e-09
3.713070021947915596e-09
3.709878491927353273e-09
3.706691936495975767e-09
3.703510315651097870e-09
3.700333588426352833e-09
3.697161712886671790e-09
3.693994646123252017e-09
3.690832344248511134e-09
3.687674762391034271e-09
3.684521854690505517e-09
3.681373574292624069e-09
3.678229873344013351e-09
3.675090702987120614e-09
3.671956013355090488e-09
3.668825753566648042e-09
3.665699871720945860e-09
3.662578314892415672e-09
3.659461029125605504e-09
3.656347959429993670e-09
3.653239049774807728e-09
3.650134243083811169e-09
3.647033481230099215e-09
3.643936705030861526e-09
3.640843854242151930e-09
3.637754867553627149e-09
3.634669682583290888e-09
3.631588235872209807e-09
3.628510462879231558e-09
3.625436297975676356e-09
3.622365674440027718e-09
3.619298524452604180e-09
3.616234794420462777e-09
3.613174491216954102e-09
3.610117636631776144e-09
3.607064252101726413e-09
3.604014358708279957e-09
3.600967977175164479e-09
3.597925127865935460e-09
3.594885830781533907e-09
3.591850105557842862e-09
3.588817971463244737e-09
3.585789447396160451e-09
3.582764551882585263e-09
3.579743303073626661e-09
3.576725718743022828e-09
3.573711816284666889e-09
3.570701612710115024e-09
3.567695124646094592e-09
3.564692368332002322e-09
3.561693359617399196e-09
3.558698113959494164e-09
3.555706646420625796e-09
3.552718971665738136e-09
3.549735103959843745e-09
3.546755057165486319e-09
3.543778844740196283e-09
3.540806479733936459e-09
3.537837974786546076e-09
3.534873342125172376e-09
3.531912593561700561e-09
3.528955740490175473e-09
3.526002793884219965e-09
3.523053764294437964e-09
3.520108661845820433e-09
3.517167496235141823e-09
3.514230276728344938e-09
3.511297012157929944e-09
3.508367710920325997e-09
3.505442380973264119e-09
3.502521029833133947e-09
3.499603664203674343e-09
3.496690288861296239e-09
3.493780907747945388e-09
3.490875524335541598e-09
3.487974141623247797e-09
3.485076762134720481e-09
3.482183387915358931e-09
3.479294020529549868e-09
3.476408661057895574e-09
3.473527310094446561e-09
3.470649967743921411e-09
3.467776633618919599e-09
3.464907306837132231e-09
3.462041986018537082e-09
3.459180669282600656e-09
3.456323354245457081e-09
3.453470038017092396e-09
3.450620717198518478e-09
3.447775387878936233e-09
3.444934045632902916e-09
3.442096685517474216e-09
3.439263302069357520e-09
3.436433889302052349e-09
3.433608440702977970e-09
3.430786949230601012e-09
3.427969407311553574e-09
3.425155806837748010e-09
3.422346139163476429e-09
3.419540395102515144e-09
3.416738564925208034e-09
