2.044080677314621814e-05
2.173371768213251697e-05
2.293546877984022235e-05
2.405065776161641590e-05
2.508363888958592636e-05
2.603851054672750448e-05
2.691909758592359915e-05
2.772904171269901445e-05
2.847175783958582655e-05
2.915046472015850757e-05
2.976818006414076625e-05
3.032777475724010948e-05
3.083194848504525523e-05
3.128327231645506922e-05
3.168420223412341956e-05
3.203708413757251785e-05
3.234417371157673318e-05
3.260768198815276053e-05
3.282968839860485750e-05
3.301218707410967718e-05
3.315716683481218825e-05
3.326646947195914772e-05
3.334186471968831472e-05
3.338511733584232239e-05
3.339789901711652141e-05
3.338181225890380499e-05
3.333846350547182898e-05
3.326938372819172141e-05
3.317597901327101886e-05
3.305974451213028058e-05
3.292205269787201375e-05
3.276426763144670809e-05
3.258768459633253599e-05
3.239362334489489300e-05
3.218330452703589201e-05
3.195796362739654518e-05
3.171877869647434363e-05
3.146688269260053080e-05
3.120342137199898539e-05
3.092941135620781950e-05
3.064591952685768084e-05
3.035395508845307704e-05
3.005441522783961722e-05
2.974829764685283723e-05
2.943640059741985080e-05
2.911964750943284836e-05
2.879878918082888232e-05
2.847462732896450721e-05
2.814791532402685984e-05
2.781931288658619014e-05
2.748956190100954432e-05
2.715925092505153170e-05
2.682899304800044331e-05
2.649939711643836077e-05
2.617093711477870213e-05
2.584416554857900440e-05
2.551956327926362957e-05
2.519751218154770228e-05
2.487847337189527907e-05
2.456283076277975238e-05
2.425088784179885246e-05
2.394300460275882854e-05
2.363950028591066171e-05
2.334057464473562155e-05
2.304651197886002935e-05
2.275754787978911278e-05
2.247384452709956547e-05
2.219557447714441340e-05
2.192291438765324238e-05
2.165595364436663888e-05
2.139477972266872366e-05
2.113950513822364762e-05
2.089021677953441542e-05
2.064694765078422492e-05
2.040971257995937113e-05
2.017852347139669785e-05
1.995339013818755072e-05
1.973430597120167076e-05
1.952123296521994863e-05
1.931411774116994801e-05
1.911290585115238858e-05
1.891754545554609227e-05
1.872795538136163724e-05
1.854401789423030120e-05
1.836568760477431825e-05
1.819283444185243914e-05
1.802530148407214085e-05
1.786302492781352455e-05
1.770588952888138128e-05
1.755369162059293222e-05
1.740631720303235024e-05
1.726367023011371522e-05
1.712553835226052274e-05
1.699179956685440044e-05
1.686228796517715077e-05
1.673680484939762576e-05
1.661527764486828393e-05
1.649747011189111817e-05
1.638321443264199756e-05
1.627238223919385185e-05
1.616474686853191782e-05
1.606021550642687084e-05
1.595855999333521330e-05
1.585961635090364944e-05
1.576323819416375219e-05
1.566922315515253462e-05
1.557746154793827268e-05
1.548772931374074968e-05
1.539990257507657713e-05
1.531379290485282275e-05
1.522926377702452439e-05
1.514616117760534567e-05
1.506433256025401870e-05
1.498362768594398979e-05
1.490388855314440051e-05
1.482500073349533931e-05
1.474681891974572157e-05
1.466922005271592367e-05
1.459207031481410974e-05
1.451524746296273338e-05
1.443863871163552506e-05
1.436214031251053959e-05
1.428565258851470533e-05
1.420906673277160896e-05
1.413229800271098288e-05
1.405524045965313867e-05
1.397783426612785351e-05
1.389999188337878995e-05
1.382167141295303341e-05
1.374277336532494873e-05
1.366327359450172370e-05
1.358308987159770098e-05
1.350219823014699051e-05
1.342055775755167072e-05
1.333814640978559461e-05
1.325493378369065730e-05
1.317088376285081637e-05
1.308600785741832222e-05
1.300026339193146746e-05
1.291368630110386645e-05
1.282624808493047633e-05
1.273799040250104410e-05
1.264889904571222592e-05
1.255899476452128061e-05
1.246831000554903775e-05
1.237685026829348129e-05
1.228467471569510844e-05
1.219180176369849009e-05
1.209828383195839254e-05
1.200415622512938101e-05
1.190945336124440180e-05
1.181423809256182765e-05
1.171855005849200059e-05
1.162245343828967762e-05
1.152600922768357334e-05
1.142927099252777840e-05
1.133229709235274088e-05
1.123514883344738567e-05
1.113787916399802634e-05
1.104057013476320134e-05
1.094327908095761673e-05
1.084606229734009997e-05
1.074901295337536159e-05
1.065216865359010239e-05
1.055560391223297048e-05
1.045939265632481237e-05
1.036356457775316720e-05
1.026823243551090256e-05
1.017343740929992456e-05
1.007921545788914790e-05
9.985685403052285277e-06
9.892860703835595502e-06
9.800791648165060912e-06
9.709581776909936293e-06
9.619215068390760202e-06
9.529791710089051545e-06
9.441381750422111257e-06
9.353964513322166497e-06
9.267642910450311531e-06
9.182453881179962799e-06
9.098381519688737292e-06
9.015533023052356329e-06
8.933909053362164862e-06
8.853513018001625055e-06
8.774446892174986485e-06
8.696699954313235893e-06
8.620259681077753429e-06
8.545229049581187176e-06
8.471575196066297842e-06
8.399282088258483564e-06
8.328441062322156956e-06
8.259016061116278737e-06
8.190992159810320895e-06
8.124442183700685037e-06
8.059347230686659625e-06
7.995659609695997518e-06
7.933442790710537541e-06
7.872693347609622033e-06
7.813334460214091254e-06
7.755403362033201596e-06
7.698934549356046869e-06
7.643818789106973332e-06
7.590102269898611374e-06
7.537797133980453066e-06
7.486842972261395710e-06
7.437193556739363673e-06
7.388909050437227504e-06
7.341908894870810255e-06
7.296149841593750794e-06
7.251651866352199741e-06
7.208392478855110590e-06
7.166288299071849054e-06
7.125351479570103426e-06
7.085570065367836461e-06
7.046882116784201903e-06
7.009227080187324440e-06
6.972643257869476417e-06
6.937047430746634269e-06
6.902395443788645974e-06
6.868666148421586514e-06
6.835850665015115442e-06
6.803875233683767805e-06
6.772698677443053013e-06
6.742330818081008113e-06
6.712701573604192629e-06
6.683763697590162781e-06
6.655486929660291377e-06
6.627848803514539897e-06
6.600798532354098466e-06
6.574284138580323183e-06
6.548287966409317893e-06
6.522778150288226868e-06
6.497698021008189092e-06
6.473020032979456741e-06
6.448716279138735585e-06
6.424744562879525292e-06
6.401070255234396670e-06
6.377653645685993591e-06
6.354469672360049981e-06
6.331480260395173306e-06
6.308657138480456146e-06
6.285963230508774004e-06
6.263377433167117713e-06
6.240866274881686854e-06
6.218408629243461308e-06
6.195967226189176302e-06
6.173521687208084502e-06
6.151051383740814804e-06
6.128535981775962473e-06
6.105938831663289685e-06
6.083243157399790452e-06
6.060439244455924041e-06
6.037510356125453293e-06
6.014424400243261892e-06
5.991171502049691699e-06
5.967748685354046166e-06
5.944142921895986081e-06
5.920329000650733109e-06
5.896297890265774752e-06
5.872053660241699268e-06
5.847588462282414760e-06
5.822885142120173935e-06
5.797937272286199409e-06
5.772747356350902944e-06
5.747324107685667564e-06
5.721650761189351886e-06
5.695732250539155362e-06
5.669571487751484573e-06
5.643172051491428156e-06
5.616540301068876384e-06
5.589672874288864169e-06
5.562578792978423053e-06
5.535268459118825390e-06
5.507745190143882560e-06
5.480016712296720408e-06
5.452091515656122410e-06
5.423983843408258887e-06
5.395700512718300052e-06
5.367262472931198032e-06
5.338672895887788632e-06
5.309947839396638610e-06
5.281095441775658577e-06
5.252140664030183376e-06
5.223091033562218961e-06
5.193961630964325510e-06
5.164760448777149100e-06
5.135506569381953209e-06
5.106224256012737072e-06
5.076921308264018736e-06
5.047612390863111340e-06
5.018304702375717763e-06
4.989031914635196302e-06
4.959808664437188874e-06
4.930645524582505649e-06
4.901551595066855109e-06
4.872538795473874016e-06
4.843643933274568807e-06
4.814873112003347614e-06
4.786234497404186446e-06
4.757733302026497825e-06
4.729393520577869789e-06
4.701242626776404189e-06
4.673285260049410083e-06
4.645526921254360146e-06
4.617969801049802696e-06
4.590645655101123721e-06
4.563572869140751854e-06
4.536753666897347313e-06
4.510188416344212954e-06
4.483878666258885322e-06
4.457859605589772973e-06
4.432140652786957100e-06
4.406719947396148974e-06
4.381594815659087392e-06
4.356765325585179326e-06
4.332267840131095528e-06
4.308104920200949617e-06
4.284271989988598977e-06
4.260763645765781396e-06
4.237578988471857808e-06
4.214751514276664629e-06
4.192280351480454087e-06
4.170157962249613919e-06
4.148376339912377934e-06
4.126930961650719730e-06
4.105846234556683116e-06
4.085125087491131003e-06
4.064756580677249499e-06
4.044729320937324175e-06
4.025037843595991605e-06
4.005697277762579320e-06
3.986710245473267891e-06
3.968068293600461905e-06
3.949759134712663089e-06
3.931773724920497138e-06
3.914119014369611379e-06
3.896800793195698834e-06
3.879808908415189525e-06
3.863129777127510893e-06
3.846751146804509120e-06
3.830671657993253292e-06
3.814893846833144583e-06
3.799413273370121813e-06
3.784215368821013332e-06
3.769288279554518592e-06
3.754623269259389904e-06
3.740221711175860851e-06
3.726080196211578606e-06
3.712186808065380579e-06
3.698527465076895591e-06
3.685095548555920886e-06
3.671884629043562889e-06
3.658890284541546426e-06
3.646106752155213335e-06
3.633518261250470275e-06
3.621115091980792733e-06
3.608889081498107856e-06
3.596831845006684172e-06
3.584939839183448666e-06
3.573202599838455626e-06
3.561608633278540642e-06
3.550149188327947681e-06
3.538816286100925988e-06
3.527601291780140672e-06
3.516499958880578604e-06
3.505501326538789700e-06
3.494595775916152521e-06
3.483776622715764552e-06
3.473035579281394119e-06
3.462366460170152796e-06
3.451765196419722708e-06
3.441219487205260056e-06
3.430723656129387120e-06
3.420272499141712820e-06
3.409856500169508999e-06
3.399471338562937484e-06
3.389112342579982905e-06
3.378771069241049622e-06
3.368443283413874066e-06
3.358125718231397112e-06
3.347810229605517698e-06
3.337495404704415970e-06
3.327174804203461725e-06
3.316843358938148809e-06
3.306498695364312311e-06
3.296138569884429581e-06
3.285757887005749839e-06
3.275355965970569575e-06
3.264926921593611279e-06
3.254468555574535563e-06
3.243979962052708884e-06
3.233459213521483247e-06
3.222905298764772537e-06
3.212316955497346327e-06
3.201691091480798941e-06
3.191028119562676430e-06
3.180326318662775999e-06
3.169586809350082966e-06
3.158811730817310273e-06
3.147998858418341590e-06
3.137150731655557241e-06
3.126266656781471533e-06
3.115346777244259965e-06
3.104392626641678720e-06
3.093405149086934210e-06
3.082389118836093979e-06
3.071346672112349214e-06
3.060276676073467658e-06
3.049179891378801994e-06
3.038057869573969146e-06
3.026914560565102757e-06
3.015756761806136241e-06
3.004584159135182462e-06
2.993399353008729190e-06
2.982204266802549767e-06
2.970999479577952104e-06
2.959787464450712023e-06
2.948576916598915543e-06
2.937372156495999025e-06
2.926174509910207842e-06
2.914985817327469871e-06
2.903806296280901553e-06
2.892640419985892383e-06
2.881490657040091926e-06
2.870367803686008878e-06
2.859268961984230523e-06
2.848201329926381039e-06
2.837163656710183343e-06
2.826157497107943360e-06
2.815182413457604684e-06
2.804251008764584598e-06
2.793365626151859290e-06
2.782528675405572908e-06
2.771737587123734306e-06
2.761000350420981423e-06
2.750314844615933783e-06
2.739680751342650612e-06
2.729106971985047048e-06
2.718602193415764341e-06
2.708163008917815075e-06
2.697788599916298715e-06
2.687483096815830989e-06
2.677246763137206929e-06
2.667078523896796946e-06
2.656984295984436966e-06
2.646974231272746343e-06
2.637042194912690996e-06
2.627187700714397623e-06
2.617411495281420774e-06
2.607717406907219159e-06
2.598100960434004693e-06
2.588567361127704782e-06
2.579125900037940661e-06
2.569770776371365738e-06
2.560499560875598264e-06
2.551313844234577584e-06
2.542214872956715392e-06
2.533199769230549724e-06
2.524269639208978485e-06
2.515436198584967203e-06
2.506690528378883361e-06
2.498029802781188793e-06
2.489459346543279483e-06
2.480973107482727473e-06
2.472570017936297329e-06
2.464252019680385963e-06
2.456024438408805838e-06
2.447882174126253462e-06
2.439822219214176246e-06
2.431848131244859812e-06
2.423954786856393184e-06
2.416135377835730080e-06
2.408401535620453595e-06
2.400744675575432369e-06
2.393165715007864333e-06
2.385667253370510834e-06
2.378244369415606734e-06
2.370889515468521251e-06
2.363610882845548095e-06
2.356399859345818587e-06
2.349257135483564483e-06
2.342186211616424685e-06
2.335183306409999844e-06
2.328242967727545938e-06
2.321367806844491659e-06
2.314552607605312578e-06
2.307792753340980341e-06
2.301095004340168816e-06
2.294451094366191884e-06
2.287863233340412882e-06
2.281330012302136333e-06
2.274848162672169157e-06
2.268412314600271654e-06
2.262025242688455236e-06
2.255683120498270547e-06
2.249383023693266765e-06
2.243129147676350434e-06
2.236915685107823231e-06
2.230742663541252307e-06
2.224606795506227157e-06
2.218505855723943579e-06
2.212439127443378907e-06
2.206404495738589077e-06
2.200402596000858710e-06
2.194430667159512054e-06
2.188489667492760346e-06
2.182575683470496796e-06
2.176686553133259969e-06
2.170822150937841361e-06
2.164979377166433151e-06
2.159158467463283629e-06
2.153359364091867899e-06
2.147579713147098688e-06
2.141820919434437001e-06
2.136079004335171189e-06
2.130352473267749906e-06
2.124641416980283776e-06
2.118943677326992508e-06
2.113259434378255027e-06
2.107589699337507009e-06
2.101932401156549744e-06
2.096288635888137456e-06
2.090655656286126697e-06
2.085031903246375783e-06
2.079417896748489199e-06
2.073812033798629543e-06
2.068214512608491606e-06
2.062627514544046744e-06
2.057049088618947873e-06
2.051480063087001256e-06
2.045918961844680984e-06
2.040364657079931104e-06
2.034816658296722900e-06
2.029274691508965139e-06
2.023739473476728072e-06
2.018212088479478903e-06
2.012693004678065382e-06
2.007182374759455074e-06
2.001679074368965795e-06
1.996183125405308367e-06
1.990693052480890727e-06
1.985210207961077817e-06
1.979733657744637130e-06
1.974265954763945206e-06
1.968808444550224376e-06
1.963360210039651300e-06
1.957922657594856259e-06
1.952493803891025734e-06
1.947074560514968082e-06
1.941664700379840742e-06
1.936263400169779496e-06
1.930873347908330600e-06
1.925495361293030238e-06
1.920131374052399718e-06
1.914780771470322762e-06
1.909442680030296791e-06
1.904118255421165060e-06
1.898805283766951417e-06
1.893507143936419625e-06
1.888220681117317172e-06
1.882951100800090887e-06
1.877698246630390747e-06
1.872461714288992286e-06
1.867243404911344979e-06
1.862040318761300989e-06
1.856856671685610503e-06
1.851688287079228669e-06
1.846538832160515564e-06
1.841406345667839632e-06
1.836293424013443439e-06
1.831202810030609192e-06
1.826131488127567879e-06
1.821083414543193542e-06
1.816054081553389752e-06
1.811048149020320496e-06
1.806062152428363922e-06
1.801097217799899763e-06
1.796154187249416257e-06
1.791233292592869657e-06
1.786338319388089040e-06
1.781465065188856605e-06
1.776618288089092322e-06
1.771792825152632415e-06
1.766993111592094114e-06
1.762216039027259311e-06
1.757462345412143149e-06
1.752732668339936228e-06
1.748026813263464089e-06
1.743348415646949019e-06
1.738693485020831455e-06
1.734066299106165929e-06
1.729461593764289301e-06
1.724884038627144578e-06
1.720329431635864458e-06
1.715800800690273501e-06
1.711295665728983318e-06
1.706815770552085846e-06
1.702362232075234527e-06
1.697933403201827008e-06
1.693531704812388226e-06
1.689153363051799007e-06
1.684801774087061886e-06
1.680472061424219111e-06
1.676168600397784841e-06
1.671886685189402195e-06
1.667631430184740861e-06
1.663399273221712398e-06
1.659192301386803159e-06
1.655008799425204907e-06
1.650849061820615178e-06
1.646712901331281304e-06
1.642599131092446740e-06
1.638508138337046210e-06
1.634437669298518053e-06
1.630390315698120751e-06
1.626363795955055974e-06
1.622360546465137501e-06
1.618378304057217610e-06
1.614419058094134845e-06
1.610478868441035738e-06
1.606560576021485341e-06
1.602660250489444157e-06
1.598780642895308028e-06
1.594918836539112863e-06
1.591077732536698719e-06
1.587255018618884537e-06
1.583452232082495402e-06
1.579667585623353500e-06
1.575901919555802370e-06
1.572153279363482791e-06
1.568422007449700578e-06
1.564707303299105277e-06
1.561009140911515743e-06
1.557326701772219272e-06
1.553660400540436427e-06
1.550010312481255865e-06
1.546375946397857641e-06
1.542757710147854667e-06
1.539154339774615950e-06
1.535565721613422975e-06
1.531990840749822707e-06
1.528429864423449100e-06
1.524881586419790498e-06
1.521346888083590282e-06
1.517825161805715741e-06
1.514317282110808702e-06
1.510822300652806814e-06
1.507341107720700407e-06
1.503871944134097376e-06
1.500415102298718244e-06
1.496969455136706114e-06
1.493535407899422974e-06
1.490111799511694359e-06
1.486699560799074561e-06
1.483298394371524266e-06
1.479909072339272791e-06
1.476530883653533009e-06
1.473164377076782464e-06
1.469808341191484683e-06
1.466462864070124194e-06
1.463127071413680160e-06
1.459801020483626038e-06
1.456484440337452462e-06
1.453177044681572543e-06
1.449879651944499402e-06
1.446592456114338860e-06
1.443315395927456245e-06
1.440048338991046535e-06
1.436791345944283763e-06
1.433542982564994244e-06
1.430304248638522493e-06
1.427073402431334732e-06
1.423851983628321868e-06
1.420638106235352716e-06
1.417434006245709098e-06
1.414238997131337386e-06
1.411054093727857261e-06
1.407878022006606648e-06
1.404712297743903196e-06
1.401554616884296007e-06
1.398406391436695695e-06
1.395265868785386808e-06
1.392134528055710919e-06
1.389010941558495985e-06
1.385896391633273039e-06
1.382790827839010902e-06
1.379694918437947468e-06
1.376608477269657198e-06
1.373531430136828581e-06
1.370464205138054841e-06
1.367405214128633696e-06
1.364356118777809467e-06
1.361314438221179424e-06
1.358282822980080148e-06
1.355258386046700945e-06
1.352244083780105994e-06
1.349238486949937700e-06
1.346243665894494556e-06
1.343257651410292941e-06
1.340281884491429497e-06
1.337315010789107240e-06
1.334357715015312359e-06
1.331409660964421516e-06
1.328470052655372116e-06
1.325540491070316735e-06
1.322618602578360640e-06
1.319707591510257465e-06
1.316805573208198613e-06
1.313914498701025327e-06
1.311032497752660202e-06
1.308161274644157067e-06
1.305299017500334477e-06
1.302446753800236382e-06
1.299603943091382811e-06
1.296770149005595125e-06
1.293946514638021820e-06
1.291131047812347247e-06
1.288326780783930649e-06
1.285531658423426559e-06
1.282747666620956597e-06
1.279972935311170681e-06
1.277209001745877059e-06
1.274454336294922671e-06
1.271709679141390654e-06
1.268974896936299036e-06
1.266248827232562246e-06
1.263533604870071803e-06
1.260826371839604163e-06
1.258130018873627998e-06
1.255442597394158651e-06
1.252766190260521352e-06
1.250099080146084757e-06
1.247442051833977080e-06
1.244795057035654044e-06
1.242156970930729881e-06
1.239529635701633371e-06
1.236910243384004039e-06
1.234301461201379424e-06
1.231700555560420503e-06
1.229109796517669242e-06
1.226528147253066512e-06
1.223955948319333461e-06
1.221393981193896372e-06
1.218840945805957210e-06
1.216298563329094198e-06
1.213764391316038188e-06
1.211240062126456935e-06
1.208723966456201225e-06
1.206216936140510921e-06
1.203718835628737566e-06
1.201228640322688378e-06
1.198748620382968829e-06
1.196276899832465082e-06
1.193815020487007912e-06
1.191361467400455178e-06
1.188917288086736588e-06
1.186481905716594634e-06
1.184054592956856327e-06
1.181636678945611176e-06
1.179225919202277792e-06
1.176824324129505661e-06
1.174429919897899962e-06
1.172043778329592959e-06
1.169665865924936844e-06
1.167296037042436299e-06
1.164935533932987200e-06
1.162582560316500578e-06
1.160238570365806497e-06
1.157901843069187743e-06
1.155573150051914658e-06
1.153252352770437653e-06
1.150938345583889602e-06
1.148632705333913783e-06
1.146333316025379099e-06
1.144041971289899219e-06
1.141757805255044750e-06
1.139481065520016061e-06
1.137212776993604867e-06
1.134951431174720912e-06
1.132698380455771301e-06
1.130451946156893140e-06
1.128212802613397029e-06
1.125980786233535739e-06
1.123755004550491776e-06
1.121536837454084500e-06
1.119324319651538634e-06
1.117119108590170769e-06
1.114920442010374826e-06
1.112728584347599753e-06
1.110544571637514902e-06
1.108366928974495039e-06
1.106196809914601888e-06
1.104032771612783776e-06
1.101875250408706095e-06
1.099724703124398399e-06
1.097579457982596336e-06
1.095441235097357226e-06
1.093308392009479706e-06
1.091181544114584285e-06
1.089061185206144522e-06
1.086947421347850058e-06
1.084840615059067233e-06
1.082739642135174221e-06
1.080645194943009313e-06
1.078557289360141790e-06
1.076474724444309638e-06
1.074399088139124010e-06
1.072328261824257302e-06
1.070263477837871773e-06
1.068204507694903011e-06
1.066150752005412887e-06
1.064103517241304287e-06
1.062061875096284188e-06
1.060026417398713677e-06
1.057997051472254611e-06
1.055973526913386151e-06
1.053956708258066235e-06
1.051944999176604792e-06
1.049939141857384429e-06
1.047939156857669042e-06
1.045943992894355126e-06
1.043955141095064296e-06
1.041970907475813731e-06
1.039992015355626506e-06
1.038019042430004209e-06
1.036051893063293903e-06
1.034091019337832640e-06
1.032135406521172955e-06
1.030185345547585192e-06
1.028241776786471453e-06
1.026302917230671971e-06
1.024369879438244039e-06
1.022441862766854893e-06
1.020518902429968293e-06
1.018602068857719710e-06
1.016689335556168930e-06
1.014782448575453298e-06
1.012880628176851906e-06
1.010984289019705598e-06
1.009094377682938565e-06
1.007209322457675413e-06
1.005329848072169531e-06
1.003456247961877914e-06
1.001587234710216092e-06
9.997241064383373530e-07
9.978655203885345183e-07
9.960118712856839312e-07
9.941642434217530989e-07
9.923205514075076781e-07
9.904825300439189015e-07
9.886493898218670251e-07
9.868216173420543314e-07
9.850000728681102394e-07
9.831832486578131683e-07
9.813717063430865662e-07
9.795660975694459098e-07
9.777649251860574706e-07
9.759692021629341335e-07
9.741782830579777351e-07
9.723920567501507821e-07
9.706116284676590763e-07
9.688351658887958233e-07
9.670636471247550092e-07
9.652973792991964054e-07
9.635363046287073966e-07
9.617808925779117137e-07
9.600301069625503099e-07
9.582842849768997785e-07
9.565443994626361447e-07
9.548087105361102245e-07
9.530780595454944675e-07
9.513526896564219657e-07
9.496313551622745778e-07
9.479153114966248582e-07
9.462035097614932730e-07
9.444960666727263156e-07
9.427943223501944909e-07
9.410969700671202639e-07
9.394042574616449651e-07
9.377171603076176204e-07
9.360345129527008967e-07
9.343571154597626815e-07
9.326843927347680556e-07
9.310159550610794655e-07
9.293529120967469606e-07
9.276936894612118804e-07
9.260389460014779012e-07
9.243895142836714051e-07
9.227436406242205980e-07
9.211023157626018572e-07
9.194656982269996673e-07
9.178339064853062449e-07
9.162072082123897064e-07
9.145847086762750290e-07
9.129668269373536877e-07
9.113542115682757745e-07
9.097455543896181315e-07
9.081413630622706318e-07
9.065422159222492129e-07
9.049465208465293756e-07
9.033552075877951667e-07
9.017686758431820894e-07
9.001856283510067859e-07
8.986073523563057335e-07
8.970329795530566496e-07
8.954632020970183805e-07
8.938984066804419668e-07
8.923375350813668454e-07
8.907808627945552757e-07
8.892292625769706257e-07
8.876812571160064285e-07
8.861374733249842653e-07
8.845984281652563218e-07
8.830626311325117756e-07
8.815309202738346165e-07
8.800036288042989409e-07
8.784796399305995002e-07
8.769601077147737853e-07
8.754442095644779806e-07
8.739327356910750832e-07
8.724258595498466709e-07
8.709226244897769051e-07
8.694234508011542882e-07
8.679289758921811313e-07
8.664379777411125246e-07
8.649508637332625853e-07
8.634682471273273517e-07
8.619886013706825938e-07
8.605127630760516850e-07
8.590414558686728180e-07
8.575730263986864843e-07
8.561083157316786370e-07
8.546478228518276637e-07
8.531911329308673538e-07
8.517385600995195353e-07
8.502898089038777693e-07
8.488448272644962117e-07
8.474041323483920476e-07
8.459671576976899292e-07
8.445335633128422092e-07
8.431039377594725178e-07
8.416778213458188168e-07
8.402550245878092440e-07
8.388362970404966188e-07
8.374205449132918929e-07
8.360081387147013093e-07
8.345999840942695431e-07
8.331950066053381433e-07
8.317934681660461378e-07
8.303965315135916914e-07
8.290027389283385855e-07
8.276124199311167143e-07
8.262263935226784611e-07
8.248433001866505650e-07
8.234637590348852309e-07
8.220882400055057601e-07
8.207152907376654499e-07
8.193457152233844608e-07
8.179802253694887868e-07
8.166172817264966115e-07
8.152573885806300313e-07
8.139017337534837587e-07
8.125491751957583454e-07
8.111998433488931067e-07
8.098545747169440767e-07
8.085124993532127299e-07
8.071738296003513440e-07
8.058390773979628215e-07
8.045070570123479011e-07
8.031784046679891382e-07
8.018535141752188621e-07
8.005311638386639101e-07
7.992119814486499071e-07
7.978966267601488150e-07
7.965836866920398216e-07
7.952738745615707979e-07
7.939677875461446903e-07
7.926648375527172433e-07
7.913650457009436896e-07
7.900689783072360868e-07
7.887760225863081813e-07
7.874863106754499870e-07
7.862003348639879326e-07
7.849169727697629401e-07
7.836367812400792243e-07
7.823602744595910911e-07
7.810860853218055524e-07
7.798149285253183744e-07
7.785475320805662675e-07
7.772823802399344572e-07
7.760199577868372135e-07
7.747614980417147496e-07
7.735057502087255257e-07
7.722527708822477988e-07
7.710037838569290120e-07
7.697575137927044228e-07
7.685141603407734713e-07
7.672745248047293298e-07
7.660373630485738048e-07
7.648032135416959674e-07
7.635725610197617816e-07
7.623441057070806554e-07
7.611185759877792715e-07
7.598965129892590650e-07
7.586766532629566635e-07
7.574595022248108039e-07
7.562458750397259817e-07
7.550346419975534075e-07
7.538265065094925402e-07
7.526218804557440284e-07
7.514197949791086061e-07
7.502206089608835315e-07
7.490248685002695664e-07
7.478319070120343026e-07
7.466414971754378329e-07
7.454540325198370465e-07
7.442696314636545773e-07
7.430875314327915994e-07
7.419081651524138560e-07
7.407320352676368015e-07
7.395580187659251451e-07
7.383865577687937190e-07
7.372185902463094523e-07
7.360531434645326637e-07
7.348901631192325338e-07
7.337308903672569610e-07
7.325740146684986814e-07
7.314197688561305308e-07
7.302689581433924797e-07
7.291205090981801186e-07
7.279745983900236557e-07
7.268317679383502011e-07
7.256913879400094086e-07
7.245534159140467129e-07
7.234182686637229663e-07
7.222856571044721038e-07
7.211553309941631332e-07
7.200277204363582977e-07
7.189028928958175127e-07
7.177807248375731691e-07
7.166609669585375522e-07
7.155445070722349211e-07
7.144304456505520070e-07
7.133188409629410003e-07
7.122104546061365144e-07
7.111042792685255568e-07
7.100004936058719402e-07
7.088996942711580668e-07
7.078011469663925419e-07
7.067048893115395603e-07
7.056112727788216869e-07
7.045201319118256310e-07
7.034310913812370690e-07
7.023445103707659380e-07
7.012608008885853770e-07
7.001794798007447967e-07
6.991003355345092929e-07
6.980245595167862033e-07
6.969508737777109711e-07
6.958795841683619146e-07
6.948113469143395334e-07
6.937452796326468459e-07
6.926815282570233236e-07
6.916202953710210838e-07
6.905616345991556993e-07
6.895049188073782257e-07
6.884504665011704924e-07
6.873989785899846789e-07
6.863491864914081895e-07
6.853014101323332891e-07
6.842568539502660738e-07
6.832141541087372941e-07
6.821738556534923059e-07
6.811365080817484287e-07
6.801011888671698090e-07
6.790682880815391391e-07
6.780379408409964549e-07
6.770101800099304189e-07
6.759843069469384699e-07
6.749607812254677076e-07
6.739400198281528222e-07
6.729208428379013533e-07
6.719039990864758986e-07
6.708897141806012571e-07
6.698772355437402430e-07
6.688668786598903190e-07
6.678588488169434811e-07
6.668531421305632282e-07
6.658497143437400170e-07
6.648482004486912553e-07
6.638497552078864128e-07
6.628531276560579845e-07
6.618586500245306020e-07
6.608669160807914293e-07
6.598772321921869264e-07
6.588894789196154172e-07
6.579039449230621960e-07
6.569209275905756269e-07
6.559394590727550799e-07
6.549601209295331572e-07
6.539834017867970851e-07
6.530081528443610500e-07
6.520349853252778309e-07
6.510642209597263562e-07
6.500952744639564075e-07
6.491287740934564698e-07
6.481641600140456106e-07
6.472022557641870363e-07
6.462422080384040082e-07
6.452841479790381354e-07
6.443287205219915865e-07
6.433751886561560274e-07
6.424235372041238467e-07
6.414739792298962502e-07
6.405268178710145941e-07
6.395811139636441595e-07
6.386374498052590994e-07
6.376962652912180303e-07
6.367564798505384773e-07
6.358187018919552185e-07
6.348831246979477713e-07
6.339494584176251757e-07
6.330179663892861451e-07
6.320881575102759166e-07
6.311611554318524451e-07
6.302357335330005019e-07
6.293122899258038947e-07
6.283913074709843130e-07
6.274722460449455148e-07
6.265548445693420408e-07
6.256394190660230876e-07
6.247264246186133156e-07
6.238147228634305541e-07
6.229049978099476419e-07
6.219974209994798154e-07
6.210915816504281589e-07
6.201873957379255979e-07
6.192848762778752230e-07
6.183849472036519275e-07
6.174865400596239210e-07
6.165899631655205767e-07
6.156958334151144488e-07
6.148033244109583767e-07
6.139127771350681232e-07
6.130241089275217158e-07
6.121377778677776943e-07
6.112529813607767281e-07
6.103699590400479186e-07
6.094889676448751392e-07
6.086098759598080966e-07
6.077322185494062180e-07
6.068563095733946925e-07
6.059827487579614968e-07
6.051103497842379402e-07
6.042397329451738871e-07
6.033711589717560086e-07
6.025042555778416729e-07
6.016393421538627687e-07
6.007758961677275045e-07
5.999150382222075407e-07
5.990555734703116563e-07
5.981979311621470492e-07
5.973423392796843914e-07
5.964887055956053290e-07
5.956364369223578873e-07
5.947860420318035294e-07
5.939376612956288672e-07
5.930908475640647839e-07
5.922455557590031377e-07
5.914018514359722051e-07
5.905604283730322839e-07
5.897201168784552886e-07
5.888814050539180717e-07
5.880447939497063497e-07
5.872095753434004666e-07
5.863763972440382853e-07
5.855445984674108236e-07
5.847152400200829416e-07
5.838871887727125158e-07
5.830608534781807558e-07
5.822365044525948782e-07
5.814139903782357708e-07
5.805927759321088776e-07
5.797733045195387529e-07
5.789557712068363958e-07
5.781397648848595907e-07
5.773251314309988072e-07
5.765120088284742935e-07
5.757010912254533704e-07
5.748911639308729218e-07
5.740828389103114312e-07
5.732763430502105559e-07
5.724714377077558112e-07
5.716682256956888090e-07
5.708663415828871958e-07
5.700668030079196707e-07
5.692685016546525777e-07
5.684718881723428562e-07
5.676768878887974903e-07
5.668839037299628044e-07
5.660922280232900618e-07
5.653020776333098355e-07
5.645135577407035277e-07
5.637268354307212694e-07
5.629412061470548898e-07
5.621571593346687694e-07
5.613749663788880728e-07
5.605940272470486096e-07
5.598145089019123467e-07
5.590362438205479594e-07
5.582602490290226582e-07
5.574852533180360265e-07
5.567120131061980891e-07
5.559404261017152606e-07
5.551705588042233993e-07
5.544021405212031640e-07
5.536351273047931906e-07
5.528700582182189265e-07
5.521064827993738796e-07
5.513441204716481436e-07
5.505833452863706246e-07
5.498243101020868461e-07
5.490666359994321229e-07
5.483102049712337753e-07
5.475551399114954995e-07
5.468020646976731616e-07
5.460498563892894105e-07
5.452991583646163523e-07
5.445499245919208954e-07
5.438024259012022869e-07
5.430562016761768498e-07
5.423113550411958531e-07
5.415683958390501376e-07
5.408267248198834576e-07
5.400866252123233140e-07
5.393478077570136287e-07
5.386108878042884007e-07
5.378752933201183359e-07
5.371408850928272788e-07
5.364079473321699932e-07
5.356767461150723290e-07
5.349466827748262376e-07
5.342178972687158257e-07
5.334903641630946504e-07
5.327647568460731081e-07
5.320399361435089518e-07
5.313165392159757868e-07
5.305945354160836816e-07
5.298741934640092899e-07
5.291550236529682294e-07
5.284371911372612792e-07
5.277210878146665369e-07
5.270062788713423729e-07
5.262929256448775286e-07
5.255807759087289519e-07
5.248704019063441394e-07
5.241613456145097623e-07
5.234533610650341919e-07
5.227468086706532193e-07
5.220418251971203800e-07
5.213381104615749955e-07
5.206354187892408262e-07
5.199340418535710014e-07
5.192343559265861161e-07
5.185355971532796636e-07
5.178381227932377263e-07
5.171416922374085457e-07
5.164472574175710945e-07
5.157535596287678982e-07
5.150615331347421466e-07
5.143706563879621236e-07
5.136815905201345327e-07
5.129935107744285291e-07
5.123068012161477226e-07
5.116214486815799731e-07
5.109377140848691680e-07
5.102550381143832937e-07
5.095736098557146563e-07
5.088934217545120361e-07
5.082148717602187507e-07
5.075370973940079715e-07
5.068606823162574983e-07
5.061854604086829187e-07
5.055118272255158402e-07
5.048389732777355849e-07
5.041673225645963961e-07
5.034970747680123990e-07
5.028281805115165519e-07
5.021604316162072243e-07
5.014938475758751533e-07
5.008288475708483969e-07
5.001650390142060279e-07
4.995025072984524108e-07
4.988410487463479692e-07
4.981811968745278771e-07
4.975226161788614732e-07
4.968649894409797609e-07
4.962086153095323347e-07
4.955535544757648954e-07
4.948998502107855284e-07
4.942469311181564968e-07
4.935952606805714754e-07
4.929448978402325381e-07
4.922958390421573342e-07
4.916476096893046069e-07
4.910004503706600102e-07
4.903547349971799270e-07
4.897101620616508309e-07
4.890667820903624256e-07
4.884244434163752436e-07
4.877836598537062196e-07
4.871439566531719445e-07
4.865054851535885803e-07
4.858680325007934636e-07
4.852320836180529923e-07
4.845973720994171911e-07
4.839635556984860054e-07
4.833309354540668124e-07
4.826995018713314018e-07
4.820694393800364771e-07
4.814400593122517120e-07
4.808119454060872256e-07
4.801849158461240718e-07
4.795593004254307575e-07
4.789343550500258549e-07
4.783105197964733153e-07
4.776878697720552156e-07
4.770665891463293729e-07
4.764461778318423745e-07
4.758269813081084996e-07
4.752089697335744164e-07
4.745923983808573335e-07
4.739766930466471445e-07
4.733621624203496880e-07
4.727487750894814056e-07
4.721368188547680415e-07
4.715257648387567214e-07
4.709157151567592806e-07
4.703067390748011190e-07
4.696991786303447271e-07
4.690924436955831336e-07
4.684866695151794363e-07
4.678819033761742133e-07
4.672785766869865570e-07
4.666759934011959549e-07
4.660744375445896082e-07
4.654737303061690879e-07
4.648745963188410972e-07
4.642761458765530159e-07
4.636790304748701311e-07
4.630826872407231582e-07
4.624879397098631569e-07
4.618939887548629805e-07
4.613012264891835318e-07
4.607093478083453140e-07
4.601188648256105595e-07
4.595294701239943168e-07
4.589408954226324586e-07
4.583533848902528215e-07
4.577669165219198763e-07
4.571817519916868721e-07
4.565972016952622291e-07
4.560137577208711897e-07
4.554311786594200008e-07
4.548500639467239508e-07
4.542694657383032674e-07
4.536899572609344660e-07
4.531112274371456734e-07
4.525340960333735994e-07
4.519574450625952332e-07
4.513821938366171653e-07
4.508076197863987722e-07
4.502346093085471753e-07
4.496622988477417971e-07
4.490911117312277277e-07
4.485207924609071117e-07
4.479517857977021728e-07
4.473838023350485947e-07
4.468165897746657756e-07
4.462504120563948991e-07
4.456851967580382724e-07
4.451212495977678095e-07
4.445578730484550677e-07
4.439955559568244856e-07
4.434340396210074807e-07
4.428739219058188639e-07
4.423143457765198170e-07
4.417557702633416050e-07
4.411979297646797041e-07
4.406415526984477235e-07
4.400857583261681249e-07
4.395311790351147643e-07
4.389773144690084177e-07
4.384248195067589958e-07
4.378731404012292876e-07
4.373224726259769571e-07
4.367726623811310849e-07
4.362239944221943682e-07
4.356764420059593582e-07
4.351296712467441687e-07
4.345837706593983495e-07
4.340387807769934430e-07
4.334949832546344320e-07
4.329519783760303748e-07
4.324096889261580787e-07
4.318683340861667098e-07
4.313280935761140674e-07
4.307887413169564405e-07
4.302500513076426884e-07
4.297121931790954970e-07
4.291753664579644640e-07
4.286396340690370510e-07
4.281045716833544047e-07
4.275705613139233076e-07
4.270373701427930589e-07
4.265055513757364900e-07
4.259743217541386848e-07
4.254440873020416050e-07
4.249146672648074867e-07
4.243864671060585827e-07
4.238591117019656274e-07
4.233324685557202896e-07
4.228067635181431524e-07
4.222819309419022850e-07
4.217582485284404930e-07
4.212350873219773379e-07
4.207128418765118071e-07
4.201913469391938557e-07
4.196710707063592131e-07
4.191513952150974219e-07
4.186325159230433031e-07
4.181143454202337596e-07
4.175973129229689983e-07
4.170810972048741176e-07
4.165656819676222555e-07
4.160511286481770724e-07
4.155374997766094707e-07
4.150250644284812178e-07
4.145132354145430657e-07
4.140023180236224444e-07
4.134922201484074103e-07
4.129832757093177825e-07
4.124751138016094875e-07
4.119676185477685745e-07
4.114610431034035899e-07
4.109552780756735981e-07
4.104506203218408606e-07
4.099464594795234115e-07
4.094431518001982597e-07
4.089405740508499012e-07
4.084391324095638271e-07
4.079383230506973474e-07
4.074382097167840713e-07
4.069388079874942801e-07
4.064403894668685332e-07
4.059429026123517615e-07
4.054460359377642422e-07
4.049501560610005268e-07
4.044549667266110276e-07
4.039610683969045862e-07
4.034676742137484255e-07
4.029752148909341643e-07
4.024834412015554899e-07
4.019927489270562568e-07
4.015029280581162232e-07
4.010137497165657953e-07
4.005253626031544909e-07
4.000377316629661784e-07
3.995511311911804987e-07
3.990652389879816882e-07
3.985799206011524520e-07
3.980954213480122321e-07
3.976117784173393428e-07
3.971290932920482800e-07
3.966468038877224958e-07
3.961653754253705605e-07
3.956845612197953435e-07
3.952050299628594851e-07
3.947258681566211379e-07
3.942477216773167851e-07
3.937701389812319067e-07
3.932936097943664624e-07
3.928179139192558396e-07
3.923428705809757821e-07
3.918686424978028761e-07
3.913951692347271989e-07
3.909227399736628827e-07
3.904509891251004598e-07
3.899798331579590766e-07
3.895095180164711880e-07
3.890399304320762237e-07
3.885713533948301966e-07
3.881032409256587689e-07
3.876358321518147909e-07
3.871691254320114673e-07
3.867033906333355911e-07
3.862383466971408638e-07
3.857738051331427049e-07
3.853099793669924071e-07
3.848468514030512780e-07
3.843848808879151764e-07
3.839232127217476862e-07
3.834626339547558342e-07
3.830025131020498798e-07
3.825434760393490670e-07
3.820851148354612196e-07
3.816274350898089674e-07
3.811705256693744733e-07
3.807143406730491435e-07
3.802591398052458393e-07
3.798045857850785309e-07
3.793505891179514402e-07
3.788974098650538472e-07
3.784448945778467345e-07
3.779933679381275256e-07
3.775422956912187930e-07
3.770918523291936294e-07
3.766421254350039300e-07
3.761932399553102070e-07
3.757451183513395109e-07
3.752974002837147683e-07
3.748504405266378177e-07
3.744040404968461358e-07
3.739588242626086593e-07
3.735139311550007096e-07
3.730699421496860672e-07
3.726264865463546545e-07
3.721839003374388156e-07
3.717422220344881433e-07
3.713010476716520052e-07
3.708606423155357868e-07
3.704208703419918126e-07
3.699820343287223181e-07
3.695439067721305583e-07
3.691063256551126564e-07
3.686694260270950628e-07
3.682331806927177358e-07
3.677978063135082086e-07
3.673630937635149943e-07
3.669288083305977348e-07
3.664952994779869389e-07
3.660623457421721411e-07
3.656304148815677431e-07
3.651988359104405867e-07
3.647679309324294443e-07
3.643375507323821131e-07
3.639080033117223549e-07
3.634792180833649746e-07
3.630508807634653395e-07
3.626234606898750945e-07
3.621964651873079315e-07
3.617705592116688276e-07
3.613451121006382013e-07
3.609203586649455402e-07
3.604962656025710687e-07
3.600728404153739455e-07
3.596503113977553274e-07
3.592283546063804374e-07
3.588069110252379682e-07
3.583861816962432274e-07
3.579660221019331537e-07
3.575467948018660660e-07
3.571280310241144722e-07
3.567097593809153173e-07
3.562921559211508231e-07
3.558752135765397324e-07
3.554591471427326326e-07
3.550433649448712433e-07
3.546282994445295779e-07
3.542137051893998888e-07
3.537999739666912400e-07
3.533868671332691270e-07
3.529742403845312976e-07
3.525624460948941142e-07
3.521510935414224353e-07
3.517407780240229809e-07
3.513308793488454064e-07
3.509216503603185761e-07
3.505130575298409776e-07
3.501050910123433710e-07
3.496979785857025691e-07
3.492914211686417643e-07
3.488853565518975894e-07
3.484799606427685911e-07
3.480751117997161820e-07
3.476711035760817915e-07
3.472676310592398908e-07
3.468645695712655698e-07
3.464621985047584999e-07
3.460603366684304563e-07
3.456594091274810656e-07
3.452588041096369389e-07
3.448587819024589229e-07
3.444592469101260161e-07
3.440603850231368559e-07
3.436623797147304728e-07
3.432646387540025848e-07
3.428678304680029771e-07
3.424713665117751370e-07
3.420757445716459890e-07
3.416808020606944342e-07
3.412863235402540879e-07
3.408925105326956621e-07
3.404992226038823411e-07
3.401067366512117524e-07
3.397148864887952432e-07
3.393235459581900260e-07
3.389326974860262025e-07
3.385424400487070642e-07
3.381529230167996900e-07
3.377640758430506089e-07
3.373755461311859851e-07
3.369876169542985359e-07
3.366002172420951746e-07
3.362135343777421506e-07
3.358274995019205336e-07
3.354417308861917240e-07
3.350566581066946894e-07
3.346719943868952676e-07
3.342881956836488428e-07
3.339048634708394141e-07
3.335220025157719614e-07
3.331398689894143962e-07
3.327581411446740243e-07
3.323773625751013065e-07
3.319969691128381012e-07
3.316171556383760196e-07
3.312379248975482784e-07
3.308592256136831860e-07
3.304813303715381238e-07
3.301039605651746240e-07
3.297270302451614589e-07
3.293506532266077376e-07
3.289748102018321142e-07
3.285996692176263038e-07
3.282251454271236553e-07
3.278509052950033261e-07
3.274772910365004876e-07
3.271041268141125841e-07
3.267317045094397625e-07
3.263598348650419783e-07
3.259882402753133333e-07
3.256173030717461629e-07
3.252467565528635024e-07
3.248770344482567399e-07
3.245077585732607338e-07
3.241389140600063227e-07
3.237708031661689066e-07
3.234030425673894875e-07
3.230361744493888874e-07
3.226697315910538669e-07
3.223037893310522405e-07
3.219384227079107795e-07
3.215735670104987706e-07
3.212094236900599813e-07
3.208458486457254999e-07
3.204827241194826825e-07
3.201200436878876137e-07
3.197579154389944188e-07
3.193964218916117638e-07
3.190355700550134672e-07
3.186750264740130325e-07
3.183149551281787670e-07
3.179554218473691490e-07
3.175964363117609323e-07
3.172381792881017522e-07
3.168801541189902806e-07
3.165226957751990610e-07
3.161656265529382046e-07
3.158091329441987915e-07
3.154534178919514648e-07
3.150979049743761745e-07
3.147431709652753943e-07
3.143887516210048725e-07
3.140349558901383363e-07
3.136819383253306141e-07
3.133292070551504170e-07
3.129770841913629516e-07
3.126253875390547417e-07
3.122742929406424043e-07
3.119238944328358945e-07
3.115739177052232715e-07
3.112243492000364690e-07
3.108753127734210490e-07
3.105267334927851037e-07
3.101788163443886495e-07
3.098314284578836254e-07
3.094843038876694929e-07
3.091377530316829787e-07
3.087915979750847119e-07
3.084461219073808123e-07
3.081011661423699931e-07
3.077564354688805236e-07
3.074123164190551593e-07
3.070685419740122495e-07
3.067254364235345346e-07
3.063828596989684805e-07
3.060405628755600971e-07
3.056990501568453946e-07
3.053577872870460675e-07
3.050171809661865033e-07
3.046772211003878866e-07
3.043375819517856150e-07
3.039985069064095889e-07
3.036598147057376551e-07
3.033217301441227829e-07
3.029843070329303484e-07
3.026472642262439312e-07
3.023106037091762461e-07
3.019744585231926325e-07
3.016387420793687697e-07
3.013036572007190772e-07
3.009690822970059417e-07
3.006347452589535029e-07
3.003009521578469403e-07
2.999675528709158544e-07
2.996347478026339731e-07
2.993025061066218850e-07
2.989704602018221804e-07
2.986389828140901873e-07
2.983078329507962827e-07
2.979772326632625218e-07
2.976473022841674591e-07
2.973175617455602645e-07
2.969885274570703783e-07
2.966597761289227479e-07
2.963315676585951426e-07
2.960041162762745183e-07
2.956768808641868164e-07
2.953501967141122266e-07
2.950239609863577662e-07
2.946981762363236872e-07
2.943730451417978047e-07
2.940483467690847914e-07
2.937240198367856284e-07
2.934001067449800165e-07
2.930766592905268266e-07
2.927537520477406588e-07
2.924314139106744195e-07
2.921093586127131279e-07
2.917876637225738307e-07
2.914664760622786040e-07
2.911456593148840605e-07
2.908255675950328408e-07
2.905057446091193309e-07
2.901862377517604694e-07
2.898671904933992447e-07
2.895485135274208418e-07
2.892305783010145806e-07
2.889129448440319589e-07
2.885956483506308958e-07
2.882790123073195946e-07
2.879626214917660184e-07
2.876468818371290409e-07
2.873316618259462302e-07
2.870167462911289167e-07
2.867023531700084646e-07
2.863883037347130935e-07
2.860748013784146345e-07
2.857618948736055098e-07
2.854493548984902427e-07
2.851371598516369835e-07
2.848254004538851785e-07
2.845140475898944050e-07
2.842032530110616797e-07
2.838929681945450478e-07
2.835829191624191529e-07
2.832732526349845610e-07
2.829640367785542676e-07
2.826552183273907102e-07
2.823470764059384403e-07
2.820391617967192731e-07
2.817315753456666991e-07
2.814243987622599911e-07
2.811175806573672635e-07
2.808114875888949768e-07
2.805056654435369043e-07
2.802001579027606955e-07
2.798952907152797507e-07
2.795906480554877509e-07
2.792865955147858003e-07
2.789830862705057935e-07
2.786798471473565538e-07
2.783770947914233040e-07
2.780746977375853779e-07
2.777727707728018067e-07
2.774714261054625837e-07
2.771704516746312836e-07
2.768698026595061394e-07
2.765695407401659435e-07
2.762696976214389410e-07
2.759703324131317327e-07
2.756714956683353093e-07
2.753729246917271030e-07
2.750746515954921912e-07
2.747768717169987864e-07
2.744793957783604748e-07
2.741825359752863564e-07
2.738860114212981556e-07
2.735896883595165533e-07
2.732938923893950920e-07
2.729983644375371096e-07
2.727033335657696423e-07
2.724088596515050585e-07
2.721145513896411487e-07
2.718208340957582552e-07
2.715273886601399430e-07
2.712343576487534432e-07
2.709420349669026505e-07
2.706499162295660635e-07
2.703582126862589133e-07
2.700669404722673487e-07
2.697760027774761108e-07
2.694855943527228014e-07
2.691956917092413213e-07
2.689060944705303056e-07
2.686168064493789175e-07
2.683279543910307592e-07
2.680394457826384934e-07
2.677514494916122720e-07
2.674639147221662596e-07
2.671765761063434063e-07
2.668895981142657510e-07
2.666030310001246214e-07
2.663168107174224413e-07
2.660312178804791298e-07
2.657458445658988667e-07
2.654607212904165925e-07
2.651760355798530398e-07
2.648916487797691949e-07
2.646078230786712316e-07
2.643243858013936990e-07
2.640411448928819883e-07
2.637585338443962392e-07
2.634761055228308022e-07
2.631941189190961533e-07
2.629127994837216749e-07
2.626316440127834720e-07
2.623509092327652150e-07
2.620705687255703409e-07
2.617905522421447572e-07
2.615110447430610748e-07
2.612320129267897384e-07
2.609532693418998899e-07
2.606748235492826449e-07
2.603967787167042636e-07
2.601190662687034968e-07
2.598418430391854295e-07
2.595650635543443904e-07
2.592884819544656663e-07
2.590122158968311020e-07
2.587363653071358362e-07
2.584608142981881430e-07
2.581858510291114590e-07
2.579111474840233620e-07
2.576366321338428338e-07
2.573625963706973155e-07
2.570888001044312438e-07
2.568154331462990504e-07
2.565426264143924361e-07
2.562699538817200510e-07
2.559977524753742799e-07
2.557258758922292419e-07
2.554543194110769194e-07
2.551833783397465141e-07
2.549127279558682007e-07
2.546423641536275915e-07
2.543724297122231976e-07
2.541027750719762939e-07
2.538335595864035929e-07
2.535648411023182846e-07
2.532964354543859642e-07
2.530283202388510393e-07
2.527605034126077676e-07
2.524931033515645580e-07
2.522260092912900292e-07
2.519594443160950496e-07
2.516931759858821106e-07
2.514270952872847957e-07
2.511614253855588772e-07
2.508960487607526501e-07
2.506310647847868881e-07
2.503665927901775648e-07
2.501022851443128413e-07
2.498382692442994294e-07
2.495745839138172923e-07
2.493112014120387167e-07
2.490483682937961100e-07
2.487858340085510839e-07
2.485234891597397284e-07
2.482617263549193402e-07
2.480001271557774402e-07
2.477389086011342298e-07
2.474783111054355419e-07
2.472178877659905530e-07
2.469578039620806219e-07
2.466981099572346616e-07
2.464386711548194893e-07
2.461796886420567225e-07
2.459211743503394360e-07
2.456629393889718872e-07
2.454049663836538609e-07
2.451473132920374671e-07
2.448900255757587370e-07
2.446330615523838285e-07
2.443765829878351390e-07
2.441203840236228041e-07
2.438643686935886712e-07
2.436087435031617527e-07
2.433533990754837780e-07
2.430984194770853075e-07
2.428439436636369525e-07
2.425896314412152687e-07
2.423355674720287483e-07
2.420818523236573268e-07
2.418284106232559399e-07
2.415754441981300195e-07
2.413228489285594458e-07
2.410704060962964405e-07
2.408184552134573475e-07
2.405667280936637176e-07
2.403153272924406263e-07
2.400644917493004123e-07
2.398139059994409672e-07
2.395635762529649181e-07
2.393136418814165717e-07
2.390639681031543380e-07
2.388146617097420612e-07
2.385658189767961400e-07
2.383172718721665385e-07
2.380690224986204362e-07
2.378209836196839445e-07
2.375733700790561771e-07
2.373259997667517866e-07
2.370790738837637121e-07
2.368325133048760834e-07
2.365861079084385638e-07
2.363399852149367636e-07
2.360942248952743472e-07
2.358487144894494170e-07
2.356036989325247631e-07
2.353589537817995766e-07
2.351143485327139911e-07
2.348701490168070090e-07
2.346261374965476742e-07
2.335569676809077280e-07
2.333147447992463059e-07
2.330726398039105787e-07
2.295207140129824500e-07
2.292828415728425669e-07
2.290450905251014322e-07
2.288077122336900447e-07
2.269135272175912441e-07
2.266785720678090608e-07
2.264439493616518470e-07
2.228867807834317036e-07
2.226562073552485184e-07
2.224260505631418135e-07
2.205308129006058067e-07
2.203030737375853428e-07
2.200755837136107403e-07
2.165092210227264806e-07
2.162858453458638568e-07
2.160627117541474245e-07
2.158400150289292793e-07
2.139457856291093592e-07
2.137252887457666401e-07
2.135050884116491780e-07
2.099334472388033749e-07
2.097173089132942999e-07
2.095016572518284195e-07
2.076063362728237413e-07
2.073927934681116993e-07
2.071796483596498188e-07
2.035988673828243122e-07
2.033896621118272368e-07
2.031810255074678771e-07
2.012846086396406355e-07
2.010780278077631376e-07
2.008718533765197470e-07
1.972820141845069672e-07
1.970797773918441120e-07
1.968780380908719743e-07
1.966764198317973838e-07
1.947809838969683123e-07
1.945816812207935596e-07
1.943825272009126473e-07
1.907876119212386906e-07
1.905927135710694899e-07
1.903980221886001268e-07
