2.485822240486587191e-10
3.154940526806095853e-10
3.914417323613154246e-10
4.764509207691379770e-10
5.704770163814141827e-10
6.734132747125628680e-10
7.850902942153981951e-10
9.052907202182225349e-10
1.033745643286102667e-09
1.170149647170828716e-09
1.314156318062853315e-09
1.465393089403037975e-09
1.623456645098946871e-09
1.787921890479935679e-09
1.958347446408628258e-09
2.134274457697530696e-09
2.315235952742379503e-09
2.500760437835745467e-09
2.690364686296462391e-09
2.883566314904669528e-09
3.079889078269641801e-09
3.278861837684501761e-09
3.480016314903545744e-09
3.682889833078823062e-09
3.887044249974073224e-09
4.092057014076866510e-09
4.297506486924759057e-09
4.503014763997354706e-09
4.708211603926605184e-09
4.912747395307394889e-09
5.116314505237330727e-09
5.318605619099619724e-09
5.519364432480219528e-09
5.718337899752246665e-09
5.915316354319641668e-09
6.110106556714345638e-09
6.302547625402442790e-09
6.492505212684751900e-09
6.679864874476380229e-09
6.864546233524562200e-09
7.046498809983436421e-09
7.225668747214013452e-09
7.402078823584684646e-09
7.575716348406333204e-09
7.746631247852593369e-09
7.914875878698517871e-09
8.080520997538961527e-09
8.243672378369819935e-09
8.404434156413679482e-09
8.562933690039506992e-09
8.719306593657068535e-09
8.873708938694645911e-09
9.026296112038698274e-09
9.177242276120772596e-09
9.326738308234894709e-09
9.474953382492062751e-09
9.622085956796996201e-09
9.768344349922820677e-09
9.913906982431776100e-09
1.005897583311227633e-08
1.020375854285075891e-08
1.034844203355259767e-08
1.049321562645881380e-08
1.063827917249844033e-08
1.078381845697656703e-08
1.093000457671541574e-08
1.107700693598676493e-08
1.122499817310491624e-08
1.137413565278464484e-08
1.152455656505216000e-08
1.167639133808430576e-08
1.182977260987830770e-08
1.198481779713503441e-08
1.214161177598441809e-08
1.230023970153643796e-08
1.246079593015094277e-08
1.262333350131353341e-08
1.278788283157699367e-08
1.295447813396328480e-08
1.312315482455675651e-08
1.329390910416364399e-08
1.346671364189525586e-08
1.364154525163281693e-08
1.381837307276019288e-08
1.399712994911529106e-08
1.417774655902370907e-08
1.436015082625152069e-08
1.454421848072910667e-08
1.472983742084817214e-08
1.491689824055696435e-08
1.510525805776077292e-08
1.529475591307389953e-08
1.548523195628638043e-08
1.567651138669817982e-08
1.586840664252748689e-08
1.606074261845628017e-08
1.625330660791710626e-08
1.644587304580084464e-08
1.663824426268097899e-08
1.683019954692411143e-08
1.702150871568935211e-08
1.721196010239828220e-08
1.740127957748201744e-08
1.758926766931005791e-08
1.777569642223671490e-08
1.796031077403722570e-08
1.814292301937520138e-08
1.832324221359014317e-08
1.850110437371716476e-08
1.867624849605142960e-08
1.884852782292664799e-08
1.901767793163605873e-08
1.918352141601318556e-08
1.934589299873468725e-08
1.950458175895556666e-08
1.965948168144213073e-08
1.981036026222694696e-08
1.995718826463828369e-08
2.009969748071121933e-08
2.023793857029315421e-08
2.037166858593284966e-08
2.050093604657602784e-08
2.062552753212556629e-08
2.074554498236592531e-08
2.086079122280782152e-08
2.097143381000500656e-08
2.107728719783557238e-08
2.117850765666747276e-08
2.127498271653691179e-08
2.136687912935055671e-08
2.145413947149104271e-08
2.153695786550593421e-08
2.161533945372206312e-08
2.168940348872199563e-08
2.175925248553580987e-08
2.182501219225567948e-08
2.188685679873771582e-08
2.194485864518831791e-08
2.199930662701969832e-08
2.205022487332643235e-08
2.209790867332724956e-08
2.214242353328924353e-08
2.218408403024363792e-08
2.222305338185846376e-08
2.225950743248535526e-08
2.229372685405680881e-08
2.232583320346540102e-08
2.235613794204079397e-08
2.238477006951586270e-08
2.241205737309181224e-08
2.243815993468034309e-08
2.246328925079638080e-08
2.248773629823717182e-08
2.251163352372039071e-08
2.253528618482043326e-08
2.255885112234933246e-08
2.258255452863001113e-08
2.260662067340815342e-08
2.263119639186685154e-08
2.265654209913270140e-08
2.268278746480783124e-08
2.271015027793489377e-08
2.273880516329927018e-08
2.276891250044051057e-08
2.280063590783155899e-08
2.283407355739588536e-08
2.286940421918010915e-08
2.290673759434024527e-08
2.294616342425128279e-08
2.298785620995312444e-08
2.303187915753440544e-08
2.307831076633605167e-08
2.312727576880385378e-08
2.317872870639789446e-08
2.323280890254226412e-08
2.328951484265578475e-08
2.334885171734857500e-08
2.341091467827015847e-08
2.347565351117743847e-08
2.354309457276219792e-08
2.361324684458755329e-08
2.368600976752104536e-08
2.376136962452979838e-08
2.383931269869259274e-08
2.391974256325223903e-08
2.400259492424976399e-08
2.408784971955339537e-08
2.417536237815820606e-08
2.426505335407907793e-08
2.435685936958408829e-08
2.445060264237948108e-08
2.454619757543586290e-08
2.464355088630579628e-08
2.474246305541047292e-08
2.484287178044317558e-08
2.494462425423429407e-08
2.504749138330956024e-08
2.515141342247841224e-08
2.525621810631558652e-08
2.536167340776839146e-08
2.546768700905024227e-08
2.557413391028130501e-08
2.568077925896538722e-08
2.578748263610327345e-08
2.589411457011686648e-08
2.600045671563368997e-08
2.610632403790593838e-08
2.621164366489636126e-08
2.631618729180988691e-08
2.641979857598762808e-08
2.652238318172747828e-08
2.662375575231114075e-08
2.672374395808451776e-08
2.682226485715257396e-08
2.691918592807242457e-08
2.701431192212559715e-08
2.710750600464375387e-08
2.719875828630663867e-08
2.728787503141366517e-08
2.737475068538768265e-08
2.745936923762782714e-08
2.754159439954487444e-08
2.762130434848714610e-08
2.769845914322987498e-08
2.777306503978683572e-08
2.784495906440771267e-08
2.791414185285972954e-08
2.798058612363178873e-08
2.804426259601207345e-08
2.810510312715760408e-08
2.816316248115185195e-08
2.821841719640221988e-08
2.827081209290108982e-08
2.832040634034774968e-08
2.836725848797216840e-08
2.841138109336059129e-08
2.845271450389148117e-08
2.849142594648797916e-08
2.852755102317647073e-08
2.856108744829474305e-08
2.859209358343344069e-08
2.862072227285679064e-08
2.864701574036986000e-08
2.867102660587154403e-08
2.869280530708823314e-08
2.871255992941636644e-08
2.873033923078386277e-08
2.874618836596128812e-08
2.876020862954148943e-08
2.877265590630712987e-08
2.878354450568820699e-08
2.879292253287257304e-08
2.880094436700605476e-08
2.880783323241846093e-08
2.881359901592878911e-08
2.881831956255227934e-08
2.882216032693390212e-08
2.882535347570569901e-08
2.882791277125825349e-08
2.882992777688563312e-08
2.883152016080891607e-08
2.883292168396436998e-08
2.883415766126812904e-08
2.883534048293392473e-08
2.883652979372217998e-08
2.883793809092064888e-08
2.883961241317455627e-08
2.884161362840615022e-08
2.884403594551247316e-08
2.884708152419911721e-08
2.885081561850770515e-08
2.885522858287936248e-08
2.886044499316299945e-08
2.886653997168309494e-08
2.887362075038100771e-08
2.888171552198654384e-08
2.889087104991677556e-08
2.890114681125824147e-08
2.891262698652201417e-08
2.892532464303815451e-08
2.893926592982668928e-08
2.895449280390629161e-08
2.897106663972710241e-08
2.898899850034894472e-08
2.900829732711375085e-08
2.902896467964775546e-08
2.905103812221744303e-08
2.907452413536951453e-08
2.909940735356073264e-08
2.912567534972830140e-08
2.915333033479806310e-08
2.918232939318732589e-08
2.921266844854238794e-08
2.924432908648252978e-08
2.927731031536900522e-08
2.931155296703231085e-08
2.934698482820509183e-08
2.938358058018583365e-08
2.942135403750079512e-08
2.946019833542516028e-08
2.950005693973005001e-08
2.954087729165233336e-08
2.958266097743882290e-08
2.962530974242339705e-08
2.966880224753532587e-08
2.971298319941749020e-08
2.975783534650804428e-08
2.980336101130698807e-08
2.984947326304275985e-08
2.989609972056195526e-08
2.994308260520208796e-08
2.999038751667037800e-08
3.003798830259687922e-08
3.008583922016877817e-08
3.013386118224856423e-08
3.018191940071392568e-08
3.022996390328537622e-08
3.027800259592751758e-08
3.032594840710579229e-08
3.037375082109686881e-08
3.042128785763604653e-08
3.046850684061305401e-08
3.051542695603677922e-08
3.056195670276037158e-08
3.060807035577238753e-08
3.065362776109573194e-08
3.069859750984655110e-08
3.074296683012288256e-08
3.078668289703400445e-08
3.082975003283894310e-08
3.087203741423961855e-08
3.091357810354343090e-08
3.095427945496346519e-08
3.099416320519296565e-08
3.103322145627359846e-08
3.107141171856303936e-08
3.110865025807015208e-08
3.114494479362270307e-08
3.118031151214935452e-08
3.121477434757926119e-08
3.124825828271910934e-08
3.128070917444606875e-08
3.131216685893189673e-08
3.134264517650829315e-08
3.137211589163367707e-08
3.140057121619308623e-08
3.142804055893168526e-08
3.145455644599348898e-08
3.148001375230378890e-08
3.150450992915457376e-08
3.152805302945960391e-08
3.155068308195431278e-08
3.157234470476582636e-08
3.159310620682540589e-08
3.161294137706161103e-08
3.163192696509323111e-08
3.165001608501951660e-08
3.166732130973567075e-08
3.168387963639166119e-08
3.169959813120928486e-08
3.171459865131073886e-08
3.172886245266236262e-08
3.174245760141666350e-08
3.175543523643505131e-08
3.176781294792123167e-08
3.177962742153988344e-08
3.179084385164859804e-08
3.180153534281266647e-08
3.181180524135215975e-08
3.182168234076875617e-08
3.183118825743829616e-08
3.184029084135520504e-08
3.184908185476907008e-08
3.185752031320551239e-08
3.186579322882749831e-08
3.187387096189162372e-08
3.188180971764379002e-08
3.188956377603936982e-08
3.189720938421147288e-08
3.190473776777739028e-08
3.191227352413709816e-08
3.191981418255731616e-08
3.192740995440022310e-08
3.193502048744125690e-08
3.194267650902618294e-08
3.195041481907375734e-08
3.195832364751553537e-08
3.196640360644607900e-08
3.197471467711255450e-08
3.198319736093320859e-08
3.199186511435184291e-08
3.200075238418025380e-08
3.200992028508348461e-08
3.201937783531728528e-08
3.202916789864132678e-08
3.203923628172887144e-08
3.204960569500107707e-08
3.206026675593359025e-08
3.207124064763674621e-08
3.208260704936602707e-08
3.209432394420646927e-08
3.210636826493858625e-08
3.211878979149033026e-08
3.213152487921474641e-08
3.214458480293027836e-08
3.215804143541998546e-08
3.217185227039251528e-08
3.218602569006839087e-08
3.220055273538468852e-08
3.221537688500966451e-08
3.223055811946467715e-08
3.224605168441558106e-08
3.226184681034353500e-08
3.227799529372971262e-08
3.229444799192082280e-08
3.231117065433132241e-08
3.232819004940092460e-08
3.234543547520520917e-08
3.236294945335576714e-08
3.238070650130725439e-08
3.239869963364883514e-08
3.241692203508900819e-08
3.243534875369614748e-08
3.245396735273739474e-08
3.247273955130118938e-08
3.249165622824504516e-08
3.251071328545205231e-08
3.252992742205129259e-08
3.254924798038398299e-08
3.256868563660712058e-08
3.258820657497510316e-08
3.260775595006877578e-08
3.262734497788226151e-08
3.264698431529946088e-08
3.266664763353329070e-08
3.268632632248038887e-08
3.270603082600421430e-08
3.272569833478999181e-08
3.274527830896157626e-08
3.276482689159065887e-08
3.278431397281937293e-08
3.280371375028699299e-08
3.282309516299714012e-08
3.284237091796424994e-08
3.286152871043053613e-08
3.288052094728573627e-08
3.289938186182989949e-08
3.291809851755790508e-08
3.293664236799002692e-08
3.295509169487973620e-08
3.297334525550187130e-08
3.299142045181783852e-08
3.300927215108825987e-08
3.302692753139035637e-08
3.304438137378498585e-08
3.306160808588341276e-08
3.307868150768898524e-08
3.309551638097049698e-08
3.311214998521904393e-08
3.312850598183796562e-08
3.314464976310826832e-08
3.316054833899115818e-08
3.317620484067592951e-08
3.319167073175258143e-08
3.320688224255570256e-08
3.322189040991979088e-08
3.323661762102265527e-08
3.325112485242393237e-08
3.326535211823126766e-08
3.327935723549714354e-08
3.329312718939568344e-08
3.330666235191145141e-08
3.331997699865158231e-08
3.333304903982056452e-08
3.334591490793078995e-08
3.335854140555086881e-08
3.337095596091772185e-08
3.338312889846629294e-08
3.339510852125210836e-08
3.340686890774717066e-08
3.341844797181399838e-08
3.342983456910175261e-08
3.344103135440980312e-08
3.345204509967071613e-08
3.346287352377815141e-08
3.347353039958556434e-08
3.348399735362572676e-08
3.349431405229724637e-08
3.350448441973414945e-08
3.351452536012435262e-08
3.352443346496229735e-08
3.353419734815685325e-08
3.354382137809524999e-08
3.355329756057639829e-08
3.356265587129447230e-08
3.357191453270299447e-08
3.358110572196409075e-08
3.359019787170993360e-08
3.359921485342742796e-08
3.360813349693219237e-08
3.361697660671069629e-08
3.362571832062873371e-08
3.363440171331131396e-08
3.364303812838392795e-08
3.365164947676833632e-08
3.366021302593402139e-08
3.366875240552711075e-08
3.367725136746084731e-08
3.368570760771552463e-08
3.369411517699464552e-08
3.370250400570167803e-08
3.371089096961733010e-08
3.371928449548237500e-08
3.372767990124686380e-08
3.373608329347415399e-08
3.374448597373506044e-08
3.375287764732620428e-08
3.376125979764116590e-08
3.376965532969704952e-08
3.377807658207451409e-08
3.378653391493406970e-08
3.379501718315674130e-08
3.380353566143346697e-08
3.381207744494040519e-08
3.382063746014660103e-08
3.382921509608529044e-08
3.383782589306424681e-08
3.384647423828597499e-08
3.385517521697370382e-08
3.386391122478714485e-08
3.387269757733362782e-08
3.388151873341207721e-08
3.389038241536766304e-08
3.389927230656339075e-08
3.390820629328986409e-08
3.391717128291408342e-08
3.392617702722039872e-08
3.393521655041220181e-08
3.394429799570550171e-08
3.395341378021167179e-08
3.396256634751858491e-08
3.397175053142575906e-08
3.398096618284010923e-08
3.399020453876862120e-08
3.399946916586585229e-08
3.400875892898313934e-08
3.401807376777753755e-08
3.402741433709955566e-08
3.403677739433090195e-08
3.404616227291874505e-08
3.405557695187791902e-08
3.406500337638414445e-08
3.407444498035757478e-08
3.408388317602644486e-08
3.409333941544258716e-08
3.410278710957601949e-08
3.411225525038793527e-08
3.412171565960895245e-08
3.413119799067242681e-08
3.414067839216854299e-08
3.415015072369990060e-08
3.415960044448092391e-08
3.416903181958777586e-08
3.417844279025843182e-08
3.418783024281243688e-08
3.419720613093758023e-08
3.420655098137063098e-08
3.421589134095512187e-08
3.422519093835373793e-08
3.423447252846319961e-08
3.424369840801832681e-08
3.425289667462279452e-08
3.426204645724337422e-08
3.427116053813324081e-08
3.428023684280816102e-08
3.428927488765358834e-08
3.429828897806845413e-08
3.430724574517326432e-08
3.431616957756852492e-08
3.432502466067642023e-08
3.433384008007680429e-08
3.434259316619502880e-08
3.435129921313203198e-08
3.435995239181939154e-08
3.436855137517007703e-08
3.437710574594341083e-08
3.438559282096412854e-08
3.439402882393169109e-08
3.440239359217252123e-08
3.441070446741672999e-08
3.441894531720508820e-08
3.442712757418122029e-08
3.443524633927719676e-08
3.444329892985594975e-08
3.445129216990755884e-08
3.445921153177807947e-08
3.446707527012477676e-08
3.447486721662212164e-08
3.448259976930038928e-08
3.449026482804568259e-08
3.449786455153650911e-08
3.450540306285772907e-08
3.451287112067229206e-08
3.452028013190773016e-08
3.452761581728317442e-08
3.453489577271949183e-08
3.454211598405955772e-08
3.454927989096302741e-08
3.455638477523918756e-08
3.456343278214458073e-08
3.457041839899809789e-08
3.457734804042032385e-08
3.458421121940102001e-08
3.459100994553677251e-08
3.459775509077534421e-08
3.460444396323392541e-08
3.461108966266965180e-08
3.461768507552667364e-08
3.462423077054063118e-08
3.463073030778909588e-08
3.463717375512885996e-08
3.464357140603499866e-08
3.464991226904632518e-08
3.465619665000913216e-08
3.466243923621146979e-08
3.466864029055386254e-08
3.467480911878085936e-08
3.468093280098053634e-08
3.468702548904805395e-08
3.469307852350244310e-08
3.469909120661441528e-08
3.470506334084010457e-08
3.471099419402436163e-08
3.471689225786260188e-08
3.472275781369097554e-08
3.472859874442674139e-08
3.473441843136306204e-08
3.474020640742163486e-08
3.474597619170064671e-08
3.475171545703146060e-08
3.475743357306364162e-08
3.476311821528613853e-08
3.476877241791966898e-08
3.477440795137874240e-08
3.478001929939784456e-08
3.478561707990146985e-08
3.479120178626357914e-08
3.479676378874800571e-08
3.480231525038923310e-08
3.480784668034931755e-08
3.481336409031115478e-08
3.481885999021196918e-08
3.482433669197722932e-08
3.482979918023141937e-08
3.483524631200944291e-08
3.484068368204273694e-08
3.484611172354096204e-08
3.485152741684431381e-08
3.485693066947309318e-08
3.486232606040067815e-08
3.486770810547598152e-08
3.487307844480111031e-08
3.487844190706249118e-08
3.488378946631077392e-08
3.488912769091599345e-08
3.489445639572893022e-08
3.489977377616715856e-08
3.490508555739622935e-08
3.491038005934858267e-08
3.491566864105927032e-08
3.492094733660977337e-08
3.492621058164111227e-08
3.493146531970148476e-08
3.493670550170071066e-08
3.494193755546917785e-08
3.494715797396945258e-08
3.495236140588533742e-08
3.495755612337065830e-08
3.496273626911728507e-08
3.496790569224372317e-08
3.497306276576832651e-08
3.497820515068723388e-08
3.498333606063089387e-08
3.498845615912605972e-08
3.499355617928708283e-08
3.499864406734440691e-08
3.500371611299957095e-08
3.500877254822230165e-08
3.501381815417505104e-08
3.501883850233871148e-08
3.502384883642049893e-08
3.502884524848875757e-08
3.503381852742255729e-08
3.503878225086525527e-08
3.504372664622959733e-08
3.504865199415942985e-08
3.505356008326927733e-08
3.505843711060123345e-08
3.506329525474448964e-08
3.506813440913858213e-08
3.507294269748969782e-08
3.507773390574941915e-08
3.508249917291767965e-08
3.508723963294835617e-08
3.509195870493268899e-08
3.509664753693771552e-08
3.510131646202320610e-08
3.510595914153325011e-08
3.511057151143063345e-08
3.511516292911542854e-08
3.511972672951702369e-08
3.512426464004720724e-08
3.512877656997940007e-08
3.513326076298095916e-08
3.513771815501523116e-08
3.514214912174051424e-08
3.514655024488068513e-08
3.515092555126669822e-08
3.515527617144666973e-08
3.515959528415510081e-08
3.516389210228836218e-08
3.516816403958613143e-08
3.517240487862553113e-08
3.517662156556768362e-08
3.518080945561356740e-08
3.518496926790954026e-08
3.518910516189810099e-08
3.519320534076749439e-08
3.519728030302929005e-08
3.520132813650213615e-08
3.520534410372866758e-08
3.520933586489098133e-08
3.521329561207618908e-08
3.521722451673474794e-08
3.522112878012065576e-08
3.522500182365782544e-08
3.522884535915308452e-08
3.523265646282647011e-08
3.523643507302299662e-08
3.524018733733676073e-08
3.524391329367194420e-08
3.524761175715054645e-08
3.525128727468178459e-08
3.525493433484075238e-08
3.525855746811654944e-08
3.526215734998393754e-08
3.526572781822646375e-08
3.526927333434752926e-08
3.527279075690712643e-08
3.527628201392049838e-08
3.527974617182508096e-08
3.528318562557929515e-08
3.528660416010073783e-08
3.528999945240366875e-08
3.529337641245438003e-08
3.529673038497982458e-08
3.530006027317099519e-08
3.530337116896658662e-08
3.530666047880347604e-08
3.530992596131636208e-08
3.531316577391815144e-08
3.531638410690396214e-08
3.531957993943505291e-08
3.532275492802805653e-08
3.532590805170464333e-08
3.532904018108825682e-08
3.533215364764548846e-08
3.533524627770700192e-08
3.533831565912935491e-08
3.534136698409154315e-08
3.534439516569089966e-08
3.534740233763239635e-08
3.535038726192530152e-08
3.535334749511571909e-08
3.535628874491621841e-08
3.535921168508751065e-08
3.536211546389961265e-08
3.536500184585892288e-08
3.536787103332201611e-08
3.537072221414918941e-08
3.537355480164374023e-08
3.537637023545507283e-08
3.537916651467402243e-08
3.538194472535082197e-08
3.538470462357332795e-08
3.538744506188198785e-08
3.539016747357255224e-08
3.539287412407938571e-08
3.539556685563785114e-08
3.539824110891616608e-08
3.540090118050191905e-08
3.540354782693199029e-08
3.540617415501841342e-08
3.540878797778826979e-08
3.541138681516205797e-08
3.541396520879410533e-08
3.541652746783414752e-08
3.541907526236594257e-08
3.542160270598744617e-08
3.542411437254667304e-08
3.542661105962798474e-08
3.542908617605409088e-08
3.543154866967689147e-08
3.543399366138272684e-08
3.543641771708952129e-08
3.543882867681899180e-08
3.544122267789110603e-08
3.544359490339434013e-08
3.544595028286400824e-08
3.544828922851703215e-08
3.545060398453154100e-08
3.545290513503707557e-08
3.545518850681186316e-08
3.545745228736771595e-08
3.545970089925420751e-08
3.546193176988981004e-08
3.546414518907475638e-08
3.546634047978775480e-08
3.546852018531543391e-08
3.547068064162151278e-08
3.547282293112715141e-08
3.547494793236716043e-08
3.547705635627502644e-08
3.547914404154905304e-08
3.548121556650381189e-08
3.548327337626814716e-08
3.548530832332466069e-08
3.548733040477678755e-08
3.548933608209800229e-08
3.549132138018548716e-08
3.549329241430674993e-08
3.549524565300358306e-08
3.549718033427318947e-08
3.549909599527042273e-08
3.550099416458464211e-08
3.550287259330209964e-08
3.550473256256587198e-08
3.550657447316412343e-08
3.550839901357482218e-08
3.551020164445396634e-08
3.551199027108499759e-08
3.551375875659349762e-08
3.551550630126792724e-08
3.551723910625061490e-08
3.551895221769153043e-08
3.552064377948112963e-08
3.552231656562513029e-08
3.552397071184492520e-08
3.552560109578469439e-08
3.552721341348815559e-08
3.552880746536800236e-08
3.553038360418035017e-08
3.553193646093265481e-08
3.553347681340686171e-08
3.553499555182226033e-08
3.553649373604398649e-08
3.553797610178744894e-08
3.553943966198742549e-08
3.554088205568700572e-08
3.554230670714188243e-08
3.554371347136260701e-08
3.554509961430781946e-08
3.554646695488078442e-08
3.554781628598157933e-08
3.554915115651025612e-08
3.555046390207501699e-08
3.555176319471895829e-08
3.555304359665925057e-08
3.555430713655901955e-08
3.555555345669869552e-08
3.555678101698199650e-08
3.555799274837442467e-08
3.555918400543490095e-08
3.556035481410285644e-08
3.556150897499576282e-08
3.556264214439845511e-08
3.556375879251291289e-08
3.556485765243872659e-08
3.556593891130156789e-08
3.556700352777711829e-08
3.556805184642541053e-08
3.556908233197958715e-08
3.557009312937416470e-08
3.557109072871983212e-08
3.557206942944490486e-08
3.557302802115070978e-08
3.557396958539211779e-08
3.557489290485288985e-08
3.557579546869581267e-08
3.557667967242088552e-08
3.557754819645424159e-08
3.557839988270038713e-08
3.557923177099939342e-08
3.558005065084291895e-08
3.558085065903259290e-08
3.558163572302442537e-08
3.558240023931023572e-08
3.558315135796540801e-08
3.558388666602017961e-08
3.558460051538470977e-08
3.558529826434859978e-08
3.558598422454609176e-08
3.558664559863828120e-08
3.558729354219259597e-08
3.558792578297435349e-08
3.558854555674012420e-08
3.558914354348593003e-08
3.558973051629826206e-08
3.559030112468722995e-08
3.559085685726107982e-08
3.559139520488546547e-08
3.559191897212840337e-08
3.559242901598481513e-08
3.559291839155537958e-08
3.559339170948684241e-08
3.559384963781157657e-08
3.559428779000821743e-08
3.559471082562094264e-08
3.559511851281959401e-08
3.559551066708585918e-08
3.559588558545666251e-08
3.559624932465436794e-08
3.559659406202093097e-08
3.559692479862885904e-08
3.559723889823168913e-08
3.559753998952977724e-08
3.559782422277373057e-08
3.559809037949158656e-08
3.559834120716340572e-08
3.559857606272476556e-08
3.559879240820979405e-08
3.559899153218720794e-08
3.559917728048701973e-08
3.559934777805597868e-08
3.559950121888796218e-08
3.559964011881712204e-08
3.559976528834169737e-08
3.559987617913815230e-08
3.559996698151725195e-08
3.560004652318657179e-08
3.560011188368815921e-08
3.560015885032718930e-08
3.560019139197567899e-08
3.560020680019112593e-08
3.560021112902713811e-08
3.560019361712187436e-08
3.560016340368496750e-08
3.560011926850810362e-08
3.560006054939330580e-08
3.559998248148099825e-08
3.559989329978572900e-08
3.559978851766307372e-08
3.559966852881614990e-08
3.559953176645551084e-08
3.559938166138033109e-08
3.559921783439816014e-08
3.559903378752604443e-08
3.559883464952370385e-08
3.559862001278032226e-08
3.559838838804558936e-08
3.559813965930113103e-08
3.559787708554070197e-08
3.559759864344984539e-08
3.559730479958094594e-08
3.559699610304477719e-08
3.559667522899136368e-08
3.559633612528772479e-08
3.559598241763605737e-08
3.559561608917427866e-08
3.559523392525023303e-08
3.559483509998401968e-08
3.559442028167044618e-08
3.559398965649160936e-08
3.559354438197913051e-08
3.559308046255107927e-08
3.559260093614657514e-08
3.559210817578777174e-08
3.559160042533185405e-08
3.559107795607644072e-08
3.559053975549611446e-08
3.558998986282763964e-08
3.558942580048159977e-08
3.558884389745391503e-08
3.558824982370929691e-08
3.558764109861550200e-08
3.558701970895626926e-08
3.558637876497170699e-08
3.558572388463601496e-08
3.558505711275327946e-08
3.558437275417865680e-08
3.558367297506652097e-08
3.558295740296890148e-08
3.558223132224300235e-08
3.558148740082986660e-08
3.558072758533672013e-08
3.557995663906542525e-08
3.557916956768236279e-08
3.557836782076381243e-08
3.557754944421553143e-08
3.557671902776967207e-08
3.557587446570973238e-08
3.557501073715966729e-08
3.557413311471852015e-08
3.557323926213491625e-08
3.557233070550256462e-08
3.557140286489334216e-08
3.557046357097159436e-08
3.556950925369375859e-08
3.556854078059022506e-08
3.556755562856310428e-08
3.556656098670859636e-08
3.556554988029648776e-08
3.556452525168195551e-08
3.556348402953290979e-08
3.556243331434614266e-08
3.556136548244794107e-08
3.556028343074643883e-08
3.555918620233580993e-08
3.555807325597198018e-08
3.555694724942455287e-08
3.555580375901057142e-08
3.555464558493757964e-08
3.555347488915582261e-08
3.555229014341092938e-08
3.555109413441033337e-08
3.554988035735960601e-08
3.554865843971696447e-08
3.554742058261984247e-08
3.554617215078966028e-08
3.554490532484009110e-08
3.554362909662406059e-08
3.554234060083977454e-08
3.554103580797078046e-08
3.553971795055215748e-08
3.553838358600422333e-08
3.553704185843306345e-08
3.553567811253101832e-08
3.553430410428009561e-08
3.553291451740408406e-08
3.553151496335602895e-08
3.553009787527659484e-08
3.552866629312041615e-08
3.552722456379065826e-08
3.552576670594897711e-08
3.552429621614759072e-08
3.552280789941032924e-08
3.552131016575077254e-08
3.551979755961483700e-08
3.551826916817586103e-08
3.551672633455575805e-08
3.551516801744784441e-08
3.551359788652183848e-08
3.551200747070657125e-08
3.551040487333184598e-08
3.550878993730389486e-08
3.550716131447036846e-08
3.550551893852550121e-08
3.550386154505338336e-08
3.550219616894852212e-08
3.550051344534612898e-08
3.549881997686343530e-08
3.549710980509777060e-08
3.549539118607318371e-08
3.549365688619558464e-08
3.549190939475672578e-08
3.549014734783178952e-08
3.548837088870736401e-08
3.548658201640549740e-08
3.548477834153976984e-08
3.548295952593172127e-08
3.548112903685540605e-08
3.547928541311038050e-08
3.547743264281384568e-08
3.547556207019766244e-08
3.547368308800897191e-08
3.547179064024799242e-08
3.546988874760975847e-08
3.546796943099009388e-08
3.546604092133341437e-08
3.546409917174284620e-08
3.546214784657291643e-08
3.546017850942955479e-08
3.545819877140758506e-08
3.545620410788025575e-08
3.545420180312012114e-08
3.545217873589157967e-08
3.545014624943488106e-08
3.544809965276143032e-08
3.544604270259377761e-08
3.544397037483438654e-08
3.544188316633551905e-08
3.543978716323729112e-08
3.543767592097655621e-08
3.543555371108919535e-08
3.543341304357384279e-08
3.543126523946648102e-08
3.542910170665830114e-08
3.542692601931880958e-08
3.542473303486435802e-08
3.542252813408472730e-08
3.542030939101369997e-08
3.541807814896301744e-08
3.541582826603898241e-08
3.541356837622979057e-08
3.541129599544720483e-08
3.540901137966302013e-08
3.540671274815730391e-08
3.540440103867442193e-08
3.540208143555458956e-08
3.539974554736503945e-08
3.539740001770350910e-08
3.539503764429750609e-08
3.539266823392007110e-08
3.539028377893699952e-08
3.538788724264036259e-08
3.538547607709833687e-08
3.538305297775021823e-08
3.538061672448259354e-08
3.537816930933854842e-08
3.537570505837814652e-08
3.537323035880858511e-08
3.537074370522742305e-08
3.536824624705948810e-08
3.536573729027714485e-08
3.536321322909894891e-08
3.536068233687911086e-08
3.535813703842262419e-08
3.535558357259172976e-08
3.535301283288304632e-08
3.535043477746852840e-08
3.534784353345741233e-08
3.534524306466335998e-08
3.534262592194825065e-08
3.533999903029063321e-08
3.533735761200636997e-08
3.533470853384707905e-08
3.533204144773982739e-08
3.532936386509186652e-08
3.532667401739924582e-08
3.532397346723611281e-08
3.532126118302169406e-08
3.531853330922799244e-08
3.531579610331482993e-08
3.531304782474995065e-08
3.531028638063023106e-08
3.530751286696629027e-08
3.530472526577560492e-08
3.530192949218008240e-08
3.529912031713502085e-08
3.529629879048935177e-08
3.529346198421432224e-08
3.529061360598989017e-08
3.528775278805118946e-08
3.528488025473133780e-08
3.528199037706286540e-08
3.527909128976418795e-08
3.527618054936466723e-08
3.527325843946721952e-08
3.527032451313874830e-08
3.526737564409756891e-08
3.526442075164883064e-08
3.526145169243694269e-08
3.525847242673024439e-08
3.525547853566963841e-08
3.525247505253696658e-08
3.524946056882577767e-08
3.524643487372657794e-08
3.524339602979972470e-08
3.524034556370281930e-08
3.523728195070445962e-08
3.523420829068350606e-08
3.523112250799999520e-08
3.522802160600798133e-08
3.522491159014277754e-08
3.522179032118324878e-08
3.521865973341454810e-08
3.521551731433565789e-08
3.521236112658511394e-08
3.520919869827502730e-08
3.520602286993353330e-08
3.520283944315426342e-08
3.519964040639479639e-08
3.519643249404643722e-08
3.519321440109245254e-08
3.518998606667623823e-08
3.518674616373868945e-08
3.518349295351184055e-08
3.518022819956412013e-08
3.517695270511888587e-08
3.517366715962557996e-08
3.517036599051796988e-08
3.516705607410605675e-08
3.516373459837946833e-08
3.516040276043218055e-08
3.515706029769307875e-08
3.515370308055615486e-08
3.515033889935289091e-08
3.514696319824098241e-08
3.514357582183511377e-08
3.514017748895780487e-08
3.513676602711777677e-08
3.513334795139926724e-08
3.512991669227091947e-08
3.512647465718074789e-08
3.512301778831117558e-08
3.511955191053209427e-08
3.511607264829866724e-08
3.511258529160150949e-08
3.510908038558065315e-08
3.510556532014231666e-08
3.510204084211980388e-08
3.509850513774637710e-08
3.509495958236442790e-08
3.509140112315010545e-08
3.508783166479213972e-08
3.508425593669696679e-08
3.508066614669065573e-08
3.507706791991620347e-08
3.507345491394904467e-08
3.506983430286105974e-08
3.506620269302583633e-08
3.506256136990784117e-08
3.505890767797071965e-08
3.505524251703793351e-08
3.505156629446344940e-08
3.504788015895745737e-08
3.504418493436758135e-08
3.504047362579159095e-08
3.503675439931418038e-08
3.503302416206337742e-08
3.502928534045880218e-08
3.502553764475604661e-08
3.502177567672906398e-08
3.501800555443139241e-08
3.501422705966700056e-08
3.501043712435320229e-08
3.500664022709466974e-08
3.500282723077545024e-08
3.499900919096275821e-08
3.499517886839556869e-08
3.499134025202300805e-08
3.498748989587081683e-08
3.498362846125482684e-08
3.497975563607001238e-08
3.497587278351537645e-08
3.497198092850538435e-08
3.496807457650422568e-08
3.496415985874174409e-08
3.496023460273223916e-08
3.495629966678267328e-08
3.495235505583416683e-08
3.494839870953348424e-08
3.494443279227631428e-08
3.494045993511118315e-08
3.493647387397339712e-08
3.493248023271064782e-08
3.492847266978609352e-08
3.492445843289135091e-08
3.492043378582201875e-08
3.491639924247579193e-08
3.491235414880614158e-08
3.490829606777982694e-08
3.490422889736253916e-08
3.490015072913599603e-08
3.489606461242897866e-08
3.489196212760811432e-08
3.488785067857105063e-08
3.488373072069265267e-08
3.487960038551339104e-08
3.487546113378149309e-08
3.487131071842564649e-08
3.486714846478064120e-08
3.486298125069745624e-08
3.485880212926684066e-08
3.485461384037014885e-08
3.485041492578834089e-08
3.484620381963086397e-08
3.484198747147573163e-08
3.483775987645151650e-08
3.483352336704093196e-08
3.482927288353137303e-08
3.482501571772152658e-08
3.482074614035894748e-08
3.481646984103320063e-08
3.481218301238234758e-08
3.480788222846457056e-08
3.480357492966915240e-08
3.479925695628000928e-08
3.479493192462519796e-08
3.479059829909172887e-08
3.478625164083271751e-08
3.478189680552924602e-08
3.477753528342544580e-08
3.477316298849756267e-08
3.476878446285884701e-08
3.476439169304627667e-08
3.475999148248152282e-08
3.475558393727839154e-08
3.475116600772843906e-08
3.474674096647626257e-08
3.474230163172846242e-08
3.473785522419874855e-08
3.473339691387747003e-08
3.472893087053041910e-08
3.472445411896219037e-08
3.471996536760032283e-08
3.471546949629546760e-08
3.471096425555320916e-08
3.470644964196780671e-08
3.470192650093235171e-08
3.469739256727486787e-08
3.469285016722492063e-08
3.468830180100611590e-08
3.468374127592345906e-08
3.467917327514352669e-08
3.467459371049303984e-08
3.467000636846962948e-08
3.466541245055564998e-08
3.466080785794186125e-08
3.465619388182666000e-08
3.465156784900294321e-08
3.464693567079047265e-08
3.464229123397632484e-08
3.463763872642135762e-08
3.463297664783173114e-08
3.462830199859123310e-08
3.462361980953070962e-08
3.461892954302955449e-08
3.461423001390270446e-08
3.460952257536085074e-08
3.460480457225847827e-08
3.460007641997816872e-08
3.459534425678453982e-08
3.459060087534118546e-08
3.458584955831448565e-08
3.458108938956138678e-08
3.457631694329082308e-08
3.457154037068597562e-08
3.456675335718791602e-08
3.456195928578710212e-08
3.455715364549087621e-08
3.455233937107804972e-08
3.454751603009827416e-08
3.454268391220662870e-08
3.453784736676287280e-08
3.453299512405715086e-08
3.452813515182631134e-08
3.452326754058477145e-08
3.451839122681598852e-08
3.451350924732012055e-08
3.450861806528467944e-08
3.450371450600510537e-08
3.449880519367760135e-08
3.449388864993344450e-08
3.448896267222714460e-08
3.448403101232897440e-08
3.447908616588881681e-08
3.447413419665824455e-08
3.446917685665410234e-08
3.446420878988705906e-08
3.445923465724683066e-08
3.445424764709888804e-08
3.444925400361509811e-08
3.444425012056735218e-08
3.443923803580310791e-08
3.443421907034604937e-08
3.442918697800322289e-08
3.442414754399838871e-08
3.441910058789452375e-08
3.441404547539277894e-08
3.440898198872701866e-08
3.440391104760797283e-08
3.439882896391912045e-08
3.439374174711566723e-08
3.438864792657277651e-08
3.438354276046144026e-08
3.437843157527509219e-08
3.437330976160645386e-08
3.436818103866473982e-08
3.436304691097583783e-08
3.435790260133018028e-08
3.435274977055461975e-08
3.434758712762943056e-08
3.434241811451455807e-08
3.433723862713025849e-08
3.433205160339308417e-08
3.432685792906804618e-08
3.432165145771117300e-08
3.431643719215368377e-08
3.431121624795287913e-08
3.430598771035591150e-08
3.430075115313766132e-08
3.429550882631737367e-08
3.429025471087584824e-08
3.428499370114649079e-08
3.427972876670244612e-08
3.427445314918383189e-08
3.426917233768844744e-08
3.426388163247326155e-08
3.425858111924000240e-08
3.425327723792335721e-08
3.424796354859980902e-08
3.424264417957448874e-08
3.423731534450609589e-08
3.423197708871326221e-08
3.422663247340019060e-08
3.422127815756748599e-08
3.421592033603732068e-08
3.421055181093675755e-08
3.420517243272047538e-08
3.419978867698291098e-08
3.419439548529000266e-08
3.418899670497363840e-08
3.418359130794812108e-08
3.417817580512034379e-08
3.417275171759822082e-08
3.416732291501284788e-08
3.416188673806480739e-08
3.415644187732667352e-08
3.415099194715003767e-08
3.414552977403812170e-08
3.414006200451422228e-08
3.413458915366525532e-08
3.412910687703907100e-08
3.412361872400471942e-08
3.411811932947229451e-08
3.411261331974375562e-08
3.410709932277076274e-08
3.410157750248649091e-08
3.409604968749774805e-08
3.409051045739096891e-08
3.408496271210036544e-08
3.407940971586227702e-08
3.407384962284020003e-08
3.406828202551825220e-08
3.406270679076005956e-08
3.405712408339766456e-08
3.405153328665224098e-08
3.404593850134294544e-08
3.404033605052519798e-08
3.403472413537842192e-08
3.402910766171501350e-08
3.402348069816045523e-08
3.401784859952044898e-08
3.401221116477837316e-08
3.400656491150187030e-08
3.400091109300189086e-08
3.399524906428223461e-08
3.398958057056501342e-08
3.398390399730789531e-08
3.397822007089858889e-08
3.397253043901558004e-08
3.396683053850262005e-08
3.396112228124515508e-08
3.395540866038849585e-08
3.394968848216065024e-08
3.394396108166139449e-08
3.393822819513510515e-08
3.393248824214146654e-08
3.392673852358420405e-08
3.392098540806180990e-08
3.391522626879127682e-08
3.390945840819495440e-08
3.390368732567159494e-08
3.389790550974693205e-08
3.389211675332809502e-08
3.388632498102366696e-08
3.388052409786656185e-08
3.387471882421286721e-08
3.386890583008437043e-08
3.386308326733315394e-08
3.385725641697208423e-08
3.385142019658179336e-08
3.384558003799903216e-08
3.383973392545223179e-08
3.383387611531227016e-08
3.382801409540307586e-08
3.382214446353923992e-08
3.381626855288786811e-08
3.381038819057065486e-08
3.380450039771846069e-08
3.379860334907438048e-08
3.379269993089385142e-08
3.378679248765782180e-08
3.378087767862931136e-08
3.377495609537912153e-08
3.376902956777029611e-08
3.376309162359738374e-08
3.375714961950205730e-08
3.375120291819847220e-08
3.374524806290334844e-08
3.373928749167165365e-08
3.373331781613634204e-08
3.372734129149222849e-08
3.372135891367712530e-08
3.371536880806209888e-08
3.370937331341652130e-08
3.370336941579774952e-08
3.369735676347698669e-08
3.369133891763167659e-08
3.368531512894959402e-08
3.367928527914560545e-08
3.367324903437380448e-08
3.366720672715688647e-08
3.366115604856196345e-08
3.365510021477657061e-08
3.364904149834247968e-08
3.364297382013761323e-08
3.363689950293555623e-08
3.363082125374393719e-08
3.362473309003519103e-08
3.361864133719961375e-08
3.361254456814436310e-08
3.360644009301332116e-08
3.360032938298407314e-08
3.359421178767265399e-08
3.358808777591494994e-08
3.358195814680836160e-08
3.357582082082147090e-08
3.356967836730874245e-08
3.356352910635445019e-08
3.355737181175954044e-08
3.355120918752229245e-08
3.354504052162608947e-08
3.353886652762851957e-08
3.353268670438942825e-08
3.352650290475221391e-08
3.352031102876308319e-08
3.351411264390939160e-08
3.350791172571270220e-08
3.350170415693373426e-08
3.349549039192004748e-08
3.348927375584831588e-08
3.348304736373786573e-08
3.347681551253918625e-08
3.347058119066864954e-08
3.346433894072414461e-08
3.345809298811896077e-08
3.345184134988267494e-08
3.344558018299918422e-08
3.343931610518262638e-08
3.343304424117730553e-08
3.342676759945435611e-08
3.342048840733181230e-08
3.341419866810732963e-08
3.340790245451671380e-08
3.340160296316173585e-08
3.339529646811103510e-08
3.338898550147372723e-08
3.338266947319203662e-08
3.337634680169227779e-08
3.337001652698113008e-08
3.336368114094092997e-08
3.335734252413552605e-08
3.335099678600250027e-08
3.334464543057642820e-08
3.333828988637944079e-08
3.333192431768237954e-08
3.332555531340136714e-08
3.331918291993815222e-08
3.331280233203889890e-08
3.330641706128013167e-08
3.330002566163647855e-08
3.329362616006439848e-08
3.328722312737465782e-08
3.328081225986113696e-08
3.327439660653437089e-08
3.326797674568281092e-08
3.326154662343150688e-08
3.325511096546291447e-08
3.324867160456005813e-08
3.324222697625610846e-08
3.323577687879188714e-08
3.322932162010737358e-08
3.322286125126069477e-08
3.321639324545233460e-08
3.320992152781572559e-08
3.320344720495833884e-08
3.319696511014928430e-08
3.319047768496650504e-08
3.318398692241339045e-08
3.317748751348302557e-08
3.317098472585008215e-08
3.316447885863870671e-08
3.315796502034058661e-08
3.315144692895897323e-08
3.314492378738964698e-08
3.313839334081185725e-08
3.313185989243483292e-08
3.312531874795915222e-08
3.311877332503561634e-08
3.311222423798646403e-08
3.310566691970814734e-08
3.309910364702471893e-08
3.309253686431128937e-08
3.308596485263132984e-08
3.307938817894502007e-08
3.307280717272105827e-08
3.306622246805729523e-08
3.305963028139844098e-08
3.305303325422241267e-08
3.304643410782416707e-08
3.303982938415307096e-08
3.303321928563268090e-08
3.302660694020847265e-08
3.301998678067963141e-08
3.301336099744825880e-08
3.300673381361061860e-08
3.300009971757432368e-08
3.290121632988376482e-08
3.289459888124844146e-08
3.288797309607970598e-08
3.288134352320179785e-08
3.250452629936328114e-08
3.249798134721857946e-08
3.249143320171593194e-08
3.229914328451270857e-08
3.229263021044506896e-08
3.228611311579405100e-08
3.227959195364425337e-08
3.190039438336894592e-08
3.189395969694525142e-08
3.188752022290495871e-08
3.188107558701347318e-08
3.168769215206656772e-08
3.168128454406043439e-08
3.167487459113226696e-08
3.129330519259657375e-08
3.128697958112565181e-08
3.128065091760693329e-08
3.127431460062267876e-08
3.107980198728237680e-08
3.107350742280511405e-08
3.106720561467846776e-08
3.068327080974435089e-08
3.067705729422038723e-08
3.067083562621793059e-08
3.066461080646334973e-08
3.046897380926940049e-08
3.046278771586319303e-08
3.045659779930024510e-08
3.007030379972364706e-08
3.006419800683506023e-08
3.005808797111368683e-08
3.005197439493959536e-08
2.985521570038703708e-08
2.984914262452003608e-08
2.984306532961014160e-08
2.945442113796925818e-08
2.944842994405956997e-08
2.944243514359796164e-08
2.943643857887561755e-08
2.923856506665787149e-08
2.923260691234323860e-08
2.922664621342435119e-08
2.883565926840558489e-08
2.882978429012198430e-08
2.882390793337498672e-08
2.881802533271295852e-08
2.861904074956986803e-08
2.861320010784153865e-08
2.860735357097349071e-08
2.821403222678100868e-08
2.820827544218630915e-08
2.820251297911254944e-08
2.819674736653110428e-08
2.799665653506902072e-08
2.799093029906359011e-08
2.798519955773243345e-08
2.758955131278144110e-08
2.758391025481050794e-08
2.757826660626904582e-08
2.757261949270354994e-08
2.737142616956128631e-08
2.736581965830189027e-08
2.736020899395922764e-08
2.696224372996570304e-08
2.695672437129179615e-08
2.695120099777960783e-08
2.694567502057084116e-08
2.674338597922750688e-08
2.673789850922753061e-08
2.673240974000615092e-08
2.633213550767289989e-08
2.632673558358187421e-08
2.632133430606241028e-08
2.631593054621341438e-08
2.611254544900979714e-08
2.610718092806132461e-08
2.610181406387694625e-08
2.569923487355896440e-08
2.569395802985245349e-08
2.568867847084171899e-08
2.568339323379299687e-08
2.547892013109691087e-08
2.547367745545105828e-08
2.546843178197002904e-08
2.506355818705590729e-08
2.505840398755958891e-08
2.505324605501895733e-08
2.504808425559973969e-08
2.484252763727152207e-08
2.483740887961473828e-08
2.483228796211815156e-08
2.442512678172387059e-08
2.442009617665492215e-08
2.441506302893024569e-08
2.441002379449597579e-08
2.420338843762236444e-08
2.419839507982401392e-08
2.419339618900504669e-08
2.378395580399442100e-08
2.377905061346207029e-08
2.377413895468274766e-08
2.376922548702754156e-08
2.356151510862356180e-08
2.355664395743178628e-08
2.355177081540289491e-08
2.314005853512810195e-08
2.313527533695359749e-08
2.313048871256370347e-08
2.312570019326121281e-08
2.291691747380324080e-08
2.291217302613550849e-08
2.290742610434551369e-08
2.249344967652724240e-08
2.248879477070859931e-08
2.248413634455341700e-08
2.247947620420740314e-08
2.226963014913222198e-08
2.226501355274958281e-08
2.226039493324791654e-08
2.184416552004454011e-08
2.183963837864517400e-08
2.183510923619706796e-08
2.183057945384740349e-08
2.161967092291359484e-08
2.161518355968797252e-08
2.161069503859575717e-08
2.119221776194156433e-08
2.118781985582640598e-08
2.118342128597511512e-08
2.097140954425386448e-08
2.096705394190041444e-08
2.096269677221036751e-08
2.095833608312175124e-08
2.053761915213653328e-08
2.053335166480732348e-08
2.052908130073361243e-08
2.031601805847118117e-08
2.031179341972936652e-08
2.030756663821551575e-08
2.030333801105220346e-08
1.988039217117737062e-08
1.987625639686415278e-08
1.987211947178893001e-08
1.965801058239918456e-08
1.965391827609863003e-08
1.964982448765792849e-08
1.922456264679051819e-08
1.922056154146583093e-08
1.921655940717887336e-08
1.921255639439619439e-08
1.899740418411986050e-08
1.899344548356766816e-08
1.898948582109038404e-08
1.856200873382699745e-08
1.855814162256043994e-08
1.855427389728150222e-08
1.855040255829022491e-08
1.833421308627834819e-08
1.833038854817840929e-08
1.832656038793832834e-08
1.789687767651412931e-08
1.789314493454805691e-08
1.788940964161290935e-08
1.788567316549147129e-08
1.766845073897038401e-08
1.766476009981920245e-08
1.766106719428171370e-08
1.722918871359948179e-08
1.722559112809446676e-08
1.722199217756196599e-08
1.700369428030784527e-08
1.700014116849034330e-08
1.699658619483775808e-08
1.699303008666462433e-08
1.655896303382123251e-08
1.655550189220701352e-08
1.655204014548836865e-08
1.633271704723547442e-08
1.632930029168922534e-08
1.632588223889801503e-08
1.588953771275549749e-08
1.588621453467440674e-08
1.588289067796686044e-08
1.587956421396717357e-08
1.565922137071065540e-08
1.565594166724433362e-08
1.565265963227514353e-08
1.521414189819149898e-08
1.521095594373615963e-08
1.520776842836487211e-08
1.520457908498974502e-08
1.498322195784172482e-08
1.498008012540091653e-08
1.497693612027342276e-08
1.453625705912067572e-08
1.453321069036741344e-08
1.453016257143697100e-08
1.430774838388883679e-08
1.430474810868339844e-08
1.430174567886959312e-08
1.429874229523746140e-08
1.385591002620163368e-08
1.385300325128513617e-08
1.385009608374307446e-08
1.362667741135214559e-08
1.362381637911167565e-08
1.362095474944922640e-08
1.317587856023573820e-08
1.317311352832077789e-08
1.317034802486208450e-08
1.316758203696531683e-08
1.294316124202008418e-08
1.294044164494725464e-08
1.293772111375353722e-08
1.249050609275565199e-08
1.248788204138440803e-08
1.248525765385582388e-08
1.225979262443523822e-08
1.225721534297988043e-08
1.225463764801788734e-08
1.225205859771800716e-08
1.180271563893982037e-08
1.180023504726778713e-08
1.179775340995933561e-08
1.157129814704140302e-08
1.156886492492934018e-08
1.156643054662284150e-08
1.111486913702488900e-08
1.111253283078958471e-08
1.111019618893292681e-08
1.110785726762254124e-08
1.088041687089538978e-08
1.087812752297879202e-08
1.087583579102863715e-08
1.042216388097001841e-08
1.041997191797265045e-08
1.041777802537023629e-08
1.018930661428134896e-08
1.018716216501965612e-08
1.018501553109537014e-08
1.018286813244510097e-08
9.727094003114621411e-09
9.725045361759919031e-09
9.722995228187438908e-09
9.493546787078356851e-09
9.491545992256994654e-09
9.489543857391456283e-09
9.031575847190205465e-09
9.029673953594458677e-09
9.027770184116361454e-09
9.025866414634078697e-09
8.795446933924177948e-09
8.793591739229132939e-09
8.791736438121576994e-09
8.331684413569423224e-09
8.329928152559169666e-09
8.328171358548394863e-09
8.096735191631330633e-09
8.095027705223143888e-09
8.093319449011075961e-09
8.091611192794820846e-09
7.629482625216013681e-09
7.627873016129528708e-09
7.626263407043043735e-09
7.393864698369042809e-09
7.392303695678936840e-09
7.390742692988830871e-09
6.926446547847513442e-09
6.924984472699313330e-09
6.923522350254648811e-09
6.690115687964717640e-09
6.688702162346871434e-09
6.687288334199143686e-09
6.685874506050020485e-09
6.219518519220675578e-09
6.218204659881042711e-09
6.216890800537223482e-09
5.982530885820375534e-09
5.981266529474890874e-09
5.980002173130802494e-09
5.511496838199351293e-09
5.510333063709850783e-09
5.509169289218954820e-09
5.508005514729454311e-09
5.272697910089654587e-09
5.271583705659391544e-09
5.270469501227034907e-09
4.799923737756039963e-09
4.798910250389492056e-09
4.797896763022944150e-09
4.561596147279626364e-09
4.560632296215980921e-09
4.559668445154429071e-09
4.086989869436064042e-09
4.086126868996131693e-09
4.085263868556896658e-09
4.084400715063312879e-09
3.847161214168950988e-09
3.846347978317910602e-09
3.845534742469662777e-09
3.370832381760339486e-09
3.370119876496858904e-09
3.369407371236170057e-09
3.131183481164030612e-09
3.130521436451657662e-09
3.129859391738586572e-09
2.653041855358042505e-09
2.652481428785208225e-09
2.651921002213072499e-09
2.651360575640238218e-09
2.412208331736403575e-09
2.411698746580680472e-09
2.411189161425306440e-09
1.932366824970028598e-09
1.931958987231896188e-09
1.931551149494112435e-09
1.691424089169919249e-09
1.691067157083666387e-09
1.690710224996366729e-09
1.209789799555868071e-09
1.209534742549451382e-09
1.209279685543034692e-09
1.209024628537315936e-09
9.679779888878198304e-10
9.677739009625047357e-10
9.675698130373639694e-10
5.147364845746305169e-10
5.146280426188663987e-10
5.145196006631021771e-10
1.517337222559761771e-10
1.517017880611854917e-10
1.516698538664602571e-10
-0.000000000000000000e+00
-0.000000000000000000e+00
-0.000000000000000000e+00
-0.000000000000000000e+00
-0.000000000000000000e+00
-0.000000000000000000e+00
-0.000000000000000000e+00
-0.000000000000000000e+00
-0.000000000000000000e+00
-0.000000000000000000e+00
-0.000000000000000000e+00
-0.000000000000000000e+00
-0.000000000000000000e+00
-0.000000000000000000e+00
-0.000000000000000000e+00
-0.000000000000000000e+00
-0.000000000000000000e+00
-0.000000000000000000e+00
-0.000000000000000000e+00
-0.000000000000000000e+00
-0.000000000000000000e+00
-0.000000000000000000e+00
-0.000000000000000000e+00
-0.000000000000000000e+00
-0.000000000000000000e+00
-0.000000000000000000e+00
-0.000000000000000000e+00
-0.000000000000000000e+00
-0.000000000000000000e+00
-0.000000000000000000e+00
-0.000000000000000000e+00
-0.000000000000000000e+00
-0.000000000000000000e+00
-0.000000000000000000e+00
-0.000000000000000000e+00
-0.000000000000000000e+00
-0.000000000000000000e+00
-0.000000000000000000e+00
-0.000000000000000000e+00
-0.000000000000000000e+00
-0.000000000000000000e+00
-0.000000000000000000e+00
-0.000000000000000000e+00
-0.000000000000000000e+00
-0.000000000000000000e+00
