2.190718295841959863e-09
2.190718295841525593e-09
2.190718295841742728e-09
2.190718295841742728e-09
2.190718295842176584e-09
2.190718295841742728e-09
2.190718295841525593e-09
2.190718295841959863e-09
2.190718295841742728e-09
2.190718295841959863e-09
2.190718295841742728e-09
2.190718295841742728e-09
2.190718295841525593e-09
2.190718295841742728e-09
2.190718295841742728e-09
2.190718295841959863e-09
2.190718295841525593e-09
2.190718295841959863e-09
2.190718295841525593e-09
2.190718295841959863e-09
2.190718295841525593e-09
2.190718295841959863e-09
2.190718295841742728e-09
2.190718295841525593e-09
2.190718295841959863e-09
2.190718295841742728e-09
2.190718295841525593e-09
2.190718295841742728e-09
2.190718295841742728e-09
2.190718295841959863e-09
2.190718295841742728e-09
2.190718295841959863e-09
2.190718295841742728e-09
2.190718295841742728e-09
2.190718295841959863e-09
2.190718295841959863e-09
2.190718295841959863e-09
2.190718295842176584e-09
2.190718295841742728e-09
2.190718295841959863e-09
2.190718295841742728e-09
2.190718295841851089e-09
2.190718295841851089e-09
2.190718295841742728e-09
2.190718295841851089e-09
2.190718295841851089e-09
2.190718295841851089e-09
2.190718295841851089e-09
2.190718295841851089e-09
2.190718295841742728e-09
2.190718295841959863e-09
2.190718295841634367e-09
2.190718295841742728e-09
2.190718295841959863e-09
2.190718295841851089e-09
2.190718295841851089e-09
2.190718295841851089e-09
2.190718295841851089e-09
2.190718295841959863e-09
2.190718295841851089e-09
2.190718295841742728e-09
2.190718295841742728e-09
2.190718295841742728e-09
2.190718295841742728e-09
2.190718295841851089e-09
2.190718295841959863e-09
2.190718295841742728e-09
2.190718295841851089e-09
2.190718295841959863e-09
2.190718295841851089e-09
2.190718295841851089e-09
2.190718295841742728e-09
2.190718295841959863e-09
2.190718295841851089e-09
2.190718295841959863e-09
2.190718295841742728e-09
2.190718295841742728e-09
2.190718295841959863e-09
2.190718295841851089e-09
2.190718295841742728e-09
2.190718295841742728e-09
2.190718295841959863e-09
2.190718295841851089e-09
2.190718295841742728e-09
2.190718295841959863e-09
2.190718295841742728e-09
2.190718295841742728e-09
2.190718295841742728e-09
2.190718295841742728e-09
2.190718295841851089e-09
2.190718295841742728e-09
2.190718295841851089e-09
2.190718295841959863e-09
2.190718295841851089e-09
2.190718295841742728e-09
2.190718295841851089e-09
2.190718295841851089e-09
2.190718295841851089e-09
2.190718295841959863e-09
2.190718295841959863e-09
2.190718295841959863e-09
2.190718295842014043e-09
2.190718295841959863e-09
2.190718295841851089e-09
2.190718295841905269e-09
2.190718295841905269e-09
2.190718295841959863e-09
2.190718295841851089e-09
2.190718295841851089e-09
2.190718295841851089e-09
2.190718295841905269e-09
2.190718295841959863e-09
2.190718295841959863e-09
2.190718295841905269e-09
2.190718295841959863e-09
2.190718295841851089e-09
2.190718295841959863e-09
2.190718295841796908e-09
2.190718295842014043e-09
2.190718295841796908e-09
2.190718295841851089e-09
2.190718295841851089e-09
2.190718295841796908e-09
2.190718295841851089e-09
2.190718295841959863e-09
2.190718295841905269e-09
2.190718295841851089e-09
2.190718295841851089e-09
2.190718295841851089e-09
2.190718295841851089e-09
2.190718295841851089e-09
2.190718295841851089e-09
2.190718295841905269e-09
2.190718295841959863e-09
2.190718295841905269e-09
2.190718295841959863e-09
2.190718295841959863e-09
2.190718295841905269e-09
2.190718295841851089e-09
2.190718295841851089e-09
2.190718295841742728e-09
2.190718295841959863e-09
2.190718295841959863e-09
2.190718295841851089e-09
2.190718295841851089e-09
2.190718295841851089e-09
2.190718295841796908e-09
2.190718295841959863e-09
2.190718295841905269e-09
2.190718295841796908e-09
2.190718295841851089e-09
2.190718295841796908e-09
2.190718295841905269e-09
2.190718295841959863e-09
2.190718295841851089e-09
2.190718295841905269e-09
2.190718295841851089e-09
2.190718295841796908e-09
2.190718295841796908e-09
2.190718295841796908e-09
2.190718295841851089e-09
2.190718295841851089e-09
2.190718295841851089e-09
2.190718295841905269e-09
2.190718295841905269e-09
2.190718295841905269e-09
2.190718295841851089e-09
2.190718295841851089e-09
2.190718295841959863e-09
2.190718295841796908e-09
2.190718295841905269e-09
2.190718295841851089e-09
2.190718295841796908e-09
2.190718295841796908e-09
2.190718295841796908e-09
2.190718295841742728e-09
2.190718295841851089e-09
2.190718295841851089e-09
2.190718295841905269e-09
2.190718295841851089e-09
2.190718295841851089e-09
2.190718295841851089e-09
2.190718295841796908e-09
2.190718295841905269e-09
2.190718295841796908e-09
2.190718295841851089e-09
2.190718295841851089e-09
2.190718295841851089e-09
2.190718295841851089e-09
2.190718295841905269e-09
2.190718295841742728e-09
2.190718295841851089e-09
2.190718295841851089e-09
2.190718295841851089e-09
2.190718295841905269e-09
2.190718295841742728e-09
2.190718295841851089e-09
2.190718295841905269e-09
2.190718295841905269e-09
2.190718295841905269e-09
2.190718295841851089e-09
2.190718295841796908e-09
2.190718295841905269e-09
2.190718295841796908e-09
2.190718295841851089e-09
2.190718295841959863e-09
2.190718295841851089e-09
2.190718295841905269e-09
2.190718295841905269e-09
2.190718295841905269e-09
2.190718295841851089e-09
2.190718295841796908e-09
2.190718295841905269e-09
2.190718295841796908e-09
2.190718295841851089e-09
2.190718295841851089e-09
2.190718295841851089e-09
2.190718295841851089e-09
2.190718295841851089e-09
2.190718295841851089e-09
2.190718295841824205e-09
2.190718295841905269e-09
2.190718295841878386e-09
2.190718295841796908e-09
2.190718295841851089e-09
2.190718295841851089e-09
2.190718295841905269e-09
2.190718295841851089e-09
2.190718295841878386e-09
2.190718295841796908e-09
2.190718295841851089e-09
2.190718295841824205e-09
2.190718295841905269e-09
2.190718295841878386e-09
2.190718295841878386e-09
2.190718295841851089e-09
2.190718295841824205e-09
2.190718295841851089e-09
2.190718295841851089e-09
2.190718295841824205e-09
2.190718295841878386e-09
2.190718295841851089e-09
2.190718295841824205e-09
2.190718295841905269e-09
2.190718295841824205e-09
2.190718295841824205e-09
2.190718295841905269e-09
2.190718295841851089e-09
2.190718295841851089e-09
2.190718295841824205e-09
2.190718295841905269e-09
2.190718295841796908e-09
2.190718295841851089e-09
2.190718295841905269e-09
2.190718295841796908e-09
2.190718295841824205e-09
2.190718295841824205e-09
2.190718295841905269e-09
2.190718295841851089e-09
2.190718295841824205e-09
2.190718295841851089e-09
2.190718295841878386e-09
2.190718295841851089e-09
2.190718295841851089e-09
2.190718295841878386e-09
2.190718295841824205e-09
2.190718295841851089e-09
2.190718295841878386e-09
2.190718295841796908e-09
2.190718295841824205e-09
2.190718295841851089e-09
2.190718295841905269e-09
2.190718295841851089e-09
2.190718295841878386e-09
2.190718295841824205e-09
2.190718295841824205e-09
2.190718295841824205e-09
2.190718295841851089e-09
2.190718295841878386e-09
2.190718295841851089e-09
2.190718295841851089e-09
2.190718295841824205e-09
2.190718295841851089e-09
2.190718295841851089e-09
2.190718295841878386e-09
2.190718295841796908e-09
2.190718295841851089e-09
2.190718295841824205e-09
2.190718295841851089e-09
2.190718295841878386e-09
2.190718295841878386e-09
2.190718295841824205e-09
2.190718295841851089e-09
2.190718295841878386e-09
2.190718295841824205e-09
2.190718295841851089e-09
2.190718295841824205e-09
2.190718295841851089e-09
2.190718295841851089e-09
2.190718295841878386e-09
2.190718295841824205e-09
2.190718295841851089e-09
2.190718295841878386e-09
2.190718295841905269e-09
2.190718295841796908e-09
2.190718295841851089e-09
2.190718295841878386e-09
2.190718295841851089e-09
2.190718295841824205e-09
2.190718295841905269e-09
2.190718295841851089e-09
2.190718295841851089e-09
2.190718295841878386e-09
2.190718295841824205e-09
2.190718295841851089e-09
2.190718295841824205e-09
2.190718295841824205e-09
2.190718295841824205e-09
2.190718295841851089e-09
2.190718295841878386e-09
2.190718295841851089e-09
2.190718295841878386e-09
2.190718295841824205e-09
2.190718295841824205e-09
2.190718295841824205e-09
2.190718295841878386e-09
2.190718295841851089e-09
2.190718295841878386e-09
2.190718295841824205e-09
2.190718295841851089e-09
2.190718295841851089e-09
2.190718295841905269e-09
2.190718295841824205e-09
2.190718295841878386e-09
2.190718295841824205e-09
2.190718295841824205e-09
2.190718295841878386e-09
2.190718295841824205e-09
2.190718295841824205e-09
2.190718295841905269e-09
2.190718295841851089e-09
2.190718295841851089e-09
2.190718295841851089e-09
2.190718295841824205e-09
2.190718295841905269e-09
2.190718295841824205e-09
2.190718295841824205e-09
2.190718295841878386e-09
2.190718295841905269e-09
2.190718295841851089e-09
2.190718295841851089e-09
2.190718295841824205e-09
2.190718295841851089e-09
2.190718295841878386e-09
2.190718295841824205e-09
2.190718295841878386e-09
2.190718295841851089e-09
2.190718295841851089e-09
2.190718295841851089e-09
2.190718295841824205e-09
2.190718295841824205e-09
2.190718295841851089e-09
2.190718295841796908e-09
2.190718295841851089e-09
2.190718295841905269e-09
2.190718295841851089e-09
2.190718295841851089e-09
2.190718295841878386e-09
2.190718295841851089e-09
2.190718295841851089e-09
2.190718295841824205e-09
2.190718295841851089e-09
2.190718295841878386e-09
2.190718295841851089e-09
2.190718295841851089e-09
2.190718295841905269e-09
2.190718295841824205e-09
2.190718295841878386e-09
2.190718295841878386e-09
2.190718295841878386e-09
2.190718295841851089e-09
2.190718295841824205e-09
2.190718295841796908e-09
2.190718295841878386e-09
2.190718295841824205e-09
2.190718295841878386e-09
2.190718295841824205e-09
2.190718295841878386e-09
2.190718295841851089e-09
2.190718295841851089e-09
2.190718295841824205e-09
2.190718295841851089e-09
2.190718295841851089e-09
2.190718295841878386e-09
2.190718295841824205e-09
2.190718295841824205e-09
2.190718295841851089e-09
2.190718295841824205e-09
2.190718295841851089e-09
2.190718295841851089e-09
2.190718295841878386e-09
2.190718295841824205e-09
2.190718295841851089e-09
2.190718295841851089e-09
2.190718295841878386e-09
2.190718295841851089e-09
2.190718295841824205e-09
2.190718295841824205e-09
2.190718295841851089e-09
2.190718295841824205e-09
2.190718295841851089e-09
2.190718295841824205e-09
2.190718295841878386e-09
2.190718295841851089e-09
2.190718295841851089e-09
2.190718295841878386e-09
2.190718295841824205e-09
2.190718295841796908e-09
2.190718295841878386e-09
2.190718295841796908e-09
2.190718295841851089e-09
2.190718295841824205e-09
2.190718295841878386e-09
2.190718295841905269e-09
2.190718295841851089e-09
2.190718295841851089e-09
2.190718295841824205e-09
2.190718295841851089e-09
2.190718295841851089e-09
2.190718295841878386e-09
2.190718295841824205e-09
2.190718295841878386e-09
2.190718295841878386e-09
2.190718295841824205e-09
2.190718295841878386e-09
2.190718295841851089e-09
2.190718295841878386e-09
2.190718295841905269e-09
2.190718295841851089e-09
2.190718295841824205e-09
2.190718295841796908e-09
2.190718295841851089e-09
2.190718295841824205e-09
2.190718295841851089e-09
2.190718295841824205e-09
2.190718295841878386e-09
2.190718295841851089e-09
2.190718295841851089e-09
2.190718295841905269e-09
2.190718295841851089e-09
2.190718295841796908e-09
2.190718295841878386e-09
2.190718295841851089e-09
2.190718295841824205e-09
2.190718295841851089e-09
2.190718295841851089e-09
2.190718295841824205e-09
2.190718295841824205e-09
2.190718295841851089e-09
2.190718295841905269e-09
2.190718295841905269e-09
2.190718295841851089e-09
2.190718295841851089e-09
2.190718295841824205e-09
2.190718295841851089e-09
2.190718295841878386e-09
2.190718295841824205e-09
2.190718295841851089e-09
2.190718295841824205e-09
2.190718295841824205e-09
2.190718295841851089e-09
2.190718295841796908e-09
2.190718295841824205e-09
2.190718295841851089e-09
2.190718295841824205e-09
2.190718295841851089e-09
2.190718295841878386e-09
2.190718295841851089e-09
2.190718295841878386e-09
2.190718295841878386e-09
2.190718295841851089e-09
2.190718295841851089e-09
2.190718295841878386e-09
2.190718295841851089e-09
2.190718295841905269e-09
2.190718295841851089e-09
2.190718295841851089e-09
2.190718295841851089e-09
2.190718295841851089e-09
2.190718295841851089e-09
2.190718295841878386e-09
2.190718295841878386e-09
2.190718295841905269e-09
2.190718295841851089e-09
2.190718295841851089e-09
2.190718295841851089e-09
2.190718295841851089e-09
2.190718295841851089e-09
2.190718295841824205e-09
2.190718295841851089e-09
2.190718295841851089e-09
2.190718295841851089e-09
2.190718295841878386e-09
2.190718295841878386e-09
2.190718295841824205e-09
2.190718295841851089e-09
2.190718295841824205e-09
2.190718295841851089e-09
2.190718295841851089e-09
2.190718295841824205e-09
2.190718295841851089e-09
2.190718295841878386e-09
2.190718295841851089e-09
2.190718295841878386e-09
2.190718295841851089e-09
2.190718295841905269e-09
2.190718295841878386e-09
2.190718295841851089e-09
2.190718295841851089e-09
2.190718295841851089e-09
2.190718295841878386e-09
2.190718295841878386e-09
2.190718295841851089e-09
2.190718295841851089e-09
2.190718295841796908e-09
2.190718295841878386e-09
2.190718295841796908e-09
2.190718295841878386e-09
2.190718295841824205e-09
2.190718295841878386e-09
2.190718295841851089e-09
2.190718295841824205e-09
2.190718295841851089e-09
2.190718295841851089e-09
2.190718295841878386e-09
2.190718295841905269e-09
2.190718295841851089e-09
2.190718295841851089e-09
2.190718295841824205e-09
2.190718295841851089e-09
2.190718295841851089e-09
2.190718295841851089e-09
2.190718295841851089e-09
2.190718295841851089e-09
2.190718295841851089e-09
2.190718295841878386e-09
2.190718295841851089e-09
2.190718295841878386e-09
2.190718295841824205e-09
2.190718295841878386e-09
2.190718295841824205e-09
2.190718295841851089e-09
2.190718295841878386e-09
2.190718295841824205e-09
2.190718295841851089e-09
2.190718295841905269e-09
2.190718295841878386e-09
2.190718295841851089e-09
2.190718295841851089e-09
2.190718295841878386e-09
2.190718295841824205e-09
2.190718295841851089e-09
2.190718295841824205e-09
2.190718295841851089e-09
2.190718295841878386e-09
2.190718295841878386e-09
2.190718295841851089e-09
2.190718295841878386e-09
2.190718295841878386e-09
2.190718295841851089e-09
2.190718295841851089e-09
2.190718295841878386e-09
2.190718295841824205e-09
2.190718295841878386e-09
2.190718295841878386e-09
2.190718295841824205e-09
2.190718295841851089e-09
2.190718295841796908e-09
2.190718295841824205e-09
2.190718295841824205e-09
2.190718295841878386e-09
2.190718295841796908e-09
2.190718295841796908e-09
2.190718295841851089e-09
2.190718295841824205e-09
2.190718295841851089e-09
2.190718295841851089e-09
2.190718295841851089e-09
2.190718295841824205e-09
2.190718295841851089e-09
2.190718295841824205e-09
2.190718295841824205e-09
2.190718295841824205e-09
2.190718295841905269e-09
2.190718295841851089e-09
2.190718295841824205e-09
2.190718295841878386e-09
2.190718295841851089e-09
2.190718295841824205e-09
2.190718295841824205e-09
2.190718295841851089e-09
2.190718295841851089e-09
2.190718295841905269e-09
2.190718295841824205e-09
2.190718295841851089e-09
2.190718295841824205e-09
2.190718295841824205e-09
2.190718295841851089e-09
2.190718295841824205e-09
2.190718295841824205e-09
2.190718295841824205e-09
2.190718295841878386e-09
2.190718295841851089e-09
2.190718295841878386e-09
2.190718295841905269e-09
2.190718295841824205e-09
2.190718295841851089e-09
2.190718295841878386e-09
2.190718295841851089e-09
2.190718295841824205e-09
2.190718295841878386e-09
2.190718295841851089e-09
2.190718295841824205e-09
2.190718295841878386e-09
2.190718295841851089e-09
2.190718295841851089e-09
2.190718295841851089e-09
2.190718295841824205e-09
2.190718295841851089e-09
2.190718295841851089e-09
2.190718295841851089e-09
2.190718295841851089e-09
2.190718295841851089e-09
2.190718295841878386e-09
2.190718295841851089e-09
2.190718295841878386e-09
2.190718295841851089e-09
2.190718295841851089e-09
2.190718295841851089e-09
2.190718295841851089e-09
2.190718295841824205e-09
2.190718295841824205e-09
2.190718295841878386e-09
2.190718295841878386e-09
2.190718295841824205e-09
2.190718295841851089e-09
2.190718295841824205e-09
2.190718295841851089e-09
2.190718295841878386e-09
2.190718295841851089e-09
2.190718295841824205e-09
2.190718295841851089e-09
2.190718295841824205e-09
2.190718295841851089e-09
2.190718295841824205e-09
2.190718295841851089e-09
2.190718295841878386e-09
2.190718295841851089e-09
2.190718295841851089e-09
2.190718295841851089e-09
2.190718295841824205e-09
2.190718295841851089e-09
2.190718295841878386e-09
2.190718295841878386e-09
2.190718295841851089e-09
2.190718295841851089e-09
2.190718295841851089e-09
2.190718295841851089e-09
2.190718295841878386e-09
2.190718295841851089e-09
2.190718295841824205e-09
2.190718295841878386e-09
2.190718295841878386e-09
2.190718295841824205e-09
2.190718295841824205e-09
2.190718295841824205e-09
2.190718295841851089e-09
2.190718295841851089e-09
2.190718295841878386e-09
2.190718295841851089e-09
2.190718295841878386e-09
2.190718295841851089e-09
2.190718295841878386e-09
2.190718295841851089e-09
2.190718295841878386e-09
2.190718295841824205e-09
2.190718295841851089e-09
2.190718295841851089e-09
2.190718295841851089e-09
2.190718295841851089e-09
2.190718295841851089e-09
2.190718295841851089e-09
2.190718295841851089e-09
2.190718295841851089e-09
2.190718295841878386e-09
2.190718295841851089e-09
2.190718295841905269e-09
2.190718295841824205e-09
2.190718295841824205e-09
2.190718295841851089e-09
2.190718295841851089e-09
2.190718295841851089e-09
2.190718295841878386e-09
2.190718295841851089e-09
2.190718295841878386e-09
2.190718295841851089e-09
2.190718295841824205e-09
2.190718295841851089e-09
2.190718295841851089e-09
2.190718295841824205e-09
2.190718295841824205e-09
2.190718295841851089e-09
2.190718295841851089e-09
2.190718295841824205e-09
2.190718295841824205e-09
2.190718295841851089e-09
2.190718295841851089e-09
2.190718295841837440e-09
2.190718295841851089e-09
2.190718295841878386e-09
2.190718295841864737e-09
2.190718295841864737e-09
2.190718295841851089e-09
2.190718295841837440e-09
2.190718295841864737e-09
2.190718295841851089e-09
2.190718295841851089e-09
2.190718295841851089e-09
2.190718295841837440e-09
2.190718295841837440e-09
2.190718295841824205e-09
2.190718295841864737e-09
2.190718295841824205e-09
2.190718295841864737e-09
2.190718295841837440e-09
2.190718295841837440e-09
2.190718295841837440e-09
2.190718295841851089e-09
2.190718295841851089e-09
2.190718295841864737e-09
2.190718295841851089e-09
2.190718295841851089e-09
2.190718295841864737e-09
2.190718295841851089e-09
2.190718295841864737e-09
2.190718295841851089e-09
2.190718295841837440e-09
2.190718295841837440e-09
2.190718295841837440e-09
2.190718295841837440e-09
2.190718295841851089e-09
2.190718295841851089e-09
2.190718295841878386e-09
2.190718295841864737e-09
2.190718295841864737e-09
2.190718295841824205e-09
2.190718295841864737e-09
2.190718295841864737e-09
2.190718295841878386e-09
2.190718295841851089e-09
2.190718295841851089e-09
2.190718295841851089e-09
2.190718295841837440e-09
2.190718295841864737e-09
2.190718295841824205e-09
2.190718295841851089e-09
2.190718295841824205e-09
2.190718295841864737e-09
2.190718295841851089e-09
2.190718295841851089e-09
2.190718295841851089e-09
2.190718295841864737e-09
2.190718295841864737e-09
2.190718295841851089e-09
2.190718295841837440e-09
2.190718295841864737e-09
2.190718295841851089e-09
2.190718295841837440e-09
2.190718295841864737e-09
2.190718295841864737e-09
2.190718295841837440e-09
2.190718295841837440e-09
2.190718295841837440e-09
2.190718295841864737e-09
2.190718295841878386e-09
2.190718295841851089e-09
2.190718295841837440e-09
2.190718295841837440e-09
2.190718295841837440e-09
2.190718295841864737e-09
2.190718295841864737e-09
2.190718295841864737e-09
2.190718295841851089e-09
2.190718295841824205e-09
2.190718295841864737e-09
2.190718295841851089e-09
2.190718295841864737e-09
2.190718295841851089e-09
2.190718295841824205e-09
2.190718295841851089e-09
2.190718295841851089e-09
2.190718295841837440e-09
2.190718295841851089e-09
2.190718295841864737e-09
2.190718295841837440e-09
2.190718295841851089e-09
2.190718295841864737e-09
2.190718295841864737e-09
2.190718295841810557e-09
2.190718295841837440e-09
2.190718295841851089e-09
2.190718295841837440e-09
2.190718295841851089e-09
2.190718295841851089e-09
2.190718295841864737e-09
2.190718295841851089e-09
2.190718295841864737e-09
2.190718295841864737e-09
2.190718295841851089e-09
2.190718295841851089e-09
2.190718295841864737e-09
2.190718295841851089e-09
2.190718295841851089e-09
2.186472714994485182e-09
2.186472714994512066e-09
2.186472714994485182e-09
2.186472714994485182e-09
2.186472714994471534e-09
2.169281551033873047e-09
2.169281551033859399e-09
2.169281551033859399e-09
2.169281551033859399e-09
2.160580885479679257e-09
2.160580885479679257e-09
2.160580885479679257e-09
2.160580885479692492e-09
2.142967996347226123e-09
2.142967996347212888e-09
2.142967996347212888e-09
2.142967996347212888e-09
2.142967996347226123e-09
2.134055109614963455e-09
2.134055109614977103e-09
2.134055109614963455e-09
2.134055109614963455e-09
2.116015059179886628e-09
2.116015059179872980e-09
2.116015059179872980e-09
2.116015059179859331e-09
2.116015059179899863e-09
2.106887232521923365e-09
2.106887232521950248e-09
2.106887232521950248e-09
2.106887232521936600e-09
2.088414581989660086e-09
2.088414581989660086e-09
2.088414581989673735e-09
2.088414581989660086e-09
2.079069095410129939e-09
2.079069095410129939e-09
2.079069095410129939e-09
2.079069095410143588e-09
2.079069095410102642e-09
2.060158403653662509e-09
2.060158403653635212e-09
2.060158403653635212e-09
2.060158403653662509e-09
2.050592536074076520e-09
2.050592536074076520e-09
2.050592536074049223e-09
2.050592536074089755e-09
2.031238359973834460e-09
2.031238359973807577e-09
2.031238359973821225e-09
2.031238359973807577e-09
2.031238359973821225e-09
2.021449389407226507e-09
2.021449389407240156e-09
2.021449389407199624e-09
2.021449389407226507e-09
2.001646284190372475e-09
2.001646284190372475e-09
2.001646284190372475e-09
2.001646284190372475e-09
1.991631487900957124e-09
1.991631487900957124e-09
1.991631487900943476e-09
1.991631487900957124e-09
1.991631487900957124e-09
1.971374007460375466e-09
1.971374007460348583e-09
1.971374007460375466e-09
1.971374007460362232e-09
1.961130662128823208e-09
1.961130662128809559e-09
1.961130662128850091e-09
1.961130662128836442e-09
1.940413359354458322e-09
1.940413359354458322e-09
1.940413359354458322e-09
1.940413359354471971e-09
1.940413359354445087e-09
1.929938741240224388e-09
1.929938741240251272e-09
1.929938741240264920e-09
1.929938741240264920e-09
1.908756168337692084e-09
1.908756168337705733e-09
1.908756168337705733e-09
1.908756168337718968e-09
1.898047553438080388e-09
1.898047553438107685e-09
1.898047553438107685e-09
1.898047553438094036e-09
1.876394262249748380e-09
1.876394262249748380e-09
1.876394262249775264e-09
1.876394262249775264e-09
1.876394262249775264e-09
1.865448926459679381e-09
1.865448926459679381e-09
1.865448926459665732e-09
1.865448926459692616e-09
1.843319468778642303e-09
1.843319468778669393e-09
1.843319468778655952e-09
1.843319468778655952e-09
1.832134688046540156e-09
1.832134688046526715e-09
1.832134688046540156e-09
1.832134688046513066e-09
1.832134688046513066e-09
1.809523615930839213e-09
1.809523615930839213e-09
1.809523615930825565e-09
1.809523615930839213e-09
1.798096666415443916e-09
1.798096666415443916e-09
1.798096666415430267e-09
1.798096666415457564e-09
1.774998532496980377e-09
1.774998532496953286e-09
1.774998532496966728e-09
1.774998532496980377e-09
1.763326690719560578e-09
1.763326690719560578e-09
1.763326690719546930e-09
1.763326690719560578e-09
1.763326690719546930e-09
1.739736048504088958e-09
1.739736048504088958e-09
1.739736048504061868e-09
1.739736048504088958e-09
1.727816591497765848e-09
1.727816591497779290e-09
1.727816591497738758e-09
1.727816591497765848e-09
1.703727995670445118e-09
1.703727995670458766e-09
1.703727995670458766e-09
1.703727995670458766e-09
1.691558201136990506e-09
1.691558201136990506e-09
1.691558201136990506e-09
1.691558201137003948e-09
1.691558201137003948e-09
1.666966207856882934e-09
1.666966207856882934e-09
1.666966207856869285e-09
1.666966207856882934e-09
1.654543354299564458e-09
1.654543354299577900e-09
1.654543354299577900e-09
1.654543354299564458e-09
1.629442521490336239e-09
1.629442521490363329e-09
1.629442521490349887e-09
1.629442521490336239e-09
1.616763888377225150e-09
1.616763888377211708e-09
1.616763888377225150e-09
1.616763888377225150e-09
1.616763888377238799e-09
1.591148776031492004e-09
1.591148776031478356e-09
1.591148776031505653e-09
1.591148776031478356e-09
1.578211643933964429e-09
1.578211643933964429e-09
1.578211643933964429e-09
1.578211643933964429e-09
1.552076814390944494e-09
1.552076814390931052e-09
1.552076814390958142e-09
1.552076814390958142e-09
1.538878465123131884e-09
1.538878465123159181e-09
1.538878465123145533e-09
1.538878465123145533e-09
1.512218483350898350e-09
1.512218483350898350e-09
1.512218483350884908e-09
1.512218483350911998e-09
1.512218483350925646e-09
1.498756200114401075e-09
1.498756200114441814e-09
1.498756200114428165e-09
1.498756200114414724e-09
1.471565634002982882e-09
1.471565634002982882e-09
1.471565634002982882e-09
1.471565634002982882e-09
1.457836701525940800e-09
1.457836701525940800e-09
1.457836701525954242e-09
1.457836701525940800e-09
1.430110122130500090e-09
1.430110122130513738e-09
1.430110122130473000e-09
1.430110122130500090e-09
1.416111826793006359e-09
1.416111826793033450e-09
1.416111826793047098e-09
1.416111826793006359e-09
1.416111826793033450e-09
1.387843808643541929e-09
1.387843808643541929e-09
1.387843808643555370e-09
1.387843808643541929e-09
1.373573438635782781e-09
1.373573438635782781e-09
1.373573438635782781e-09
1.373573438635796223e-09
1.344758560000175169e-09
1.344758560000202466e-09
1.344758560000188817e-09
1.344758560000202466e-09
1.330213405443503505e-09
1.330213405443503505e-09
1.330213405443503505e-09
1.330213405443517153e-09
1.300846248581517551e-09
1.300846248581503903e-09
1.300846248581531200e-09
1.300846248581531200e-09
1.300846248581503903e-09
1.286023601659019887e-09
1.286023601659033535e-09
1.286023601659019887e-09
1.286023601659033535e-09
1.256098753095155634e-09
1.256098753095141986e-09
1.256098753095141986e-09
1.256098753095155634e-09
1.240995908197003036e-09
1.240995908197003036e-09
1.240995908197003036e-09
1.240995908197003036e-09
1.210507958980776588e-09
1.210507958980749291e-09
1.210507958980762940e-09
1.210507958980749291e-09
1.195122212796965684e-09
1.195122212796965684e-09
1.195122212796979333e-09
1.195122212796965684e-09
1.164065758720792300e-09
1.164065758720792300e-09
1.164065758720799124e-09
1.164065758720799124e-09
1.148394410406439745e-09
1.148394410406466835e-09
1.148394410406446362e-09
1.148394410406453186e-09
1.148394410406446362e-09
1.116764052319845633e-09
1.116764052319832192e-09
1.116764052319832192e-09
1.116764052319845633e-09
1.100804403609988164e-09
1.100804403609967691e-09
1.100804403609974516e-09
1.100804403609981340e-09
1.068594747641746323e-09
1.068594747641739706e-09
1.068594747641746323e-09
1.068594747641739706e-09
1.052344102968813848e-09
1.052344102968807024e-09
1.052344102968807024e-09
1.052344102968813848e-09
1.019549760763638072e-09
1.019549760763638072e-09
1.019549760763644897e-09
1.019549760763638072e-09
1.003005427378798171e-09
1.003005427378791347e-09
1.003005427378804995e-09
1.003005427378798171e-09
9.696210163614004053e-10
9.696210163613935810e-10
9.696210163614072295e-10
9.696210163613935810e-10
9.527803044853409469e-10
9.527803044853341227e-10
9.527803044853409469e-10
9.527803044853275053e-10
9.188004480570756913e-10
9.188004480570756913e-10
9.188004480570756913e-10
9.188004480570756913e-10
9.188004480570621463e-10
9.016606709134907607e-10
9.016606709134907607e-10
9.016606709134907607e-10
9.016606709134907607e-10
8.670799987108310208e-10
8.670799987108243000e-10
8.670799987108243000e-10
8.670799987108378450e-10
8.496384727424325170e-10
8.496384727424325170e-10
8.496384727424256928e-10
8.496384727424256928e-10
8.144516208965655505e-10
8.144516208965655505e-10
8.144516208965655505e-10
8.144516208965587262e-10
7.967056658353578675e-10
7.967056658353510433e-10
7.967056658353578675e-10
7.967056658353645883e-10
7.609072771745794257e-10
7.609072771745861465e-10
7.609072771745794257e-10
7.609072771745794257e-10
7.428542161563821942e-10
7.428542161563754734e-10
7.428542161563821942e-10
7.428542161563821942e-10
7.064389404306192935e-10
7.064389404306192935e-10
7.064389404306260143e-10
7.064389404306192935e-10
6.880761001104785152e-10
6.880761001104717943e-10
6.880761001104717943e-10
6.880761001104717943e-10
6.510385942441772650e-10
6.510385942441637200e-10
6.510385942441637200e-10
6.510385942441637200e-10
6.323633049179607593e-10
6.323633049179540385e-10
6.323633049179540385e-10
6.323633049179607593e-10
5.946982331348834115e-10
5.946982331348799994e-10
5.946982331348868237e-10
5.946982331348868237e-10
5.757078287882553878e-10
5.757078287882519757e-10
5.757078287882553878e-10
5.757078287882553878e-10
5.374098629223686218e-10
5.374098629223686218e-10
5.374098629223653130e-10
5.374098629223720339e-10
5.181016814254845244e-10
5.181016814254811123e-10
5.181016814254811123e-10
5.181016814254912452e-10
5.181016814254777002e-10
4.791655011189402668e-10
4.791655011189368547e-10
4.791655011189402668e-10
4.791655011189402668e-10
4.595368842858574717e-10
4.595368842858574717e-10
4.595368842858642442e-10
4.595368842858574717e-10
4.199571771829785379e-10
4.199571771829818983e-10
4.199571771829818983e-10
4.199571771829818983e-10
4.000054708785537817e-10
4.000054708785504213e-10
4.000054708785537817e-10
4.000054708785504213e-10
3.597769328244685299e-10
3.597769328244719420e-10
3.597769328244685299e-10
3.597769328244719420e-10
3.394994870741743050e-10
3.394994870741811293e-10
3.394994870741777171e-10
3.394994870741777171e-10
2.986168223627209081e-10
2.986168223627209081e-10
2.986168223627192021e-10
2.986168223627209081e-10
2.780109914407514683e-10
2.780109914407514683e-10
2.780109914407497622e-10
2.780109914407531743e-10
2.364689128706779090e-10
2.364689128706779090e-10
2.364689128706779090e-10
2.364689128706795634e-10
2.155320553738790791e-10
2.155320553738807852e-10
2.155320553738773989e-10
2.155320553738773989e-10
1.733252846103173036e-10
1.733252846103173036e-10
1.733252846103173036e-10
1.733252846103173036e-10
1.520547636218585105e-10
1.520547636218585105e-10
1.520547636218601907e-10
1.520547636218585105e-10
1.091780313336068383e-10
1.091780313336068383e-10
1.091780313336051452e-10
1.091780313336068383e-10
8.757121447908941795e-11
8.757121447908941795e-11
8.757121447908941795e-11
8.757121447908856492e-11
4.673277234705589855e-11
4.673277234705589855e-11
4.673277234705547849e-11
1.383126231426518919e-11
1.383126231426518919e-11
1.383126231426518919e-11
1.383126231426508256e-11
0.000000000000000000e+00
0.000000000000000000e+00
0.000000000000000000e+00
0.000000000000000000e+00
0.000000000000000000e+00
0.000000000000000000e+00
0.000000000000000000e+00
0.000000000000000000e+00
0.000000000000000000e+00
0.000000000000000000e+00
0.000000000000000000e+00
0.000000000000000000e+00
0.000000000000000000e+00
0.000000000000000000e+00
0.000000000000000000e+00
0.000000000000000000e+00
0.000000000000000000e+00
0.000000000000000000e+00
0.000000000000000000e+00
0.000000000000000000e+00
0.000000000000000000e+00
0.000000000000000000e+00
0.000000000000000000e+00
0.000000000000000000e+00
0.000000000000000000e+00
0.000000000000000000e+00
0.000000000000000000e+00
0.000000000000000000e+00
0.000000000000000000e+00
0.000000000000000000e+00
0.000000000000000000e+00
0.000000000000000000e+00
0.000000000000000000e+00
0.000000000000000000e+00
0.000000000000000000e+00
0.000000000000000000e+00
0.000000000000000000e+00
0.000000000000000000e+00
0.000000000000000000e+00
0.000000000000000000e+00
0.000000000000000000e+00
0.000000000000000000e+00
0.000000000000000000e+00
0.000000000000000000e+00
0.000000000000000000e+00
0.000000000000000000e+00
0.000000000000000000e+00
0.000000000000000000e+00
0.000000000000000000e+00
0.000000000000000000e+00
0.000000000000000000e+00
0.000000000000000000e+00
0.000000000000000000e+00
0.000000000000000000e+00
0.000000000000000000e+00
0.000000000000000000e+00
0.000000000000000000e+00
0.000000000000000000e+00
0.000000000000000000e+00
0.000000000000000000e+00
0.000000000000000000e+00
0.000000000000000000e+00
0.000000000000000000e+00
0.000000000000000000e+00
0.000000000000000000e+00
0.000000000000000000e+00
0.000000000000000000e+00
0.000000000000000000e+00
0.000000000000000000e+00
0.000000000000000000e+00
0.000000000000000000e+00
0.000000000000000000e+00
0.000000000000000000e+00
0.000000000000000000e+00
0.000000000000000000e+00
0.000000000000000000e+00
0.000000000000000000e+00
0.000000000000000000e+00
0.000000000000000000e+00
0.000000000000000000e+00
0.000000000000000000e+00
0.000000000000000000e+00
0.000000000000000000e+00
0.000000000000000000e+00
0.000000000000000000e+00
0.000000000000000000e+00
0.000000000000000000e+00
0.000000000000000000e+00
0.000000000000000000e+00
0.000000000000000000e+00
0.000000000000000000e+00
0.000000000000000000e+00
0.000000000000000000e+00
0.000000000000000000e+00
0.000000000000000000e+00
0.000000000000000000e+00
0.000000000000000000e+00
0.000000000000000000e+00
0.000000000000000000e+00
0.000000000000000000e+00
0.000000000000000000e+00
0.000000000000000000e+00
0.000000000000000000e+00
0.000000000000000000e+00
0.000000000000000000e+00
0.000000000000000000e+00
0.000000000000000000e+00
0.000000000000000000e+00
0.000000000000000000e+00
0.000000000000000000e+00
0.000000000000000000e+00
0.000000000000000000e+00
0.000000000000000000e+00
0.000000000000000000e+00
0.000000000000000000e+00
0.000000000000000000e+00
0.000000000000000000e+00
0.000000000000000000e+00
0.000000000000000000e+00
0.000000000000000000e+00
0.000000000000000000e+00
0.000000000000000000e+00
0.000000000000000000e+00
0.000000000000000000e+00
0.000000000000000000e+00
0.000000000000000000e+00
0.000000000000000000e+00
0.000000000000000000e+00
0.000000000000000000e+00
0.000000000000000000e+00
0.000000000000000000e+00
0.000000000000000000e+00
0.000000000000000000e+00
0.000000000000000000e+00
0.000000000000000000e+00
0.000000000000000000e+00
0.000000000000000000e+00
0.000000000000000000e+00
0.000000000000000000e+00
0.000000000000000000e+00
0.000000000000000000e+00
0.000000000000000000e+00
0.000000000000000000e+00
0.000000000000000000e+00
0.000000000000000000e+00
0.000000000000000000e+00
0.000000000000000000e+00
0.000000000000000000e+00
0.000000000000000000e+00
0.000000000000000000e+00
0.000000000000000000e+00
0.000000000000000000e+00
0.000000000000000000e+00
0.000000000000000000e+00
0.000000000000000000e+00
0.000000000000000000e+00
0.000000000000000000e+00
0.000000000000000000e+00
0.000000000000000000e+00
0.000000000000000000e+00
0.000000000000000000e+00
0.000000000000000000e+00
0.000000000000000000e+00
0.000000000000000000e+00
0.000000000000000000e+00
0.000000000000000000e+00
0.000000000000000000e+00
0.000000000000000000e+00
0.000000000000000000e+00
0.000000000000000000e+00
0.000000000000000000e+00
0.000000000000000000e+00
0.000000000000000000e+00
0.000000000000000000e+00
0.000000000000000000e+00
0.000000000000000000e+00
0.000000000000000000e+00
0.000000000000000000e+00
0.000000000000000000e+00
0.000000000000000000e+00
0.000000000000000000e+00
0.000000000000000000e+00
0.000000000000000000e+00
0.000000000000000000e+00
0.000000000000000000e+00
0.000000000000000000e+00
0.000000000000000000e+00
0.000000000000000000e+00
0.000000000000000000e+00
0.000000000000000000e+00
0.000000000000000000e+00
0.000000000000000000e+00
0.000000000000000000e+00
0.000000000000000000e+00
0.000000000000000000e+00
0.000000000000000000e+00
0.000000000000000000e+00
0.000000000000000000e+00
0.000000000000000000e+00
0.000000000000000000e+00
0.000000000000000000e+00
0.000000000000000000e+00
0.000000000000000000e+00
0.000000000000000000e+00
0.000000000000000000e+00
0.000000000000000000e+00
0.000000000000000000e+00
0.000000000000000000e+00
0.000000000000000000e+00
0.000000000000000000e+00
0.000000000000000000e+00
0.000000000000000000e+00
0.000000000000000000e+00
0.000000000000000000e+00
0.000000000000000000e+00
0.000000000000000000e+00
0.000000000000000000e+00
0.000000000000000000e+00
0.000000000000000000e+00
0.000000000000000000e+00
0.000000000000000000e+00
0.000000000000000000e+00
0.000000000000000000e+00
0.000000000000000000e+00
0.000000000000000000e+00
0.000000000000000000e+00
0.000000000000000000e+00
0.000000000000000000e+00
0.000000000000000000e+00
0.000000000000000000e+00
0.000000000000000000e+00
0.000000000000000000e+00
0.000000000000000000e+00
0.000000000000000000e+00
0.000000000000000000e+00
0.000000000000000000e+00
0.000000000000000000e+00
0.000000000000000000e+00
0.000000000000000000e+00
0.000000000000000000e+00
0.000000000000000000e+00
0.000000000000000000e+00
0.000000000000000000e+00
0.000000000000000000e+00
0.000000000000000000e+00
0.000000000000000000e+00
0.000000000000000000e+00
0.000000000000000000e+00
0.000000000000000000e+00
0.000000000000000000e+00
0.000000000000000000e+00
0.000000000000000000e+00
0.000000000000000000e+00
0.000000000000000000e+00
0.000000000000000000e+00
0.000000000000000000e+00
0.000000000000000000e+00
0.000000000000000000e+00
0.000000000000000000e+00
0.000000000000000000e+00
0.000000000000000000e+00
0.000000000000000000e+00
0.000000000000000000e+00
0.000000000000000000e+00
0.000000000000000000e+00
0.000000000000000000e+00
0.000000000000000000e+00
0.000000000000000000e+00
0.000000000000000000e+00
0.000000000000000000e+00
0.000000000000000000e+00
0.000000000000000000e+00
0.000000000000000000e+00
0.000000000000000000e+00
0.000000000000000000e+00
0.000000000000000000e+00
0.000000000000000000e+00
0.000000000000000000e+00
0.000000000000000000e+00
0.000000000000000000e+00
0.000000000000000000e+00
0.000000000000000000e+00
0.000000000000000000e+00
0.000000000000000000e+00
0.000000000000000000e+00
0.000000000000000000e+00
0.000000000000000000e+00
0.000000000000000000e+00
0.000000000000000000e+00
0.000000000000000000e+00
0.000000000000000000e+00
0.000000000000000000e+00
0.000000000000000000e+00
0.000000000000000000e+00
0.000000000000000000e+00
0.000000000000000000e+00
0.000000000000000000e+00
0.000000000000000000e+00
0.000000000000000000e+00
0.000000000000000000e+00
0.000000000000000000e+00
0.000000000000000000e+00
0.000000000000000000e+00
0.000000000000000000e+00
0.000000000000000000e+00
0.000000000000000000e+00
0.000000000000000000e+00
0.000000000000000000e+00
0.000000000000000000e+00
0.000000000000000000e+00
0.000000000000000000e+00
0.000000000000000000e+00
0.000000000000000000e+00
0.000000000000000000e+00
0.000000000000000000e+00
0.000000000000000000e+00
0.000000000000000000e+00
0.000000000000000000e+00
0.000000000000000000e+00
0.000000000000000000e+00
0.000000000000000000e+00
0.000000000000000000e+00
0.000000000000000000e+00
0.000000000000000000e+00
0.000000000000000000e+00
0.000000000000000000e+00
0.000000000000000000e+00
0.000000000000000000e+00
0.000000000000000000e+00
0.000000000000000000e+00
0.000000000000000000e+00
0.000000000000000000e+00
0.000000000000000000e+00
0.000000000000000000e+00
0.000000000000000000e+00
0.000000000000000000e+00
0.000000000000000000e+00
0.000000000000000000e+00
0.000000000000000000e+00
0.000000000000000000e+00
0.000000000000000000e+00
0.000000000000000000e+00
0.000000000000000000e+00
0.000000000000000000e+00
0.000000000000000000e+00
0.000000000000000000e+00
0.000000000000000000e+00
0.000000000000000000e+00
0.000000000000000000e+00
0.000000000000000000e+00
0.000000000000000000e+00
0.000000000000000000e+00
0.000000000000000000e+00
0.000000000000000000e+00
0.000000000000000000e+00
0.000000000000000000e+00
0.000000000000000000e+00
0.000000000000000000e+00
0.000000000000000000e+00
0.000000000000000000e+00
0.000000000000000000e+00
0.000000000000000000e+00
0.000000000000000000e+00
0.000000000000000000e+00
0.000000000000000000e+00
0.000000000000000000e+00
0.000000000000000000e+00
0.000000000000000000e+00
0.000000000000000000e+00
0.000000000000000000e+00
0.000000000000000000e+00
0.000000000000000000e+00
0.000000000000000000e+00
0.000000000000000000e+00
0.000000000000000000e+00
0.000000000000000000e+00
0.000000000000000000e+00
0.000000000000000000e+00
0.000000000000000000e+00
0.000000000000000000e+00
0.000000000000000000e+00
0.000000000000000000e+00
0.000000000000000000e+00
0.000000000000000000e+00
0.000000000000000000e+00
0.000000000000000000e+00
0.000000000000000000e+00
0.000000000000000000e+00
0.000000000000000000e+00
0.000000000000000000e+00
0.000000000000000000e+00
0.000000000000000000e+00
0.000000000000000000e+00
0.000000000000000000e+00
0.000000000000000000e+00
0.000000000000000000e+00
0.000000000000000000e+00
0.000000000000000000e+00
0.000000000000000000e+00
0.000000000000000000e+00
0.000000000000000000e+00
0.000000000000000000e+00
0.000000000000000000e+00
0.000000000000000000e+00
0.000000000000000000e+00
0.000000000000000000e+00
0.000000000000000000e+00
0.000000000000000000e+00
0.000000000000000000e+00
0.000000000000000000e+00
0.000000000000000000e+00
0.000000000000000000e+00
0.000000000000000000e+00
0.000000000000000000e+00
0.000000000000000000e+00
0.000000000000000000e+00
0.000000000000000000e+00
0.000000000000000000e+00
0.000000000000000000e+00
0.000000000000000000e+00
0.000000000000000000e+00
0.000000000000000000e+00
0.000000000000000000e+00
0.000000000000000000e+00
0.000000000000000000e+00
0.000000000000000000e+00
0.000000000000000000e+00
0.000000000000000000e+00
0.000000000000000000e+00
0.000000000000000000e+00
0.000000000000000000e+00
0.000000000000000000e+00
0.000000000000000000e+00
0.000000000000000000e+00
0.000000000000000000e+00
0.000000000000000000e+00
0.000000000000000000e+00
0.000000000000000000e+00
0.000000000000000000e+00
0.000000000000000000e+00
0.000000000000000000e+00
0.000000000000000000e+00
0.000000000000000000e+00
0.000000000000000000e+00
0.000000000000000000e+00
0.000000000000000000e+00
0.000000000000000000e+00
0.000000000000000000e+00
0.000000000000000000e+00
0.000000000000000000e+00
0.000000000000000000e+00
0.000000000000000000e+00
0.000000000000000000e+00
0.000000000000000000e+00
0.000000000000000000e+00
0.000000000000000000e+00
0.000000000000000000e+00
0.000000000000000000e+00
0.000000000000000000e+00
0.000000000000000000e+00
0.000000000000000000e+00
0.000000000000000000e+00
0.000000000000000000e+00
0.000000000000000000e+00
0.000000000000000000e+00
0.000000000000000000e+00
0.000000000000000000e+00
0.000000000000000000e+00
0.000000000000000000e+00
0.000000000000000000e+00
0.000000000000000000e+00
0.000000000000000000e+00
0.000000000000000000e+00
0.000000000000000000e+00
0.000000000000000000e+00
0.000000000000000000e+00
0.000000000000000000e+00
0.000000000000000000e+00
0.000000000000000000e+00
0.000000000000000000e+00
0.000000000000000000e+00
0.000000000000000000e+00
0.000000000000000000e+00
0.000000000000000000e+00
0.000000000000000000e+00
0.000000000000000000e+00
0.000000000000000000e+00
0.000000000000000000e+00
0.000000000000000000e+00
0.000000000000000000e+00
0.000000000000000000e+00
0.000000000000000000e+00
0.000000000000000000e+00
0.000000000000000000e+00
0.000000000000000000e+00
0.000000000000000000e+00
0.000000000000000000e+00
0.000000000000000000e+00
0.000000000000000000e+00
0.000000000000000000e+00
0.000000000000000000e+00
0.000000000000000000e+00
0.000000000000000000e+00
0.000000000000000000e+00
0.000000000000000000e+00
0.000000000000000000e+00
0.000000000000000000e+00
0.000000000000000000e+00
0.000000000000000000e+00
0.000000000000000000e+00
0.000000000000000000e+00
0.000000000000000000e+00
0.000000000000000000e+00
0.000000000000000000e+00
0.000000000000000000e+00
0.000000000000000000e+00
0.000000000000000000e+00
0.000000000000000000e+00
0.000000000000000000e+00
0.000000000000000000e+00
0.000000000000000000e+00
0.000000000000000000e+00
0.000000000000000000e+00
0.000000000000000000e+00
0.000000000000000000e+00
0.000000000000000000e+00
0.000000000000000000e+00
0.000000000000000000e+00
0.000000000000000000e+00
0.000000000000000000e+00
0.000000000000000000e+00
0.000000000000000000e+00
0.000000000000000000e+00
0.000000000000000000e+00
0.000000000000000000e+00
0.000000000000000000e+00
0.000000000000000000e+00
0.000000000000000000e+00
0.000000000000000000e+00
0.000000000000000000e+00
0.000000000000000000e+00
0.000000000000000000e+00
0.000000000000000000e+00
0.000000000000000000e+00
0.000000000000000000e+00
0.000000000000000000e+00
0.000000000000000000e+00
0.000000000000000000e+00
0.000000000000000000e+00
0.000000000000000000e+00
0.000000000000000000e+00
0.000000000000000000e+00
0.000000000000000000e+00
0.000000000000000000e+00
0.000000000000000000e+00
0.000000000000000000e+00
0.000000000000000000e+00
0.000000000000000000e+00
0.000000000000000000e+00
0.000000000000000000e+00
0.000000000000000000e+00
0.000000000000000000e+00
0.000000000000000000e+00
0.000000000000000000e+00
0.000000000000000000e+00
0.000000000000000000e+00
0.000000000000000000e+00
0.000000000000000000e+00
0.000000000000000000e+00
0.000000000000000000e+00
0.000000000000000000e+00
0.000000000000000000e+00
0.000000000000000000e+00
0.000000000000000000e+00
0.000000000000000000e+00
0.000000000000000000e+00
0.000000000000000000e+00
0.000000000000000000e+00
0.000000000000000000e+00
0.000000000000000000e+00
0.000000000000000000e+00
0.000000000000000000e+00
0.000000000000000000e+00
0.000000000000000000e+00
0.000000000000000000e+00
0.000000000000000000e+00
0.000000000000000000e+00
0.000000000000000000e+00
0.000000000000000000e+00
0.000000000000000000e+00
0.000000000000000000e+00
0.000000000000000000e+00
0.000000000000000000e+00
0.000000000000000000e+00
0.000000000000000000e+00
0.000000000000000000e+00
0.000000000000000000e+00
0.000000000000000000e+00
0.000000000000000000e+00
0.000000000000000000e+00
0.000000000000000000e+00
0.000000000000000000e+00
0.000000000000000000e+00
0.000000000000000000e+00
0.000000000000000000e+00
0.000000000000000000e+00
0.000000000000000000e+00
0.000000000000000000e+00
0.000000000000000000e+00
0.000000000000000000e+00
0.000000000000000000e+00
0.000000000000000000e+00
0.000000000000000000e+00
0.000000000000000000e+00
0.000000000000000000e+00
0.000000000000000000e+00
0.000000000000000000e+00
0.000000000000000000e+00
0.000000000000000000e+00
0.000000000000000000e+00
0.000000000000000000e+00
0.000000000000000000e+00
0.000000000000000000e+00
0.000000000000000000e+00
0.000000000000000000e+00
0.000000000000000000e+00
0.000000000000000000e+00
0.000000000000000000e+00
0.000000000000000000e+00
0.000000000000000000e+00
0.000000000000000000e+00
0.000000000000000000e+00
0.000000000000000000e+00
0.000000000000000000e+00
0.000000000000000000e+00
0.000000000000000000e+00
0.000000000000000000e+00
0.000000000000000000e+00
0.000000000000000000e+00
0.000000000000000000e+00
0.000000000000000000e+00
0.000000000000000000e+00
0.000000000000000000e+00
0.000000000000000000e+00
0.000000000000000000e+00
0.000000000000000000e+00
0.000000000000000000e+00
0.000000000000000000e+00
0.000000000000000000e+00
0.000000000000000000e+00
0.000000000000000000e+00
0.000000000000000000e+00
0.000000000000000000e+00
0.000000000000000000e+00
0.000000000000000000e+00
0.000000000000000000e+00
0.000000000000000000e+00
0.000000000000000000e+00
0.000000000000000000e+00
0.000000000000000000e+00
0.000000000000000000e+00
0.000000000000000000e+00
0.000000000000000000e+00
0.000000000000000000e+00
0.000000000000000000e+00
0.000000000000000000e+00
0.000000000000000000e+00
0.000000000000000000e+00
0.000000000000000000e+00
0.000000000000000000e+00
0.000000000000000000e+00
0.000000000000000000e+00
0.000000000000000000e+00
0.000000000000000000e+00
0.000000000000000000e+00
0.000000000000000000e+00
0.000000000000000000e+00
0.000000000000000000e+00
0.000000000000000000e+00
0.000000000000000000e+00
0.000000000000000000e+00
0.000000000000000000e+00
0.000000000000000000e+00
0.000000000000000000e+00
0.000000000000000000e+00
0.000000000000000000e+00
0.000000000000000000e+00
0.000000000000000000e+00
0.000000000000000000e+00
0.000000000000000000e+00
0.000000000000000000e+00
0.000000000000000000e+00
0.000000000000000000e+00
0.000000000000000000e+00
0.000000000000000000e+00
0.000000000000000000e+00
0.000000000000000000e+00
0.000000000000000000e+00
0.000000000000000000e+00
0.000000000000000000e+00
0.000000000000000000e+00
0.000000000000000000e+00
0.000000000000000000e+00
0.000000000000000000e+00
0.000000000000000000e+00
0.000000000000000000e+00
0.000000000000000000e+00
0.000000000000000000e+00
0.000000000000000000e+00
0.000000000000000000e+00
0.000000000000000000e+00
0.000000000000000000e+00
0.000000000000000000e+00
0.000000000000000000e+00
0.000000000000000000e+00
0.000000000000000000e+00
0.000000000000000000e+00
0.000000000000000000e+00
0.000000000000000000e+00
0.000000000000000000e+00
0.000000000000000000e+00
0.000000000000000000e+00
0.000000000000000000e+00
0.000000000000000000e+00
0.000000000000000000e+00
0.000000000000000000e+00
0.000000000000000000e+00
0.000000000000000000e+00
0.000000000000000000e+00
0.000000000000000000e+00
0.000000000000000000e+00
0.000000000000000000e+00
0.000000000000000000e+00
0.000000000000000000e+00
0.000000000000000000e+00
0.000000000000000000e+00
0.000000000000000000e+00
0.000000000000000000e+00
0.000000000000000000e+00
0.000000000000000000e+00
0.000000000000000000e+00
0.000000000000000000e+00
0.000000000000000000e+00
0.000000000000000000e+00
0.000000000000000000e+00
0.000000000000000000e+00
0.000000000000000000e+00
0.000000000000000000e+00
0.000000000000000000e+00
0.000000000000000000e+00
0.000000000000000000e+00
0.000000000000000000e+00
0.000000000000000000e+00
0.000000000000000000e+00
