2.391213351796620844e-05
2.527948900949489447e-05
2.655035566395395110e-05
2.772958497831996325e-05
2.882179022339980857e-05
2.983130978017859992e-05
3.076219404669717567e-05
3.161829467147048698e-05
3.240323500126524102e-05
3.312040775711739263e-05
3.377300674605177293e-05
3.436407695195096740e-05
3.489648080019728263e-05
3.537294322545952232e-05
3.579606604281299710e-05
3.616833093718960207e-05
3.649212538395410325e-05
3.676978819222859326e-05
3.700352218646803449e-05
3.719544449157556420e-05
3.734766767880297935e-05
3.746213545160171862e-05
3.754071553817136050e-05
3.758529566540195165e-05
3.759764767577588478e-05
3.757944985949878070e-05
3.753242397973174059e-05
3.745818481124229123e-05
3.735820992068109540e-05
3.723410559916159304e-05
3.708730471077305155e-05
3.691926685686750567e-05
3.673135923069840839e-05
3.652497550230413605e-05
3.630142004957404570e-05
3.606198415726157784e-05
3.580793586212709697e-05
3.554045793120744136e-05
3.526077664282930305e-05
3.496996121114217171e-05
3.466914106818883766e-05
3.435939320912937442e-05
3.404164744635195135e-05
3.371698524410738886e-05
3.338622358251385337e-05
3.305036251987628402e-05
3.271018049834492538e-05
3.236653248091233084e-05
3.202021996049844591e-05
3.167192544719231760e-05
3.132245218346801983e-05
3.097240822120251561e-05
3.062244313149577087e-05
3.027321244763109127e-05
2.992519586556510898e-05
2.957899198454481051e-05
2.923511332926126923e-05
2.889394121830998256e-05
2.855598143123029464e-05
2.822164208418507237e-05
2.789122324973877857e-05
2.756511902197699831e-05
2.724367261577419745e-05
2.692707463240710813e-05
2.661563254724412864e-05
2.630960778975764539e-05
2.600915240187821431e-05
2.571444802246408316e-05
2.542569448709347893e-05
2.514297697283058482e-05
2.486638052808047336e-05
2.459603123258502307e-05
2.433202348478127205e-05
2.407438100074176280e-05
2.382312041141145838e-05
2.357826053905093226e-05
2.333980824512400803e-05
2.310774775685163051e-05
2.288204387117241700e-05
2.266264395671804198e-05
2.244948504694356010e-05
2.224250513030910333e-05
2.204162410832927115e-05
2.184672254115983502e-05
2.165774569407879452e-05
2.147454937378565125e-05
2.129697091933604300e-05
2.112495284043281626e-05
2.095836591795628991e-05
2.079698956020847972e-05
2.064070223751441748e-05
2.048941197878124211e-05
2.034289327167913188e-05
2.020100987671462819e-05
2.006358474081969980e-05
1.993041200467284119e-05
1.980142129659469592e-05
1.967635772501662053e-05
1.955503937104419369e-05
1.943733115391024283e-05
1.932299830178713500e-05
1.921194598165265377e-05
1.910392876790609912e-05
1.899877090852825383e-05
1.889631937554757409e-05
1.879636368998470125e-05
1.869879021334820295e-05
1.860335984383797961e-05
1.850993990900595405e-05
1.841833299066936264e-05
1.832839762339799462e-05
1.823997279036586533e-05
1.815289674880203426e-05
1.806700920770538366e-05
1.798214372800553237e-05
1.789818280107284969e-05
1.781497445151538511e-05
1.773238902272078103e-05
1.765028438419734885e-05
1.756853090111253318e-05
1.748701077425581659e-05
1.740561840640600228e-05
1.732424879161461445e-05
1.724278687897391122e-05
1.716114261909228045e-05
1.707920389622862991e-05
1.699690867816955840e-05
1.691416923088999040e-05
1.683094122301301827e-05
1.674711931766109207e-05
1.666267693915927272e-05
1.657752742094293914e-05
1.649164589589997498e-05
1.640499298915104666e-05
1.631754688420183723e-05
1.622927441959125128e-05
1.614013669042669937e-05
1.605014524768606809e-05
1.595925589315872785e-05
1.586750708426794615e-05
1.577487247673660785e-05
1.568139483350194040e-05
1.558705837836428157e-05
1.549188411790670107e-05
1.539590591918324057e-05
1.529913039143875587e-05
1.520162023844416735e-05
1.510339732889696611e-05
1.500451533802912229e-05
1.490501064299638590e-05
1.480491884653731650e-05
1.470430539743421955e-05
1.460321279900438398e-05
1.450170831815719015e-05
1.439985745774387209e-05
1.429771578587541480e-05
1.419534327330387817e-05
1.409280456291188032e-05
1.399015415412339389e-05
1.388747851669867683e-05
1.378483789218125187e-05
1.368229103381144596e-05
1.357993626325083709e-05
1.347781174785017660e-05
1.337599496727863951e-05
1.327456316865064004e-05
1.317354647979315731e-05
1.307306373311147872e-05
1.297315781922725992e-05
1.287386582033224083e-05
1.277531230245980617e-05
1.267751034171242955e-05
1.258051170857296336e-05
1.248442446199989525e-05
1.238923077567057252e-05
1.229503594611562992e-05
1.220191346428244625e-05
1.210984084531596565e-05
1.201892516672288020e-05
1.192920446218585719e-05
1.184066128443547969e-05
1.175340690266071602e-05
1.166744135500932464e-05
1.158276775456751886e-05
1.149949349398483057e-05
1.141760701656743902e-05
1.133709442298556745e-05
1.125806247257642294e-05
1.118047602497535610e-05
1.110431763391951318e-05
1.102968189478121277e-05
1.095653054004266026e-05
1.088484780605843801e-05
1.081471061914457123e-05
1.074609906803781740e-05
1.067896246333800813e-05
1.061336601032624241e-05
1.054930546587828653e-05
1.048670003247384804e-05
1.042558794614678644e-05
1.036600493658492078e-05
1.030783675643484696e-05
1.025113190017068570e-05
1.019590349094735027e-05
1.014208770023749249e-05
1.008963562265753450e-05
1.003860923647657288e-05
9.988924018766700207e-06
9.940534558979282053e-06
9.893461383737224031e-06
9.847680985547885177e-06
9.803106561171608642e-06
9.759751013809725588e-06
9.717602127431226720e-06
9.676594694572886759e-06
9.636665076695294133e-06
9.597852840073582670e-06
9.560070851428424598e-06
9.523273034073719988e-06
9.487437308129674201e-06
9.452554611474835367e-06
9.418548165433958513e-06
9.385375379576893503e-06
9.353046817360425184e-06
9.321489238303860107e-06
9.290653055745398635e-06
9.260506776823641830e-06
9.231026955399518184e-06
9.202160701216711920e-06
9.173853882649906941e-06
9.146088618650839350e-06
9.118831876072195852e-06
9.092024706083347182e-06
9.065638823124138587e-06
9.039645592699584021e-06
9.014000901190042213e-06
8.988668572923105759e-06
8.963607694590876835e-06
8.938792462155607414e-06
8.914183265807504346e-06
8.889750660566076516e-06
8.865456916004964527e-06
8.841280258304396236e-06
8.817185940360814303e-06
8.793152017145088113e-06
8.769140522254590853e-06
8.745130415564894989e-06
8.721099897683773459e-06
8.697028012593321472e-06
8.672877487922704090e-06
8.648630994897453503e-06
8.624278118365572842e-06
8.599801807662753845e-06
8.575169675685946632e-06
8.550371503072240031e-06
8.525403852581366713e-06
8.500253461557811231e-06
8.474894883421973311e-06
8.449318785582802288e-06
8.423528947688387893e-06
8.397517390440320170e-06
8.371266981509616715e-06
8.344771185754136411e-06
8.318032354352372556e-06
8.291059253754351038e-06
8.263835691611245610e-06
8.236366655414782177e-06
8.208654995336180787e-06
8.180704315430401119e-06
8.152521419742751505e-06
8.124103110801506958e-06
8.095458447350480604e-06
8.066597911255927328e-06
8.037525268525387738e-06
8.008248726085604303e-06
7.978776809084971592e-06
7.949123904394991944e-06
7.919297251227746845e-06
7.889319003875658011e-06
7.859192490860960432e-06
7.828933916439449498e-06
7.798551499267915356e-06
7.768070984506400333e-06
7.737500310602919422e-06
7.706854662678936643e-06
7.676142098940015254e-06
7.645382120136363875e-06
7.614599978364388953e-06
7.583803537355685804e-06
7.553007611220986784e-06
7.522219448059135589e-06
7.491473955637154959e-06
7.460786440546137770e-06
7.430167461195892511e-06
7.399626001707864626e-06
7.369174247068795981e-06
7.338849929645837319e-06
7.308659237655466545e-06
7.278610246310873980e-06
7.248708060729623764e-06
7.218977238872337693e-06
7.189446037341139307e-06
7.160119012614033027e-06
7.131001555889104887e-06
7.102095770467709415e-06
7.073434315443613998e-06
7.045036130802766029e-06
7.016903287890590199e-06
6.989035779351171180e-06
6.961434938855527271e-06
6.934136741530237121e-06
6.907150772008351170e-06
6.880474805264813418e-06
6.854105844324940230e-06
6.828043776725701487e-06
6.802325843579370443e-06
6.776954595210412531e-06
6.751925103704973453e-06
6.727231651772388468e-06
6.702873212017668728e-06
6.678884210519157313e-06
6.655263679986048528e-06
6.632003567546028047e-06
6.609095406555556654e-06
6.586534391713014850e-06
6.564345403175871609e-06
6.542531363692592572e-06
6.521080831657703873e-06
6.499981933985441544e-06
6.479228956402756704e-06
6.458837354108589281e-06
6.438809795682545224e-06
6.419137511265602742e-06
6.399807771428983686e-06
6.380811242637406565e-06
6.362155064351376679e-06
6.343845183738854387e-06
6.325871097278658958e-06
6.308218662363583122e-06
6.290875225529871205e-06
6.273839374465323341e-06
6.257113732358567717e-06
6.240693707196329069e-06
6.224564261838070848e-06
6.208713170476551402e-06
6.193131459418716260e-06
6.177820708978217712e-06
6.162777437761199597e-06
6.147989392346697257e-06
6.133442102874578516e-06
6.119128773228406323e-06
6.105042968702799336e-06
6.091180297522146907e-06
6.077534832555658674e-06
6.064090338032750941e-06
6.050836796487796760e-06
6.037765866113978956e-06
6.024869305496850519e-06
6.012143494982346477e-06
5.999577705763976317e-06
5.987160159922098741e-06
5.974881881934588187e-06
5.962734903889341160e-06
5.950710658318796054e-06
5.938804903794674769e-06
5.927006335274239588e-06
5.915305075252962812e-06
5.903694311223631224e-06
5.892165902868377619e-06
5.880713784729395639e-06
5.869333723405215805e-06
5.858013107283825360e-06
5.846746094847006676e-06
5.835527353223730925e-06
5.824347597326117052e-06
5.813202555332245860e-06
5.802087516644815615e-06
5.790993714641028581e-06
5.779916833246035010e-06
5.768853564059772206e-06
5.757796052896549468e-06
5.746742849321058811e-06
5.735687550605127045e-06
5.724624823885576490e-06
5.713552208525656029e-06
5.702467431442696000e-06
5.691365677521916453e-06
5.680246205529389719e-06
5.669103211976986822e-06
5.657934241083102065e-06
5.646738310697198671e-06
5.635513473377396947e-06
5.624258973846170481e-06
5.612973590603883247e-06
5.601654302204016056e-06
5.590301259102094666e-06
5.578912721612369189e-06
5.567489688842538934e-06
5.556034578257455352e-06
5.544545514767542036e-06
5.533024809492652048e-06
5.521471699518659798e-06
5.509886147032480544e-06
5.498269620369927939e-06
5.486623450540360704e-06
5.474952382629012118e-06
5.463258566679603867e-06
5.451540672898842108e-06
5.439799447988378393e-06
5.428036494019397041e-06
5.416255586843686066e-06
5.404463914627641096e-06
5.392660928933773132e-06
5.380849422204965170e-06
5.369031048515532778e-06
5.357206399342138795e-06
5.345377765555295547e-06
5.333554121658446962e-06
5.321740042094940958e-06
5.309936658429614654e-06
5.298145666786196070e-06
5.286367204467872145e-06
5.274605812358493760e-06
5.262863772820999730e-06
5.251152139069905561e-06
5.239467795765457474e-06
5.227818112751993948e-06
5.216201595771044872e-06
5.204619703196203438e-06
5.193071807690725084e-06
5.181570898461649650e-06
5.170119102645001932e-06
5.158718856887808318e-06
5.147367441281985734e-06
5.136072876151691017e-06
5.124832854735761196e-06
5.113647023875436134e-06
5.102524308400705390e-06
5.091473642533067665e-06
5.080491399473226011e-06
5.069576616635694426e-06
5.058733418197903577e-06
5.047961940356231772e-06
5.037261069736181907e-06
5.026636645916692219e-06
5.016098996371347173e-06
5.005641844338746839e-06
4.995264510028418444e-06
4.984967701148010710e-06
4.974755249710569140e-06
4.964622542973741140e-06
4.954574808801028105e-06
4.944621435281295399e-06
4.934756560108925611e-06
4.924977541052129815e-06
4.915285978058114863e-06
4.905683045056122398e-06
4.896165861780376916e-06
4.886735503629447847e-06
4.877403869769978828e-06
4.868161891679622147e-06
4.859006618590192711e-06
4.849943356869204115e-06
4.840965946706968249e-06
4.832073269521657300e-06
4.823267305892729880e-06
4.814553482955151681e-06
4.805926598979128731e-06
4.797383537603875948e-06
4.788927872411318668e-06
4.780554382095882783e-06
4.772256126658860675e-06
4.764044976877296727e-06
4.755912294410893550e-06
4.747858998196792459e-06
4.739887696792691947e-06
4.731993418284815908e-06
4.724168430291694065e-06
4.716421072186843247e-06
4.708742656887775294e-06
4.701134013985767847e-06
4.693598738944563414e-06
4.686132976122865613e-06
4.678731142387430628e-06
4.671395899855821252e-06
4.664121976058185280e-06
4.656904599235141108e-06
4.649750880440132347e-06
4.642652494433675230e-06
4.635611643338750625e-06
4.628626978719768218e-06
4.621695171917122064e-06
4.614810662530431706e-06
4.607976436254012729e-06
4.601188541816084829e-06
4.594444216338019396e-06
4.587747833661815122e-06
4.581093518564409874e-06
4.574481173798403294e-06
4.567907638849194463e-06
4.561370545163530139e-06
4.554869185458376675e-06
4.548401580946738630e-06
4.541968482957567046e-06
4.535567192429280354e-06
4.529198642825860223e-06
4.522858757843325199e-06
4.516545559710442603e-06
4.510258775525200131e-06
4.503995201212194723e-06
4.497755365642482250e-06
4.491539292914209353e-06
4.485344549998733787e-06
4.479172665566550354e-06
4.473019423355504002e-06
4.466883570266940600e-06
4.460765034377288518e-06
4.454661510446785553e-06
4.448573526743993040e-06
4.442502088427283421e-06
4.436445077480328172e-06
4.430403704459915024e-06
4.424374984890110752e-06
4.418357602094509458e-06
4.412351889310535577e-06
4.406356146911015931e-06
4.400370813360858210e-06
4.394398060925553715e-06
4.388436027088350322e-06
4.382485457554270456e-06
4.376544748968608914e-06
4.370612979797224755e-06
4.364689367482574128e-06
4.358773808067877359e-06
4.352866934096904787e-06
4.346969826367604330e-06
4.341083225829669047e-06
4.335207029804264979e-06
4.329340184519144237e-06
4.323482691335788617e-06
4.317632844637965830e-06
4.311792235059351440e-06
4.305959736389403487e-06
4.300138032259740561e-06
4.294328433741882939e-06
4.288529958648824843e-06
4.282744197430998115e-06
4.276968835002296741e-06
4.271204967277272625e-06
4.265452240882811237e-06
4.259709700703148402e-06
4.253980215943087508e-06
4.248264443649874516e-06
4.242564528385134778e-06
4.236879626813748402e-06
4.231208899868144844e-06
4.225553497745030714e-06
4.219911000879207620e-06
4.214284948152948386e-06
4.208672002389704522e-06
4.203077533376012502e-06
4.197501220676419995e-06
4.191942677000377099e-06
4.186403873730527191e-06
4.180881614552242266e-06
4.175380197243226282e-06
4.169895246647838324e-06
4.164430578795356374e-06
4.158984082134975521e-06
4.153558351990988458e-06
4.148156205112178291e-06
4.142774548316789434e-06
4.137417392527647279e-06
4.132080026157956366e-06
4.126767175499248912e-06
4.121475311655439351e-06
4.116205516052808875e-06
4.110958626123686880e-06
4.105734833100367443e-06
4.100537987904061777e-06
4.095363845566545429e-06
4.090217166744048184e-06
4.085092639601863653e-06
4.079994728518873159e-06
4.074920300803426096e-06
4.069870034091116312e-06
4.064844585155801418e-06
4.059843733171003887e-06
4.054871172426760565e-06
4.049922877034237758e-06
4.045003128869331660e-06
4.040106535602074580e-06
4.035237795511526495e-06
4.030392647368625027e-06
4.025574134011268531e-06
4.020779749232740750e-06
4.016011273866251158e-06
4.011269867831143555e-06
4.006553847355118430e-06
4.001865676286590387e-06
3.997201469455056342e-06
3.992564647567951560e-06
3.987950243856376363e-06
3.983362700081423222e-06
3.978797225947253375e-06
3.974259050981144211e-06
3.969744619689080410e-06
3.965256001183267355e-06
3.960791492478994060e-06
3.956351337874490275e-06
3.951935361724549511e-06
3.947542307464427477e-06
3.943172617894804634e-06
3.938823942352537774e-06
3.934499000127159927e-06
3.930195491171873920e-06
3.925915947048175324e-06
3.921658016080076200e-06
3.917423781512959493e-06
3.913209150601829211e-06
3.909017087472517344e-06
3.904843513783248034e-06
3.900691316733337442e-06
3.896557444936679836e-06
3.892444990568615052e-06
3.888351624588248045e-06
3.884278934062062364e-06
3.880225086511554828e-06
3.876190949254118709e-06
3.872174507768441757e-06
3.868176135897167148e-06
3.864194995188140360e-06
3.860231087748128844e-06
3.856283575756594455e-06
3.852352968082296261e-06
3.848439374366373270e-06
3.844542277756405651e-06
3.840662124879131853e-06
3.836797590994288981e-06
3.832948613394400800e-06
3.829114099410743118e-06
3.825294296510735552e-06
3.821487904501792399e-06
3.817695902987250414e-06
3.813917679669970761e-06
3.810154203145561720e-06
3.806404443468882091e-06
3.802669382794884654e-06
3.798947158236287386e-06
3.795238140970509141e-06
3.791541116620427177e-06
3.787856569443946994e-06
3.784183253054146412e-06
3.780522176476746597e-06
3.776873052124142285e-06
3.773236710549472927e-06
3.769612402450503547e-06
3.766000708118834965e-06
3.762400375173421477e-06
3.758811509234991974e-06
3.755233213746478012e-06
3.751665517812081582e-06
3.748108189323344781e-06
3.744560865867758072e-06
3.741024490769399366e-06
3.737499181926721062e-06
3.733984975104027057e-06
3.730481624862606017e-06
3.726989314790864124e-06
3.723506430641452798e-06
3.720034150046412706e-06
3.716570510791948791e-06
3.713117256241618680e-06
3.709672280801515154e-06
3.706238043941060190e-06
3.702813699026746944e-06
3.699400418598231981e-06
3.695996770267129407e-06
3.692604421118777592e-06
3.689220889170802545e-06
3.685847708027625329e-06
3.682482988610162741e-06
3.679128309900226349e-06
3.675782144217821774e-06
3.672445842137971758e-06
3.669119328519421746e-06
3.665803289412240436e-06
3.662497545220818069e-06
3.659201981571139000e-06
3.655917080748003075e-06
3.652641126869255576e-06
3.649375894614403991e-06
3.646118733489231193e-06
3.642872443884817370e-06
3.639633966600936446e-06
3.636406404377583539e-06
3.633188218338914437e-06
3.629981586108580187e-06
3.626784431820782239e-06
3.623598268116394171e-06
3.620421656025794576e-06
3.617255302063906026e-06
3.614098835960703451e-06
3.610951431199365219e-06
3.607814731842224097e-06
3.604686272037048529e-06
3.601569360545109096e-06
3.598462042461664395e-06
3.595366328973102109e-06
3.592280281739963579e-06
3.589205662579593600e-06
3.586140569151111051e-06
3.583086059676848341e-06
3.580041547571279751e-06
3.577006593681536582e-06
3.573982347920084479e-06
3.570966768577524357e-06
3.567962963818922872e-06
3.564968842403251224e-06
3.561986425358669898e-06
3.559013793922816236e-06
3.556052528638132058e-06
3.553101020878778697e-06
3.550160036636813550e-06
3.547229407532239664e-06
3.544307944799667829e-06
3.541397829461405263e-06
3.538496114406676367e-06
3.535605786144237535e-06
3.532724847842847438e-06
3.529855448480086875e-06
3.526995802216084123e-06
3.524146731712637262e-06
3.521308160316371908e-06
3.518478922213358545e-06
3.515660905877619330e-06
3.512851202775601050e-06
3.510052579346202376e-06
3.507262183469395595e-06
3.504482397828455461e-06
3.501712140172057658e-06
3.498951787876095493e-06
3.496202131546722796e-06
3.493461844879521493e-06
3.490732693184243429e-06
3.488012130409275369e-06
3.485301857499605623e-06
3.482600181587184453e-06
3.479907994198887902e-06
3.477225132593768441e-06
3.474550531947326692e-06
3.471886581533900200e-06
3.469231339986477053e-06
3.466586418069658769e-06
3.463950225588812373e-06
3.461323861082676190e-06
3.458706721615042213e-06
3.456098038786627336e-06
3.453499216462465764e-06
3.450907884614089652e-06
3.448326172293213318e-06
3.445751993926884362e-06
3.443186493254586705e-06
3.440629643337157436e-06
3.438081299599994716e-06
3.435542787245001596e-06
3.433012184803498143e-06
3.430491055667560083e-06
3.427977563353051878e-06
3.425472537752938041e-06
3.422975844855981561e-06
3.420486296493253923e-06
3.418005598109633498e-06
3.415531476023609766e-06
3.413065865159073354e-06
3.410607846079691705e-06
3.408157679302209647e-06
3.405716485885294101e-06
3.403282626106801076e-06
3.400857572696813091e-06
3.398439519109168821e-06
3.396029202462653228e-06
3.393626464114975266e-06
3.391230334834646739e-06
3.388842320450317709e-06
3.386460296435005701e-06
3.384086054197168038e-06
3.381718781545368941e-06
3.379358746555812701e-06
3.377007096365329899e-06
3.374662211974937349e-06
3.372325354488000408e-06
3.369994980839091513e-06
3.367671558856371399e-06
3.365355608419652213e-06
3.363045313076344112e-06
3.360742537230801127e-06
3.358445513374181181e-06
3.356154896732102453e-06
3.353871237998223182e-06
3.351594614121616956e-06
3.349325447645043055e-06
3.347062512504107068e-06
3.344806558127700811e-06
3.342557614207513929e-06
3.340314388694727649e-06
3.338078604294244590e-06
3.335847978659227611e-06
3.333623828831468483e-06
3.331405925251681638e-06
3.329193617533884297e-06
3.326988310439163527e-06
3.324788993391226421e-06
3.322596304449139538e-06
3.320410152289063110e-06
3.318230254444041038e-06
3.316057549543213199e-06
3.313890330179481215e-06
3.311729388760274194e-06
3.309574755970142462e-06
3.307425301170357455e-06
3.305282621420778750e-06
3.303144903946650078e-06
3.301012916335450967e-06
3.298887280544503167e-06
3.296767883981966139e-06
3.294655212208535420e-06
3.292548181869330664e-06
3.290447100628475625e-06
3.288352971054302765e-06
3.286263895801954477e-06
3.284181057125991109e-06
3.282103603840702152e-06
3.280031575774947710e-06
3.277966102713742425e-06
3.275905032146654743e-06
3.273850217401736130e-06
3.271800824891638741e-06
3.269757295027490672e-06
3.267720636327085126e-06
3.265689174890737978e-06
3.263663685649369408e-06
3.261644467207936298e-06
3.259630158865634231e-06
3.257622133086067526e-06
3.255618965555323995e-06
3.253621080380936856e-06
3.251629612778754233e-06
3.249642358237578664e-06
3.247661153605395047e-06
3.245685156753861916e-06
3.243714894464001675e-06
3.241751269740747437e-06
3.239792687844712641e-06
3.237839745522939311e-06
3.235893120115269155e-06
3.233951231452421568e-06
3.232015145142405637e-06
3.230084181473710272e-06
3.228158223673832532e-06
3.226238429212618063e-06
3.224322862396151289e-06
3.222412562547981921e-06
3.220507846031306972e-06
3.218608669548663880e-06
3.216715517164015977e-06
3.214827291161985431e-06
3.212944354840649642e-06
3.211067727697587940e-06
3.209195570277884340e-06
3.207328774309157881e-06
3.205467588037273481e-06
3.203610693930790375e-06
3.201759423326373517e-06
3.199912661671782819e-06
3.198070532949257721e-06
3.196234460224083473e-06
3.194403061677050643e-06
3.192576599943014978e-06
3.190756106930304996e-06
3.188940349830994605e-06
3.187130176818654943e-06
3.185324972626415779e-06
3.183524324361444870e-06
3.181729409660229383e-06
3.179938553335819576e-06
3.178152459292355473e-06
3.176372009527382819e-06
3.174595338327637308e-06
3.172823506949322622e-06
3.171056679878467708e-06
3.169294989286675989e-06
3.167538719767424250e-06
3.165786915979912412e-06
3.164040030635824704e-06
3.162298750892994761e-06
3.160561678347022171e-06
3.158829358401468759e-06
3.157102409206483310e-06
3.155379128586123495e-06
3.153660514137616698e-06
3.151946988589801783e-06
3.150237168060485003e-06
3.148532430864559453e-06
3.146831851465152920e-06
3.145136169993866093e-06
3.143445799676346976e-06
3.141759607528628439e-06
3.140077892659700249e-06
3.138401590569217935e-06
3.136729114198159036e-06
3.135061136056250513e-06
3.133398218003542326e-06
3.131738758668205874e-06
3.130083658813514704e-06
3.128433274481939917e-06
3.126786408629463325e-06
3.125144302498531332e-06
3.123506076564360532e-06
3.121872572839790129e-06
3.120243982372591885e-06
3.118619277522406333e-06
3.116998911654033465e-06
3.115383570832651778e-06
3.113771937828219817e-06
3.112164456745097886e-06
3.110561789869880926e-06
3.108962295655805440e-06
3.107366870461661741e-06
3.105776297520275875e-06
3.104188799355406967e-06
3.102605279838668008e-06
3.101026277835953720e-06
3.099451342813996996e-06
3.097880816245419213e-06
3.096314383998797621e-06
3.094751986001119036e-06
3.093194177418730563e-06
3.091640354496514861e-06
3.090090152937596148e-06
3.088544207421094497e-06
3.087002021153010011e-06
3.085463392437244037e-06
3.083929129572286718e-06
3.082398056343183507e-06
3.080870568415989290e-06
3.079347642763976839e-06
3.077828122553299434e-06
3.076312286908450860e-06
3.074801389208754698e-06
3.073293860243968821e-06
3.071790054067231219e-06
3.070290855500377968e-06
3.068794801133274961e-06
3.067302556975263364e-06
3.065814631592845737e-06
3.064329463870222038e-06
3.062847914232395437e-06
3.061370752866843590e-06
3.059896324540802508e-06
3.058425167892141411e-06
3.056958563415376328e-06
3.055495281403222774e-06
3.054035462281979808e-06
3.052580006437275574e-06
3.051127977046283203e-06
3.049679603533936553e-06
3.048235436439709306e-06
3.046794202941737296e-06
3.045356586924857862e-06
3.043923011551684760e-06
3.042492164789455502e-06
3.041064720307798979e-06
3.039641387496170700e-06
3.038220648636184343e-06
3.036803269252225853e-06
3.035389890898972739e-06
3.033979883467233180e-06
3.032573269501187174e-06
3.031170654832365666e-06
3.029771383627840135e-06
3.028375598783445214e-06
3.026983824920221006e-06
3.025594860190537815e-06
3.024209304699440913e-06
3.022827705094043219e-06
3.021448596621276309e-06
3.020072748416140014e-06
3.018700937438613469e-06
3.017331539192571727e-06
3.015965074470994098e-06
3.014602864717786434e-06
3.013243569461239275e-06
3.011887249377148758e-06
3.010535215324445135e-06
3.009186101566172286e-06
3.007840121585690230e-06
3.006498132999810092e-06
3.005158803405388483e-06
3.003822710268395463e-06
3.002490372025529851e-06
3.001160394578980757e-06
2.999833560510029705e-06
2.998510449052742057e-06
2.997189704186189910e-06
2.995871869363748878e-06
2.994557819749983802e-06
2.993246342808031485e-06
2.991938198081590836e-06
2.990633823284776908e-06
2.989332178655109212e-06
2.988033653183070520e-06
2.986738828972044375e-06
2.985446991906884857e-06
2.984157898030649153e-06
2.982871968707955451e-06
2.981589332267912516e-06
2.980309168037222740e-06
2.979031942910466628e-06
2.977758195279668859e-06
2.976486717919348592e-06
2.975217988820441979e-06
2.973953014319642970e-06
2.972690752721424155e-06
2.971431144443723656e-06
2.970175523346719170e-06
2.968922480471082756e-06
2.967672267803379267e-06
2.966425749756689478e-06
2.965181771049926714e-06
2.963940523033643984e-06
2.962702589487105349e-06
2.961467291258430998e-06
2.960234581714180091e-06
2.959004912868857166e-06
2.957777971231471769e-06
2.956553485641920032e-06
2.955331924369849391e-06
2.954113356615829347e-06
2.952897647054256450e-06
2.951684531016883851e-06
2.950474964769550380e-06
2.949267976324906759e-06
2.948063629346910686e-06
2.946862748953489823e-06
2.945664243649495984e-06
2.944468307515148340e-06
2.943275589607766166e-06
2.942085290938004673e-06
2.940897455733540547e-06
2.939712464364406169e-06
2.938530136007966298e-06
2.937350068051162653e-06
2.936172646580941388e-06
2.934998318996014499e-06
2.933826563926803208e-06
2.932657152952025959e-06
2.931491373307147863e-06
2.930327842539299223e-06
2.929166896651507283e-06
2.928009238059809857e-06
2.926853916903394941e-06
2.925701094106191830e-06
2.924550983357720316e-06
2.923403646746573705e-06
2.922258405363204076e-06
2.921115604076270800e-06
2.919976000539227706e-06
2.918838223483063488e-06
2.917702620280609954e-06
2.916570491009202541e-06
2.915440364560571019e-06
2.914312830486457742e-06
2.913188480943443131e-06
2.912066319774212615e-06
2.910946769773410626e-06
2.909829974771299059e-06
2.908715972510898631e-06
2.907604008183248005e-06
2.906494577140439500e-06
2.905388132505014065e-06
2.904283398480076253e-06
2.903181181064337476e-06
2.902081730627092511e-06
2.900984230214585228e-06
2.899889018025292133e-06
2.898796322913869024e-06
2.897706135748179260e-06
2.896618405906364738e-06
2.895532743469439992e-06
2.894450396768178033e-06
2.893370010521572353e-06
2.892291943306391220e-06
2.891216842776735410e-06
2.890143953877306921e-06
2.889073150161430305e-06
2.888004744580017646e-06
2.886939057744475848e-06
2.885875044946695982e-06
2.884813331667290089e-06
2.883754451098524620e-06
2.882697157562482931e-06
2.881642113449267813e-06
2.880589667675041529e-06
2.879539186773236658e-06
2.878491354065203568e-06
2.877445560187609607e-06
2.876402699133822151e-06
2.875361844508486272e-06
2.874323144322433516e-06
2.873287287953296858e-06
2.872253484422456246e-06
2.871221717532372528e-06
2.870192214109953332e-06
2.869165306841958083e-06
2.868139974935830446e-06
2.867116853896528133e-06
2.866096414069961411e-06
2.865077489778836922e-06
2.864060739960422937e-06
2.863046371174155608e-06
2.862034072629802256e-06
2.861024131121427873e-06
2.860016012349782040e-06
2.859010934583818441e-06
2.858007567740436414e-06
2.857006345472800200e-06
2.856007790408481155e-06
2.855011315174696574e-06
2.854016639623071526e-06
2.853024105503791614e-06
2.852034205127331349e-06
2.851045707012742546e-06
2.850059347884466356e-06
2.849075319745249980e-06
2.848093173786663642e-06
2.847112817525095242e-06
2.846134269231685385e-06
2.845158527478288481e-06
2.844184434758922342e-06
2.843212322429419617e-06
2.842242865294136461e-06
2.841275163085561781e-06
2.840309583852946372e-06
2.839346042363866309e-06
2.838385035076607602e-06
2.837425687481649446e-06
2.836468262893885869e-06
2.835513043030560722e-06
2.834559879365919692e-06
2.833608271740329138e-06
2.832658559270308670e-06
2.831711392868826850e-06
2.830765485549014691e-06
2.829821510555789445e-06
2.828879751704394776e-06
2.827939804288389341e-06
2.827002017964606845e-06
2.826065824749236686e-06
2.825132438362063806e-06
2.824200564200969504e-06
2.823270671671086152e-06
2.822343000322989527e-06
2.821417457879573738e-06
2.820493395211886357e-06
2.819571369802035465e-06
2.818651527800547181e-06
2.817733389090256897e-06
2.816816903039124328e-06
2.815902139252499925e-06
2.814989854896982039e-06
2.814078775926693497e-06
2.813169435355350014e-06
2.812262375285596796e-06
2.811356829007750650e-06
2.810453501986041448e-06
2.809551671706984819e-06
2.808652495870354774e-06
2.807754738519342542e-06
2.806858847948190362e-06
2.805965115435358087e-06
2.805073377315540874e-06
2.804183052699249111e-06
2.803294620042747934e-06
2.802408296749429842e-06
2.801523632560255916e-06
2.800640459037013898e-06
2.799758928844668826e-06
2.798879795809351499e-06
2.798001739861372999e-06
2.797125421352544926e-06
2.796251095468872934e-06
2.795378498148949141e-06
2.794507739505002636e-06
2.793638424909504454e-06
2.792771662406903703e-06
2.791906243902448166e-06
2.791042658391713342e-06
2.790180828175588130e-06
2.789321192759449663e-06
2.788462975570125716e-06
2.787606418789873882e-06
2.786751637833463002e-06
2.785898810850193654e-06
2.785047173148090088e-06
2.784197256623790805e-06
2.783349359852285084e-06
2.782502824786922951e-06
2.781657836955118084e-06
2.780814214022804050e-06
2.779973061584989823e-06
2.779132997618779112e-06
2.778294847594997220e-06
2.777458497079194819e-06
2.776624020916779879e-06
2.775791122255065281e-06
2.774959757278270367e-06
2.774130507337924707e-06
2.773302887194391284e-06
2.772476588166968318e-06
2.771652020073218046e-06
2.770829346961032729e-06
2.770008158650954880e-06
2.769188324997095943e-06
2.768369980072791881e-06
2.767553805209217153e-06
2.766738575003383450e-06
2.765924992013645791e-06
2.765113004210043584e-06
2.764302910755251122e-06
2.763494206844625510e-06
2.762687006718987310e-06
2.761881865454086682e-06
2.761078129810893745e-06
2.760276109222527108e-06
2.759475486236717142e-06
2.758676935419933342e-06
2.757879829382988791e-06
2.757084018693561674e-06
2.756289811761721241e-06
2.755497500576925530e-06
2.754706431326482284e-06
2.753916755158944793e-06
2.753128446451507959e-06
2.752342239807551375e-06
2.751556892078699477e-06
2.750773094831918923e-06
2.749990820902005471e-06
2.749210360701959253e-06
2.748431180016562293e-06
2.747653457874205774e-06
2.746877625802242644e-06
2.746103207680585195e-06
2.745330375438114627e-06
2.744558858582330063e-06
2.743789281916433182e-06
2.743021143363609617e-06
2.742254174561554874e-06
2.741488770917168180e-06
2.740725083707618004e-06
2.739962779983290268e-06
2.739201594819597579e-06
2.738441846732874375e-06
2.737683947523070756e-06
2.736927060366494970e-06
2.736171576927300723e-06
2.735417235703626082e-06
2.734665075385709043e-06
2.733913721282572202e-06
2.733164195457682574e-06
2.732415927245077708e-06
2.731669639740756269e-06
2.730924430198890828e-06
2.730180720915150991e-06
2.729438494420239466e-06
2.728698039539210165e-06
2.727958741592987559e-06
2.727220810056152579e-06
2.726484234240187044e-06
2.725749452358694137e-06
2.725015518593279584e-06
2.724283072713723845e-06
2.723551931837314379e-06
2.722822531130510937e-06
2.722093982470977566e-06
2.721366751181004683e-06
2.720641055032072695e-06
2.719916842273136678e-06
2.719193883274365502e-06
2.718472200832422320e-06
2.717752252616078466e-06
2.717033610360943335e-06
2.716316365860552132e-06
2.715600297293312696e-06
2.714885988554630012e-06
2.714173072380455791e-06
2.713461201174566835e-06
2.712750701821237714e-06
2.712041641832421842e-06
2.711334067990366383e-06
2.710627354481710870e-06
2.709922007889730168e-06
2.709218094812231358e-06
2.708515610709656981e-06
2.707814035068570200e-06
2.707113630609181422e-06
2.706414810126679049e-06
2.705717241886061216e-06
2.705020981146118395e-06
2.704325861978956837e-06
2.703632448625516265e-06
2.702940220760892012e-06
2.702249340729846345e-06
2.701559579555598676e-06
2.700871467194179542e-06
2.700184712502988092e-06
2.699498937784313553e-06
2.698814476492527102e-06
2.698131317885886395e-06
2.697449663099163046e-06
2.696768756664222393e-06
2.696089239488536353e-06
2.695410913722428627e-06
2.694734138550073961e-06
2.694058099209630818e-06
2.693383277253182936e-06
2.692709758229006049e-06
2.692037741414117606e-06
2.691366679850480916e-06
2.690696952470417834e-06
2.690028527089363999e-06
2.689361683744063446e-06
2.688695790648238506e-06
2.688031189199854342e-06
2.687367842765294601e-06
2.686706069687624665e-06
2.686045286503532229e-06
2.685385607818452507e-06
2.684727108381678100e-06
2.684070165439901838e-06
2.683414129114840212e-06
2.682759148539708644e-06
2.682105276173547935e-06
2.681452986374001044e-06
2.680801513613044866e-06
2.680151169705132039e-06
2.679501758780264467e-06
2.678854078125717006e-06
2.678207148975571179e-06
2.677561687745348370e-06
2.676917075715554742e-06
2.676274218740868349e-06
2.675632238016032325e-06
2.674991563965502580e-06
2.674351861718263124e-06
2.673713694809300843e-06
2.673076725000595077e-06
2.672440656818917506e-06
2.671805759188866551e-06
2.671172007908777557e-06
2.670539691683376627e-06
2.669908050767896595e-06
2.669277626704920672e-06
2.668648153716589696e-06
2.668020293042683196e-06
2.667393000236559456e-06
2.666766905758663845e-06
2.666141667707096152e-06
2.665518190321567013e-06
2.664895241445973953e-06
2.664273834507539818e-06
2.663653172816830688e-06
2.663034233456935887e-06
2.662416065310504339e-06
2.661799133131644382e-06
2.661183157679252053e-06
2.660568627365265809e-06
2.659955224990271026e-06
2.659342670508570109e-06
2.658731257346025921e-06
2.658120904307049475e-06
2.657511949224885137e-06
2.656903622259520451e-06
2.656296462563578414e-06
2.655690186035264118e-06
2.655085450861461041e-06
2.654481312856181887e-06
2.653878276359233116e-06
2.653276051108937881e-06
2.652675439568827496e-06
2.652075470641994799e-06
2.651476841848989698e-06
2.650879002113129043e-06
2.650282673254624027e-06
2.649687244955601938e-06
2.649092930733046189e-06
2.648499564422939895e-06
2.647907457672537316e-06
2.647316582968598117e-06
2.646726569006609959e-06
2.646137516466953692e-06
2.645549469009204391e-06
2.644962738563089101e-06
2.644376881886417790e-06
2.643791815048256372e-06
2.643207780280847971e-06
2.642624976902018812e-06
2.642043153101198853e-06
2.641462060673758433e-06
2.640881886112899890e-06
2.640302851874471114e-06
2.639725025252420840e-06
2.639147938722853155e-06
2.638572012688662921e-06
2.637996992171278193e-06
2.637423487857762007e-06
2.636850633455486538e-06
2.636278877755936243e-06
2.635708020947605721e-06
2.635138512701633733e-06
2.634569936782781626e-06
2.634002147862508617e-06
2.633435394375850458e-06
2.632869605272515050e-06
2.632305087431165720e-06
2.631741144821881469e-06
2.631178214070265472e-06
2.630616111560787859e-06
2.630055357183551801e-06
2.629495265890969033e-06
2.628936054621478305e-06
2.628377625667117798e-06
2.627820455342204108e-06
2.627264188561060152e-06
2.626708806836922501e-06
2.626154380032245327e-06
2.625600973550113106e-06
2.625048889887578360e-06
2.624497475154066269e-06
2.623947070392180754e-06
2.623397571749121367e-06
2.622849348757642147e-06
2.622301992480312887e-06
2.621755372620222021e-06
2.621209772752309542e-06
2.620665068098585824e-06
2.620121590274892138e-06
2.619578661704348840e-06
2.619036677430864267e-06
2.618495501912869099e-06
2.617955583325414907e-06
2.617416365419972584e-06
2.616877917102098525e-06
2.616340256869504906e-06
2.615803685658735972e-06
2.615268146561851396e-06
2.614733294649823771e-06
2.614199537130453037e-06
2.613666544701748414e-06
2.613134983458543375e-06
2.612603980459203050e-06
2.612074013404506528e-06
2.611544806610733639e-06
2.611016799004625355e-06
2.610489757546905288e-06
2.609963427383220148e-06
2.609437975100075419e-06
2.608913361608360023e-06
2.608389891390437456e-06
2.607867205589894488e-06
2.607345156443622828e-06
2.606824015384036849e-06
2.606303826020376695e-06
2.605784697333734762e-06
2.605266008605664774e-06
2.604748272340165897e-06
2.604231220123128255e-06
2.603715590435766438e-06
2.603200370592427320e-06
2.602686274707983229e-06
2.602172803706014631e-06
2.601660502914392487e-06
2.601149125531220707e-06
2.600638471420266023e-06
2.600128720093458114e-06
2.599619805997956657e-06
2.599112051568803390e-06
2.598605047971058668e-06
2.598098704882874843e-06
2.597593292658817712e-06
2.597088689140075142e-06
2.596585207033012332e-06
2.596082239268139356e-06
2.595580053011828536e-06
2.595078643537848209e-06
2.594578315111753198e-06
2.594078751925574892e-06
2.593579746581113352e-06
2.593081535230881527e-06
2.592584097823071422e-06
2.592087946585947144e-06
2.591592130410841822e-06
2.591097526425066312e-06
2.590603431144524654e-06
2.590110538156104244e-06
2.589618398362242305e-06
2.589127013381003428e-06
2.588636487931194974e-06
2.588146765324315326e-06
2.587658136373274701e-06
2.587170227372359999e-06
2.586682936136627772e-06
2.586196556771085125e-06
2.585710912225040835e-06
2.585226368820494746e-06
2.584742330050950756e-06
2.584258989867272978e-06
2.583776448478432847e-06
2.583294839914451181e-06
2.582814082634701814e-06
2.582333772880823567e-06
2.581854306672481748e-06
2.581375463429075131e-06
2.580897936993489880e-06
2.580420770412093025e-06
2.579944611002304145e-06
2.579469045741254922e-06
2.578994448048515906e-06
2.578520862349166926e-06
2.578047836309824765e-06
2.577575668077955763e-06
2.577104203786797855e-06
2.576633783139755641e-06
2.576164150877451780e-06
2.575695127177413559e-06
2.575226862544929922e-06
2.574759327104793066e-06
2.574292762428223719e-06
2.573826934337418441e-06
2.573361582902467843e-06
2.572897094591457495e-06
2.572433227492979177e-06
2.571970498502725093e-06
2.571508162448960528e-06
2.571046576101272110e-06
2.570585574194987808e-06
2.570125502287807967e-06
2.569666277517651164e-06
2.569207552749966971e-06
2.568749844757047594e-06
2.568292611670423639e-06
2.567836592944009295e-06
2.567381084347199830e-06
2.566926347487323367e-06
2.566472343183068444e-06
2.566019083933376898e-06
2.565566824447484102e-06
2.565115199964889096e-06
2.564664147804520204e-06
2.564213888924907812e-06
2.563764266255381379e-06
2.563315683167977979e-06
2.562867613754331328e-06
2.562420094581202313e-06
2.561973317035363916e-06
2.561527278202280799e-06
2.561082214928280340e-06
2.560637467319894442e-06
2.560193519430485819e-06
2.559750094995803755e-06
2.559307633536463502e-06
2.558865868413531262e-06
2.558424638195953606e-06
2.557984339753307855e-06
2.557544532964879204e-06
2.557105881677731912e-06
2.556667697700704664e-06
2.556230258575908339e-06
2.555793533945062925e-06
2.555357505560751093e-06
2.554922429672128089e-06
2.554487975554574877e-06
2.554054068930769423e-06
2.553620912785026369e-06
2.553188364312673003e-06
2.552756754913496632e-06
2.552325745368578137e-06
2.551895192428806621e-06
2.551465413518823615e-06
2.551036199914370301e-06
2.550608031329038205e-06
2.550180223726061076e-06
2.549753065549521544e-06
2.549326453152460447e-06
2.548900590619599608e-06
2.548475686979217450e-06
2.548051078076744992e-06
2.547627513550985755e-06
2.547204333237947106e-06
2.546782094196887268e-06
2.546360615613137345e-06
2.545939654775193656e-06
2.545519439745215692e-06
2.545099809545232608e-06
2.544681078249265848e-06
2.544263056938085351e-06
2.543845605951137793e-06
2.543428705100153936e-06
2.543012463864692783e-06
2.542597053869161068e-06
2.542182390819386485e-06
2.541768084114397954e-06
2.541354446880297265e-06
2.540941402628100068e-06
2.540529162282421725e-06
2.540117644880277390e-06
2.539706426945499073e-06
2.539295983302652833e-06
2.538885999295476946e-06
2.538476984234926992e-06
2.538068489371093009e-06
2.537660521781159735e-06
2.537253363244271764e-06
2.536846660805575624e-06
2.536441020959664309e-06
2.536035810693660729e-06
2.535631247680069914e-06
2.535227333928320831e-06
2.534824015238147802e-06
2.534421598086061121e-06
2.534019766511163341e-06
2.533618425290648771e-06
2.533217702715192054e-06
2.532817576591938321e-06
2.532418238957659661e-06
2.532019588901835951e-06
2.531621256244315706e-06
2.531223624236535374e-06
2.530826494266167979e-06
2.530430197083259641e-06
2.530034515387483557e-06
2.529639142234770213e-06
2.529244505229377626e-06
2.528850304625147777e-06
2.528457027296533621e-06
2.528064249133494724e-06
2.527671954242075739e-06
2.527280483152416764e-06
2.526889404742492987e-06
2.526499323211065421e-06
2.526109720411288649e-06
2.525720677193946571e-06
2.525332281116018828e-06
2.524944458748326796e-06
2.524557430083407219e-06
2.524171041881471819e-06
2.523785157350818737e-06
2.523399771692927128e-06
2.523015007059407651e-06
2.522630948531721785e-06
2.522247613236952378e-06
2.521864622717292211e-06
2.521482161512109239e-06
2.521100306222666686e-06
2.520719060228128380e-06
2.520338634452343119e-06
2.519958468163455887e-06
2.519578937174590982e-06
2.519199843835368793e-06
2.518821393310305778e-06
2.518443818855669954e-06
2.518066469844073306e-06
2.517689996899336146e-06
2.517313876552995583e-06
2.516938454953448596e-06
2.516563908726565505e-06
2.516189681668959823e-06
2.515816139497624982e-06
2.515443074724841097e-06
2.515070685657666587e-06
2.514699078792308772e-06
2.514327943691528331e-06
2.513957268965792455e-06
2.513587189391352903e-06
2.513217623586600394e-06
2.512848801615464089e-06
2.512480573129529784e-06
2.512112641708531690e-06
2.511745350928236297e-06
2.511378505418609250e-06
2.511012423837267542e-06
2.510646925116738942e-06
2.510281680495105960e-06
2.509917118482773144e-06
2.509552944286786782e-06
2.509189522928809264e-06
2.508826693584144170e-06
2.508464179611378610e-06
2.508102541503339984e-06
2.507741184423314497e-06
2.507380566442840615e-06
2.507020672761582901e-06
2.506661138952187349e-06
2.506302235458621963e-06
2.505943761927867673e-06
2.505585971069472611e-06
2.505228923536306697e-06
2.504872300777471466e-06
2.504516106580276536e-06
2.504160491130030178e-06
2.503805357067743912e-06
2.503450934144599893e-06
2.503097081028388852e-06
2.502743495083826300e-06
2.502390520875862438e-06
2.502037987951572251e-06
2.501686124725986617e-06
2.501334891327716332e-06
2.500983878211714645e-06
2.500633504632126101e-06
2.500283498597990943e-06
2.499934110610504766e-06
2.499585474271212536e-06
2.499237051438038404e-06
2.498889423944197555e-06
2.498542115518444171e-06
2.498195415918431532e-06
2.497849567443415773e-06
2.497503962703913168e-06
2.497158977274540898e-06
2.496814498630110178e-06
2.496470526204850011e-06
2.496127286792826015e-06
2.495784536496870071e-06
2.495442203276594964e-06
2.495100336860285198e-06
2.494758994981295224e-06
2.494418257348402699e-06
2.494078162671701951e-06
2.493738386406360308e-06
2.493399014939602792e-06
2.493060215963019813e-06
2.492721831634287461e-06
2.492384264743258432e-06
2.492047001177075366e-06
2.491710091967207522e-06
2.491373701444132176e-06
2.491037726607745511e-06
2.490702586897523303e-06
2.490367787974437341e-06
2.490033367193006517e-06
2.489699692300591036e-06
2.489366291749527228e-06
2.489033624906528765e-06
2.488701544363335716e-06
2.488369804914420682e-06
2.488038655628713462e-06
2.487707891952295696e-06
2.487377744936864866e-06
2.487048269520875440e-06
2.486719205397460837e-06
2.486390531324780476e-06
2.486062346518741402e-06
2.485734619200832026e-06
2.485407521974228523e-06
2.485080997520984269e-06
2.484754739460044925e-06
2.484428911167454853e-06
2.484103589610260833e-06
2.483778716881817333e-06
2.483454605168092837e-06
2.483130749866438093e-06
2.482807263920137774e-06
2.482484237151046988e-06
2.482161615569635078e-06
2.481839811073545115e-06
2.481518310842903251e-06
2.481197165228293851e-06
2.480876738041708263e-06
2.480556564483481749e-06
2.480237056542274034e-06
2.479918159776213879e-06
2.479599567363906278e-06
2.479281520631731159e-06
2.478963874405561845e-06
2.478646757712637160e-06
2.478330297660320366e-06
2.478014254010132703e-06
2.477698575137795350e-06
2.477383332902698982e-06
2.477068562294719671e-06
2.476754331718300225e-06
2.476440696171012083e-06
2.476127358150885608e-06
2.475814356739704196e-06
2.475501911076707835e-06
2.475189808458339602e-06
2.474878400536785329e-06
2.474567368717839450e-06
2.474256564626079485e-06
2.473946354988323923e-06
2.473636447517462264e-06
2.473327100695137224e-06
2.473018380819152909e-06
2.472709847982285360e-06
2.472401982235483233e-06
2.472094423631469633e-06
2.471787332449515293e-06
2.471481038796896226e-06
2.471174976102752736e-06
2.470869381564165157e-06
2.470564274370886407e-06
2.470259545220467413e-06
2.469955411037139641e-06
2.469651848728092232e-06
2.469348631357442957e-06
2.469045762150542506e-06
2.468743386062870402e-06
2.468441396698915024e-06
2.468139984593520558e-06
2.467839094573117365e-06
2.467538425493209957e-06
2.467238163368982285e-06
2.466938365778782194e-06
2.466638957671714484e-06
2.466340258901440127e-06
2.466041808332023593e-06
2.465743639030641808e-06
2.465445964458284650e-06
2.465148626739254265e-06
2.464851921972611808e-06
2.464555656780593542e-06
2.464259612228293472e-06
2.463964279823013376e-06
2.463669153510739727e-06
2.463374524899678918e-06
2.463080650728193039e-06
2.462786960853519184e-06
2.462493746302860977e-06
2.462200977646921369e-06
2.461908572902302120e-06
2.461616744127176104e-06
2.461325452187245577e-06
2.461034485251940076e-06
2.460743855295552617e-06
2.460453676946468348e-06
2.460163873902811227e-06
2.459874623745153417e-06
2.459585873917553550e-06
2.459297347976777342e-06
2.459009177885883199e-06
2.458721476072226331e-06
2.458434112816112551e-06
2.458147413284008199e-06
2.457861006869359475e-06
2.457574813345460262e-06
2.457289159593929255e-06
2.457003776138442113e-06
2.456718878351116966e-06
2.456434612702642293e-06
2.456150498874417615e-06
2.455866916166576987e-06
2.455583699244911630e-06
2.455300844780560886e-06
2.455018685233824839e-06
2.454736853959984092e-06
2.454455345663301838e-06
2.454174321161147664e-06
2.453893613198156518e-06
2.453613400802187646e-06
2.453333750173348373e-06
2.453054452702807180e-06
2.452775481887272878e-06
2.452496848498434657e-06
2.452218686199784813e-06
2.451940869966667987e-06
2.451663651763359784e-06
2.451386767178726818e-06
2.451110094950436724e-06
2.450833887116173641e-06
2.450558010608661599e-06
2.450282578418894403e-06
2.450007723804918474e-06
2.449733054725584801e-06
2.449458715674100016e-06
2.449184749942626373e-06
2.448911127053497107e-06
2.448638124685388527e-06
2.448365459556056263e-06
2.448093008910179206e-06
2.447821216320103890e-06
2.447549608880765006e-06
2.447278431959024316e-06
2.447007956232836324e-06
2.446737677772664296e-06
2.446467783257514871e-06
2.446198329564282498e-06
2.445929164834893771e-06
2.445660515207117091e-06
2.445392395111275950e-06
2.445124591168166161e-06
2.444857083253821413e-06
2.444589937415306274e-06
2.444323204604990677e-06
2.444056837179190717e-06
2.443791019160694788e-06
2.443525517617705243e-06
2.443260223358149873e-06
2.442995370446865451e-06
2.442730835122769030e-06
2.442466711790070366e-06
2.442203158783609567e-06
2.441939790834274931e-06
2.441676703306066185e-06
2.441414010624072101e-06
2.441151626897218896e-06
2.440889780542928198e-06
2.440628354512394075e-06
2.440367100420066981e-06
2.440106402820109451e-06
2.439845958470239210e-06
2.439585882253892766e-06
2.439326446072475624e-06
2.439067292364169546e-06
2.438808427737288841e-06
2.438550010775663187e-06
2.438291887923615228e-06
2.438034180423256537e-06
2.437776997902702144e-06
2.437520149076796761e-06
2.437263637306688249e-06
2.437007363751755980e-06
2.436751570299620948e-06
2.436496052225027814e-06
2.436241036821141541e-06
2.435986434382093358e-06
2.435732007592389421e-06
2.435477900361864863e-06
2.435224202444267842e-06
2.434970787039005862e-06
2.434717931556200471e-06
2.434465381840235760e-06
2.434212990321475504e-06
2.433961057281577033e-06
2.433709336335719046e-06
2.423817356930825098e-06
2.423567555783857538e-06
2.423317887845083853e-06
2.384418436347331740e-06
2.384173140595474699e-06
2.383927982090257103e-06
2.383683245114734675e-06
2.364072198439516607e-06
2.363829995177268107e-06
2.363588167024840590e-06
2.324525506322235818e-06
2.324287843469119431e-06
2.324050651160543383e-06
2.304359794465170553e-06
2.304125129496540970e-06
2.303890745582331626e-06
2.264661318881286292e-06
2.264431173698607127e-06
2.264201302185354655e-06
2.263971925188427943e-06
2.244203630709916820e-06
2.243976533576923382e-06
2.243749772156947930e-06
2.204358092024000296e-06
2.204135509332786278e-06
2.203913477200321022e-06
2.184065827450570916e-06
2.183845972337704053e-06
2.183626567246162664e-06
2.144069182287786808e-06
2.143853817427373014e-06
2.143639095541548552e-06
2.123712336317729212e-06
2.123499731620402565e-06
2.123287586667916536e-06
2.083565091492640658e-06
2.083356983796690977e-06
2.083149438664045444e-06
2.082942030595792593e-06
2.062938553942158732e-06
2.062733556776164166e-06
2.062528727932815648e-06
2.022645713304203025e-06
2.022445280751185067e-06
2.022245082461977428e-06
