6.853241656804749275e-06
7.314945690145666355e-06
7.749087158563606678e-06
8.156907872709906319e-06
8.539573804247108942e-06
8.898193250426678094e-06
9.233816864271687282e-06
9.547430043406960460e-06
9.839983069844404723e-06
1.011237315686999133e-05
1.036545222539245485e-05
1.060002365791120321e-05
1.081686233472390113e-05
1.101669606171400549e-05
1.120020997170368088e-05
1.136806973229704974e-05
1.152091757448754846e-05
1.165933318410534761e-05
1.178392265637006020e-05
1.189524432533926106e-05
1.199382662656710811e-05
1.208020250571525671e-05
1.215489479474714134e-05
1.221839132937677463e-05
1.227115677187197333e-05
1.231366353748055114e-05
1.234635083240109426e-05
1.236963135628470973e-05
1.238396051521594973e-05
1.238973016595839426e-05
1.238732042343848952e-05
1.237713200878846793e-05
1.235953957264574909e-05
1.233489286657394064e-05
1.230356200546707552e-05
1.226587708173408442e-05
1.222218762837296138e-05
1.217282022687566694e-05
1.211807135414980723e-05
1.205830736228438924e-05
1.199377579819911620e-05
1.192481455906875677e-05
1.185170998430326085e-05
1.177473392359506227e-05
1.169418407203166508e-05
1.161029213666890943e-05
1.152338278874974645e-05
1.143365512084679254e-05
1.134137590874011178e-05
1.124680285615232853e-05
1.115011261662445916e-05
1.105158298593686396e-05
1.095140056447273058e-05
1.084976059188651120e-05
1.074690336606332683e-05
1.064298259145314108e-05
1.053819396419968705e-05
1.043273501837059454e-05
1.032673885415706307e-05
1.022039271380606847e-05
1.011386684589455379e-05
1.000727193660004972e-05
9.900773709187375926e-06
9.794524978496997182e-06
9.688611492037204703e-06
9.583170291924763374e-06
9.478351750725766897e-06
9.374221289499061230e-06
9.270864043054131913e-06
9.168424870566259282e-06
9.066988180079594493e-06
8.966594331063184976e-06
8.867336026324565054e-06
8.769323441077903162e-06
8.672586581035525525e-06
8.577164968468406459e-06
8.483151254137022760e-06
8.390603392378900914e-06
8.299527546837362038e-06
8.209965528642325895e-06
8.121982455525711745e-06
8.035598321754730848e-06
7.950820639098681221e-06
7.867681671423641172e-06
7.786201650902140848e-06
7.706393700552277383e-06
7.628282065414069448e-06
7.551840748904499326e-06
7.477078150368929959e-06
7.404037657372062910e-06
7.332687457581733583e-06
7.262981772028024204e-06
7.194969379855000698e-06
7.128628870779643574e-06
7.063920042068474885e-06
7.000862099699183360e-06
6.939377185328028475e-06
6.879497265942389884e-06
6.821218439481061867e-06
6.764449739020061226e-06
6.709209983260458787e-06
6.655429846205568865e-06
6.603122107651440523e-06
6.552274281918989368e-06
6.502787333140515484e-06
6.454680008915187456e-06
6.407857306409176221e-06
6.362361554843036159e-06
6.318120209494491537e-06
6.275097573889323448e-06
6.233244367515361522e-06
6.192503225812748179e-06
6.152885202099012534e-06
6.114317023726261800e-06
6.076806180038000403e-06
6.040233565565864481e-06
6.004615134756510663e-06
5.969861072350512014e-06
5.935993314549662227e-06
5.902926888433708793e-06
5.870658997905710085e-06
5.839091645512360702e-06
5.808227610142679871e-06
5.777996408408262347e-06
5.748399345042627300e-06
5.719359953075100195e-06
5.690871794884686076e-06
5.662849055435796739e-06
5.635293985145187120e-06
5.608141175755473454e-06
5.581385321780068269e-06
5.554966481532862529e-06
5.528864996929231766e-06
5.503026642912440360e-06
5.477425093912938603e-06
5.452031894388697840e-06
5.426814600117817086e-06
5.401749579145739484e-06
5.376793083932166032e-06
5.351925029031828541e-06
5.327106760404721825e-06
5.302320133308327737e-06
5.277542351069751336e-06
5.252748391495844202e-06
5.227916606783128389e-06
5.203019739945868688e-06
5.178035430007454951e-06
5.152947195738148163e-06
5.127733676116725189e-06
5.102387784584253892e-06
5.076891763241858741e-06
5.051226852570394968e-06
5.025386555970235398e-06
4.999343723951073194e-06
4.973102462136446539e-06
4.946648104460968252e-06
4.919972737270793897e-06
4.893083954484061358e-06
4.865957774774517619e-06
4.838602800848180388e-06
4.811009193009131832e-06
4.783166765789992729e-06
4.755094072563034763e-06
4.726776610297188990e-06
4.698225617191572846e-06
4.669450546198491056e-06
4.640437128744262094e-06
4.611205590818621927e-06
4.581753179331830663e-06
4.552078217755818589e-06
4.522207865475620571e-06
4.492137316464311268e-06
4.461881436567853855e-06
4.431458462475900522e-06
4.400865088035251886e-06
4.370118543168893203e-06
4.339231636682866829e-06
4.308206962515665347e-06
4.277069901493379825e-06
4.245832324630758346e-06
4.214504502399839016e-06
4.183108856046689052e-06
4.151657433100357793e-06
4.120159485204396939e-06
4.088631782662187915e-06
4.057091701042173715e-06
4.025552239341770291e-06
3.994031675966203732e-06
3.962550034415760816e-06
3.931121877583644656e-06
3.899760370008419025e-06
3.868484983867890868e-06
3.837310258708301898e-06
3.806242662508325690e-06
3.775304613869649775e-06
3.744517433933832147e-06
3.713886494062169736e-06
3.683430501790509764e-06
3.653176384190833041e-06
3.623123620695191925e-06
3.593282769741842928e-06
3.563685666189364974e-06
3.534328568083910112e-06
3.505213785691485350e-06
3.476380902439725979e-06
3.447834115990454288e-06
3.419567560536222999e-06
3.391615846279643637e-06
3.363991926381285145e-06
3.336678046958779407e-06
3.309692196165217493e-06
3.283065900128999233e-06
3.256780638056108053e-06
3.230832680163981357e-06
3.205267467069588287e-06
3.180083588199577503e-06
3.155261099869268106e-06
3.130827259119823869e-06
3.106803739810667875e-06
3.083159998348686963e-06
3.059896835438215225e-06
3.037048805760077187e-06
3.014606986134009127e-06
2.992543671868555906e-06
2.970887094536998337e-06
2.949661489686550550e-06
2.928837422363943619e-06
2.908404857405870355e-06
2.888398410714538048e-06
2.868815910828495071e-06
2.849614568600809904e-06
2.830805778936943019e-06
2.812420332083346792e-06
2.794429201428121186e-06
2.776806249559581669e-06
2.759581021575831093e-06
2.742765764304843480e-06
2.726325456816101914e-06
2.710248201389208832e-06
2.694559476194358447e-06
2.679261920203671456e-06
2.664302599654362445e-06
2.649684599526976837e-06
2.635426556423730755e-06
2.621523826262360032e-06
2.607936908289003088e-06
2.594667646140150565e-06
2.581735253306237636e-06
2.569128734670180876e-06
2.556811682062187515e-06
2.544788843812045454e-06
2.533072698876872016e-06
2.521646566334086591e-06
2.510470490402540798e-06
2.499550625063999377e-06
2.488895066755263387e-06
2.478491046221927704e-06
2.468307679011321604e-06
2.458345963173399298e-06
2.448612862438854136e-06
2.439098626914718042e-06
2.429773338923911422e-06
2.420633714377704554e-06
2.411681618892520469e-06
2.402916290158828327e-06
2.394298539756992908e-06
2.385824375977438858e-06
2.377497446276290237e-06
2.369313892067467777e-06
2.361247412973244648e-06
2.353293425377386802e-06
2.345446737884792032e-06
2.337707302443139362e-06
2.330058939092068415e-06
2.322485847012441865e-06
2.314985812465594590e-06
2.307555310122874443e-06
2.300186423131759363e-06
2.292860505576438833e-06
2.285572628325185691e-06
2.278318048052107027e-06
2.271094973035620306e-06
2.263887721651008635e-06
2.256693088032179892e-06
2.249503322637261638e-06
2.242315637496264302e-06
2.235123548020280800e-06
2.227917713420555746e-06
2.220694347225885166e-06
2.213446302639011281e-06
2.206172385143895900e-06
2.198863658429830170e-06
2.191518467616610628e-06
2.184130543537181011e-06
2.176694107802896350e-06
2.169209328768764857e-06
2.161672191148566204e-06
2.154081666089503044e-06
2.146430075258686236e-06
2.138716594154224168e-06
2.130939942270454282e-06
2.123099808685733089e-06
2.115194288990583135e-06
2.107217458904952990e-06
2.099168715709960855e-06
2.091050411705560216e-06
2.082864278212057463e-06
2.074606313785382011e-06
2.066275278378285253e-06
2.057869492249997645e-06
2.049396393705531606e-06
2.040855446144239728e-06
2.032246666514920943e-06
2.023566820678302621e-06
2.014818252164618204e-06
2.006008692674260799e-06
1.997136755817391383e-06
1.988204652105182662e-06
1.979210252708332533e-06
1.970156450231043477e-06
1.961052099521193075e-06
1.951896066540776563e-06
1.942693050904083621e-06
1.933442867211020211e-06
1.924148091823821271e-06
1.914817659017961408e-06
1.905451710924710913e-06
1.896054945927374319e-06
1.886629479101277363e-06
1.877175232787334218e-06
1.867702214373734137e-06
1.858212058410029977e-06
1.848707275512998097e-06
1.839193683340119052e-06
1.829671088746849888e-06
1.820146046472587534e-06
1.810623122303027617e-06
1.801104488903664064e-06
1.791597990818356690e-06
1.782105190343720077e-06
1.772630087747058240e-06
1.763176940331525420e-06
1.753746878005043494e-06
1.744349344315690055e-06
1.734986967467228624e-06
1.725659957625389794e-06
1.716372954644781945e-06
1.707126423119097870e-06
1.697927081540917527e-06
1.688781784337607876e-06
1.679690584574561429e-06
1.670656298239712465e-06
1.661679179989864381e-06
1.652761154296108307e-06
1.643915305086808365e-06
1.635142477933230039e-06
1.626442607658237223e-06
1.617816704921737043e-06
1.609263886243242306e-06
1.600791100457171312e-06
1.592405729419674883e-06
1.584107909548735260e-06
1.575895348059896541e-06
1.567768112582722665e-06
1.559724098681837206e-06
1.551772935338559582e-06
1.543919424660768389e-06
1.536164014062827942e-06
1.528501684279280133e-06
1.520930387959512069e-06
1.513452214731791230e-06
1.506077521688434026e-06
1.498808420497951821e-06
1.491642775892061738e-06
1.484574146754780647e-06
1.477602769390046214e-06
1.470728893384104080e-06
1.463962536405862959e-06
1.457302425423162852e-06
1.450747511217976320e-06
1.444288440530206285e-06
1.437922740971626346e-06
1.431653917100064879e-06
1.425489372888747559e-06
1.419427686666103291e-06
1.413467509486673242e-06
1.407599714825983437e-06
1.401822073213826682e-06
1.396137215981905860e-06
1.390551592991549287e-06
1.385063543212212330e-06
1.379671938934634320e-06
1.374365850964860867e-06
1.369144236698028314e-06
1.364007029924093429e-06
1.358958618444712047e-06
1.354000382649484096e-06
1.349129892289482976e-06
1.344334743854801637e-06
1.339612512705917598e-06
1.334963813125212909e-06
1.330390499387769513e-06
1.325893373621774146e-06
1.321473073867484151e-06
1.317120262733303609e-06
1.312829800169579013e-06
1.308601146251810170e-06
1.304434974008390476e-06
1.300332324488913992e-06
1.296293501791337795e-06
1.292313214475104348e-06
1.288382389573137840e-06
1.284500621777041950e-06
1.280668088121022948e-06
1.276884899615796307e-06
1.273150756261663120e-06
1.269464431556367787e-06
1.265815846508084568e-06
1.262202283193942258e-06
1.258623711037701270e-06
1.255079286334324212e-06
1.251568413556400157e-06
1.248091248025698743e-06
1.244643589997663942e-06
1.241218840052703257e-06
1.237816688108881856e-06
1.234436704197447552e-06
1.231077149608395778e-06
1.227737917871276640e-06
1.224418837280430286e-06
1.221113792397233992e-06
1.217819679871281736e-06
1.214536301166235560e-06
1.211262409313367315e-06
1.207996767074406275e-06
1.204739237646554236e-06
1.201489404019376675e-06
1.198241288214095705e-06
1.194993866505004197e-06
1.191747226646492137e-06
1.188500045616048743e-06
1.185251329314812135e-06
1.182001191302469591e-06
1.178748810892915096e-06
1.175490592914881745e-06
1.172226002481646927e-06
1.168954950299115291e-06
1.165676656309371729e-06
1.162390636675674581e-06
1.159096747360255820e-06
1.155794384457738480e-06
1.152481184463606451e-06
1.149156841126283060e-06
1.145821262926911699e-06
1.142474213840502769e-06
1.139115467545543342e-06
1.135744917352946744e-06
1.132362306197715288e-06
1.128966857298359585e-06
1.125558390852331891e-06
1.122137006765301263e-06
1.118703144222886504e-06
1.115256890536001645e-06
1.111798161742731311e-06
1.108327164980677920e-06
1.104844604718814404e-06
1.101350568435739577e-06
1.097844946790501000e-06
1.094328426228189446e-06
1.090801764619972471e-06
1.087265111406939530e-06
1.083718453337802687e-06
1.080162891281305582e-06
1.076599234307230251e-06
1.073027526125233443e-06
1.069448016522393370e-06
1.065863017563804216e-06
1.062272076569840895e-06
1.058675303351105330e-06
1.055073675204972842e-06
1.051468615563558320e-06
1.047860851800860047e-06
1.044250232222651284e-06
1.040638703353298223e-06
1.037027750593904622e-06
1.033417006739154822e-06
1.029807443295643374e-06
1.026200169612276596e-06
1.022596334654316647e-06
1.018995888660107194e-06
1.015399070548156169e-06
1.011809891689162504e-06
1.008227419375423191e-06
1.004651795142464840e-06
1.001083437435037593e-06
9.975245071466292833e-07
9.939755428412823735e-07
9.904357759267539346e-07
9.869074170333363992e-07
9.833916145004832324e-07
9.798898704261655956e-07
9.764013507032117375e-07
9.729269037009262287e-07
9.694669866927580559e-07
9.660226461590439159e-07
9.625937303799347460e-07
9.591820820040567308e-07
9.557896558090061212e-07
9.524162841018496449e-07
9.490625677746656259e-07
9.457286633288176668e-07
9.424143928621622031e-07
9.391201149488702870e-07
9.358468044077895659e-07
9.325952123682607777e-07
9.293674122664276479e-07
9.261625200353828018e-07
9.229819179067266836e-07
9.198246804140771617e-07
9.166898332043815472e-07
9.135777499986946126e-07
9.104894556739053195e-07
9.074253865120933145e-07
9.043873662854814315e-07
9.013752379382594768e-07
8.983897768089387203e-07
8.954295659292004656e-07
8.924929532651886366e-07
8.895816371137192666e-07
8.866943594955784277e-07
8.838330080017608754e-07
8.809983575267508209e-07
8.781915799977330933e-07
8.754120779012883644e-07
8.726582008943954453e-07
8.699294172743984519e-07
8.672250850641899325e-07
8.645453675369884728e-07
8.618912318988665089e-07
8.592634605859422251e-07
8.566621345703627190e-07
8.540867803493693396e-07
8.515377033770813792e-07
8.490115327585623170e-07
8.465091093652030975e-07
8.440285487620673851e-07
8.415711506261011059e-07
8.391371607762935762e-07
8.367267825135749510e-07
8.343399696446212280e-07
8.319779981261294062e-07
8.296377398651099672e-07
8.273174288813678645e-07
8.250174451618945799e-07
8.227369729179141945e-07
8.204776702108339293e-07
8.182389721344140470e-07
8.160209644135365464e-07
8.138234523784530431e-07
8.116463242692985595e-07
8.094871068155189426e-07
8.073451118199960127e-07
8.052192442296177847e-07
8.031105740902805970e-07
8.010181422355341261e-07
7.989427244900586019e-07
7.968848884379489315e-07
7.948436492781893806e-07
7.928184641323765472e-07
7.908057260654969610e-07
7.888060417244720104e-07
7.868190909124237138e-07
7.848444456447729768e-07
7.828823086076909114e-07
7.809322969240083993e-07
7.789952100303645057e-07
7.770710750585213388e-07
7.751579310179900001e-07
7.732538317401107003e-07
7.713584630007140781e-07
7.694727366132285532e-07
7.675955454295745630e-07
7.657272166192803736e-07
7.638673816275122350e-07
7.620167055389968184e-07
7.601752563401426681e-07
7.583413479621333583e-07
7.565131400602842854e-07
7.546905675947858297e-07
7.528740436637076935e-07
7.510628604045505078e-07
7.492573336156580501e-07
7.474571613276582538e-07
7.456630081890327405e-07
7.438743665923900265e-07
7.420907769381681393e-07
7.403101164311133933e-07
7.385327982127220229e-07
7.367582048310817131e-07
7.349865349418333174e-07
7.332176881862873486e-07
7.314522801629024491e-07
7.296899178757121408e-07
7.279305976618594507e-07
7.261742837800220753e-07
7.244200392550859377e-07
7.226670721902839051e-07
7.209155635753563124e-07
7.191653529098315739e-07
7.174168389912492988e-07
7.156702979023381843e-07
7.139255786785651757e-07
7.121826404639625713e-07
7.104418665611889143e-07
7.087024329440230050e-07
7.069638349344560219e-07
7.052260707860396471e-07
7.034891023930510079e-07
7.017530407789806363e-07
7.000182821727207176e-07
6.982849201300140351e-07
6.965533395160203753e-07
6.948231392824127246e-07
6.930945054760542790e-07
6.913670172144874381e-07
6.896404490240940780e-07
6.879150771603904175e-07
6.861906703759736002e-07
6.844673550104077333e-07
6.827462656558146768e-07
6.810271595158273636e-07
6.793101390424064273e-07
6.775952508480876164e-07
6.758822154741628260e-07
6.741715739117736304e-07
6.724628438242015090e-07
6.707561593695739170e-07
6.690516664407647980e-07
6.673493489106241782e-07
6.656507584612563756e-07
6.639550723050618690e-07
6.622625426289799440e-07
6.605733907010350732e-07
6.588872792583775228e-07
6.572048361493805088e-07
6.555257001735934336e-07
6.538497506920766752e-07
6.521774631910641260e-07
6.505087893411590043e-07
6.488450069002388251e-07
6.471854885054381168e-07
6.455304054301727472e-07
6.438801028742779922e-07
6.422340751994847422e-07
6.405930145123766044e-07
6.389567448735080669e-07
6.373250235408043335e-07
6.356981361299957572e-07
6.340760956380904531e-07
6.324606044817098680e-07
6.308505840873312824e-07
6.292464099380584396e-07
6.276484642916762971e-07
6.260561318084117686e-07
6.244700789719194828e-07
6.228898729168821429e-07
6.213160170116565086e-07
6.197480308848655959e-07
6.181861104272590650e-07
6.166313467619267252e-07
6.150831949006383456e-07
6.135426173382124643e-07
6.120086194530197484e-07
6.104815384133857132e-07
6.089617256734090656e-07
6.074483446516853697e-07
6.059418272061377447e-07
6.044421519388864694e-07
6.029496810031537056e-07
6.014640345321318883e-07
5.999862072379370802e-07
5.985159132811731025e-07
5.970529083988181873e-07
5.955980420691433566e-07
5.941501886581720263e-07
5.927094296292854048e-07
5.912760607636677919e-07
5.898497443748888172e-07
5.884302396904365159e-07
5.870181452686033781e-07
5.856137821268511996e-07
5.842168381202954513e-07
5.828282125132381317e-07
5.814469456841526317e-07
5.800733952707371533e-07
5.787073795407834671e-07
5.773483260302293691e-07
5.759963096001221292e-07
5.746511099820118562e-07
5.733129557975725383e-07
5.719820233793983360e-07
5.706587769325482914e-07
5.693423801191429056e-07
5.680339335755241176e-07
5.667325927532747369e-07
5.654385252765726777e-07
5.641515913135367432e-07
5.628705918856115758e-07
5.615957375284038692e-07
5.603274589070277937e-07
5.590653632831009668e-07
5.578097468914527001e-07
5.565608945128763477e-07
5.553182367946569618e-07
5.540825081650832153e-07
5.528532472056454681e-07
5.516303636404769389e-07
5.504137153433361691e-07
5.492021148075071209e-07
5.479957788707646078e-07
5.467950481354127576e-07
5.455995457892763704e-07
5.444096847137710612e-07
5.432255918548132843e-07
5.420466964647247775e-07
5.408740710636710920e-07
5.397067316007399665e-07
5.385450038908024155e-07
5.373884286781458917e-07
5.362362047694417485e-07
5.350885989296395233e-07
5.339453429986428758e-07
5.328062783584703942e-07
5.316722323224508241e-07
5.305426668036064358e-07
5.294175735607845908e-07
5.282975838631222385e-07
5.271818201416103803e-07
5.260712643238630252e-07
5.249646540272868008e-07
5.238614466867126769e-07
5.227619279656289479e-07
5.216657292892689550e-07
5.205730944747553585e-07
5.194839024372861688e-07
5.183980367025848776e-07
5.173163418363222068e-07
5.162381079526207768e-07
5.151634975160455008e-07
5.140928305512373045e-07
5.130255536303668400e-07
5.119616141902881930e-07
5.109001850864589673e-07
5.098415423585486229e-07
5.087856327371380216e-07
5.077323279326293107e-07
5.066821315190206387e-07
5.056349126929828396e-07
5.045906451004620824e-07
5.035497124243808113e-07
5.025115370459830709e-07
5.014769087813194644e-07
5.004448617771756032e-07
4.994153897375506141e-07
4.983881353467174942e-07
4.973631640269524734e-07
4.963406809524252215e-07
4.953204942853452395e-07
4.943027045408539766e-07
4.932878303178506042e-07
4.922752878931233597e-07
4.912658657322136209e-07
4.902587779589673532e-07
4.892547094026364224e-07
4.882528532731161594e-07
4.872531762197314163e-07
4.862554867429246554e-07
4.852598459135354751e-07
4.842662904976067332e-07
4.832748130006752983e-07
4.822854297909564030e-07
4.812987405555317835e-07
4.803141675815979339e-07
4.793324122214585170e-07
4.783527798570746959e-07
4.773759060239668261e-07
4.764010997836551568e-07
4.754285326754361802e-07
4.744579160381977834e-07
4.734894159942223742e-07
4.725229864371488643e-07
4.715586688428062074e-07
4.705964844859903907e-07
4.696370130575475568e-07
4.686797900592640014e-07
4.677253571526900889e-07
4.667731325682086758e-07
4.658237298359326854e-07
4.648765292338170126e-07
4.639318178617204714e-07
4.629891682075034760e-07
4.620488741424023618e-07
4.611107405207416834e-07
4.601748773733749621e-07
4.592413819079260482e-07
4.583104969607008298e-07
4.573821804388722844e-07
4.564565814348720995e-07
4.555334683624036127e-07
4.546131524132860805e-07
4.536953601049705129e-07
4.527801662011895174e-07
4.518672329394156545e-07
4.509568124991730717e-07
4.500487527304245245e-07
4.491430845905184167e-07
4.482398765336775776e-07
4.473390982526993538e-07
4.464413449568045768e-07
4.455460371374051950e-07
4.446538748709243308e-07
4.437641030891524466e-07
4.428774899434622513e-07
4.419933032921433774e-07
4.411119491952736388e-07
4.402329865397388678e-07
4.393567051301605851e-07
4.384829447446488241e-07
4.376117474511789253e-07
4.367432489022483863e-07
4.358774326733311180e-07
4.350147334045312812e-07
4.341546953689333439e-07
4.332978216007356507e-07
4.324436045533359431e-07
4.315925323586383442e-07
4.307440868550164478e-07
4.298984561376361461e-07
4.290553702482671485e-07
4.282150003872751896e-07
4.273772936095248891e-07
4.265421706289684344e-07
4.257099144853474145e-07
4.248803795604049672e-07
4.240539247104543726e-07
4.232302127844968092e-07
4.224095763200317378e-07
4.215916868539565747e-07
4.207768939317067997e-07
4.199647497317093899e-07
4.191552974144974146e-07
4.183483344863262718e-07
4.175439700426776693e-07
4.167422005131636329e-07
4.159428992289807842e-07
4.151463643235267761e-07
4.143523657189713105e-07
4.135614453900259087e-07
4.127730054289476006e-07
4.119877100432379381e-07
4.112048865466279134e-07
4.104252367715329632e-07
4.096480043895742003e-07
4.088734816255339993e-07
4.081012157701636171e-07
4.073314942726407962e-07
4.065641503384753468e-07
4.057992404987918582e-07
4.050368453429032588e-07
4.042768510529140719e-07
4.035197452088879905e-07
4.027650148241194536e-07
4.020132436367605611e-07
4.012638144659553118e-07
4.005173416802410213e-07
3.997732531673707263e-07
3.990317266400350965e-07
3.982922083645487041e-07
3.975551290276836640e-07
3.968200937688973299e-07
3.960874967153680988e-07
3.953569507819473741e-07
3.946288539872549129e-07
3.939030190002877195e-07
3.931797577590406198e-07
3.924587175578353715e-07
3.917402879897884604e-07
3.910240345191213857e-07
3.903105116658544591e-07
3.895990255790851965e-07
3.888897667367342045e-07
3.881822866295297160e-07
3.874768899803188924e-07
3.867733547406157037e-07
3.860718288383082192e-07
3.853722515014014992e-07
3.846747133398837356e-07
3.839794641904631824e-07
3.832862504025187804e-07
3.825953013755794901e-07
3.819064304931383766e-07
3.812197534152382873e-07
3.805353017825581683e-07
3.798527566508275539e-07
3.791721006060768173e-07
3.784931235938389664e-07
3.778159619985809494e-07
3.771405252784824097e-07
3.764668363217555163e-07
3.757949594690210899e-07
3.751248302461491355e-07
3.744568863235383287e-07
3.737907200042011562e-07
3.731266687687063184e-07
3.724644514894629524e-07
3.718042506336220356e-07
3.711460588871430598e-07
3.704895741952694905e-07
3.698348163979318668e-07
3.691815338621236631e-07
3.685298998365868963e-07
3.678797857166538213e-07
3.672312555680346806e-07
3.665843205360826441e-07
3.659390357637134396e-07
3.652956453371972520e-07
3.646539218125821672e-07
3.640140162467968116e-07
3.633758919999657377e-07
3.627394099099927519e-07
3.621049360993270588e-07
3.614719381287548934e-07
3.608406178398927857e-07
3.602105564212720739e-07
3.595820615663830390e-07
3.589549174183045911e-07
3.583293395121335280e-07
3.577051371117409899e-07
3.570825250288073981e-07
3.564614348600616019e-07
3.558421420698394844e-07
3.552242423325441915e-07
3.546083173631706236e-07
3.539937677017529416e-07
3.533811041843504077e-07
3.527699221131045046e-07
3.521603448790347804e-07
3.515521088581624490e-07
3.509452977468526026e-07
3.503399193305941764e-07
3.497359209589116299e-07
3.491332882888028907e-07
3.485321029946502625e-07
3.479323001845431192e-07
3.473343138600030887e-07
3.467377623469116886e-07
3.461428730836045810e-07
3.455495610957803842e-07
3.449576848043389426e-07
3.443676578670826176e-07
3.437789342373624244e-07
3.431917892214103054e-07
3.426058368206153708e-07
3.420213813996590709e-07
3.414382205852376359e-07
3.408564745946557390e-07
3.402760533915336241e-07
3.396970689056969763e-07
3.391193867106418804e-07
3.385434225658844859e-07
3.379688204149860669e-07
3.373959136578778255e-07
3.368244340682409034e-07
3.362544545566113102e-07
3.356861240891429440e-07
3.351190994126938938e-07
3.345535853162872601e-07
3.339892052033739503e-07
3.334263153227458789e-07
3.328646686789031771e-07
3.323044229604023030e-07
3.317454620365595223e-07
3.311879061956372052e-07
3.306316167256600368e-07
3.300770097469161984e-07
3.295237657585595629e-07
3.289721526099116701e-07
3.284219737694376178e-07
3.278731789504017489e-07
3.273261002453953390e-07
3.267802508992701297e-07
3.262359316798160951e-07
3.256928020461057502e-07
3.251510870328326338e-07
3.246106552994742028e-07
3.240715841295509280e-07
3.235337524964437778e-07
3.229972710937064285e-07
3.224620756159948641e-07
3.219285298719787913e-07
3.213963589125274701e-07
3.208655670227452172e-07
3.203363716554590685e-07
3.198084330217539599e-07
3.192821932994767556e-07
3.187572256579094647e-07
3.182337108449928911e-07
3.177114190090583455e-07
3.171903571961736459e-07
3.166705820646585607e-07
3.161519684722366712e-07
3.156346598641627469e-07
3.151186123162181776e-07
3.146039459529449824e-07
3.140905086073833103e-07
3.135786274307073353e-07
3.130679096381351097e-07
3.125588068680157508e-07
3.120509486142332369e-07
3.115445008509509123e-07
3.110395277835185417e-07
3.105357122894030832e-07
3.100332911706049336e-07
3.095319225954123641e-07
3.090318777991476746e-07
3.085329756879650990e-07
3.080352870698423141e-07
3.075387202623862186e-07
3.070433252043718643e-07
3.065492517282760543e-07
3.060564687036693136e-07
3.055651127035539895e-07
3.050748422287614766e-07
3.045861952850333807e-07
3.040986441779987671e-07
3.036125894153035611e-07
3.031278338466529100e-07
3.026442304691051705e-07
3.021619088148073537e-07
3.016805348637100899e-07
3.012004839617371718e-07
3.007215043433272410e-07
3.002437311885017052e-07
2.997669966438741584e-07
2.992914031271926734e-07
2.988170074598732657e-07
2.983438853430759460e-07
2.978720804607617112e-07
2.974012979807733577e-07
2.969320639297370508e-07
2.964638453395416476e-07
2.959970529682676118e-07
2.955314899336660492e-07
2.950669823086201786e-07
2.946036764205600621e-07
2.941412738430800803e-07
2.936800525146753208e-07
2.932198393305748036e-07
2.927606712627199024e-07
2.923024760862179207e-07
2.918453324744501698e-07
2.913893218409843802e-07
2.909343991503593541e-07
2.904807730346573483e-07
2.900280897421888105e-07
2.895767773661903802e-07
2.891265113691764961e-07
2.886773254306948123e-07
2.882294825958664044e-07
2.877825744387445048e-07
2.873368550074308653e-07
2.868920291866716074e-07
2.864481868183277533e-07
2.860053221892572061e-07
2.855633030803539276e-07
2.851224097419467626e-07
2.846824090248341415e-07
2.842435309591619014e-07
2.838054965240452739e-07
2.833687435543375048e-07
2.829330119798554127e-07
2.824982782379031218e-07
2.820648175010933388e-07
2.816322466381600844e-07
2.812009468249758856e-07
2.807707091080012766e-07
2.803413996127561545e-07
2.799131366823144901e-07
2.794856448465037612e-07
2.790592327066177864e-07
2.786337226577055751e-07
2.782091143860922451e-07
2.777853538268100147e-07
2.773625646912710264e-07
2.769408014995562997e-07
2.765199375985736996e-07
2.761002399770852320e-07
2.756814279903281902e-07
2.752637631977165841e-07
2.748470940265661258e-07
2.744313121171820296e-07
2.740167777675342163e-07
2.736031553393115235e-07
2.731904858819358784e-07
2.727787431359145670e-07
2.723676786920632311e-07
2.719576211824907676e-07
2.715483915114001716e-07
2.711400492752670702e-07
2.707324745547504818e-07
2.703257670862924972e-07
2.699200135121597075e-07
2.695151202951103289e-07
2.691113061562167827e-07
2.687083143094301360e-07
2.683063839246387480e-07
2.679053841931540109e-07
2.675052161449725492e-07
2.671061921803972304e-07
2.667080517662759871e-07
2.663107608766789526e-07
2.659143844415102043e-07
2.655186525429555754e-07
2.651239123991622488e-07
2.647299623132924831e-07
2.643367806037822530e-07
2.639443637576926410e-07
2.635528119149666111e-07
2.631621928829113497e-07
2.627723126189815410e-07
2.623834801623677144e-07
2.619955115537511892e-07
2.616083794839937467e-07
2.612223313693490784e-07
2.608370163327408263e-07
2.604527733475292340e-07
2.600694303328562831e-07
2.596868255412594945e-07
2.593051957307624791e-07
2.589242849981213052e-07
2.585441885402833363e-07
2.581648632426746104e-07
2.577862337354669302e-07
2.574085290746702269e-07
2.570315928698907374e-07
2.566554292907843052e-07
2.562800534578042048e-07
2.559055945081499659e-07
2.555320746214108641e-07
2.551592618001175219e-07
2.547875158544192391e-07
2.544165699014216402e-07
2.540463602899278961e-07
2.536772556533282922e-07
2.533089093071451013e-07
2.529413718808255756e-07
2.525746416087230249e-07
2.522084985795256596e-07
2.518432486102905607e-07
2.514787185329977925e-07
2.511148476254659993e-07
2.507517270354275335e-07
2.503893493358161928e-07
2.500278374884913766e-07
2.496669245158872666e-07
2.493069951576568184e-07
2.489478696469699737e-07
2.485894000515701966e-07
2.482319982081097366e-07
2.478753005324287814e-07
2.475193299399404278e-07
2.471643811898984948e-07
2.468101016262181484e-07
2.464566518920938022e-07
2.461039376134011445e-07
2.457517645023081468e-07
2.454004796131315264e-07
2.450498796634424454e-07
2.446999176278067162e-07
2.443506609210799848e-07
2.440021257480140482e-07
2.436544220980183761e-07
2.433072905231204437e-07
2.429610994207476977e-07
2.426156948915149703e-07
2.422709196561299421e-07
2.419271519321195623e-07
2.415840863069555506e-07
2.412416702830903534e-07
2.409002817964593166e-07
2.405595725622736662e-07
2.402195791540396891e-07
2.398803307267137507e-07
2.395416606170757040e-07
2.392037723260070954e-07
2.388665501620425375e-07
2.385298784887059688e-07
2.381940129478394095e-07
2.378588124957008784e-07
2.375242731737824288e-07
2.371904212835713976e-07
2.368573195750686479e-07
2.365250646391202426e-07
2.361934250051351464e-07
2.358626353708670218e-07
2.355325895217979581e-07
2.352031736108858368e-07
2.348746753869240443e-07
2.345468988821115625e-07
2.342197121808122882e-07
2.338933369162279852e-07
2.335675473142439182e-07
2.332423368345266311e-07
2.329177712508373043e-07
2.325938497247516244e-07
2.322706118429274787e-07
2.319478911373241397e-07
2.316258425125182702e-07
2.313045459816447562e-07
2.309837525122072811e-07
2.306638205398753638e-07
2.303445626463162762e-07
2.300258631802604206e-07
2.297080813733298085e-07
2.293909139797575254e-07
2.290743263025806515e-07
2.287586395367101761e-07
2.284435939771400501e-07
2.281291390479808882e-07
2.278153728199490207e-07
2.275021627757544629e-07
2.271895913627890654e-07
2.268775754572317154e-07
2.265661263511598214e-07
2.262554055083884041e-07
2.259451765906568057e-07
2.256355356424402951e-07
2.253266180252108047e-07
2.250182318587793631e-07
2.247106340112752282e-07
2.244036704678646269e-07
2.240972395667396517e-07
2.237917033678826923e-07
2.234867387750977715e-07
2.231823205580176185e-07
2.228787750189300990e-07
2.225758300334308149e-07
2.222734450937331366e-07
2.219717163032664614e-07
2.216705198304345714e-07
2.213699118625860846e-07
2.210698243839456921e-07
2.207703125446606919e-07
2.204714621203076342e-07
2.201730579905234691e-07
2.198752485927116240e-07
2.195781256650255642e-07
2.192814456634544009e-07
2.189855453749211778e-07
2.186902600490537409e-07
2.183954742981869278e-07
2.181014919913261047e-07
2.178080691358079153e-07
2.175151843106260714e-07
2.172230806948345845e-07
2.169315858704435912e-07
2.166405754994618523e-07
2.163502541859744711e-07
2.160604411317499154e-07
2.157710584992248134e-07
2.154822899073924221e-07
2.151940756419791832e-07
2.149063206032421229e-07
2.146191155339811815e-07
2.143324666853028448e-07
2.140463495003324144e-07
2.137607627186803120e-07
2.134757667614441293e-07
2.131914446197801375e-07
2.129076432127579128e-07
2.126243893823988145e-07
2.123418687784889839e-07
2.120598479169342438e-07
2.117783740318571596e-07
2.114976334661020323e-07
2.112174034512171616e-07
2.109377091210261412e-07
2.106585684708526470e-07
2.103799079351326211e-07
2.101017856088868534e-07
2.098241155454767312e-07
2.095469731870830536e-07
2.092704081591362536e-07
2.089942301017338309e-07
2.087186092711699902e-07
2.084436001084553577e-07
2.081689816154101202e-07
2.078950153620204502e-07
2.076216541668040213e-07
2.073487558608636956e-07
2.070764761970016527e-07
2.068048089704009365e-07
2.065335967134541891e-07
2.062630127551484172e-07
2.059930565842063545e-07
2.057235650730693303e-07
2.054546280931486992e-07
2.051862013635283129e-07
2.049182023463663310e-07
2.046507493545622875e-07
2.043837138276455577e-07
2.041171636698339819e-07
2.038511796973730558e-07
2.035855536109805884e-07
2.033204539112153855e-07
2.030559403460495494e-07
2.027917979552429003e-07
2.025282531810065634e-07
2.022652952805338476e-07
2.020027839745392183e-07
2.017408122842516701e-07
2.014794709610976975e-07
2.012185744691612130e-07
2.009581828027656989e-07
2.006984530170607428e-07
2.004391903114318728e-07
2.001803859339628833e-07
1.999221051845070880e-07
1.996642575331008975e-07
1.994068337991452347e-07
1.991498647188926544e-07
1.988933921922664458e-07
1.986373271362824683e-07
1.983817133763399152e-07
1.981265859425689609e-07
1.978718772380394098e-07
1.976176733438901569e-07
1.973639372635116350e-07
1.971107735085100304e-07
1.968580895913626499e-07
1.966057970803691977e-07
1.963542044026410932e-07
1.961030343644639670e-07
1.958522816503232427e-07
1.956021708171134024e-07
1.953525433860888395e-07
1.951033133268786375e-07
1.948546330177005788e-07
1.946063928937902594e-07
1.943584775794862442e-07
1.941111121570196784e-07
1.938641364792393683e-07
1.936175352234275328e-07
1.933714926772245229e-07
1.931257546501727620e-07
1.928804942898454194e-07
1.926357637398091036e-07
1.923913659735502278e-07
1.921474969096435640e-07
1.919041721463782891e-07
1.916612626883236252e-07
1.914187852576757234e-07
1.911769335355471295e-07
1.909354902307386697e-07
1.906944351928019205e-07
1.904540109958699264e-07
1.902140501818712429e-07
1.899744382771480206e-07
1.897353693172709736e-07
1.894966988410748736e-07
1.892583100011406350e-07
1.890204763652546233e-07
1.887830182583214804e-07
1.885458736682197283e-07
1.883092847326173714e-07
1.880729883027649411e-07
1.878371184922991167e-07
1.876017650572561276e-07
1.873667183094840764e-07
1.871321723903845413e-07
1.868981443707385422e-07
1.866645056995094956e-07
1.864312642690451546e-07
1.861986272303094582e-07
1.859663699616173418e-07
1.857344783537269948e-07
1.855031796087909061e-07
1.852723121002280982e-07
1.850417868356512214e-07
1.848117638159277150e-07
1.845821252674806780e-07
1.843527755477938764e-07
1.841239159418346987e-07
1.838953817210725825e-07
1.836672211610895535e-07
1.834395202954869004e-07
1.832121093141633932e-07
1.829851380279377321e-07
1.827585583197356546e-07
1.825323620963399913e-07
1.823065869572255805e-07
1.820813002303587667e-07
1.818564228639659890e-07
1.816318805663872244e-07
1.814079129748478671e-07
1.811843176952302980e-07
1.809610862275127544e-07
1.807383649406795438e-07
1.805161019649734664e-07
1.802942085253220251e-07
1.800727098942339414e-07
1.798516264177410932e-07
1.796309073368149578e-07
1.794104927326049117e-07
1.791905008933423750e-07
1.789709056682288129e-07
1.787515588340921859e-07
1.785327211428676658e-07
1.783141755219190347e-07
1.780959779670494737e-07
1.778782604740666752e-07
1.776608087912063128e-07
1.774438272533693839e-07
1.772273028249303236e-07
1.770111366507836054e-07
1.767953056122972581e-07
1.765800449987839400e-07
1.763651194454581073e-07
1.761505184717592604e-07
1.759364523314452824e-07
1.757227718192423863e-07
1.755094241143104741e-07
1.752965004028525994e-07
1.750839320094767364e-07
1.748716984691417665e-07
1.746597981262167091e-07
1.744482367447217009e-07
1.742370752722656197e-07
1.740261557274676351e-07
1.738156841044937874e-07
1.736055255399711660e-07
1.733956676476859759e-07
1.731862707046644434e-07
1.729771201234421741e-07
1.727684166930901644e-07
1.725601428197666823e-07
1.723522028371316336e-07
1.721445756546293909e-07
1.719374901383762955e-07
1.717307139488888797e-07
1.715242447158197943e-07
1.713182760468277081e-07
1.711126759283379365e-07
1.709073975949966995e-07
1.707025013533340299e-07
1.704979574477675020e-07
1.702937354267563690e-07
1.700897755066845352e-07
1.698862118123113341e-07
1.696829843420817397e-07
1.694799750553638153e-07
1.692774362558667969e-07
1.690751118123864700e-07
1.688731387717596741e-07
1.686715721706674236e-07
1.684702682529330032e-07
1.682693445671463814e-07
1.680688385324330413e-07
1.678686791731670777e-07
1.676688023190554080e-07
1.674694013088295106e-07
1.672703430078709892e-07
1.670715990095647258e-07
1.668732075354861274e-07
1.666752915798716340e-07
1.664777058440127244e-07
1.662803819260331523e-07
1.660834805655241014e-07
1.658868869128950447e-07
1.656905238399394314e-07
1.654945629177065044e-07
1.652988474629780488e-07
1.651034985714587711e-07
1.649084263597335892e-07
1.647136743690404599e-07
1.645192630802052521e-07
1.643251063825385795e-07
1.641313675552423362e-07
1.639378462657169016e-07
1.637447458619159146e-07
1.635520258168909282e-07
1.633596141156121666e-07
1.631674660551982164e-07
1.629758298688891814e-07
1.627844605680074414e-07
1.625933793399458776e-07
1.624027184890479299e-07
1.622124331251081751e-07
1.620224615445042490e-07
1.618327559320899861e-07
1.616434449283241115e-07
1.614544156166905769e-07
1.612655837084577010e-07
1.610771550843620332e-07
1.608889560208358771e-07
1.607010736151119424e-07
1.605134919567679817e-07
1.603261756450637398e-07
1.601391953097935338e-07
1.599524485473421149e-07
1.597660932000015213e-07
1.595799452986151816e-07
1.593941870465461491e-07
1.592087931474251547e-07
1.590236874526144753e-07
1.588388262378838443e-07
1.586544456255739981e-07
1.584703197484405436e-07
1.582864623258432785e-07
1.581029814792747800e-07
1.579198813753440083e-07
1.577370764625070042e-07
1.575545056746594542e-07
1.573723183498501539e-07
1.571903971998631720e-07
1.570086823985004783e-07
1.568273212432901815e-07
1.566461835543987480e-07
1.564653811942915944e-07
1.562847635860783090e-07
1.561045295675479339e-07
1.559245145375486801e-07
1.557447572785632105e-07
1.555653711678371428e-07
1.553861954238580448e-07
1.552073489847462503e-07
1.550288595651230938e-07
1.548506678019061531e-07
1.546727174346967035e-07
1.544951310225875432e-07
1.543178927840034765e-07
1.541409376219796682e-07
1.539642199270425563e-07
1.537879262456223725e-07
1.536119177391725156e-07
1.534361625093931773e-07
1.532607284876298840e-07
1.530855800532946615e-07
1.529107021569285661e-07
1.527359979087674491e-07
1.525616754576617205e-07
1.523875760312704695e-07
1.522137164861800152e-07
1.520401766738605884e-07
1.518668486764054628e-07
1.516938339819175026e-07
1.515210307811670303e-07
1.513485877300470282e-07
1.511763272724290081e-07
1.510044146121464358e-07
1.508328382635207439e-07
1.506615302683357150e-07
1.504904427744429994e-07
1.503197606840581585e-07
1.501493461713512856e-07
1.499791941546783125e-07
1.498092953579243860e-07
1.496398067215614733e-07
1.494705867253333801e-07
1.493015813159456298e-07
1.491328994958603867e-07
1.489644758057623114e-07
1.487962985593603621e-07
1.486282964781093229e-07
1.484606410819233225e-07
1.482932042873231730e-07
1.481259749532138715e-07
1.479590596053655111e-07
1.477923368832943272e-07
1.476259092440632151e-07
1.474596720558086447e-07
1.472937827274776335e-07
1.471280630781247696e-07
1.469626557002642759e-07
1.467975752321821687e-07
1.466327469441013268e-07
1.464681291061693891e-07
1.463038597323844991e-07
1.461398780558541114e-07
1.459761507443306767e-07
1.458126361959278924e-07
1.456495038533674378e-07
1.454866227551795989e-07
1.453239786182340597e-07
1.451615955442923073e-07
1.449994945431877556e-07
1.448376284571517187e-07
1.446759128111564330e-07
1.445145360646637972e-07
1.443533295539819389e-07
1.441924114819213875e-07
1.440316533696146461e-07
1.438712243074176085e-07
1.437109677781817103e-07
1.435509458895442323e-07
1.433912236048139547e-07
1.432317101475291862e-07
1.430724349982515804e-07
1.429134756203004185e-07
1.427547863543518409e-07
1.425963207708255895e-07
1.424380770053288789e-07
1.422802239568189679e-07
1.421225696881351578e-07
1.419651356876073716e-07
1.418079897625060287e-07
1.416511760005132545e-07
1.414946080933373314e-07
1.413382206051931513e-07
1.411821354875360840e-07
1.410262711670792725e-07
1.408706411693978670e-07
1.407151648539703182e-07
1.405600085937254269e-07
1.404050419491897087e-07
1.402502840913896402e-07
1.400957819392310399e-07
1.399414799156824391e-07
1.397874324764746262e-07
1.396335622221979618e-07
1.394800095836710365e-07
1.393266138745300850e-07
1.391734894237277011e-07
1.390206556588467412e-07
1.388680653067801604e-07
1.387156796803407640e-07
1.385635348871661619e-07
1.384117440381075954e-07
1.382601426695604676e-07
1.381087429605185273e-07
1.379576391150717661e-07
1.378068347066549622e-07
1.376562659256369500e-07
1.375058660260661726e-07
1.373557539143467150e-07
1.372058506423334361e-07
1.370561608604912465e-07
1.369066115629520345e-07
1.367573694272524714e-07
1.366082940965784940e-07
1.364594350581527369e-07
1.363107792034463831e-07
1.361623514857502355e-07
1.360141264281254148e-07
1.358660824384301431e-07
1.357183262759378068e-07
1.355707425422643855e-07
1.354233743829658974e-07
1.352762886682892347e-07
1.351294481838327011e-07
1.349828118852035219e-07
1.348363519244547033e-07
1.346902556208424823e-07
1.345443402165205003e-07
1.343986364000201910e-07
1.342531351572892715e-07
1.341079691194144325e-07
1.339630061191220965e-07
1.338182371903749169e-07
1.336736947710155898e-07
1.335293947804600791e-07
1.333852956358004641e-07
1.332413277067808250e-07
1.330976336774666232e-07
1.329540960615257119e-07
1.328108135388535029e-07
1.326676370387866584e-07
1.325247784908670999e-07
1.323820302717279347e-07
1.322395407044252599e-07
1.320972015432079295e-07
1.319551473410042380e-07
1.318132259162443661e-07
1.316715604942820346e-07
1.315301589909217473e-07
1.313889685554792859e-07
1.312479531851201094e-07
1.311071660553994792e-07
1.309666922947582063e-07
1.308263877161708144e-07
1.306862656575948143e-07
1.305463963328793594e-07
1.304068091662384278e-07
1.302674340399259804e-07
1.301282103027182791e-07
1.299892393268291254e-07
1.298504708570921772e-07
1.297119008120257091e-07
1.295734462024923795e-07
1.294352759528150396e-07
1.292972357900985178e-07
1.291594469664261341e-07
1.290217582996928542e-07
1.288843762328273528e-07
1.287470917403412800e-07
1.286100600813061541e-07
1.284731776183676634e-07
1.283365578466059375e-07
1.282000650459796159e-07
1.280638180167682375e-07
1.279278248670191951e-07
1.277920275875364124e-07
1.276563973210334007e-07
1.275209806968586125e-07
1.273858684185705135e-07
1.272509139444342000e-07
1.271161364604899666e-07
1.269815765197126710e-07
1.268473153578536875e-07
1.267132398759919693e-07
1.265793170208652239e-07
1.264456196922537570e-07
1.263121276766437041e-07
1.261788175942581515e-07
1.260456221294281376e-07
1.259126708292044833e-07
1.257798656999222423e-07
1.256472818665632245e-07
1.255148003440568009e-07
1.253825876163384841e-07
1.252504903724618446e-07
1.251186149452197885e-07
1.249868670642266968e-07
1.248553822744606164e-07
1.247240236402383795e-07
1.245928664614582554e-07
1.244619448727075764e-07
1.243312349361654089e-07
1.242007029038226079e-07
1.240703178845897632e-07
1.239402222067526374e-07
1.238103057477597755e-07
1.236805820005156048e-07
1.235509995733189772e-07
1.234216959389732488e-07
1.232925885119887791e-07
1.231636778503362135e-07
1.230349005401030124e-07
1.229063665425431644e-07
1.227779923012246758e-07
1.226497997903524557e-07
1.225217024056166768e-07
1.223938821513096770e-07
1.222661653864581013e-07
1.221386713995658266e-07
1.220112641869073998e-07
1.218841382811613429e-07
1.217570940676379828e-07
1.216302793707806167e-07
1.215035854993058623e-07
1.213771431060374654e-07
1.212508080103740062e-07
1.211246875205659590e-07
1.209987868612740609e-07
1.208730786200988098e-07
1.207475351304337277e-07
1.206221351337446691e-07
1.204970389242742283e-07
1.203720888037381708e-07
1.202473209246686793e-07
1.201226956213376321e-07
1.199983394766869543e-07
1.198741643716268031e-07
1.197501751738635410e-07
1.196263159142811625e-07
1.195026887888710738e-07
1.193792132913551453e-07
1.192559121119760262e-07
1.191327014670021784e-07
1.190097514370037544e-07
1.188868997596436469e-07
1.187642659393456674e-07
1.186417098315081844e-07
1.185194220124675569e-07
1.183972155410660620e-07
1.182752228490993800e-07
1.181533420780749268e-07
1.180317050252069292e-07
1.179101722196799837e-07
1.177888292625212772e-07
1.176676990906185347e-07
1.175467623001393723e-07
1.174259861246991558e-07
1.173053409113159383e-07
1.171849433362733425e-07
1.170647342766365378e-07
1.169446885932958229e-07
1.168247656021532176e-07
1.167050793867643697e-07
1.165856037602829017e-07
1.164663028247140153e-07
1.163471198755217600e-07
1.162281396372055236e-07
1.161093295741676095e-07
1.159906751412517124e-07
1.158721197525273258e-07
1.157537600838576333e-07
1.156355480462870737e-07
1.155174992051404990e-07
1.153995719449861996e-07
1.152818161892549872e-07
1.151642311070111405e-07
1.150467618161535317e-07
1.149294757643552645e-07
1.148123289509335767e-07
1.146953827829788782e-07
1.145785364064191342e-07
1.144618913881705542e-07
1.143454469530944680e-07
1.142291625693601702e-07
1.141130214165392722e-07
1.139970172670922329e-07
1.138812878449458792e-07
1.137656842493242337e-07
1.136502450406963901e-07
1.135349276270719280e-07
1.134198499435088624e-07
1.133049441235624828e-07
1.131902067016111306e-07
1.130755774804429776e-07
1.129611536461339381e-07
1.128468812200180882e-07
1.127327604788415529e-07
1.126187254574445032e-07
1.125048956098498951e-07
1.123911861771623574e-07
1.122776501714370950e-07
1.121642139168741782e-07
1.120509588093477981e-07
1.119378519082543529e-07
1.118248639264864540e-07
1.117120472921022895e-07
1.115993645556550453e-07
1.114868757878954702e-07
1.113744792097316632e-07
1.112622744748279382e-07
1.111502592405152296e-07
1.110384007623973621e-07
1.109266835059480122e-07
1.108150884213891685e-07
1.107037472202571986e-07
1.105925382370199436e-07
1.104814908229514027e-07
1.103705473917384848e-07
1.102598241014495922e-07
1.101492877149123756e-07
1.100389073147907855e-07
1.099286336464111655e-07
1.098185387195906502e-07
1.097086056115939884e-07
1.095988075386563775e-07
1.094891180637990773e-07
1.093795646850627354e-07
1.092701875098532996e-07
1.091609209121616760e-07
1.090518217078977158e-07
1.089428007938875067e-07
1.088340090209042701e-07
1.087252771586957004e-07
1.086167358939676689e-07
1.085082832183830821e-07
1.084000424983668277e-07
1.082918927958776429e-07
1.081838863851647089e-07
1.080760778978663814e-07
1.079684327916362743e-07
1.078609293995204630e-07
1.077535339013407161e-07
1.076463112479983559e-07
1.075393089224634810e-07
1.074324165179866330e-07
1.073256642103535549e-07
1.072190425631429685e-07
1.071126434652705555e-07
1.070063799962553873e-07
1.069002681774898948e-07
1.067942567850679067e-07
1.066884316620363696e-07
1.065827405846204383e-07
1.064771849036229540e-07
1.063717025085801532e-07
1.062664041343795965e-07
1.061612200046284370e-07
1.060561785618060280e-07
1.059512461225103449e-07
1.058464379386482465e-07
1.057418118934319670e-07
1.056372544804750617e-07
1.055328768423874840e-07
1.054285846135981020e-07
1.053244924930454464e-07
1.052204751725668440e-07
1.051166128224467005e-07
1.050129248085240015e-07
1.049093928298393654e-07
1.048059976007620565e-07
1.047027026721544842e-07
1.045995708755473177e-07
1.044966496857245982e-07
1.043938318172319432e-07
1.042911487227635109e-07
1.041885837312949115e-07
1.040862285748860024e-07
1.039840046824255683e-07
1.038819307739750330e-07
1.037799453321346476e-07
1.036781379188256510e-07
1.035764609831303249e-07
1.034749122997370247e-07
1.033734445687047148e-07
1.032721233941274440e-07
1.031709453363732775e-07
1.030698701837471094e-07
1.029689471457710417e-07
1.028680881158727903e-07
1.027674445099543650e-07
1.026668508281275166e-07
1.025664259981240505e-07
1.024660788848025476e-07
1.023659190628754829e-07
1.022658635192715135e-07
1.021659123811859110e-07
1.020661386235414577e-07
1.019665259129226872e-07
1.018670353721020265e-07
1.017676596914440152e-07
1.016683931803457061e-07
1.015693537043757355e-07
1.014704188462099379e-07
1.013716227693987328e-07
1.012729134761820955e-07
1.011743800354113823e-07
1.010760302194338782e-07
1.009777995721067037e-07
1.008796844552043791e-07
1.007816745566588206e-07
1.006838420348101419e-07
1.005861083734264585e-07
1.004885062377235309e-07
1.003909641351817506e-07
1.002936073730093169e-07
1.001963296916836322e-07
1.000992019916146981e-07
1.000021520247098899e-07
9.990523609413340786e-08
9.980846950997525412e-08
9.971176886858463380e-08
9.961523413876916699e-08
9.951877094537678655e-08
9.942249361111961064e-08
9.932628821050924503e-08
9.923020212494305142e-08
9.913428710887654467e-08
9.903851834164704957e-08
9.894286744090393775e-08
9.884731304521888912e-08
9.875187818912448805e-08
9.865665802195703763e-08
9.856152782377238772e-08
9.846652939288445646e-08
9.837161082682870058e-08
9.827686864310742075e-08
9.818229074444018940e-08
9.808783068347976906e-08
9.799347624885544989e-08
9.789922222556080411e-08
9.780513681262040568e-08
9.771114461535441475e-08
9.761727670644960705e-08
9.752346401806244308e-08
9.742982208964808357e-08
9.733626455311654821e-08
9.724283555455330732e-08
9.714950012083660107e-08
9.705625718829821497e-08
9.696319258405357042e-08
9.687017254943814695e-08
9.677730895337810505e-08
9.668450877361662847e-08
9.659188027469975670e-08
