4.664271664290679457e-07
4.959854180424338475e-07
5.234686551682159321e-07
5.489805089494095575e-07
5.726198097875632904e-07
5.944796387538283242e-07
6.146467960556350687e-07
6.332039275807881348e-07
6.502287654201108584e-07
6.657937631663436918e-07
6.799675621733441450e-07
6.928155764887509529e-07
7.043992703928520612e-07
7.147771730436893383e-07
7.240051591368729520e-07
7.321364601998624662e-07
7.392220624850522924e-07
7.453122944519174932e-07
7.504541749493550041e-07
7.546933765241056142e-07
7.580753243866659357e-07
7.606416848138986938e-07
7.624323236881902761e-07
7.634880833113136692e-07
7.638470857426700323e-07
7.635450564148433231e-07
7.626190852813551209e-07
7.611040791079529521e-07
7.590312948999162550e-07
7.564355503578345413e-07
7.533474921986732327e-07
7.497985074266254960e-07
7.458179069008110343e-07
7.414355429918791569e-07
7.366796219468084038e-07
7.315776376548284608e-07
7.261569931929415948e-07
7.204429971951476331e-07
7.144622167023094784e-07
7.082374102377376068e-07
7.017931549297246901e-07
6.951523529743924867e-07
6.883351905290974400e-07
6.813649802839642690e-07
6.742592224305926273e-07
6.670397561453694200e-07
6.597228497837112976e-07
6.523274624374783000e-07
6.448707099275569891e-07
6.373672508584215428e-07
6.298347112322622694e-07
6.222858586706679877e-07
6.147350437797588136e-07
6.071965671007159481e-07
5.996804373674743692e-07
5.921999566791508796e-07
5.847663028690288514e-07
5.773875454146177562e-07
5.700749596209628823e-07
5.628374337436921567e-07
5.556813834780814338e-07
5.486155768734914948e-07
5.416474068072049782e-07
5.347811504984841480e-07
5.280236729082738183e-07
5.213805899275920207e-07
5.148552090978984574e-07
5.084517963331656200e-07
5.021749564465156757e-07
4.960262524349906318e-07
4.900078197170905307e-07
4.841226046070163078e-07
4.783727267604028678e-07
4.727586077926283209e-07
4.672809921756077024e-07
4.619405002975553486e-07
4.567371395951596504e-07
4.516707237422293980e-07
4.467408105714614341e-07
4.419464101106468657e-07
4.372860791108430335e-07
4.327586615893243165e-07
4.283626267489471695e-07
4.240954764427725431e-07
4.199561497659409409e-07
4.159416343968121211e-07
4.120484301706383437e-07
4.082755150852509910e-07
4.046203390660058812e-07
4.010780238700098448e-07
3.976459665139938812e-07
3.943226260548184336e-07
3.911029134901601593e-07
3.879840737564014959e-07
3.849625100146715902e-07
3.820336052438896786e-07
3.791961399071008487e-07
3.764445407001637398e-07
3.737748272971757173e-07
3.711844861318638523e-07
3.686683414495770791e-07
3.662245167888791359e-07
3.638475771151213770e-07
3.615336901289588343e-07
3.592799524852831316e-07
3.570815833472704756e-07
3.549364849431030319e-07
3.528391277669476609e-07
3.507868437081199304e-07
3.487754778373504420e-07
3.468018888290868352e-07
3.448628566932759958e-07
3.429545363344516214e-07
3.410737485094388736e-07
3.392166488890151887e-07
3.373810356316885482e-07
3.355633654186072815e-07
3.337610846782249523e-07
3.319707891920952445e-07
3.301898880185376185e-07
3.284156274314939798e-07
3.266459494340456746e-07
3.248783444222622391e-07
3.231104813712081498e-07
3.213401732506859484e-07
3.195651176656454117e-07
3.177837874857428526e-07
3.159944344678745864e-07
3.141958735868213081e-07
3.123859055844436032e-07
3.105637590900950036e-07
3.087275633826813724e-07
3.068766962609610420e-07
3.050102860165773163e-07
3.031277909433843401e-07
3.012283705078892878e-07
2.993111572467299637e-07
2.973762558349358351e-07
2.954226755436431594e-07
2.934511740170058748e-07
2.914611166853803777e-07
2.894533443761267223e-07
2.874273485607845571e-07
2.853836229286246548e-07
2.833227209505726057e-07
2.812447296857388136e-07
2.791509948820330509e-07
2.770418225117560148e-07
2.749183651108343416e-07
2.727812011373866269e-07
2.706311459842956486e-07
2.684695276986427269e-07
2.662970943687440831e-07
2.641154194318948645e-07
2.619256822552906185e-07
2.597291031193493632e-07
2.575268717052534316e-07
2.553202481189869919e-07
2.531105679279319656e-07
2.508994679136491526e-07
2.486882778778151127e-07
2.464782838841581758e-07
2.442714139857105512e-07
2.420685778419102734e-07
2.398713408614583752e-07
2.376813110760833440e-07
2.354992805323993230e-07
2.333276302475618342e-07
2.311673460915438591e-07
2.290192792611965064e-07
2.268859616210582700e-07
2.247677523580627091e-07
2.226657715188850315e-07
2.205822562990318382e-07
2.185169691960570953e-07
2.164721413322126115e-07
2.144493134398328567e-07
2.124481194832273258e-07
2.104708459931966608e-07
2.085182746365782440e-07
2.065901241627683117e-07
2.046887915847079257e-07
2.028142677327917818e-07
2.009667136612789330e-07
1.991484954314648189e-07
1.973593161295686666e-07
1.955990022123756021e-07
1.938698957726859451e-07
1.921711815906558492e-07
1.905026083986596857e-07
1.888662836643858426e-07
1.872613101168397624e-07
1.856874455971164981e-07
1.841465076160103484e-07
1.826379668574441797e-07
1.811607965714901297e-07
1.797165821324064032e-07
1.783051435672733140e-07
1.769247756327350232e-07
1.755764861389732510e-07
1.742610421445493964e-07
1.729758756089274030e-07
1.717222593528626966e-07
1.705005808916278400e-07
1.693091993043087142e-07
1.681473554717010752e-07
1.670164914576053137e-07
1.659145967462529976e-07
1.648408185429504900e-07
1.637958244195151064e-07
1.627789865644580777e-07
1.617883752119235965e-07
1.608245063813303621e-07
1.598871953986135464e-07
1.589747160436999199e-07
1.580859939746427535e-07
1.572220316856260114e-07
1.563807356148523432e-07
1.555611739622666095e-07
1.547630881711337119e-07
1.539863071931118539e-07
1.532289075552060709e-07
1.524902386814452330e-07
1.517706761488281413e-07
1.510683752746230339e-07
1.503822751795577445e-07
1.497119103784787279e-07
1.490568422098639454e-07
1.484156645029405254e-07
1.477873722282560543e-07
1.471717438882005849e-07
1.465679836519440645e-07
1.459746431489432898e-07
1.453913091845290564e-07
1.448175031368464218e-07
1.442519904971045292e-07
1.436940100459954766e-07
1.431428243759126365e-07
1.425979572147960083e-07
1.420583005876599348e-07
1.415232760607640638e-07
1.409922227074724975e-07
1.404646660445703048e-07
1.399396312816127322e-07
1.394167244169687385e-07
1.388952404558630185e-07
1.383746813220005022e-07
1.378543654233979539e-07
1.373339330192643343e-07
1.368126547662928249e-07
1.362901099672328879e-07
1.357659045381896953e-07
1.352397354244463341e-07
1.347109597930478363e-07
1.341793071152151174e-07
1.336445564665877887e-07
1.331064562402246987e-07
1.325644904758483123e-07
1.320184223463519907e-07
1.314682014746950357e-07
1.309136580873835522e-07
1.303544373856303318e-07
1.297903802797819720e-07
1.292214477355534287e-07
1.286477822366842773e-07
1.280690438661766635e-07
1.274853138729256892e-07
1.268966018229781213e-07
1.263029360724369827e-07
1.257044239933015854e-07
1.251009806060551806e-07
1.244927823125599801e-07
1.238799960888570453e-07
1.232626610671526905e-07
1.226409166427419469e-07
1.220149465011846969e-07
1.213850401560654078e-07
1.207512875900044813e-07
1.201141251912974574e-07
1.194735964718207429e-07
1.188300831126675805e-07
1.181837076536987530e-07
1.175349575394474672e-07
1.168839543679168023e-07
1.162310878814962710e-07
1.155765084868410061e-07
1.149205671988962713e-07
1.142637593032766222e-07
1.136062496676278832e-07
1.129484193577644670e-07
1.122903868779697063e-07
1.116328403855807198e-07
1.109760566107009664e-07
1.103203350086280187e-07
1.096658822916420526e-07
1.090129149234502122e-07
1.083621880716328830e-07
1.077138247756976500e-07
1.070680865035801029e-07
1.064250694407766498e-07
1.057852682709534222e-07
1.051492416707798813e-07
1.045171106351804358e-07
1.038890613135732326e-07
1.032651386707793169e-07
1.026460064303943944e-07
1.020320440348574150e-07
1.014233307482608459e-07
1.008199210109443573e-07
1.002218483162092711e-07
9.962985932107839099e-08
9.904414899130509549e-08
9.846471280548590453e-08
9.789152962733147313e-08
9.732461635528829033e-08
9.676474937289829687e-08
9.621198426140442246e-08
9.566624166516257755e-08
9.512744299427634130e-08
9.459559711870552929e-08
9.407143039480224913e-08
9.355493652481302376e-08
9.304593329397805078e-08
9.254428156559899611e-08
9.204992109496080914e-08
9.156340021656578987e-08
9.108479844711526796e-08
9.061385364797791775e-08
9.015034216652947636e-08
8.969419673814497454e-08
8.924576170560745310e-08
8.880512650827667896e-08
8.837207627988450438e-08
8.794633625594643697e-08
8.752776853937543364e-08
8.711655957489235234e-08
8.671286132824099243e-08
8.631644159762322417e-08
8.592693633095646379e-08
8.554415094891674665e-08
8.516809284898848321e-08
8.479884964446915913e-08
8.443635265180897444e-08
8.408019516961780683e-08
8.373014788951622871e-08
8.338607838619169689e-08
8.304806210185501393e-08
8.271605484895659381e-08
8.238973461562751636e-08
8.206875203331149524e-08
8.175302235707367860e-08
8.144245192025455533e-08
8.113697744903359576e-08
8.083649309026746575e-08
8.054052599574951668e-08
8.024889613549809974e-08
7.996147817576944534e-08
7.967813715131083020e-08
7.939882880216170102e-08
7.912326347247329811e-08
7.885112211737636144e-08
7.858226249157982526e-08
7.831655311303934488e-08
7.805384303172960762e-08
7.779406501629787925e-08
7.753686937630193335e-08
7.728203330673571432e-08
7.702945218826857678e-08
7.677898272016822003e-08
7.653051652782625514e-08
7.628397772666853906e-08
7.603896963337471317e-08
7.579538255606523908e-08
7.555313251344323925e-08
7.531204629269819172e-08
7.507205203797501707e-08
7.483303013546925698e-08
7.459469888909550850e-08
7.435698131435786131e-08
7.411982763849978748e-08
7.388308981607781634e-08
7.364674858371139123e-08
7.341064089292182978e-08
7.317457921607318138e-08
7.293852013869945610e-08
7.270242836710973285e-08
7.246621428406928459e-08
7.222986844916991517e-08
7.199324629901869144e-08
7.175623191848299701e-08
7.151880558259554844e-08
7.128093618417252533e-08
7.104260847836776343e-08
7.080380080998668318e-08
7.056443961939460300e-08
7.032446977715232764e-08
7.008384954187818649e-08
6.984259765992389136e-08
6.960076313781125754e-08
6.935830771530583099e-08
6.911527394263675348e-08
6.887160409393913260e-08
6.862728396286015387e-08
6.838233750643275519e-08
6.813678748807378275e-08
6.789072880806927442e-08
6.764420260879345449e-08
6.739716300683334593e-08
6.714960620596997354e-08
6.690155886835797829e-08
6.665309148006904582e-08
6.640434689186196881e-08
6.615530832860455720e-08
6.590603015086396387e-08
6.565654290400449891e-08
6.540684581380841560e-08
6.515698206630578537e-08
6.490712905443848150e-08
6.465737294343160375e-08
6.440773340840211137e-08
6.415825849258001374e-08
6.390894666760862757e-08
6.365988244179662027e-08
6.341110696991480803e-08
6.316284313005208292e-08
6.291501945413857483e-08
6.266779380249901803e-08
6.242115310000253555e-08
6.217512452873339661e-08
6.192969087972537478e-08
6.168511063134862153e-08
6.144142857112720285e-08
6.119868730301010912e-08
6.095685077838148902e-08
6.071609482221662498e-08
6.047637487268199011e-08
6.023767851415802161e-08
6.000019001659034029e-08
5.976408695128266473e-08
5.952929454913554694e-08
5.929581583372437978e-08
5.906374616721682113e-08
5.883308622923620160e-08
5.860381733656212046e-08
5.837606230040733459e-08
5.815002991677738260e-08
5.792559381250816687e-08
5.770275916771660309e-08
5.748155373288221919e-08
5.726205452759095940e-08
5.704417406080012456e-08
5.682802341540475849e-08
5.661379226992199724e-08
5.640136582588693233e-08
5.619069871798042988e-08
5.598183726482491277e-08
5.577480841025836304e-08
5.556956196810746250e-08
5.536612296605959868e-08
5.516473728821922948e-08
5.496522388914628500e-08
5.476751958561074676e-08
5.457174117796680439e-08
5.437777299200670497e-08
5.418560185367374659e-08
5.399527263888247732e-08
5.380690330518673076e-08
5.362038850798493937e-08
5.343566447040159513e-08
5.325279765289543620e-08
5.307170031456975660e-08
5.289223292855554980e-08
5.271464615052349092e-08
5.253876608908959827e-08
5.236462428534362719e-08
5.219226280821314197e-08
5.202157112656779867e-08
5.185239380729069365e-08
5.168491237029323216e-08
5.151896223989066343e-08
5.135456770772434006e-08
5.119179795211811542e-08
5.103058805941912618e-08
5.087078857084938245e-08
5.071245602775806131e-08
5.055549486377058005e-08
5.039981194789997713e-08
5.024556517427734228e-08
5.009258177228034354e-08
4.994092653708627389e-08
4.979055338705149225e-08
4.964137331634875083e-08
4.949327151677645771e-08
4.934632131469102097e-08
4.920045557500390236e-08
4.905561430714560350e-08
4.891189876030220183e-08
4.876918571604382256e-08
4.862745851852846010e-08
4.848662924326825307e-08
4.834665754407495351e-08
4.820753520495869104e-08
4.806922753885778524e-08
4.793176089563230129e-08
4.779507352499995321e-08
4.765919793334286172e-08
4.752400640116781158e-08
4.738945676688698242e-08
4.725554795785889122e-08
4.712221672523043602e-08
4.698947640676101475e-08
4.685734240857404197e-08
4.672575671248922736e-08
4.659476379898940580e-08
4.646423156109885986e-08
4.633413374998829239e-08
4.620447373711235333e-08
4.607520579884658935e-08
4.594634071045008472e-08
4.581791078377814620e-08
4.568986503869424594e-08
4.556223806752842229e-08
4.543493012276805579e-08
4.530791286218425856e-08
4.518119421393062653e-08
4.505473894673633319e-08
4.492855812886603375e-08
4.480270356119135155e-08
4.467713050748806296e-08
4.455186156731265088e-08
4.442684100173511753e-08
4.430203620170121625e-08
4.417743286385334525e-08
4.405302686019299291e-08
4.392883995204338783e-08
4.380489154936539548e-08
4.368119559629108955e-08
4.355775440507838584e-08
4.343453698508377575e-08
4.331152665028447053e-08
4.318868648932824990e-08
4.306605083141733175e-08
4.294359803067089907e-08
4.282138098782085317e-08
4.269942744783287497e-08
4.257771946960138455e-08
4.245628605254878417e-08
4.233506813831300596e-08
4.221408435094835225e-08
4.209332804756406689e-08
4.197277947466915105e-08
4.185249705596207659e-08
4.173249592779036715e-08
4.161281672714805738e-08
4.149344516423568421e-08
4.137435895962093593e-08
4.125557607278111357e-08
4.113704769930227979e-08
4.101884475098084186e-08
4.090090033595628698e-08
4.078332263523444201e-08
4.066610813963278876e-08
4.054924718035129802e-08
4.043277921421737315e-08
4.031663899415573442e-08
4.020091107782749009e-08
4.008550827763492834e-08
3.997050655820377391e-08
3.985586404219188173e-08
3.974163393271301482e-08
3.962787275341344767e-08
3.951451750358413738e-08
3.940164955070970873e-08
3.928917490122962032e-08
3.917718895835216890e-08
3.906562131262068563e-08
3.895449479708025577e-08
3.884382615824942290e-08
3.873362068447784114e-08
3.862395667121222877e-08
3.851474733920005445e-08
3.840608997565725463e-08
3.829787948491406811e-08
3.819020663481168716e-08
3.808301086572497999e-08
3.797630615167846150e-08
3.787010618836742363e-08
3.776440836408615147e-08
3.765928737243891991e-08
3.755466245133107610e-08
3.745062109519519135e-08
3.734705438139463774e-08
3.724406029265874911e-08
3.714155412216594676e-08
3.703959919355587666e-08
3.693814580907247041e-08
3.683723134658303042e-08
3.673687830654397729e-08
3.663705512650011576e-08
3.653781365206012012e-08
3.643907109231651856e-08
3.634090038684273513e-08
3.624320276136797952e-08
3.614606899149268268e-08
3.604940711105083170e-08
3.595332156276140186e-08
3.585774304966634266e-08
3.576271312764685121e-08
3.566819793725413762e-08
3.557420300836184306e-08
3.548072295284443795e-08
3.538773291663760134e-08
3.529524637286253860e-08
3.520321681709529929e-08
3.511169955423561773e-08
3.502065213091261597e-08
3.493012320575502177e-08
3.484007031156168924e-08
3.475053545674701077e-08
3.466142482460489585e-08
3.457280373563754136e-08
3.448458950074280216e-08
3.439684159726019520e-08
3.430950526967756083e-08
3.422263853461930895e-08
3.413620046846610303e-08
3.405022031691256086e-08
3.396466218586906341e-08
3.387954406492902919e-08
3.379481437626233139e-08
3.371048144058553076e-08
3.362653530166707306e-08
3.354297216015883825e-08
3.345978218781873637e-08
3.337697321172146668e-08
3.329454874247059735e-08
3.321250098159388548e-08
3.313083994327866629e-08
3.304953195193800510e-08
3.296857055773453267e-08
3.288793135069726052e-08
3.280762577484974043e-08
3.272762373978835473e-08
3.264795375571043133e-08
3.256859867072230102e-08
3.248957809636296752e-08
3.241087769351739273e-08
3.233251438414560105e-08
3.225444334895649549e-08
3.217666728744950524e-08
3.209915835688334223e-08
3.202193253354895718e-08
3.194496048590714010e-08
3.186827170548278485e-08
3.179185445856061308e-08
3.171572739259525786e-08
3.163987819290985941e-08
3.156431844611070632e-08
3.148901695040544709e-08
3.141396709363070302e-08
3.133915051810254685e-08
3.126457224284354354e-08
3.119022415860559784e-08
3.111610512004819544e-08
3.104223023879748874e-08
3.096860791693891524e-08
3.089523466118255137e-08
3.082210887191913027e-08
3.074923086143586914e-08
3.067655912185088983e-08
3.060411773206007140e-08
3.053186762177268000e-08
3.045984292761091231e-08
3.038800614432623087e-08
3.031640217306770479e-08
3.024501983993588974e-08
3.017387768642647416e-08
3.010295256103966385e-08
3.003227601406037220e-08
2.996178921716354725e-08
2.989152235190689255e-08
2.982143552443944594e-08
2.975156443715012468e-08
2.968187535564747951e-08
2.961240027420464817e-08
2.954313418576435898e-08
2.947409330025269843e-08
2.940527327276502245e-08
2.933667275705692000e-08
2.926829932218993607e-08
2.920011217944492850e-08
2.913214762633525337e-08
2.906435217915405379e-08
2.899678256532286657e-08
2.892937879747878210e-08
2.886220206244936569e-08
2.879522509243296637e-08
2.872848864518375278e-08
2.866195410916563343e-08
2.859565072665202363e-08
2.852954705086198183e-08
2.846365497094402881e-08
2.839796640237444821e-08
2.833246688787382351e-08
2.826718787618822594e-08
2.820208244679343501e-08
2.813721500385024928e-08
2.807254883025180595e-08
2.800812254796165517e-08
2.794389881169631016e-08
2.787991325294692538e-08
2.781612445686132408e-08
2.775255326993763137e-08
2.768918736406761913e-08
2.762601979414506512e-08
2.756307271434057392e-08
2.750030689962758506e-08
2.743778374531073988e-08
2.737546283660654440e-08
2.731338363805277084e-08
2.725150884470551258e-08
2.718987052807670436e-08
2.712843401504486603e-08
2.706721399154668282e-08
2.700620703627745522e-08
2.694539116291803548e-08
2.688480909959716558e-08
2.682440428368465719e-08
2.676423488967762413e-08
2.670426420142727064e-08
2.664453254998135907e-08
2.658500728467395807e-08
2.652570324982148876e-08
2.646661951149161080e-08
2.640772998535959526e-08
2.634907398074193865e-08
2.629059322615262499e-08
2.623234427210685281e-08
2.617427021259814942e-08
2.611641952059900097e-08
2.605877043536926184e-08
2.600133078385943507e-08
2.594411675068473406e-08
2.588710151358903863e-08
2.583032178324507655e-08
2.577372232183497300e-08
2.571733933456636428e-08
2.566113747966211999e-08
2.560513727009783353e-08
2.554933448275040739e-08
2.549371006686540295e-08
2.543830988576741166e-08
2.538309774538201966e-08
2.532810366899944962e-08
2.527329873036029621e-08
2.521870355753558527e-08
2.516430587204051058e-08
2.511008630975994762e-08
2.505607531616137409e-08
2.500222433005126801e-08
2.494857866866309659e-08
2.489509514934180442e-08
2.484179975710069033e-08
2.478868953759823390e-08
2.473576542800642502e-08
2.468305039910716400e-08
2.463050937626836999e-08
2.457817405393230762e-08
2.452600336254634561e-08
2.447401293101806243e-08
2.442220011374981751e-08
2.437054247756798516e-08
2.431907422330004475e-08
2.426775058551959381e-08
2.421661121722157233e-08
2.416563685838820733e-08
2.411483470270710386e-08
2.406422496833974663e-08
2.401377711361510759e-08
2.396352154277366834e-08
2.391341691799509519e-08
2.386347785508768781e-08
2.381370018480156648e-08
2.376406608540435158e-08
2.371460610571736926e-08
2.366527785436921155e-08
2.361611869467919144e-08
2.356711063695977713e-08
2.351826233155600247e-08
2.346959314595137730e-08
2.342107438238522754e-08
2.337273130388512072e-08
2.332452858171850513e-08
2.327647360652494447e-08
2.322857736987843641e-08
2.318080341240318065e-08
2.313319122791087463e-08
2.308570365351187939e-08
2.303835738405890181e-08
2.299115982725655925e-08
2.294411729773835207e-08
2.289723400737988536e-08
2.285048988640593361e-08
2.280389729926852644e-08
2.275745748785165344e-08
2.271113897969371055e-08
2.266497753433448638e-08
2.261892652662052861e-08
2.257301493517259925e-08
2.252723631608105090e-08
2.248158027607723454e-08
2.243607270940232533e-08
2.239069587275659721e-08
2.234546101391981251e-08
2.230036698646039906e-08
2.225540841702552859e-08
2.221060473229113022e-08
2.216591725918790106e-08
2.212136237172835607e-08
2.207693924711388189e-08
2.203262610688305367e-08
2.198845610744621326e-08
2.194439182290507153e-08
2.190045151515794003e-08
2.185664441516924926e-08
2.181297161842870299e-08
2.176943992631437637e-08
2.172603128193769127e-08
2.168274992346992410e-08
2.163961574823799576e-08
2.159658723497127611e-08
2.155368895927319916e-08
2.151090278948201004e-08
2.146823234232176331e-08
2.142569787864185652e-08
2.138325806944331440e-08
2.134095016215653296e-08
2.129875669866536182e-08
2.125668924819337210e-08
2.121476490290244563e-08
2.117295323547500910e-08
2.113126801157272842e-08
2.108971560882472434e-08
2.104826512193698973e-08
2.100694482822812376e-08
2.096572580191195772e-08
2.092461846294291364e-08
2.088364389426481691e-08
2.084275940489609147e-08
2.080200168865552442e-08
2.076135345423107260e-08
2.072082680728046170e-08
2.068043821200341435e-08
2.064015751221795109e-08
2.059999588226226603e-08
2.055996664407677827e-08
2.052003534735824151e-08
2.048022459380521880e-08
2.044051986857805718e-08
2.040092056702770696e-08
2.036144880760504258e-08
2.032206631322970293e-08
2.028279575018823052e-08
2.024364122026002946e-08
2.020460400301159332e-08
2.016569203587940026e-08
2.012688571995169940e-08
2.008819085181825853e-08
2.004962813077599893e-08
2.001115854814328698e-08
1.997280116708023563e-08
1.993455959537397397e-08
1.989640807184834815e-08
1.985837464534492797e-08
1.982043555216174439e-08
1.978259571098676281e-08
1.974488135794364060e-08
1.970726704624782831e-08
1.966975700035547465e-08
1.963237125764606063e-08
1.959508742031283194e-08
1.955792168152964126e-08
1.952086083834369114e-08
1.948389449573612424e-08
1.944704694403231170e-08
1.941028432576814787e-08
1.937362274454044251e-08
1.933707812698965248e-08
1.930061409249758400e-08
1.926425306717216206e-08
1.922799678066493856e-08
1.919184950222609596e-08
1.915581556855693632e-08
1.911987754241900714e-08
1.908404307726289561e-08
1.904832699102840693e-08
1.901269989261388416e-08
1.897717107609800251e-08
1.894175430094557455e-08
1.890641440512672359e-08
1.887117325950612554e-08
1.883603788000384959e-08
1.880098270876755219e-08
1.876603393346418392e-08
1.873117342814984940e-08
1.869641759211947502e-08
1.866177232188354005e-08
1.862721819274338474e-08
1.859275898155476146e-08
1.855841379269912792e-08
1.852414957375096746e-08
1.848997948583042312e-08
1.845591472798497685e-08
1.842192295436239392e-08
1.838802389057589649e-08
1.835422311861791331e-08
1.832049892652295721e-08
1.828687456908048498e-08
1.825333290279749171e-08
1.821989238817775185e-08
1.818655446967524567e-08
1.815330141568129362e-08
1.812014025536831483e-08
1.808708543309104527e-08
1.805410990252364966e-08
1.802122018575112946e-08
1.798843136223890118e-08
1.795570896143610398e-08
1.792307331370877458e-08
1.789053826102614261e-08
1.785806925222351433e-08
1.782568582270672923e-08
1.779339634734494449e-08
1.776119453623085840e-08
1.772908515126532427e-08
1.769706257596023188e-08
1.766512599125787898e-08
1.763328763573053524e-08
1.760153353023513511e-08
1.756985427986348513e-08
1.753826351965891761e-08
1.750675111968026221e-08
1.747531364315278835e-08
1.744396757540087628e-08
1.741268877593768842e-08
1.738148706820487465e-08
1.735038014720576513e-08
1.731934588761125362e-08
1.728839079979971760e-08
1.725753817827061691e-08
1.722675919320633454e-08
1.719605945064004971e-08
1.716545637497031711e-08
1.713491983062161266e-08
1.710446235503242107e-08
1.707409489823150774e-08
1.704378495760936389e-08
1.701355215622581263e-08
1.698340985758220523e-08
1.695332589091368500e-08
1.692331287976794726e-08
1.689339325048508013e-08
1.686354605580486871e-08
1.683377168940058248e-08
1.680408784490056569e-08
1.677447855062394369e-08
1.674494666749378379e-08
1.671550313072654469e-08
1.668612030911500257e-08
1.665681328978451456e-08
1.662758933188008825e-08
1.659842263270109313e-08
1.656932776027544479e-08
1.654031758195956460e-08
1.651136276689601807e-08
1.648247958752504001e-08
1.645367871819403423e-08
1.642495016271945668e-08
1.639629257576726817e-08
1.636771776143813431e-08
1.633921504750502954e-08
1.631078584652614087e-08
1.628244044575224104e-08
1.625415267809287110e-08
1.622593606707329849e-08
1.619780035722713218e-08
1.616971658286095753e-08
1.614170122214236496e-08
1.611376868890805917e-08
1.608588717144608560e-08
1.605806859051716767e-08
1.603033685836945078e-08
1.600266800243438044e-08
1.597506164874114335e-08
1.594754363801879428e-08
1.592008877324955616e-08
1.589270026716673734e-08
1.586539459296796904e-08
1.583814477526511174e-08
1.581096166618699512e-08
1.578385609059783804e-08
1.575679923222114548e-08
1.572980901228731262e-08
1.570289495148925646e-08
1.567603108462078264e-08
1.564922924572165428e-08
1.562250525460748431e-08
1.559583552464732039e-08
1.556923653110775443e-08
1.554271507176671016e-08
1.551625227524777901e-08
1.548985405377763364e-08
1.546353437075959136e-08
1.543727720949891885e-08
1.541107599911209695e-08
1.538494041541218731e-08
1.535887233708230775e-08
1.533285582019498211e-08
1.530690106166153114e-08
1.528101755564965462e-08
1.525518213039917547e-08
1.522940535171821254e-08
1.520370499928003221e-08
1.517806283615712551e-08
1.515247614614026710e-08
1.512697131114731044e-08
1.510152215569959293e-08
1.507613228336413027e-08
1.505081877675409601e-08
1.502555883929368967e-08
1.500035484025848263e-08
1.497521851667768360e-08
1.495013663253984144e-08
1.492510837586127603e-08
1.490014359298094455e-08
1.487523482169114522e-08
1.485037847951877859e-08
1.482558266813574304e-08
1.480084876609050116e-08
1.477617604128228906e-08
1.475155734560585845e-08
1.472701168802727917e-08
1.470252175743392506e-08
1.467808766501211857e-08
1.465372507100368832e-08
1.462941278938407394e-08
1.460515357363368423e-08
1.458096001044448252e-08
1.455681688972853813e-08
1.453272493834436111e-08
1.450869261023905573e-08
1.448471519539748489e-08
1.446078592884123280e-08
1.443691228659859114e-08
1.441310196407815245e-08
1.438934693005603313e-08
1.436564081391172939e-08
1.434200918707590671e-08
1.431842657372465075e-08
1.429489757387077271e-08
1.427143725378850090e-08
1.424802616272773263e-08
1.422466592743464876e-08
1.420136179792894697e-08
1.417811447053407766e-08
1.415491080471712455e-08
1.413175847434729405e-08
1.410867133376915576e-08
1.408562288522792748e-08
1.406262123335381484e-08
1.403969015627960281e-08
1.401680144816711942e-08
1.399396775152205857e-08
1.397119916673971986e-08
1.394847729551617833e-08
1.392580966236744845e-08
1.390320031505835303e-08
1.388064919889193469e-08
1.385813933789820834e-08
1.383568183268858310e-08
1.381328555098399276e-08
1.379092418826710131e-08
1.376861569667039521e-08
1.374636379903269463e-08
1.372415228484598161e-08
1.370198964937616194e-08
1.367987862947421879e-08
1.365781945377498278e-08
1.363581289444336334e-08
1.361384944430760392e-08
1.359195378025201451e-08
1.357010106255007197e-08
1.354829665337374320e-08
1.352655401254382116e-08
1.350485805894500814e-08
1.348320449985454496e-08
1.346160057359184877e-08
1.344005218978176676e-08
1.341853847925395890e-08
1.339707331832838114e-08
1.337566558494948787e-08
1.335429169925481153e-08
1.333296538657702412e-08
1.331169219772169463e-08
1.329046034600738834e-08
1.326928393223905078e-08
1.324815002327976460e-08
1.322707593999943286e-08
1.320604539358119807e-08
1.318505934719657423e-08
1.316413252775560424e-08
1.314324868170708654e-08
1.312240595464477085e-08
1.310161008199154543e-08
1.308086683066874396e-08
1.306015628242368188e-08
1.303949185582092848e-08
1.301888196884852645e-08
1.299830401391229873e-08
1.297777170101088633e-08
1.295728818688862220e-08
1.293684755717097482e-08
1.291645647933814127e-08
1.289610332901039866e-08
1.287581197555583211e-08
1.285555800596622132e-08
1.283534785787704542e-08
1.281519341348392382e-08
1.279508258411790852e-08
1.277500765568124043e-08
1.275497713275406266e-08
1.273500009045261974e-08
1.271505161931717691e-08
1.269514782625257817e-08
1.267529171764361326e-08
1.265547418090734676e-08
1.263569437859517135e-08
1.261595270772549312e-08
1.259626777572192486e-08
1.257661780978492757e-08
1.255700994094675990e-08
1.253745595729728045e-08
1.251793901593793446e-08
1.249846692110030416e-08
1.247903759171881449e-08
1.245966006778636383e-08
1.244031739158846767e-08
1.242101399996845829e-08
1.240175525445155159e-08
1.238253882622283244e-08
1.236335445814689781e-08
1.234420978531391307e-08
1.232511644895338433e-08
1.230604998942725753e-08
1.228702419590377237e-08
1.226804339092906793e-08
1.224910030162953414e-08
1.223020243980640368e-08
1.221133757039570487e-08
1.219252970641314554e-08
1.217375487189585211e-08
1.215501994057814570e-08
1.213633222659090726e-08
1.211768830150507129e-08
1.209907444466667467e-08
1.208050186543247705e-08
1.206197399692432318e-08
1.204348071736259228e-08
1.202502134851287104e-08
1.200659811104458719e-08
1.198822469099835261e-08
1.196987677915132402e-08
1.195156551014165341e-08
1.193330042681241917e-08
1.191506690168155327e-08
1.189687950188379157e-08
1.187872321137817816e-08
1.186062049213799496e-08
1.184254889313462661e-08
1.182451495479231562e-08
1.180652652548892609e-08
1.178857932819312979e-08
1.177066057714573850e-08
1.175278058830527481e-08
1.173494317352205178e-08
1.171713966119114718e-08
1.169936685912866570e-08
1.168162839927876863e-08
1.166393801327484710e-08
1.164627051477470047e-08
1.162863980819991629e-08
1.161104922590809221e-08
1.159349426795162540e-08
1.157597830168536090e-08
1.155849227430435038e-08
1.154105797134579608e-08
1.152365260535705616e-08
1.150628525184730577e-08
1.148895485551519779e-08
1.147166898330659738e-08
1.145441289947660523e-08
1.143719045070929126e-08
1.142000405655319397e-08
1.140285734913782100e-08
1.138573503734962010e-08
1.136864859645242707e-08
1.135160295447554971e-08
1.133458546992924393e-08
1.131760017801001961e-08
1.130064393310299260e-08
1.128373715302770446e-08
1.126685342476329656e-08
1.125000960419354224e-08
1.123320262517181126e-08
1.121643356084115588e-08
1.119969830764922614e-08
1.118299417271187218e-08
1.116633397831052805e-08
1.114970762334688991e-08
1.113310761705656090e-08
1.111654284671913227e-08
1.110001659214030564e-08
1.108352032572406417e-08
1.106705182737962111e-08
1.105061440700709031e-08
1.103422024912659287e-08
1.101784628260844368e-08
1.100150653169550440e-08
1.098519941670066023e-08
1.096893049040793239e-08
1.095269095002746120e-08
1.093648279826803550e-08
1.092031626311318861e-08
1.090417863453524743e-08
1.088807715275610316e-08
1.087200473118193756e-08
1.085597435196730912e-08
1.083997434075479326e-08
1.082399990478028815e-08
1.080805849336623352e-08
1.079215545065078505e-08
1.077627751324148818e-08
1.076042812293407967e-08
1.074460730992011750e-08
1.072882840287551593e-08
1.071306784902631478e-08
1.069733981197081445e-08
1.068164265542373762e-08
1.066598223753842430e-08
1.065034881538659478e-08
1.063474611102325276e-08
1.061918152780661658e-08
1.060364582099088738e-08
1.058814399414733965e-08
1.057266908299822086e-08
1.055723397514900291e-08
1.054182899268811327e-08
1.052644736495494795e-08
1.051109754833062324e-08
1.049578223947627015e-08
1.048049515113574385e-08
1.046523091402357233e-08
1.044999645519713836e-08
1.043479898053017107e-08
1.041962249442197911e-08
1.040447517996560880e-08
1.038935199419540824e-08
1.037427220214725155e-08
1.035920962996615389e-08
1.034418481839959464e-08
1.032918567404306809e-08
1.031422624119824480e-08
1.029929041052414452e-08
1.028438456305845777e-08
1.026951021098795923e-08
1.025467141723201113e-08
1.023985643254656098e-08
1.022506885248551745e-08
1.021030888104163840e-08
1.019558478276452307e-08
1.018087797506044610e-08
1.016620145135390809e-08
1.015155207587093144e-08
1.013693727831194464e-08
1.012234035342916959e-08
1.010777103213230739e-08
1.009323255138512581e-08
1.007872402426836429e-08
1.006424187936755888e-08
1.004978627560757734e-08
1.003536560092037171e-08
1.002097143168511864e-08
1.000660689183863106e-08
9.992266201495838572e-09
9.977961639782600815e-09
9.963686080249514340e-09
9.949431282926918167e-09
9.935204348998908717e-09
9.921006267918359435e-09
9.906838188631792486e-09
9.892687515365780799e-09
9.878565179173561547e-09
9.864471860087564067e-09
9.850407358953105670e-09
9.836361684261541225e-09
9.822340851549341216e-09
9.808351522098679736e-09
9.794387695263080136e-09
9.780451420596710091e-09
9.766538765380330039e-09
9.752660443734647676e-09
9.738806195329643783e-09
9.724980658144124858e-09
9.711177617963527765e-09
9.697408622324023457e-09
9.683667651919697600e-09
9.669946368962068502e-09
9.656251477185489843e-09
9.642582848075813378e-09
9.628944391171216979e-09
9.615321186012973286e-09
9.601726229075248936e-09
9.588155943523758612e-09
9.574616479898003878e-09
9.561092419347701645e-09
9.547593801752044723e-09
9.534121332215703860e-09
9.520679111238279257e-09
9.507256736227673072e-09
9.493862190941405741e-09
9.480493923019794355e-09
9.467157079070977355e-09
9.453840998721940200e-09
9.440550554799563102e-09
9.427286731115031746e-09
9.414054130307869353e-09
9.400842209641973170e-09
9.387652013615536149e-09
9.374485766913830426e-09
9.361350712091254242e-09
9.348233843802865085e-09
9.335138384677402277e-09
9.322065821366813225e-09
9.309024603011525136e-09
9.296000165950970636e-09
9.282998900622129940e-09
9.270017533498216050e-09
9.257070246180134361e-09
9.244138633475479359e-09
9.231237265630868504e-09
9.218353396302218490e-09
9.205504714001902076e-09
9.192674073239979600e-09
9.179870834451768430e-09
9.167087311461277254e-09
9.154334986024010661e-09
9.141607571145826676e-09
9.128898009976728729e-09
9.116212068275014730e-09
9.103549144650637247e-09
9.090914917091782674e-09
9.078294408743613242e-09
9.065698616596427527e-09
9.053122626078231448e-09
9.040578375547652005e-09
9.028046248472047386e-09
9.015538784571483155e-09
9.003049293131665048e-09
8.990594476956710887e-09
8.978151083211416142e-09
8.965739259913921218e-09
8.953342702425947910e-09
8.940980668082518991e-09
8.928634644407754730e-09
8.916314559900533434e-09
8.904013776503072072e-09
8.891742353199249305e-09
8.879494300383525638e-09
8.867263112404177540e-09
8.855054712005543684e-09
8.842867701639458097e-09
8.830708506546181159e-09
8.818562149574732860e-09
8.806439252496189355e-09
8.794334813294279764e-09
8.782260655396496566e-09
8.770198969601012256e-09
8.758159887619365516e-09
8.746137989250194371e-09
8.734147777523813444e-09
8.722170987223270847e-09
8.710221597436416145e-09
8.698288413717747036e-09
8.686385496073005991e-09
8.674500756523082215e-09
8.662639488444007697e-09
8.650796794708466645e-09
8.638980650989248541e-09
8.627188909084055223e-09
8.615414773418878175e-09
8.603659536726740915e-09
8.591924549684923641e-09
8.580215925403324492e-09
8.568524647201921301e-09
8.556849354124846219e-09
8.545195139265898799e-09
8.533565382733040754e-09
8.521955335118287870e-09
8.510360302178557633e-09
8.498784523288968719e-09
8.487231282227261325e-09
8.475702250101375427e-09
8.464188582967899006e-09
8.452699085817314765e-09
8.441227606214565629e-09
8.429786105108215513e-09
8.418358904788556769e-09
8.406953956594933827e-09
8.395567653548116654e-09
8.384208185188609197e-09
8.372868252561803295e-09
8.361543755859042714e-09
8.350240110353446602e-09
8.338955727562735198e-09
8.327696628422436475e-09
8.316449220553883860e-09
8.305222177821191978e-09
8.294012375690712267e-09
8.282829003808485660e-09
8.271659304447300309e-09
8.260507571029430590e-09
8.249372463465051540e-09
8.238262023495413337e-09
8.227169847809192490e-09
8.216096038978563392e-09
8.205041949283753231e-09
8.194008333190218200e-09
8.183000625473302989e-09
8.172007717258247788e-09
8.161035029408953152e-09
8.150081045866931239e-09
8.139152482362385071e-09
8.128241961428130729e-09
8.117345953250632292e-09
8.106470189864580035e-09
8.095612464524652850e-09
8.084778988923424558e-09
8.073956684630044010e-09
8.063153268074519270e-09
8.052366556786145196e-09
8.041604580482957833e-09
8.030856836061643490e-09
8.020124809927323843e-09
8.009409325510038889e-09
7.998715293655739369e-09
7.988041890293586662e-09
7.977382691073097067e-09
7.966745962240605852e-09
7.956124445034503642e-09
7.945531210214897983e-09
7.934949933879549537e-09
7.924389826508828017e-09
7.913845036942543748e-09
7.903324451997839426e-09
7.892823556317637362e-09
7.882336754026615645e-09
7.871867289544516465e-09
7.861414569262785553e-09
7.850984629885847277e-09
7.840570161541351639e-09
7.830168493115179304e-09
7.819785258882553355e-09
7.809421035849459340e-09
7.799077752887090318e-09
7.788743637373782424e-09
7.778429008395785282e-09
7.768128385375342589e-09
7.757855542852570717e-09
7.747591411341408604e-09
7.737350277219726403e-09
7.727122028507755251e-09
7.716917018826854637e-09
7.706730317839858051e-09
7.696559208287373144e-09
7.686406023418818727e-09
7.676270338892868245e-09
7.666157410339062332e-09
7.656060259433919825e-09
7.645975948897324454e-09
7.635910333605928830e-09
7.625860765898528213e-09
7.615833388111568333e-09
7.605816429864553439e-09
7.595815113999530210e-09
7.585829847636298734e-09
7.575865726005405052e-09
7.565917092843271156e-09
7.555979853096386172e-09
7.546059148901964094e-09
7.536153864777603835e-09
7.526273954056389006e-09
7.516401293763948039e-09
7.506553041887070078e-09
7.496715215152545364e-09
7.486901405490890561e-09
7.477102485765516329e-09
7.467319731696691835e-09
7.457553694073070275e-09
7.447804555238872794e-09
7.438076887442733938e-09
7.428364147546684727e-09
7.418663502188855952e-09
7.408980809740914500e-09
7.399312939877343619e-09
7.389666671256080827e-09
7.380030560657358173e-09
7.370408435052042632e-09
7.360802447552267942e-09
7.351215030822621361e-09
7.341644456648211536e-09
7.332083149736292285e-09
7.322539003685233474e-09
7.313007630704872186e-09
7.303501869405519474e-09
7.294003731206476538e-09
7.284525960262371418e-09
7.275060381967597502e-09
7.265614052300612360e-09
7.256187364950304323e-09
7.246772957029149129e-09
7.237375479793373395e-09
7.227992501609598706e-09
7.218630092274633886e-09
7.209283970588251406e-09
7.199949690045917420e-09
7.190630358366150336e-09
7.181325513173946719e-09
7.172039903790508781e-09
7.162768757683492199e-09
7.153507035968040545e-09
7.144262775187501944e-09
7.135031166750071439e-09
7.125821575394477671e-09
7.116620100663694784e-09
7.107433795259923911e-09
7.098259831348238761e-09
7.089103844345028382e-09
7.079964790208613357e-09
7.070836033020773696e-09
7.061728127694156616e-09
7.052629606258570680e-09
7.043555144358349182e-09
7.034491019896586053e-09
7.025443127068804615e-09
7.016409625460085357e-09
7.007391730724604206e-09
6.998393246793899713e-09
6.989408110343511376e-09
6.980434029238032672e-09
6.971475788130549960e-09
6.962530175350231166e-09
6.953604964246807537e-09
6.944690108337976402e-09
6.935786156659024484e-09
6.926897312065882697e-09
6.918023273412104258e-09
6.909168188810761645e-09
6.900319790156654883e-09
6.891487499225593697e-09
6.882666388082125524e-09
6.873863856943591946e-09
6.865075276523130861e-09
6.856297721409610650e-09
6.847538992809474243e-09
6.838789987916892322e-09
6.830063914108492089e-09
6.821347213472207257e-09
6.812646185747068487e-09
6.803958823824450393e-09
6.795286170474001490e-09
6.786632060572597414e-09
6.777990766365424221e-09
6.769360156099387397e-09
6.760744177182240647e-09
6.752140388562574430e-09
6.743555102774062180e-09
6.734981509522236346e-09
6.726417134062566322e-09
6.717868093924606037e-09
6.709330847567278666e-09
6.700813617742369068e-09
6.692303836740650185e-09
6.683807173679924618e-09
6.675321898242114069e-09
6.666851297499620768e-09
6.658399448641244084e-09
6.649953910691344343e-09
6.641529164181979813e-09
6.633112325678310826e-09
6.624714101654479131e-09
6.616330610484830068e-09
6.607958334703930268e-09
6.599600658690874476e-09
6.591255012105279862e-09
6.582927078511829651e-09
6.574613561686509644e-09
6.566311311219267208e-09
6.558019614431578962e-09
6.549741385128611318e-09
6.541479084800850886e-09
6.533231563951070910e-09
6.524991112023013298e-09
6.516763994419781454e-09
6.508548906278588593e-09
6.500349417009224784e-09
6.492164254366212227e-09
6.483985244600948092e-09
6.475821821654493904e-09
6.467667985913243667e-09
6.459532760354270927e-09
6.451408084923329256e-09
6.443294197427753344e-09
6.435196942480403104e-09
6.427108503187246103e-09
6.419040999017054766e-09
6.410982157161058472e-09
6.402936949373507546e-09
6.394904457059586674e-09
6.386884327144777075e-09
6.378881601832163587e-09
6.370891142645149706e-09
6.362910263768936608e-09
6.354941451478386847e-09
6.346984671805073798e-09
6.339043159460210961e-09
6.331115282274897662e-09
6.323193750863500785e-09
6.315286061548135353e-09
6.307388741887008919e-09
6.299507472448585302e-09
6.291638552931119414e-09
6.283775960691702265e-09
6.275928037677169115e-09
6.268089300693865358e-09
6.260268334000904021e-09
6.252457449547415314e-09
6.244656443151260850e-09
6.236871974677834658e-09
6.229095171563982765e-09
6.221338181586495712e-09
6.213590514945237504e-09
6.205854725464647911e-09
6.198131453820899477e-09
6.190419834571017104e-09
6.182723950809537207e-09
6.175041010100785713e-09
6.167368015293651104e-09
6.159704519227631696e-09
6.152053471031976076e-09
6.144416261706989405e-09
6.136793054540816246e-09
6.129176733225485163e-09
6.121570865627853673e-09
6.113977028928151583e-09
6.106395520258027644e-09
6.098829641981871983e-09
6.091269240559354133e-09
6.083721528308352936e-09
6.076182974914870002e-09
6.068656917086056053e-09
6.061147834280887923e-09
6.053643622720117467e-09
6.046156747775490820e-09
6.038677181155805746e-09
6.031211398922569885e-09
6.023762331362418300e-09
6.016320328857870147e-09
6.008892161058914046e-09
6.001473127086521861e-09
5.994068211416337368e-09
5.986678156063070191e-09
5.979297982844755519e-09
5.971926492137835422e-09
5.964566741650987327e-09
5.957217072263699074e-09
5.949882001869304882e-09
5.942558532101235695e-09
5.935240864432923329e-09
5.927935978763699977e-09
5.920640164646963191e-09
5.913358989947044091e-09
5.906089363140486595e-09
5.898824916895109434e-09
5.891574108463235384e-09
5.884331570041721595e-09
5.877103335777456687e-09
5.869886879923034609e-09
5.862676896585586727e-09
5.855484512192422112e-09
5.848297853901266143e-09
5.841125696913730762e-09
5.833967430359443265e-09
5.826817087221902755e-09
5.819679471130501358e-09
5.812550102202859089e-09
5.805435005484345830e-09
5.798333968000036385e-09
5.791241909678727578e-09
5.784158036337488231e-09
5.777085477557674464e-09
5.770022407500474510e-09
5.762973235087429725e-09
5.755935298400718694e-09
5.748902653980562149e-09
5.741882005821767300e-09
5.734870384083000008e-09
5.727871656766493438e-09
5.720885342537624274e-09
5.713903558242675080e-09
5.706934479268776020e-09
5.699973237726321695e-09
5.693023800295244981e-09
5.686089053626170240e-09
5.679158828829788849e-09
5.672244301261226655e-09
5.665336336254952632e-09
5.658440369314108814e-09
5.651560762906914864e-09
5.644686398136592414e-09
5.637824748254974963e-09
5.630972604633994466e-09
5.624131080649279239e-09
5.617303634462346861e-09
5.610486193736813144e-09
5.603676855692070151e-09
5.596876366031929787e-09
5.590086438085738151e-09
5.583308212188916681e-09
5.576542381727587504e-09
5.569782813156962600e-09
5.563031220340947745e-09
5.556290874268630808e-09
5.549559174353745045e-09
5.542842878608536076e-09
5.536132723162876972e-09
5.529429735410130376e-09
5.522737175918554526e-09
5.516052977075935799e-09
5.509384706784590085e-09
5.502723313469862878e-09
5.496069689785120904e-09
5.489430820159813019e-09
5.482797435885636203e-09
5.476178421855802863e-09
5.469570526221765954e-09
5.462970126075049258e-09
5.456381354834094937e-09
5.449800017801042524e-09
5.443231497255175354e-09
5.436675601565156548e-09
5.430128299592136285e-09
5.423588328467682748e-09
5.417057907124840031e-09
5.410536648133746513e-09
5.404027445798714529e-09
5.397529421531253562e-09
5.391036624689894731e-09
5.384552275115838252e-09
5.378078017268970535e-09
5.371612781203370154e-09
5.365162017280929540e-09
5.358716499933375565e-09
5.352278368280172006e-09
5.345849669442508473e-09
5.339428985091511367e-09
5.333023845877962802e-09
5.326624954180998347e-09
5.320233307110340898e-09
5.313856037567350565e-09
5.307483773147767993e-09
5.301124555903592782e-09
5.294776935460751891e-09
5.288435991647772849e-09
5.282106128004906536e-09
5.275783830311098963e-09
5.269472591708253863e-09
5.263173726630734550e-09
5.256883510199526996e-09
5.250600393611117684e-09
5.244325572643646633e-09
5.238060292961637314e-09
5.231805262622108701e-09
5.225561772986377322e-09
5.219324204102008737e-09
5.213093189352502228e-09
5.206873186964494660e-09
5.200660195258849473e-09
5.194460351382008263e-09
5.188268059751781250e-09
5.182080382397945305e-09
5.175904281618968569e-09
5.169734747649135285e-09
5.163575819381417029e-09
5.157429084711203954e-09
5.151286258016674205e-09
5.145156551185378956e-09
5.139033161382089970e-09
5.132918829143253939e-09
5.126819932077981285e-09
5.120725696927566894e-09
5.114641164631320792e-09
5.108565907527194067e-09
5.102498250169361063e-09
5.096442549596473398e-09
5.090397752311424520e-09
5.084360091008417741e-09
5.078328956878330898e-09
5.072307312160500679e-09
5.066293303769471672e-09
5.060290548606678237e-09
5.054297781840086687e-09
5.048309382088055786e-09
5.042328910195487804e-09
5.036357535339245430e-09
5.030394174528186646e-09
5.024444115676249826e-09
5.018499080048796652e-09
5.012559716677719957e-09
5.006630150764883319e-09
5.000707436738966128e-09
4.994796799574828309e-09
4.988894764032130187e-09
4.982997302017296465e-09
4.977113758316437014e-09
4.971234554982739771e-09
4.965365022868502235e-09
4.959509913326229916e-09
4.953658718225919394e-09
4.947817273622499374e-09
4.941984304473904420e-09
4.936158765265550848e-09
4.930344572120093321e-09
4.924540703225868164e-09
4.918743603683378424e-09
4.912952733278148240e-09
4.907170662397203501e-09
4.901396010274116757e-09
4.895631978706725559e-09
4.889877624839555644e-09
4.884127649999489053e-09
4.878384604145627480e-09
4.872650837147197728e-09
4.866923983216762226e-09
4.861209583656559134e-09
4.855501081925409170e-09
4.849796857949157888e-09
4.844103205714468114e-09
4.838415448824162060e-09
4.832736783621876620e-09
4.827070326448472310e-09
4.821407012532924145e-09
4.815754279066067264e-09
4.810109113780115739e-09
4.804470747776812193e-09
4.798845959130630718e-09
4.793227435747455549e-09
4.787615824245009062e-09
4.782013733788254749e-09
4.776417651359686413e-09
4.770831914913605230e-09
4.765256617504409721e-09
4.759688630889537239e-09
4.754126985944876122e-09
4.748571731090766187e-09
4.743025739839599707e-09
4.737486399510910474e-09
4.731958508913592197e-09
4.726437199186483588e-09
4.720920059382621061e-09
4.715411944933756310e-09
4.709910468474010328e-09
4.704417620685252054e-09
4.698935762040152929e-09
4.693457762090550511e-09
4.687986280327487043e-09
4.682522321161376544e-09
4.677065136208963137e-09
4.671619738316101938e-09
4.666181057924223213e-09
4.660746747740615566e-09
4.655325222344640239e-09
4.649907568389267852e-09
4.644498256120139055e-09
4.639102409044983193e-09
4.633710507975449513e-09
4.628326563580135155e-09
4.622951030789849003e-09
4.617581134708395965e-09
4.612221859807568462e-09
4.606872397929483563e-09
4.601529457791254061e-09
4.596192138279897403e-09
4.590861659906508694e-09
4.585539399705673507e-09
4.580224111158525629e-09
4.574919315229013334e-09
4.569620650717165162e-09
4.564326072967415077e-09
4.559040081900456919e-09
4.553760389608648113e-09
4.548488742764480670e-09
4.543227861807883689e-09
4.537970768022605010e-09
4.532719250791796935e-09
4.527475585098354507e-09
4.522238097672141396e-09
4.517010818303952005e-09
4.511791693842723029e-09
4.506576095433900112e-09
4.501371390618141656e-09
4.496171971383375287e-09
4.490979530671614316e-09
4.485799468446543927e-09
4.480624790418751312e-09
4.475456278037431841e-09
4.470296520460014544e-09
4.465142357614393243e-09
4.459996826683652648e-09
4.454860990540567209e-09
4.449732091414843740e-09
4.444609721895244918e-09
4.439491814180259318e-09
4.434383197538786881e-09
4.429279863235375547e-09
4.424186317229612428e-09
4.419100692934041628e-09
4.414018479979998231e-09
4.408942441537485557e-09
4.403874480003285680e-09
4.398812288571742079e-09
4.393760531017910695e-09
4.388714819516114439e-09
4.383672246902172535e-09
4.378638751849775720e-09
4.373609831311226052e-09
4.354379739793308339e-09
4.349387052589550017e-09
4.344397191507144691e-09
4.282503926420235670e-09
4.277597306592107698e-09
4.272693493908582760e-09
4.267797861196787727e-09
4.234454337416132085e-09
4.229606817860824637e-09
4.224767052341348757e-09
4.162937535066061931e-09
4.158176341667099846e-09
4.153424859731428985e-09
4.120145326085061865e-09
4.115441675452614748e-09
4.110743436959982037e-09
4.048900327095293622e-09
4.044281920172245359e-09
4.039668757798960306e-09
4.035065124595385329e-09
4.001888605071727324e-09
3.997328042909802859e-09
3.992773927740154134e-09
3.930991725313498992e-09
3.926516668945212841e-09
3.922051829293404744e-09
3.888937007829603527e-09
3.884513369831002636e-09
3.880098544892164499e-09
3.818303098597496757e-09
3.813964392827854074e-09
3.809637821821611248e-09
3.776584564610773646e-09
3.772298252638424656e-09
3.768020994156580559e-09
3.706213340095763273e-09
3.702011857041116770e-09
3.697821174493665705e-09
3.693633269583723922e-09
3.660681974550667247e-09
3.656539887838760689e-09
3.652401079946309955e-09
3.590657772318835699e-09
3.586601513009704007e-09
3.582550242621995900e-09
