-8.856312896552810334e-12
-1.072425418144510422e-11
-1.280414813590303519e-11
-1.510618731812511649e-11
-1.764054704281722310e-11
-2.041717515117689876e-11
-2.344567382887428133e-11
-2.673493683108599445e-11
-3.029338576383064482e-11
-3.412856661932224350e-11
-3.824701120775962351e-11
-4.265451549293534292e-11
-4.735565991714084042e-11
-5.235401016173416634e-11
-5.765225505372970944e-11
-6.325161974948180456e-11
-6.915269499368050805e-11
-7.535434953877673797e-11
-8.185511359411780136e-11
-8.865213788964032087e-11
-9.574134775081880671e-11
-1.031180091979801699e-10
-1.107764826579532782e-10
-1.187102524061955310e-10
-1.269120774990424140e-10
-1.353737959339447820e-10
-1.440865696145775338e-10
-1.530411103770524235e-10
-1.622280741505219314e-10
-1.716366682453520614e-10
-1.812563408845900586e-10
-1.910759406147120697e-10
-2.010848418053412493e-10
-2.112707572067614991e-10
-2.216225294108615527e-10
-2.321280623763423470e-10
-2.427762726312193353e-10
-2.535549179573435122e-10
-2.644525217972602521e-10
-2.754577572852257455e-10
-2.865592121237075241e-10
-2.977455324032107003e-10
-3.090062960244633321e-10
-3.203307363077999858e-10
-3.317085784472838322e-10
-3.431300092829056768e-10
-3.545851988246766276e-10
-3.660655790829714592e-10
-3.775618634239001649e-10
-3.890660453258063762e-10
-4.005700492103605232e-10
-4.120662310827647006e-10
-4.235481186786937953e-10
-4.350086607329023476e-10
-4.464418805350598773e-10
-4.578423645795594306e-10
-4.692044760224156815e-10
-4.805236627883299742e-10
-4.917957169275326970e-10
-5.030163238865996475e-10
-5.141823114418045821e-10
-5.252907594883048602e-10
-5.363384626386305663e-10
-5.473231831257617087e-10
-5.582433606410469872e-10
-5.690971180421649453e-10
-5.798825185582173931e-10
-5.905999452676595892e-10
-6.012473533899943412e-10
-6.118249334306667629e-10
-6.223323225733594603e-10
-6.327700451112212282e-10
-6.431373503113774561e-10
-6.534356995288152211e-10
-6.636652939376155164e-10
-6.738269372416697312e-10
-6.839216200941027872e-10
-6.939504704757108385e-10
-7.039142379615323592e-10
-7.138148468757236624e-10
-7.236531250299850300e-10
-7.334308802205056830e-10
-7.431492140873031614e-10
-7.528098967141800902e-10
-7.624140140690105517e-10
-7.719631050818229144e-10
-7.814591379918556979e-10
-7.909031753207951249e-10
-8.002967573632625961e-10
-8.096412977548436430e-10
-8.189381149404282574e-10
-8.281884985016982350e-10
-8.373936622233998706e-10
-8.465545970481172234e-10
-8.556723800945458724e-10
-8.647482360228246812e-10
-8.737828255440452985e-10
-8.827767521597742908e-10
-8.917307820475975543e-10
-9.006460238359022736e-10
-9.095223283705447869e-10
-9.183601905232232111e-10
-9.271594439790035671e-10
-9.359207510203275353e-10
-9.446441122467884598e-10
-9.533289878585000185e-10
-9.619757841733481231e-10
-9.705834551894915249e-10
-9.791517244734809355e-10
-9.876799826725409009e-10
-9.961683512147676436e-10
-1.004614783128045216e-09
-1.013019200485846224e-09
-1.021380383983025486e-09
-1.029696928212906525e-09
-1.037969129664319288e-09
-1.046193493532036523e-09
-1.054370862658956212e-09
-1.062497624946884943e-09
-1.070574351105806989e-09
-1.078598158309078064e-09
-1.086568475722659965e-09
-1.094482558385146325e-09
-1.102339679940254980e-09
-1.110136768585894354e-09
-1.117874149053833455e-09
-1.125547500298494054e-09
-1.133158097242521316e-09
-1.140700449280806926e-09
-1.148175975755416096e-09
-1.155580835068433016e-09
-1.162913696059442680e-09
-1.170173835246077470e-09
-1.177357062294222745e-09
-1.184464305747348284e-09
-1.191492140952709414e-09
-1.198437819806201154e-09
-1.205302865028141933e-09
-1.212083017972066667e-09
-1.218776719197701675e-09
-1.225384859494779071e-09
-1.231904867411953113e-09
-1.238332435756331346e-09
-1.244669700922218404e-09
-1.250915354575117796e-09
-1.257065389525827628e-09
-1.263121019145581231e-09
-1.269081838791220139e-09
-1.274946697118462579e-09
-1.280711322848021212e-09
-1.286377478268978572e-09
-1.291946343671526660e-09
-1.297415516917223125e-09
-1.302785009026189534e-09
-1.308051950962440822e-09
-1.313218649983858526e-09
-1.318286071829408641e-09
-1.323251383356035011e-09
-1.328117006860940026e-09
-1.332879822202360809e-09
-1.337542127768325532e-09
-1.342105070023661905e-09
-1.346568601662481453e-09
-1.350932913396985459e-09
-1.355198427940851397e-09
-1.359364201305897788e-09
-1.363433957797074695e-09
-1.367405858005122948e-09
-1.371282299974706009e-09
-1.375064790960755850e-09
-1.378754562405024391e-09
-1.382350957400739633e-09
-1.385857524385766951e-09
-1.389271858223694066e-09
-1.392600011959354062e-09
-1.395840080827756077e-09
-1.398993168040266442e-09
-1.402064276380692793e-09
-1.405051315271971596e-09
-1.407956070656129623e-09
-1.410784062497699212e-09
-1.413532702577381476e-09
-1.416204777890180643e-09
-1.418804055994507124e-09
-1.421330453278030152e-09
-1.423784747103862091e-09
-1.426171348146527162e-09
-1.428491044592841331e-09
-1.430743880337210806e-09
-1.432934475818973030e-09
-1.435063294317432170e-09
-1.437130753118907051e-09
-1.439141900266204135e-09
-1.441095627120598236e-09
-1.442993658537906327e-09
-1.444841327709170108e-09
-1.446636693749037329e-09
-1.448381262496157649e-09
-1.450080724561545518e-09
-1.451732836120215574e-09
-1.453339672593978685e-09
-1.454905488928358631e-09
-1.456429512329561249e-09
-1.457913331369852175e-09
-1.459359171596941902e-09
-1.460768852995315873e-09
-1.462144132426697976e-09
-1.463484045361648248e-09
-1.464792946174893896e-09
-1.466070255110853248e-09
-1.467316351578053121e-09
-1.468535432082290799e-09
-1.469726182220765697e-09
-1.470889931789299998e-09
-1.472028473408155496e-09
-1.473142964779376472e-09
-1.474234654247059200e-09
-1.475302697355604803e-09
-1.476350322246036644e-09
-1.477376426947527081e-09
-1.478381596002070984e-09
-1.479368045725700552e-09
-1.480335633942304595e-09
-1.481285630674399043e-09
-1.482217220639727732e-09
-1.483132809760377907e-09
-1.484031259666038361e-09
-1.484913523214744557e-09
-1.485779753209892498e-09
-1.486631128422014566e-09
-1.487467380646570426e-09
-1.488288031438666383e-09
-1.489094507955763638e-09
-1.489886051215402834e-09
-1.490663758339971863e-09
-1.491426848575550852e-09
-1.492176187063727714e-09
-1.492910908580212191e-09
-1.493631574086419572e-09
-1.494337618134318300e-09
-1.495030393262946519e-09
-1.495708111989941219e-09
-1.496370840498060638e-09
-1.497019099265795718e-09
-1.497653154223365071e-09
-1.498272323766931946e-09
-1.498875274275678719e-09
-1.499463066017645995e-09
-1.500035608733280848e-09
-1.500592862859725719e-09
-1.501132614892836613e-09
-1.501655918949647904e-09
-1.502162960335678437e-09
-1.502653720680612690e-09
-1.503125766077870739e-09
-1.503579996993389234e-09
-1.504016778342064186e-09
-1.504436155279516698e-09
-1.504834917776593169e-09
-1.505214986621913611e-09
-1.505576716165116394e-09
-1.505918954762123230e-09
-1.506239499608439382e-09
-1.506540465347585175e-09
-1.506822207352643910e-09
-1.507081843954807644e-09
-1.507319634002884281e-09
-1.507536665573664933e-09
-1.507733091935747427e-09
-1.507905467212831367e-09
-1.508055897757501363e-09
-1.508184940023881056e-09
-1.508290162348698347e-09
-1.508371806306255820e-09
-1.508431886531951473e-09
-1.508468079878665830e-09
-1.508479602532483572e-09
-1.508468818299190701e-09
-1.508434697334966735e-09
-1.508374717923743750e-09
-1.508291725851737642e-09
-1.508186095720386856e-09
-1.508053752638071846e-09
-1.507898161864515152e-09
-1.507719068179485315e-09
-1.507514307617697364e-09
-1.507285741659667299e-09
-1.507034730825234561e-09
-1.506756775968765687e-09
-1.506456107772908253e-09
-1.506132868785935655e-09
-1.505783080330368094e-09
-1.505411074595959708e-09
-1.505015424197817643e-09
-1.504595217339748439e-09
-1.504153402793384244e-09
-1.503687834105716198e-09
-1.503198431902921116e-09
-1.502686891464297981e-09
-1.502153643246554978e-09
-1.501596767443165442e-09
-1.501020662974546339e-09
-1.500419791505849394e-09
-1.499798939760333066e-09
-1.499158403006963786e-09
-1.498494906760247059e-09
-1.497812776335283414e-09
-1.497109157365461796e-09
-1.496386509788005813e-09
-1.495646206124969821e-09
-1.494885029720654471e-09
-1.494105878319185718e-09
-1.493308261731900504e-09
-1.492492897874247338e-09
-1.491661855505308597e-09
-1.490812410690815264e-09
-1.489946510575673217e-09
-1.489063916159698732e-09
-1.488166143293725263e-09
-1.487254521623676424e-09
-1.486326551959605669e-09
-1.485384475107853674e-09
-1.484427705642541310e-09
-1.483457826036617463e-09
-1.482476293690850993e-09
-1.481480795806285680e-09
-1.480473177136836378e-09
-1.479453038766499783e-09
-1.478422315067798434e-09
-1.477381271402370569e-09
-1.476328486794774288e-09
-1.475266017572857765e-09
-1.474192862926582766e-09
-1.473110774667645584e-09
-1.472020471466155793e-09
-1.470920690008845762e-09
-1.469813352588489205e-09
-1.468697759044852948e-09
-1.467573654535035963e-09
-1.466444131459246429e-09
-1.465307292821369247e-09
-1.464164289438456779e-09
-1.463015078573939366e-09
-1.461858791612720067e-09
-1.460698341428332448e-09
-1.459533071253565181e-09
-1.458362264801177188e-09
-1.457186844696234172e-09
-1.456006818087341826e-09
-1.454822703261372957e-09
-1.453635523554486760e-09
-1.452444565698087879e-09
-1.451250466698634239e-09
-1.450053201455886432e-09
-1.448852095767890107e-09
-1.447649457497290128e-09
-1.446444730954962232e-09
-1.445237310835389011e-09
-1.444027847299911837e-09
-1.442816566328223026e-09
-1.441603089085545193e-09
-1.440388604018614844e-09
-1.439172653094574201e-09
-1.437955249540670950e-09
-1.436736383923639364e-09
-1.435516213564505197e-09
-1.434295280537477110e-09
-1.433073724408365522e-09
-1.431851242749259996e-09
-1.430628173219379672e-09
-1.429404166420904687e-09
-1.428179421910045881e-09
-1.426954290557763546e-09
-1.425729156486633251e-09
-1.424502986715304328e-09
-1.423276768945452413e-09
-1.422049817727569721e-09
-1.420822679276163618e-09
-1.419594678464045149e-09
-1.418367100918677583e-09
-1.417138276647083274e-09
-1.415909601307369299e-09
-1.414680062030424599e-09
-1.413450547414362119e-09
-1.412219798823780238e-09
-1.410989430442907085e-09
-1.409757776351867700e-09
-1.408526229582961852e-09
-1.407293337604536228e-09
-1.406060634984056960e-09
-1.404826252353247201e-09
-1.403592073827291724e-09
-1.402356147237101484e-09
-1.401120214165094806e-09
-1.399882337845542551e-09
-1.398644802317570777e-09
-1.397404880400833297e-09
-1.396164792112304027e-09
-1.394922691628103169e-09
-1.393680096887305004e-09
-1.392435426797060211e-09
-1.391190340263029265e-09
-1.389942748615477610e-09
-1.388694203665364043e-09
-1.387443655663385580e-09
-1.386191826096708637e-09
-1.384937775107113779e-09
-1.383682250015992934e-09
-1.382424813781443134e-09
-1.381165165231599164e-09
-1.379903870067769289e-09
-1.378639937776389258e-09
-1.377374631619038047e-09
-1.376105921810233629e-09
-1.374836473932390754e-09
-1.373563397870697732e-09
-1.372288763795350821e-09
-1.371010957734047631e-09
-1.369731379185397423e-09
-1.368448945820440662e-09
-1.367164122195202321e-09
-1.365876585774701617e-09
-1.364586409270033037e-09
-1.363293753000191433e-09
-1.361997918081665062e-09
-1.360699928615612292e-09
-1.359398366572872288e-09
-1.358094940227389566e-09
-1.356787897152367233e-09
-1.355478599852507209e-09
-1.354166036156500970e-09
-1.352851162824912921e-09
-1.351533063445711179e-09
-1.350211968872872655e-09
-1.348888437814166919e-09
-1.347561963080376855e-09
-1.346232932045324250e-09
-1.344900537423060771e-09
-1.343565891201766909e-09
-1.342228388556634444e-09
-1.340887856225711235e-09
-1.339544763572111456e-09
-1.338199261962273007e-09
-1.336851224008343588e-09
-1.335500199663435772e-09
-1.334146928733343046e-09
-1.332791126276585826e-09
-1.331432507517090250e-09
-1.330071648762773392e-09
-1.328708819934254001e-09
-1.327343457506336446e-09
-1.325975834759432884e-09
-1.324606150536444466e-09
-1.323234338184242486e-09
-1.321859909049330665e-09
-1.320483720706008373e-09
-1.319106195666365653e-09
-1.317726543396900163e-09
-1.316345019970713726e-09
-1.314961870947340625e-09
-1.313577173405605912e-09
-1.312190545647154309e-09
-1.310802204559561336e-09
-1.309413352819579910e-09
-1.308023059655938340e-09
-1.306631406148200949e-09
-1.305238709988077200e-09
-1.303844656693752468e-09
-1.302450054135261585e-09
-1.301053489209417172e-09
-1.299657365470943893e-09
-1.298260062868898194e-09
-1.296862166229565138e-09
-1.295463707786283709e-09
-1.294064311629881171e-09
-1.292665181145251491e-09
-1.291264504406244229e-09
-1.289864473036996088e-09
-1.288464339829830557e-09
-1.287063936117958744e-09
-1.285663685075091312e-09
-1.284263242896171732e-09
-1.282863104442559812e-09
-1.281462948972887505e-09
-1.280062593311227961e-09
-1.278663610481757186e-09
-1.277264812900947550e-09
-1.275866582060397434e-09
-1.274468913318423364e-09
-1.273071494759575375e-09
-1.271675560720196968e-09
-1.270279443127560868e-09
-1.268884677949908776e-09
-1.267490802869354694e-09
-1.266097920052041489e-09
-1.264706109427450302e-09
-1.263315020848268633e-09
-1.261925051765113139e-09
-1.260536504300928690e-09
-1.259148346042945412e-09
-1.257762322333965168e-09
-1.256377301644733386e-09
-1.254993783607516332e-09
-1.253611705838707397e-09
-1.252230827668564046e-09
-1.250851555815563561e-09
-1.249473774348748081e-09
-1.248097168225475766e-09
-1.246722607195419583e-09
-1.245349605202462013e-09
-1.243978350521662457e-09
-1.242608773287412638e-09
-1.241240700775327516e-09
-1.239874524778648304e-09
-1.238510069993702672e-09
-1.237147163595311144e-09
-1.235786156361393564e-09
-1.234426861035166408e-09
-1.233069565457869273e-09
-1.231713982633379965e-09
-1.230360060120495128e-09
-1.229008019864570834e-09
-1.227657891542919511e-09
-1.226309473182862778e-09
-1.224962838922115536e-09
-1.223618048296213449e-09
-1.222275336470007114e-09
-1.220934543253724246e-09
-1.219595281314894441e-09
-1.218258062572289890e-09
-1.216922581455300921e-09
-1.215589099748677983e-09
-1.214257307234959082e-09
-1.212927304676927404e-09
-1.211599264553445065e-09
-1.210273186381218971e-09
-1.208948445427373460e-09
-1.207625819256609151e-09
-1.206304820109651711e-09
-1.204985998253436219e-09
-1.203668564557820221e-09
-1.202352760085383424e-09
-1.201038585440888739e-09
-1.199726395454683316e-09
-1.198415752126030750e-09
-1.197106644380535669e-09
-1.195799269590543530e-09
-1.194493692256330930e-09
-1.193189649605885024e-09
-1.191886937074318342e-09
-1.190585736772761837e-09
-1.189286204202783886e-09
-1.187988567716607819e-09
-1.186691847782024721e-09
-1.185396911572004588e-09
-1.184103366163898411e-09
-1.182811614337471788e-09
-1.181520929860495862e-09
-1.180231739804041599e-09
-1.178943620888435468e-09
-1.177657253172009551e-09
-1.176372302743005824e-09
-1.175088253800799151e-09
-1.173805922968978409e-09
-1.172524728243484428e-09
-1.171245070160775191e-09
-1.169966548150794913e-09
-1.168689181638317531e-09
-1.167412673739090985e-09
-1.166138072349363290e-09
-1.164864354140728409e-09
-1.163591595835356758e-09
-1.162320496937029940e-09
-1.161050350090388037e-09
-1.159781296918469014e-09
-1.158513574733806730e-09
-1.157246732541018008e-09
-1.155980749630854320e-09
-1.154716607238681602e-09
-1.153453096280879477e-09
-1.152190416117240197e-09
-1.150929413317448103e-09
-1.149669249755237867e-09
-1.148409969180286180e-09
-1.147152180712767581e-09
-1.145895159001752947e-09
-1.144638831400759280e-09
-1.143384394864553383e-09
-1.142130612087251819e-09
-1.140877491145280651e-09
-1.139626128967193299e-09
-1.138375458454231451e-09
-1.137125684928527760e-09
-1.135877521126280567e-09
-1.134630100789416788e-09
-1.133383349818988999e-09
-1.132138332282188607e-09
-1.130894174712894189e-09
-1.129650672794326133e-09
-1.128408908263603694e-09
-1.127168006034151388e-09
-1.125927862407243068e-09
-1.124689230547727417e-09
-1.123451756105965443e-09
-1.122215002624141299e-09
-1.120979630373989444e-09
-1.119745727467379128e-09
-1.118512322913729535e-09
-1.117280328175839186e-09
-1.116049942003568579e-09
-1.114820252223393823e-09
-1.113591618418477671e-09
-1.112364866666349898e-09
-1.111138837094023677e-09
-1.109913914421083290e-09
-1.108690915307300148e-09
-1.107468686852550119e-09
-1.106247451901580068e-09
-1.105028173562379426e-09
-1.103809869620073025e-09
-1.102592444421347920e-09
-1.101377060377127677e-09
-1.100162855744384645e-09
-1.098949644496536712e-09
-1.097738079244989556e-09
-1.096528164747727420e-09
-1.095318971843594776e-09
-1.094111495868751401e-09
-1.092905862040106426e-09
-1.091701258344741173e-09
-1.090497790670415811e-09
-1.089296447018602904e-09
-1.088096275327279849e-09
-1.086897533202130921e-09
-1.085700617308098642e-09
-1.084505215778837175e-09
-1.083310877293322188e-09
-1.082118404798199788e-09
-1.080927693641079853e-09
-1.079738328318917988e-09
-1.078550302269779729e-09
-1.077364337089379093e-09
-1.076179656484568253e-09
-1.074996555639026975e-09
-1.073815505314060062e-09
-1.072635876233318288e-09
-1.071457527825637161e-09
-1.070281144589444601e-09
-1.069106470500743332e-09
-1.067933347445079679e-09
-1.066761680999341076e-09
-1.065592104045194319e-09
-1.064423932968094915e-09
-1.063257382792225519e-09
-1.062093000468663500e-09
-1.060930095133464853e-09
-1.059768551625840353e-09
-1.058609089339547160e-09
-1.057451372724281923e-09
-1.056295403061935125e-09
-1.055140816070802621e-09
-1.053988306977390345e-09
-1.052837390803299506e-09
-1.051688105751963064e-09
-1.050540851956663722e-09
-1.049395555941307823e-09
-1.048251320917640320e-09
-1.047109031333137149e-09
-1.045968997689551114e-09
-1.044830563896798041e-09
-1.043693536324825364e-09
-1.042558630857698680e-09
-1.041425267127319826e-09
-1.040293293291710764e-09
-1.039163308383912854e-09
-1.038035691628956954e-09
-1.036908980090168369e-09
-1.035784055713269658e-09
-1.034661266112806463e-09
-1.033539962207740048e-09
-1.032420585885829639e-09
-1.031302664095941560e-09
-1.030186666317490750e-09
-1.029072146046878941e-09
-1.027959114247370407e-09
-1.026848469591288854e-09
-1.025739369747458349e-09
-1.024631376624686359e-09
-1.023525392200816403e-09
-1.022421442731340534e-09
-1.021319025193185390e-09
-1.020218106730157599e-09
-1.019119061158020848e-09
-1.018021599438932137e-09
-1.016925416795710333e-09
-1.015830959742290983e-09
-1.014738961915370077e-09
-1.013647976303693189e-09
-1.012558270713793809e-09
-1.011470753473525215e-09
-1.010384887967050458e-09
-1.009300677060531543e-09
-1.008217688128901228e-09
-1.007136707650649611e-09
-1.006057095970250725e-09
-1.004978592628780093e-09
-1.003901871404340791e-09
-1.002827598856649037e-09
-1.001754037344582921e-09
-1.000681835483978525e-09
-9.996117280693683891e-10
-9.985430811775505558e-10
-9.974760111917624968e-10
-9.964100733244851800e-10
-9.953462118869573330e-10
-9.942835967492208416e-10
-9.932219957340569334e-10
-9.921621235263436894e-10
-9.911046425351605230e-10
-9.900477872951286894e-10
-9.889922475175240766e-10
-9.879387587386182841e-10
-9.868866957241517022e-10
-9.858360917619217267e-10
-9.847866347710730822e-10
-9.837390992537255913e-10
-9.826928543363356705e-10
-9.816476285941304544e-10
-9.806038809257602976e-10
-9.795624946751390065e-10
-9.785219708963617962e-10
-9.774824239826350209e-10
-9.764447752874709706e-10
-9.754088869404626727e-10
-9.743741680030854807e-10
-9.733406402312931705e-10
-9.723088653334085212e-10
-9.712785119433636149e-10
-9.702490834527053033e-10
-9.692209887818677265e-10
-9.681949484049110940e-10
-9.671703120493623185e-10
-9.661463232836205831e-10
-9.651239905237788938e-10
-9.641036008745068414e-10
-9.630842276505578429e-10
-9.620663024871528387e-10
-9.610494965161004979e-10
-9.600345917499502351e-10
-9.590207552869152633e-10
-9.580079457860318201e-10
-9.569967014267332041e-10
-9.559876336771721803e-10
-9.549792249058249761e-10
-9.539719166903155769e-10
-9.529664204371393573e-10
-9.519625318708676737e-10
-9.509598004432287360e-10
-9.499581956162861786e-10
-9.489583133256111185e-10
-9.479598604990241037e-10
-9.469625018188235245e-10
-9.459663310439159747e-10
-9.449719228565954194e-10
-9.439793129003912638e-10
-9.429872577998245399e-10
-9.419966709095151798e-10
-9.410079629280035274e-10
-9.400205266786259360e-10
-9.390344068841068051e-10
-9.380493128822729073e-10
-9.370661539300893227e-10
-9.360842095832170616e-10
-9.351032618440567476e-10
-9.341237204729908731e-10
-9.331459927842137918e-10
-9.321698348425222720e-10
-9.311942848450775789e-10
-9.302202827625239513e-10
-9.292481200414169042e-10
-9.282771641451155678e-10
-9.273076060158378224e-10
-9.263390200763288211e-10
-9.253723851338577331e-10
-9.244069728304803913e-10
-9.234425854682100811e-10
-9.224795760359688285e-10
-9.215183764855731986e-10
-9.205588836881699960e-10
-9.195999338100924467e-10
-9.186425105225566259e-10
-9.176868681968001112e-10
-9.167325435005375076e-10
-9.157796049386607461e-10
-9.148276928672723716e-10
-9.138775635835816840e-10
-9.129287867652719130e-10
-9.119812003372098528e-10
-9.110347964193883347e-10
-9.100900510221428673e-10
-9.091472705366482568e-10
-9.082051166319151247e-10
-9.072641842472062491e-10
-9.063249257799722233e-10
-9.053874208586046848e-10
-9.044510454699994916e-10
-9.035160245923722938e-10
-9.025822272299697287e-10
-9.016501303726364326e-10
-9.007192351699036960e-10
-8.997893377417652968e-10
-8.988609558142663074e-10
-8.979345679834913572e-10
-8.970092546223442574e-10
-8.960847229817033226e-10
-8.951618720827941448e-10
-8.942408211440027174e-10
-8.933208767208054821e-10
-8.924023890987834516e-10
-8.914848453098753822e-10
-8.905691116379983749e-10
-8.896546259949141772e-10
-8.887412469695102532e-10
-8.878290379378247617e-10
-8.869184678145685373e-10
-8.860099147147483764e-10
-8.851019624545047344e-10
-8.841950688651074418e-10
-8.832896839210793756e-10
-8.823863191212183466e-10
-8.814838195030038295e-10
-8.805828972482679565e-10
-8.796828047797569486e-10
-8.787845976514629704e-10
-8.778875149451690395e-10
-8.769913449525502139e-10
-8.760964866193314294e-10
-8.752034107339541815e-10
-8.743120845720326079e-10
-8.734212620728372710e-10
-8.725315980406850745e-10
-8.716435316134733868e-10
-8.707572197374817451e-10
-8.698718389338508822e-10
-8.689879434056428300e-10
-8.681049282337166582e-10
-8.672237347701082283e-10
-8.663436049898993596e-10
-8.654643216591976875e-10
-8.645863423159372196e-10
-8.637100843821210784e-10
-8.628355502948914584e-10
-8.619614907668254915e-10
-8.610885230048614726e-10
-8.602171009364480272e-10
-8.593475114439913151e-10
-8.584786990794617322e-10
-8.576113938147964989e-10
-8.567448653937682056e-10
-8.558800970159297858e-10
-8.550163935051717013e-10
-8.541536128895546153e-10
-8.532919516782155200e-10
-8.524318009653008293e-10
-8.515735930786652761e-10
-8.507159182749145812e-10
-8.498590812071765665e-10
-8.490037387912688650e-10
-8.481501748069577237e-10
-8.472974929389432961e-10
-8.464461276278735140e-10
-8.455956168970104847e-10
-8.447466441761094460e-10
-8.438989263547783484e-10
-8.430522166704191193e-10
-8.422063718291427216e-10
-8.413618202743662130e-10
-8.405191554683353612e-10
-8.396775567053127652e-10
-8.388364765095760634e-10
-8.379966994626244766e-10
-8.371584482916124598e-10
-8.363215109922950325e-10
-8.354855725000619886e-10
-8.346508775189921062e-10
-8.338170314323250889e-10
-8.329849055339468269e-10
-8.321537167620181316e-10
-8.313233441639829177e-10
-8.304940621703366234e-10
-8.296661858082146577e-10
-8.288401654863282419e-10
-8.280146458615045028e-10
-8.271898603127344605e-10
-8.263666208283845213e-10
-8.255449319118698546e-10
-8.247241390677161210e-10
-8.239045129363134846e-10
-8.230858727284804845e-10
-8.222683873281004926e-10
-8.214523437778158239e-10
-8.206372673646877779e-10
-8.198229189567254299e-10
-8.190097724799006666e-10
-8.181981076331230604e-10
-8.173880673083985327e-10
-8.165784660272386625e-10
-8.157696828453922102e-10
-8.149622903297757264e-10
-8.141565502909842985e-10
-8.133516238842734466e-10
-8.125478809104540405e-10
-8.117450073115614889e-10
-8.109433563595162609e-10
-8.101430816330512181e-10
-8.093437555946012023e-10
-8.085450957941029342e-10
-8.077476353131491127e-10
-8.069516121310628544e-10
-8.061572208031324647e-10
-8.053632683688682672e-10
-8.045700665563471715e-10
-8.037782634709751610e-10
-8.029879796763480413e-10
-8.021985552418796625e-10
-8.014102634996714560e-10
-8.006229310443337166e-10
-7.998366038378378891e-10
-7.990517957037003105e-10
-7.982678610834965411e-10
-7.974846803401585710e-10
-7.967025350993082756e-10
-7.959216515629016086e-10
-7.951425397514272106e-10
-7.943639871594445351e-10
-7.935860658028293391e-10
-7.928094764414085533e-10
-7.920342186035191394e-10
-7.912601551320635033e-10
-7.904869296511895167e-10
-7.897149850785617190e-10
-7.889436412757301041e-10
-7.881738333700674874e-10
-7.874049552174005783e-10
-7.866370716255564816e-10
-7.858699859406683779e-10
-7.851039930504959963e-10
-7.843395610905365219e-10
-7.835764358950165965e-10
-7.828136713448708959e-10
-7.820517806678983746e-10
-7.812911557943171133e-10
-7.805321497828295774e-10
-7.797738582171577908e-10
-7.790166906793563066e-10
-7.782604128225551362e-10
-7.775050940213157824e-10
-7.767512111000774682e-10
-7.759981588386104831e-10
-7.752458599810537894e-10
-7.744945095892488989e-10
-7.737443316451037431e-10
-7.729958280409919322e-10
-7.722481578697730064e-10
-7.715009280020411627e-10
-7.707547584592078382e-10
-7.700097194842115342e-10
-7.692663459096142529e-10
-7.685235609488227813e-10
-7.677818958575114376e-10
-7.670409386449121209e-10
-7.663011939868581006e-10
-7.655627318846412279e-10
-7.648251014294578724e-10
-7.640881153490179758e-10
-7.633521191941783170e-10
-7.626172985547480347e-10
-7.618841549496467869e-10
-7.611516622657168239e-10
-7.604196184915136364e-10
-7.596887181828767983e-10
-7.589589312076300552e-10
-7.582307300870930420e-10
-7.575030682443827137e-10
-7.567765262840748322e-10
-7.560507449421872093e-10
-7.553260267513009932e-10
-7.546025758873430650e-10
-7.538799347374299257e-10
-7.531580134503529755e-10
-7.524369948427994868e-10
-7.517170570729744590e-10
-7.509987098551084943e-10
-7.502812677203104872e-10
-7.495641957119647115e-10
-7.488480100506705826e-10
-7.481329898279905443e-10
-7.474195218078144182e-10
-7.467066541477981954e-10
-7.459948130015304717e-10
-7.452838922744945952e-10
-7.445736637876255032e-10
-7.438648823120110451e-10
-7.431568199277724973e-10
-7.424496073916010975e-10
-7.417430992257423208e-10
-7.410375622636821562e-10
-7.403334543870875504e-10
-7.396306569267693585e-10
-7.389281592672621382e-10
-7.382262631089521599e-10
-7.375256148437511078e-10
-7.368261461463869429e-10
-7.361277126917726384e-10
-7.354300092323553563e-10
-7.347334363485286721e-10
-7.340373426590878020e-10
-7.333424952255027960e-10
-7.326487621293691809e-10
-7.319558004236697384e-10
-7.312634066302808451e-10
-7.305719020449368612e-10
-7.298814536312701702e-10
-7.291925126366479793e-10
-7.285044099130209417e-10
-7.278166332392355113e-10
-7.271296664810826107e-10
-7.264438579289427734e-10
-7.257593848959035949e-10
-7.250755758820605081e-10
-7.243926371218594813e-10
-7.237107573839910102e-10
-7.230293450411731345e-10
-7.223492635072842657e-10
-7.216700500767699773e-10
-7.209916961136693565e-10
-7.203138309177809483e-10
-7.196369435470682625e-10
-7.189610574735637966e-10
-7.182867116856349944e-10
-7.176129952024847870e-10
-7.169396512661301047e-10
-7.162671446173848662e-10
-7.155957214244222311e-10
-7.149256820966927691e-10
-7.142562239640871931e-10
-7.135876484750074335e-10
-7.129200402652292878e-10
-7.122528882753126518e-10
-7.115870490031308442e-10
-7.109220573744749037e-10
-7.102578752195094680e-10
-7.095941540566040560e-10
-7.089313873166223084e-10
-7.082695849329221535e-10
-7.076092076662547578e-10
-7.069495934202597503e-10
-7.062902940941452252e-10
-7.056317094115572982e-10
-7.049742155594980966e-10
-7.043179419236050286e-10
-7.036623955550152846e-10
-7.030076049047166690e-10
-7.023538732186002254e-10
-7.017005187597297393e-10
-7.010483200206253719e-10
-7.003971766778612297e-10
-6.997466973646308690e-10
-6.990968024034379022e-10
-6.984476228339714937e-10
-6.977993885810969578e-10
-6.971524263200942973e-10
-6.965066044866296676e-10
-6.958610015837530077e-10
-6.952159422075492328e-10
-6.945719770979090355e-10
-6.939289200718904206e-10
-6.932871433312641247e-10
-6.926458199378761232e-10
-6.920054056308787369e-10
-6.913657526413970261e-10
-6.907267086997252005e-10
-6.900889191045496789e-10
-6.894517941669307567e-10
-6.888154875418429461e-10
-6.881796048800171356e-10
-6.875446532130182937e-10
-6.869106261546549563e-10
-6.862779965221671069e-10
-6.856460227626688449e-10
-6.850143445525509318e-10
-6.843833214000265255e-10
-6.837533846702407524e-10
-6.831245543630087231e-10
-6.824965323780918600e-10
-6.818691383527439861e-10
-6.812427054543995418e-10
-6.806167742597634924e-10
-6.799917267695725722e-10
-6.793677907752232070e-10
-6.787444088921876886e-10
-6.781217952039060849e-10
-6.774997007574535209e-10
-6.768784413385033654e-10
-6.762581871793790464e-10
-6.756392909465918853e-10
-6.750208566705129556e-10
-6.744027684027397781e-10
-6.737853787412956011e-10
-6.731689818470612912e-10
-6.725537080683843799e-10
-6.719391419325878214e-10
-6.713252429405949100e-10
-6.707122833642339992e-10
-6.700997750274871318e-10
-6.694881287794387316e-10
-6.688775790192939875e-10
-6.682675632330255982e-10
-6.676583221278502751e-10
-6.670495171264205838e-10
-6.664415465651756274e-10
-6.658345292948624235e-10
-6.652288344889149484e-10
-6.646237225922321003e-10
-6.640188828161867739e-10
-6.634146172036058123e-10
-6.628114019773965966e-10
-6.622091497512754435e-10
-6.616078236941552816e-10
-6.610070054426449964e-10
-6.604070397619265059e-10
-6.598077290244395633e-10
-6.592089778992817217e-10
-6.586113765050585235e-10
-6.580144343765699914e-10
-6.574182293356729122e-10
-6.568224081808734911e-10
-6.562273635175788790e-10
-6.556331343975704044e-10
-6.550400631605179503e-10
-6.544479979721966440e-10
-6.538560906314839576e-10
-6.532646770472764803e-10
-6.526741612883374268e-10
-6.520844366489261248e-10
-6.514960198174285490e-10
-6.509079361223520344e-10
-6.503205848518614695e-10
-6.497341364217769626e-10
-6.491479917596437574e-10
-6.485628560847685660e-10
-6.479786518272790450e-10
-6.473949498860140990e-10
-6.468119095558779317e-10
-6.462293660978088955e-10
-6.456475805328509453e-10
-6.450666863798330540e-10
-6.444870412913287790e-10
-6.439079721275959650e-10
-6.433291358485768424e-10
-6.427507790262660807e-10
-6.421734645843273643e-10
-6.415969181284476858e-10
-6.410215010896760274e-10
-6.404464290809932564e-10
-6.398721260075110930e-10
-6.392985972448989079e-10
-6.387253870779101066e-10
-6.381532315170640598e-10
-6.375819158063160518e-10
-6.370111322125122249e-10
-6.364408672777425808e-10
-6.358711754681320725e-10
-6.353021847607890675e-10
-6.347341196732501019e-10
-6.341672869391302444e-10
-6.336009207950027982e-10
-6.330348025370658344e-10
-6.324691641086450521e-10
-6.319045228926992332e-10
-6.313406326965027397e-10
-6.307778374187988853e-10
-6.302153683957548294e-10
-6.296536431973337654e-10
-6.290926868384884384e-10
-6.285320187847923769e-10
-6.279723561091608997e-10
-6.274135669170959837e-10
-6.268552438801886932e-10
-6.262975147203326050e-10
-6.257402435002935367e-10
-6.251836882127786831e-10
-6.246279704461204216e-10
-6.240733989155658498e-10
-6.235194909125142565e-10
-6.229657457121203463e-10
-6.224124447965685335e-10
-6.218600477306528161e-10
-6.213083135280349315e-10
-6.207578218027976928e-10
-6.202076060826359611e-10
-6.196580082097116331e-10
-6.191093079107173134e-10
-6.185609043596450370e-10
-6.180132557831863318e-10
-6.174665690651322190e-10
-6.169203612494204638e-10
-6.163748478183282030e-10
-6.158296552998245852e-10
-6.152851441247738788e-10
-6.147413266249092499e-10
-6.141985146006726769e-10
-6.136566951698413655e-10
-6.131151000278220521e-10
-6.125738575077322304e-10
-6.120332000206839526e-10
-6.114933971732849706e-10
-6.109544475150091464e-10
-6.104163265471487064e-10
-6.098785872989654688e-10
-6.093415379048497586e-10
-6.088052014116909488e-10
-6.082691325092638253e-10
-6.077340128169119864e-10
-6.071997153887249512e-10
-6.066658259273073595e-10
-6.061325572523002725e-10
-6.055996324178861157e-10
-6.050674614461233833e-10
-6.045359822596630912e-10
-6.040055164333609438e-10
-6.034758979986002200e-10
-6.029463922267520300e-10
-6.024172928470933182e-10
-6.018888907776587513e-10
-6.013612205571226197e-10
-6.008344749510368655e-10
-6.003083619158364314e-10
-5.997827081055740519e-10
-5.992577410376936529e-10
-5.987334011585683023e-10
-5.982093436681253970e-10
-5.976862449709218647e-10
-5.971639236142171271e-10
-5.966420060561998935e-10
-5.961206676186343788e-10
-5.955996674476355467e-10
-5.950793895959985249e-10
-5.945597862183294427e-10
-5.940411612686606012e-10
-5.933961858078155927e-10
-5.928786910447764491e-10
-5.923615908668381945e-10
-5.918451079229750322e-10
-5.913293786802347730e-10
-5.908144738409430790e-10
-5.903003187214191695e-10
-5.897865196165697270e-10
-5.892733669314147941e-10
-5.887609171214645168e-10
-5.882486852302874392e-10
-5.877373400854607016e-10
-5.867391727734563641e-10
-5.862296341086845369e-10
-5.857207654209265873e-10
-5.852121580876072217e-10
-5.847041823017284537e-10
-5.841968210407684783e-10
-5.836903798417392710e-10
-5.831848856915336341e-10
-5.826796695603410722e-10
-5.821747006537182694e-10
-5.816701187707229991e-10
-5.811664573334502420e-10
-5.804303652377765857e-10
-5.799286799934064350e-10
-5.794271799298551714e-10
-5.789262295756425352e-10
-5.784260436344780417e-10
-5.779262302174950927e-10
-5.774268741904861839e-10
-5.769284074916993265e-10
-5.764305172526663002e-10
-5.759331104432971479e-10
-5.754361058612659849e-10
-5.749395581245347270e-10
-5.739999598381217991e-10
-5.735052670968597545e-10
-5.730115005465665502e-10
-5.725185066220776717e-10
-5.720256059777249028e-10
-5.715330850436345852e-10
-5.710410899320451697e-10
-5.705498281657544200e-10
-5.700592620052387360e-10
-5.695695670759359488e-10
-5.690800994689506612e-10
-5.685912557755680630e-10
-5.681031164169617883e-10
-5.674049978363538735e-10
-5.669179711469324449e-10
-5.664318041904774743e-10
-5.659460937646648685e-10
-5.654609301387391125e-10
-5.649760826402810631e-10
-5.644917058908518345e-10
-5.640078975661017514e-10
-5.635247925888655967e-10
-5.630426035132316413e-10
-5.625611085786321353e-10
-5.620796919627510642e-10
-5.612013797770515927e-10
-5.607213604772066606e-10
-5.602420476365611004e-10
-5.597633952802214586e-10
-5.592856108263147878e-10
-5.588080298976978891e-10
-5.583310214158203987e-10
-5.578547332677961076e-10
-5.573786902722537276e-10
-5.569031785330316938e-10
-5.564285007778377879e-10
-5.559543430365792287e-10
-5.552938245810626242e-10
-5.548207398479219564e-10
-5.543480347410489253e-10
-5.538759437042304461e-10
-5.534044306035363668e-10
-5.529337672959899163e-10
-5.524639095169612828e-10
-5.519942105114228303e-10
-5.515247731484898362e-10
-5.510556926156272864e-10
-5.505874577950557942e-10
-5.501196712355123631e-10
-5.493034050879423533e-10
-5.488372916201398983e-10
-5.483716966039689088e-10
-5.479067073811312385e-10
-5.474422089135987110e-10
-5.469779362228789097e-10
-5.465144790147105435e-10
-5.460517031894079701e-10
-5.455892164181008572e-10
-5.451273385091688647e-10
-5.446656852243819969e-10
-5.442045548125853441e-10
-5.435814370939386314e-10
-5.431217362101955906e-10
-5.426629688172183312e-10
-5.422046634991882576e-10
-5.417464319060056303e-10
-5.412885441488931165e-10
-5.408312316807757717e-10
-5.403745388231412180e-10
-5.399184916382931665e-10
-5.394632365918948755e-10
-5.390081676153682634e-10
-5.385536244380825448e-10
-5.377997555711178463e-10
-5.373465427420818141e-10
-5.368937164772863604e-10
-5.364416862534696094e-10
-5.359902309949447499e-10
-5.355390870490455444e-10
-5.350884727797176682e-10
-5.346380745373411671e-10
-5.341882465617149615e-10
-5.337389029480951954e-10
-5.332903170873796083e-10
-5.326976206132939130e-10
-5.322504458967480681e-10
-5.318033642845953331e-10
-5.313566116446581983e-10
-5.309104538302678073e-10
-5.304648802186622697e-10
-5.300199511161919149e-10
-5.295757473200688548e-10
-5.291317349649639242e-10
-5.286882238851938138e-10
-5.282453841354003504e-10
-5.278028139347104903e-10
-5.270699363082863731e-10
-5.266288450252567131e-10
-5.261883461913660982e-10
-5.257481095350634151e-10
-5.253084430330871527e-10
-5.248689645380328721e-10
-5.244299825015327575e-10
-5.239914865592708837e-10
-5.235536783427768034e-10
-5.231167307747928457e-10
-5.226802458044624630e-10
-5.222438148815751201e-10
-5.216620610614943182e-10
-5.212265785959592763e-10
-5.207917645735633946e-10
-5.203574099356956943e-10
-5.199240132297971939e-10
-5.194907268698462782e-10
-5.190579201843440271e-10
-5.186256619043220736e-10
-5.181938691921401753e-10
-5.177622365211242534e-10
-5.173313250368322017e-10
-5.169010519817418036e-10
-5.161791775418124047e-10
-5.157500755090540065e-10
-5.153212137829218806e-10
-5.148927567161011968e-10
-5.144648104192616869e-10
-5.140373745435017735e-10
-5.136106798885250847e-10
-5.131847317783116119e-10
-5.127589769427881234e-10
-5.123333882774687868e-10
-5.119080867433093967e-10
-5.114834102728356682e-10
-5.109130486697076527e-10
-5.104897479938560089e-10
-5.100670357224692699e-10
-5.096445190272308262e-10
-5.092224921717539642e-10
-5.088010849958940980e-10
-5.083799421860106751e-10
-5.079590795822363689e-10
-5.075389442076447683e-10
-5.071194097811769795e-10
-5.067000941392751736e-10
-5.059880045466360913e-10
-5.055697468538713406e-10
-5.051519223198642479e-10
-5.047345592133980964e-10
-5.043177775236730266e-10
-5.039017204211701731e-10
-5.034863436638739115e-10
-5.030710812099739029e-10
-5.026560218323144020e-10
-5.022412332023000952e-10
-5.018270883978321922e-10
-5.014134391893562261e-10
-5.008535765297862578e-10
-5.004412757232796694e-10
-5.000291880950074843e-10
-4.996175755996479688e-10
-4.992065606687128200e-10
-4.987958010303738897e-10
-4.983852932085375195e-10
-4.979755163678683037e-10
-4.975663217315533215e-10
-4.971573502662729036e-10
-4.967488892537316966e-10
-4.960460900682888394e-10
-4.956385319555960267e-10
-4.952314412224471715e-10
-4.948248647166358532e-10
-4.944189872125752332e-10
-4.940138041260858813e-10
-4.936088091020842653e-10
-4.932039457406258902e-10
-4.927993543085552957e-10
-4.923953358536836627e-10
-4.919918255042187335e-10
-4.915888318418477230e-10
-4.910391401874026139e-10
-4.906371664477704470e-10
-4.902356331479553771e-10
-4.898346206658416784e-10
-4.894340251967407473e-10
-4.890335442177628901e-10
-4.886337138343149562e-10
-4.882344811445139578e-10
-4.878355796017486209e-10
-4.874370714074217569e-10
-4.870388824244651141e-10
-4.866409181586941474e-10
-4.859457119140529028e-10
-4.855489658078667562e-10
-4.851528213133635388e-10
-4.847574546077622491e-10
-4.843625275485499284e-10
-4.839676441944325711e-10
-4.835730316738936168e-10
-4.831786609408742170e-10
-4.827849894738662500e-10
-4.823917180361164091e-10
-4.819991556265154362e-10
-4.814488550334538662e-10
-4.810570690546231031e-10
-4.806657167275350641e-10
-4.802749347440847925e-10
-4.798844047800169816e-10
-4.794940832097085622e-10
-4.791044379205491679e-10
-4.787153423407284010e-10
-4.783264789161586605e-10
-4.779380752114502282e-10
-4.775498613970862035e-10
-4.771619571573008485e-10
-4.764399579792329068e-10
-4.760532697662099247e-10
-4.756672240096176006e-10
-4.752818980092525671e-10
-4.748969259062460882e-10
-4.745119863492982562e-10
-4.741273499497240436e-10
-4.737429719163107709e-10
-4.733592422409342633e-10
-4.729758809003354363e-10
-4.725932403096874025e-10
-4.720342064109593893e-10
-4.716523142446204157e-10
-4.712708425764337083e-10
-4.708899308423408818e-10
-4.705092627287934365e-10
-4.701287748946433818e-10
-4.697489423700714843e-10
-4.693696516754768668e-10
-4.689906120433696662e-10
-4.686119954008305211e-10
-4.682336131994939722e-10
-4.674829303016865689e-10
-4.671056420128430723e-10
-4.667287033156538096e-10
-4.663523540082534523e-10
-4.659767086001486045e-10
-4.656015127782518651e-10
-4.652263753282396783e-10
-4.648514512334970022e-10
-4.644767528729235654e-10
-4.641026454108153484e-10
-4.637289778923087121e-10
-4.633558210830485469e-10
-4.627875836684842731e-10
-4.624153354959194824e-10
-4.620434982745250939e-10
-4.616721161778287620e-10
-4.613011418314537295e-10
-4.609302475993482647e-10
-4.605598874806796718e-10
-4.601901115660882469e-10
-4.598207319287703959e-10
-4.594515471045401151e-10
-4.590828543763018176e-10
-4.583035018369347602e-10
-4.579357049025821829e-10
-4.575682981836608140e-10
-4.572013321235893156e-10
-4.568349626200040475e-10
-4.564692502997277527e-10
-4.561037753591809201e-10
-4.557383469566161122e-10
-4.553731986270610635e-10
-4.550083488287027449e-10
-4.546441024362860704e-10
-4.540650198614862378e-10
-4.537020361901736375e-10
-4.533393539339879729e-10
-4.529768483018093177e-10
-4.526147363682628720e-10
-4.522531563242286422e-10
-4.518918452455338065e-10
-4.515306448849481929e-10
-4.511700291551981485e-10
-4.508099401838452947e-10
-4.504501842610418473e-10
-4.500906855665924514e-10
-4.492819380609042673e-10
-4.489234354456457116e-10
-4.485652867558518084e-10
-4.482074966735881118e-10
-4.478501721436576774e-10
-4.474934250442675304e-10
-4.471372926700915508e-10
-4.467813635291619384e-10
-4.464254850426072214e-10
-4.460698847117186083e-10
-4.457145731737953785e-10
-4.451250646886197294e-10
-4.447708963125892330e-10
-4.444173864918909954e-10
-4.440641998674715622e-10
-4.437111737025770044e-10
-4.433585377317919375e-10
-4.430063841223209716e-10
-4.426545353220142830e-10
-4.423027519614340990e-10
-4.419515187963933317e-10
-4.416008255669234421e-10
-4.407463094459632718e-10
-4.403966742315340364e-10
-4.400475001154506058e-10
-4.396984134457393262e-10
-4.393496257688733461e-10
-4.390012243916641442e-10
-4.386531793841691319e-10
-4.383057022967381429e-10
-4.379588606292324082e-10
-4.376123415545349315e-10
-4.372658559517775593e-10
-4.366470974789122006e-10
-4.363013157741580233e-10
-4.359560782160232161e-10
-4.356112283848112646e-10
-4.352667897855063365e-10
-4.349229968496193147e-10
-4.345792518486129922e-10
-4.342358841594935730e-10
-4.338928554505739010e-10
-4.335502813446151454e-10
-4.332078475155157086e-10
-4.322794384838540560e-10
-4.319384491794391397e-10
-4.315979222888583106e-10
-4.312575762527164099e-10
-4.309175982538167710e-10
-4.305778522237641965e-10
-4.302382689353114336e-10
-4.298990394712064386e-10
-4.295601396897195545e-10
-4.292216966711529347e-10
-4.288838071006640583e-10
-4.282325811350924891e-10
-4.278957534905728146e-10
-4.275589673908655865e-10
-4.272224380061747718e-10
-4.268861391504658460e-10
-4.265504135620609955e-10
-4.262150194153198922e-10
-4.258801322125954267e-10
-4.255456996076629292e-10
-4.252113523657077961e-10
-4.248773774130716789e-10
-4.236332346165296678e-10
-4.233008808116158833e-10
-4.229686228855091827e-10
-4.226366790664714613e-10
-4.223052532897519399e-10
-4.219742925571969390e-10
-4.216434747331238498e-10
-4.213130398618366563e-10
-4.209828080151009531e-10
-4.206527489224718701e-10
-4.203230403783921680e-10
-4.195096336116017534e-10
-4.191811212521208908e-10
-4.188531361194699616e-10
-4.185257057810754233e-10
-4.181984641370681245e-10
-4.178712512564445033e-10
-4.175442995344869082e-10
-4.172175186922590375e-10
-4.168912949370234043e-10
-4.165654102127074934e-10
-4.162399353644281933e-10
-4.148890360173969919e-10
-4.145651229192493929e-10
-4.142415693897267952e-10
-4.139183251272325659e-10
-4.135954921554417716e-10
-4.132728180010769080e-10
-4.129503157683007726e-10
-4.126283444539273308e-10
-4.123068188477852752e-10
-4.119855446940604754e-10
-4.116644976852950020e-10
-4.108016013144633656e-10
-4.104814949350551074e-10
-4.101616686002274964e-10
-4.098421934817081348e-10
-4.095230122888843554e-10
-4.092043358688108755e-10
-4.088862585018084669e-10
-4.085685280189193728e-10
-4.082508414973093851e-10
-4.079332951734096809e-10
-4.076159239338271371e-10
-4.061556656021753833e-10
-4.058401443115879735e-10
-4.055249086253929283e-10
-4.052103409487943652e-10
-4.048959581974765743e-10
-4.045817119141754812e-10
-4.042678119367156624e-10
-4.039542957959257379e-10
-4.036410902337758305e-10
-4.033279502735270288e-10
-4.030151627656027095e-10
-4.020839449526167343e-10
-4.017726365351881268e-10
-4.014614528407145414e-10
-4.011506185857354196e-10
-4.008399833587691490e-10
-4.005294831450937908e-10
-4.002192901706177168e-10
-3.999094026475433716e-10
-3.995998779314177728e-10
-3.992908327385501620e-10
-3.989823456176757754e-10
-3.972525392372999167e-10
-3.969456246482629103e-10
-3.966388839081729113e-10
-3.963323037910746517e-10
-3.960261503912995873e-10
-3.957203542690290063e-10
-3.954148314707834720e-10
-3.951099942347927121e-10
-3.948052871410387193e-10
-3.945007178030069328e-10
-3.933923275113239482e-10
-3.930891848409986943e-10
-3.927863484875449383e-10
-3.924835782683903388e-10
-3.921811252020864596e-10
-3.918791300969214730e-10
-3.915775514575106967e-10
-3.912761143597274431e-10
-3.909749888863198440e-10
-3.906741132613512262e-10
-3.903733438927510025e-10
-3.882775396784855240e-10
-3.879789477825083427e-10
-3.876806398136113476e-10
-3.873827912050132765e-10
-3.870855201526246489e-10
-3.867885630619293004e-10
-3.864916397142188610e-10
-3.861948204774550118e-10
-3.858981765414564673e-10
-3.856018503194588199e-10
-3.853059400040035484e-10
-3.840184365950866422e-10
-3.837241617361962369e-10
-3.834302775556777690e-10
-3.831364300437487573e-10
-3.828429289982202924e-10
-3.825496851338795753e-10
-3.822568116980493770e-10
-3.819641006310111696e-10
-3.816715013543084360e-10
-3.813793627395014442e-10
-3.810876471430145305e-10
-3.786225501986211794e-10
-3.783331474511643794e-10
-3.780441239781659441e-10
-3.777551654454478397e-10
-3.774664097431238931e-10
-3.771779561727905524e-10
-3.768897519197904568e-10
-3.766019291348060307e-10
-3.763145611876450496e-10
-3.760276965827377368e-10
-3.745575022260227751e-10
-3.742718545324079136e-10
-3.739863980921151633e-10
-3.737010834228205023e-10
-3.734161639873250828e-10
-3.731315744444349140e-10
-3.728472247633214007e-10
-3.725634902270732167e-10
-3.722799355928918377e-10
-3.719964794885236137e-10
-3.717133536263082973e-10
-3.688706572532812556e-10
-3.685903545254916109e-10
-3.683101591825085492e-10
-3.680301303715535872e-10
-3.677505695206759795e-10
-3.674713873995826016e-10
-3.671924340232270218e-10
-3.669136003750414537e-10
-3.666351448744913901e-10
-3.663567267051207547e-10
-3.647003602164340748e-10
-3.644236165560556622e-10
-3.641471194272895821e-10
-3.638709977748003113e-10
-3.635953144994089889e-10
-3.633201208505616063e-10
-3.630450945979198812e-10
-3.627700683452781562e-10
-3.624952076722923557e-10
-3.622204831206831359e-10
-3.619461325954706674e-10
-3.587201789259186444e-10
-3.584489284428286484e-10
-3.581781892120439816e-10
-3.579077367341194267e-10
-3.576373303968168044e-10
-3.573672477452244330e-10
-3.570973771191987598e-10
-3.568278309684347801e-10
-3.565584530929146776e-10
-3.562891427712063351e-10
-3.544306260368086814e-10
-3.541634964664293082e-10
-3.538966395361631887e-10
-3.536298654739048696e-10
-3.533634333071130001e-10
-3.530971447491907738e-10
-3.528309878376589673e-10
-3.525650583469771743e-10
-3.522993674151830593e-10
-3.520339366082724548e-10
-3.517689140301305681e-10
-3.480941893455348402e-10
-3.478328917249179512e-10
-3.475716125004612228e-10
-3.473103723907819339e-10
-3.470493517631488714e-10
-3.467884769802632299e-10
-3.465280543964710980e-10
-3.462678296108135748e-10
-3.460078238620297506e-10
-3.457484802157444943e-10
-3.436663605694925839e-10
-3.434087045492845631e-10
-3.431513526911575373e-10
-3.428942494974654979e-10
-3.426374227042706631e-10
-3.423806735494362448e-10
-3.421241065871430178e-10
-3.418679659877794468e-10
-3.416121504929926502e-10
-3.413565492974480892e-10
-3.411010534921559699e-10
-3.369663443395005499e-10
-3.367144919182151550e-10
-3.364628119153802394e-10
-3.362113696841429675e-10
-3.359601460950036734e-10
-3.357092273738250164e-10
-3.354586969814244847e-10
-3.352086059795518447e-10
-3.349587691986953032e-10
-3.347089357233583685e-10
-3.324000765417657444e-10
-3.321522047812071458e-10
-3.319044946060271891e-10
-3.316572215609450232e-10
-3.314101314908482523e-10
-3.311632534414723488e-10
-3.309170158139138458e-10
-3.306707975814079028e-10
-3.304246739038212591e-10
-3.301788491835436153e-10
-3.299332522078191590e-10
-3.253329839060777447e-10
-3.250913389889018626e-10
-3.248498361305678784e-10
-3.246087399787578989e-10
-3.243679832032155992e-10
-3.241274569954219901e-10
-3.238870156763579746e-10
-3.236468524040898077e-10
-3.234067606430822242e-10
-3.231667961694563939e-10
-3.206287260984631437e-10
-3.203910795646002186e-10
-3.201536613254566816e-10
-3.199166505126081525e-10
-3.196800654249747479e-10
-3.194438020805095875e-10
-3.192075733564522271e-10
-3.189713462457417370e-10
-3.187352917867288747e-10
-3.184993435818229980e-10
-3.134237642148479794e-10
-3.131923694659866636e-10
-3.129611673925444333e-10
-3.127304583474368550e-10
-3.124999997619921753e-10
-3.122695411759014158e-10
-3.120393656265456328e-10
-3.118093627175804355e-10
-3.115796315373846302e-10
-3.113500273951705052e-10
-3.085780657995744903e-10
-3.083508757634511491e-10
-3.081240286423622946e-10
-3.078974989732750110e-10
-3.076710820769397136e-10
-3.074448240884863209e-10
-3.072188219440875586e-10
-3.069928222953044400e-10
-3.067670136397824494e-10
-3.065413791268663029e-10
-3.063159437256347565e-10
-3.007739007942647580e-10
-3.005534051438887200e-10
-3.003333269539594370e-10
-3.001134928381476164e-10
-2.998936647683483542e-10
-2.996738605482351890e-10
-2.994542268634728846e-10
-2.992347159646155580e-10
-2.990155373651384288e-10
-2.987965072304012057e-10
-2.958071342878586955e-10
-2.955910732243658162e-10
-2.953751567166227415e-10
-2.951592574665868077e-10
-2.949436413156358816e-10
-2.947281951944516003e-10
-2.945129913495723435e-10
-2.942979156594830034e-10
-2.940828527356387563e-10
-2.938680749600303185e-10
-2.878870558023410897e-10
-2.876775057189751355e-10
-2.874680682490940546e-10
-2.872587688818983110e-10
-2.870497349580742107e-10
-2.868407010342500586e-10
-2.866318454427585254e-10
-2.864231568113456526e-10
-2.862146608569671939e-10
-2.860063181288665035e-10
-2.828017398059545869e-10
-2.825965385740097757e-10
-2.823915936632748021e-10
-2.821866723231046846e-10
-2.819817540926816161e-10
-2.817770037165591032e-10
-2.815723468551121629e-10
-2.813679909248528292e-10
-2.811638066645207422e-10
-2.809597717188916927e-10
-2.745351163100741465e-10
-2.743366933821428414e-10
-2.741382704542115363e-10
-2.739400289244242008e-10
-2.737420003938975082e-10
-2.735442296325223685e-10
-2.733465881375764336e-10
-2.731490029986390887e-10
-2.729515320526124648e-10
-2.727543921625194486e-10
-2.693325582074471577e-10
-2.691383703819066425e-10
-2.689442451144237830e-10
-2.687503753574392112e-10
-2.685566030433423365e-10
-2.683629065040512968e-10
-2.681693604813970495e-10
-2.679760075538130497e-10
-2.677828085391644890e-10
-2.675898683043514952e-10
-2.607173414950100450e-10
-2.605302381049197691e-10
-2.603433177216360092e-10
-2.601563973386752634e-10
-2.599695184154014970e-10
-2.597827900787063144e-10
-2.595961901040421554e-10
-2.594099089564718997e-10
-2.592237551985309342e-10
-2.590377272732458847e-10
-2.553966948972086208e-10
-2.552138850038461607e-10
-2.550310751103221419e-10
-2.548485208505426514e-10
-2.546661113518157297e-10
-2.544839784821488888e-10
-2.543019584653521633e-10
-2.541199709485783300e-10
-2.539381314639711288e-10
-2.537566152698139359e-10
-2.464322821211618050e-10
-2.462566027071159939e-10
-2.460809879327458412e-10
-2.459056242951662583e-10
-2.457303462122982503e-10
-2.455551465864171898e-10
-2.453800910323465014e-10
-2.452052206718554086e-10
-2.450305048272857286e-10
-2.448560280773937868e-10
-2.408155032772479843e-10
-2.406443527166761980e-10
-2.404734014493469878e-10
-2.403024501820178293e-10
-2.401315221494356725e-10
-2.399607535427573307e-10
-2.397900882615124323e-10
-2.396197232167208783e-10
-2.394495007368400625e-10
-2.392794157505206200e-10
-2.312771436258899977e-10
-2.311132943647605088e-10
