-3.151951020681518607e-11
-3.849587431704387809e-11
-4.634657497883594481e-11
-5.511323262891455967e-11
-6.483229037510722856e-11
-7.553438209739779591e-11
-8.724358611721154728e-11
-9.997665163158549691e-11
-1.137434640129264249e-10
-1.285462669918461269e-10
-1.443801113501421567e-10
-1.612327470874570932e-10
-1.790852611215274078e-10
-1.979122765695113058e-10
-2.176825962938231266e-10
-2.383597085895738645e-10
-2.599018616272182915e-10
-2.822635118735298498e-10
-3.053954845794967366e-10
-3.292457100141161399e-10
-3.537594946641390296e-10
-3.788804945683596524e-10
-4.045515487564131947e-10
-4.307149832192276703e-10
-4.573131826250107791e-10
-4.842889287432295260e-10
-5.115858509089804092e-10
-5.391497014677715630e-10
-5.669277412804778514e-10
-5.948691996646451471e-10
-6.229257954044507072e-10
-6.510522285770199570e-10
-6.792059776397502976e-10
-7.073470048482238753e-10
-7.354396286592782646e-10
-7.634497302939237642e-10
-7.913481163883256102e-10
-8.191075250575624797e-10
-8.467049039026268523e-10
-8.741194213377703338e-10
-9.013338958583288322e-10
-9.283336936385597229e-10
-9.551077224361929016e-10
-9.816463149590211007e-10
-1.007943071619338359e-09
-1.033994206669761136e-09
-1.059797039333583230e-09
-1.085351865012159467e-09
-1.110659621501276079e-09
-1.135723619705197461e-09
-1.160547899919990171e-09
-1.185138554419410384e-09
-1.209501360502004405e-09
-1.233643953919697189e-09
-1.257573916684881499e-09
-1.281299091226361629e-09
-1.304828068894313482e-09
-1.328169442987441326e-09
-1.351331310726798078e-09
-1.374322279670774557e-09
-1.397150471197748328e-09
-1.419822692093605663e-09
-1.442346635901855677e-09
-1.464728178831011118e-09
-1.486973150989169931e-09
-1.509086335814612345e-09
-1.531071858497250415e-09
-1.552933491764754442e-09
-1.574672490823781344e-09
-1.596291449121530594e-09
-1.617790160291115818e-09
-1.639168323307020731e-09
-1.660424107017408652e-09
-1.681556077814550403e-09
-1.702560647460999883e-09
-1.723433307593136828e-09
-1.744169417458111704e-09
-1.764763536365682785e-09
-1.785208333552926729e-09
-1.805497446941311743e-09
-1.825622624291054680e-09
-1.845575670600397979e-09
-1.865348772225618439e-09
-1.884930291292170550e-09
-1.904311865711974565e-09
-1.923483845153878885e-09
-1.942436803190374389e-09
-1.961158014679062428e-09
-1.979639679737702498e-09
-1.997871067066793827e-09
-2.015840086212824421e-09
-2.033540173059209749e-09
-2.050959602125117978e-09
-2.068088290173926793e-09
-2.084918145044114556e-09
-2.101439892481608281e-09
-2.117646582151539878e-09
-2.133530490917122116e-09
-2.149082472263613069e-09
-2.164300388422712096e-09
-2.179175948250491361e-09
-2.193703105042192478e-09
-2.207879654214912379e-09
-2.221699850111552175e-09
-2.235165228394022529e-09
-2.248268808624903641e-09
-2.261011782727958839e-09
-2.273395074859275184e-09
-2.285412949646882779e-09
-2.297074515266009871e-09
-2.308378184950155673e-09
-2.319324135805064414e-09
-2.329917444622202054e-09
-2.340163522188539449e-09
-2.350062618801424947e-09
-2.359625991940562173e-09
-2.368853864634970878e-09
-2.377754376973331305e-09
-2.386334661278649634e-09
-2.394599691480012694e-09
-2.402560974092357797e-09
-2.410221902223497223e-09
-2.417595578687158657e-09
-2.424685446057208896e-09
-2.431504717626730381e-09
-2.438058782604954806e-09
-2.444359072278117671e-09
-2.450413564431329126e-09
-2.456231309370734911e-09
-2.461823702002656815e-09
-2.467198174634926067e-09
-2.472365084936696838e-09
-2.477333552110096859e-09
-2.482110807133461332e-09
-2.486706903882630112e-09
-2.491134103351647254e-09
-2.495394087231353929e-09
-2.499503178688520858e-09
-2.503461793700778214e-09
-2.507283234717460009e-09
-2.510972264883364352e-09
-2.514537834077918048e-09
-2.517985966952080509e-09
-2.521322435988432366e-09
-2.524557252239471742e-09
-2.527689738392249642e-09
-2.530731405655885942e-09
-2.533684200543963046e-09
-2.536553958589459933e-09
-2.539345702301822579e-09
-2.542060866074835422e-09
-2.544706780477675836e-09
-2.547283718785936203e-09
-2.549795357612794837e-09
-2.552245209131122158e-09
-2.554633417089182269e-09
-2.556964807344499961e-09
-2.559239283638658785e-09
-2.561457678358693306e-09
-2.563621947196199024e-09
-2.565730700656581442e-09
-2.567786653211698764e-09
-2.569789844917096761e-09
-2.571738228887831913e-09
-2.573633982095270289e-09
-2.575475285659984528e-09
-2.577261031240121260e-09
-2.578992179615245826e-09
-2.580665054653776459e-09
-2.582279973451054561e-09
-2.583836995160420922e-09
-2.585332318573582248e-09
-2.586766662271328115e-09
-2.588138450768695263e-09
-2.589443906693650679e-09
-2.590683848168008334e-09
-2.591856740941431767e-09
-2.592960051694326584e-09
-2.593992271152950015e-09
-2.594952059742681165e-09
-2.595838002433238404e-09
-2.596650119346501094e-09
-2.597384506162694259e-09
-2.598042040001976387e-09
-2.598622172359098651e-09
-2.599121425808105471e-09
-2.599540072606039553e-09
-2.599878110693660404e-09
-2.600132457105793465e-09
-2.600304125497984109e-09
-2.600393142086797477e-09
-2.600397017233998811e-09
-2.600317755095295755e-09
-2.600155109602532040e-09
-2.599907216384782310e-09
-2.599575769731894435e-09
-2.599160496866480299e-09
-2.598660497280504308e-09
-2.598077925332438457e-09
-2.597412354034359976e-09
-2.596664870144847584e-09
-2.595836187561579696e-09
-2.594928510147832099e-09
-2.593941173715545467e-09
-2.592876052821136523e-09
-2.591735027556613909e-09
-2.590518198907791246e-09
-2.589226737204085396e-09
-2.587864528674955002e-09
-2.586432064172451838e-09
-2.584928655284765189e-09
-2.583358386083426486e-09
-2.581723024287917626e-09
-2.580022490822301567e-09
-2.578260567697436889e-09
-2.576439830336633677e-09
-2.574560738974583731e-09
-2.572624733191920342e-09
-2.570636214122302971e-09
-2.568595120054947723e-09
-2.566502015991167680e-09
-2.564361705098094593e-09
-2.562176397079053231e-09
-2.559946407850303966e-09
-2.557673248119308222e-09
-2.555361324571924688e-09
-2.553011186134106663e-09
-2.550623181431929596e-09
-2.548200674273315377e-09
-2.545747105145212022e-09
-2.543262348588951976e-09
-2.540746086402075039e-09
-2.538202737127679417e-09
-2.535634602503850153e-09
-2.533041021514422704e-09
-2.530423398323310568e-09
-2.527785559929132217e-09
-2.525127561704419128e-09
-2.522449639886114352e-09
-2.519753514083866197e-09
-2.517041782671551319e-09
-2.514314557927591849e-09
-2.511571553772570101e-09
-2.508814650171176319e-09
-2.506045966308728523e-09
-2.503265666642141911e-09
-2.500473418205531837e-09
-2.497670579444353230e-09
-2.494858890062455883e-09
-2.492038227618069923e-09
-2.489208423867935342e-09
-2.486370251935033579e-09
-2.483525050928996287e-09
-2.480672633517071263e-09
-2.477812826692621450e-09
-2.474946009328198885e-09
-2.472073455072286807e-09
-2.469194938994390236e-09
-2.466310541534970383e-09
-2.463419801172310657e-09
-2.460523629704288243e-09
-2.457622042121286511e-09
-2.454715234745859871e-09
-2.451802630744365443e-09
-2.448884421568036003e-09
-2.445961059303170092e-09
-2.443032302874717222e-09
-2.440097811456250895e-09
-2.437157802372362279e-09
-2.434212094692212649e-09
-2.431260710511119654e-09
-2.428303295268851355e-09
-2.425339976043235861e-09
-2.422370541288840150e-09
-2.419394947650904443e-09
-2.416413238467582042e-09
-2.413424787702117242e-09
-2.410429896476899516e-09
-2.407428553917257494e-09
-2.404420450904638627e-09
-2.401405519431521553e-09
-2.398383649829517320e-09
-2.395354169178169355e-09
-2.392317577507543349e-09
-2.389274094173792673e-09
-2.386222666085811699e-09
-2.383163734660044961e-09
-2.380097646986442224e-09
-2.377023416846621719e-09
-2.373941837892310816e-09
-2.370852959894020678e-09
-2.367755718407146334e-09
-2.364650903928126848e-09
-2.361539065626480505e-09
-2.358418954996386262e-09
-2.355291251191376683e-09
-2.352155918304831365e-09
-2.349012557837754187e-09
-2.345862109728205505e-09
-2.342703942686152366e-09
-2.339538222903918766e-09
-2.336365682120398149e-09
-2.333184952703819256e-09
-2.329997640255536203e-09
-2.326803958651466607e-09
-2.323602810261128539e-09
-2.320395114975433795e-09
-2.317180763687855855e-09
-2.313960336810797295e-09
-2.310734443550044815e-09
-2.307501867008009556e-09
-2.304263678283079019e-09
-2.301020105652014296e-09
-2.297771048533100588e-09
-2.294517514418000526e-09
-2.291258735636290959e-09
-2.287995108832544054e-09
-2.284727219976897933e-09
-2.281455053151756008e-09
-2.278179593144548728e-09
-2.274900304209569043e-09
-2.271617347604159908e-09
-2.268331198240635779e-09
-2.265042291662177599e-09
-2.261751389283989732e-09
-2.258458009235517715e-09
-2.255162579420824898e-09
-2.251864851861977368e-09
-2.248565897372279381e-09
-2.245265955266463325e-09
-2.241964866548475531e-09
-2.238663021887216303e-09
-2.235359925681095139e-09
-2.232056741345574080e-09
-2.228753814204749301e-09
-2.225451173907253429e-09
-2.222148758482129450e-09
-2.218846805818693925e-09
-2.215545506706676263e-09
-2.212245726909966206e-09
-2.208947552379707170e-09
-2.205650744252317688e-09
-2.202355600251333945e-09
-2.199061954405855374e-09
-2.195770904216278171e-09
-2.192481944393723906e-09
-2.189195846973431513e-09
-2.185912005929811900e-09
-2.182630601485147911e-09
-2.179352283977446018e-09
-2.176077167246164991e-09
-2.172805653681822188e-09
-2.169537130270143717e-09
-2.166272416071225271e-09
-2.163010822186123269e-09
-2.159753790481672069e-09
-2.156500294504036069e-09
-2.153251449420455167e-09
-2.150006312433735353e-09
-2.146765568122289603e-09
-2.143529227189186122e-09
-2.140297328056971806e-09
-2.137069992602785940e-09
-2.133847056289446197e-09
-2.130628825553511372e-09
-2.127415039546793855e-09
-2.124206480689304580e-09
-2.121002476630752642e-09
-2.117803738664321252e-09
-2.114609397411379028e-09
-2.111420423762251046e-09
-2.108236154743941780e-09
-2.105057307467540624e-09
-2.101883105926022349e-09
-2.098714446317963759e-09
-2.095550342209095149e-09
-2.092391763028345892e-09
-2.089238084836950050e-09
-2.086089714564611264e-09
-2.082946006321171237e-09
-2.079807717635848589e-09
-2.076674214038412759e-09
-2.073546041819874150e-09
-2.070422810546595446e-09
-2.067304603667632296e-09
-2.064191023514327371e-09
-2.061082645843649960e-09
-2.057978996634516470e-09
-2.054880503162700252e-09
-2.051786783394825057e-09
-2.048697898286066799e-09
-2.045613470245361499e-09
-2.042534091611546562e-09
-2.039459167255846237e-09
-2.036389146527209143e-09
-2.033323777633677443e-09
-2.030262926744000802e-09
-2.027206669145003708e-09
-2.024155103799240819e-09
-2.021107756882140597e-09
-2.018064957510968587e-09
-2.015026636403633498e-09
-2.011992953490319931e-09
-2.008963410870782698e-09
-2.005938175214790309e-09
-2.002916951871060839e-09
-1.999900028276615123e-09
-1.996887650819289096e-09
-1.993879625093227835e-09
-1.990875578572434961e-09
-1.987875485858228437e-09
-1.984879559467537614e-09
-1.981887806481768865e-09
-1.978900405162221601e-09
-1.975916971856359023e-09
-1.972937718898435089e-09
-1.969962560560114514e-09
-1.966991787972041782e-09
-1.964024689172611778e-09
-1.961061817888520249e-09
-1.958103081729345313e-09
-1.955148831134069763e-09
-1.952198485443956637e-09
-1.949252122876927965e-09
-1.946309978465934397e-09
-1.943371886479489972e-09
-1.940438348811771038e-09
-1.937508573907656119e-09
-1.934583484569779504e-09
-1.931662436817761778e-09
-1.928745816060307875e-09
-1.925833219628736557e-09
-1.922924900011105442e-09
-1.920021148386497059e-09
-1.917121613592149300e-09
-1.914226796965911573e-09
-1.911336148828989929e-09
-1.908450607792286780e-09
-1.905568922258351359e-09
-1.902691960156873786e-09
-1.899819577775571489e-09
-1.896952022580336622e-09
-1.894089220412220351e-09
-1.891230656099929373e-09
-1.888377767827744136e-09
-1.885528936155329069e-09
-1.882685199714821997e-09
-1.879846121143216092e-09
-1.877012314041559047e-09
-1.874183345334159612e-09
-1.871358791339227978e-09
-1.868540196920214573e-09
-1.865725863942801566e-09
-1.862916798377747680e-09
-1.860112662545611071e-09
-1.857313921131698634e-09
-1.854520268315286712e-09
-1.851731267094566196e-09
-1.848948441112293215e-09
-1.846170007600477968e-09
-1.843396950696118108e-09
-1.840629271518787498e-09
-1.837866889489634922e-09
-1.835109927484973253e-09
-1.832357919326269153e-09
-1.829611996931464815e-09
-1.826870602496278375e-09
-1.824134736973453887e-09
-1.821404615927264421e-09
-1.818679450221642839e-09
-1.815960084439917733e-09
-1.813245805828894268e-09
-1.810536972987018449e-09
-1.807833151911387875e-09
-1.805134619452203418e-09
-1.802441991817776138e-09
-1.799754157171909849e-09
-1.797072402815242233e-09
-1.794395501050243037e-09
-1.791723392287643978e-09
-1.789057508330571365e-09
-1.786396284494002296e-09
-1.783740458808030738e-09
-1.781090217067897273e-09
-1.778445116881509622e-09
-1.775805401658554280e-09
-1.773170765359651704e-09
-1.770541563957992943e-09
-1.767917174927772409e-09
-1.765298007130614805e-09
-1.762684574449405596e-09
-1.760075823168900986e-09
-1.757472837403050510e-09
-1.754874451818308559e-09
-1.752280670797480443e-09
-1.749692866785534934e-09
-1.747109260980733655e-09
-1.744530859565571854e-09
-1.741957910722800393e-09
-1.739389513729880029e-09
-1.736826550009507433e-09
-1.734268217162335588e-09
-1.731714414704906553e-09
-1.729165994404364799e-09
-1.726622027414592945e-09
-1.724082996992810971e-09
-1.721549200433546316e-09
-1.719019932204784186e-09
-1.716495773118873946e-09
-1.713976219319272360e-09
-1.711461267256280862e-09
-1.708951064344109949e-09
-1.706445503891134786e-09
-1.703944806565444699e-09
-1.701448939992127087e-09
-1.698957670548422665e-09
-1.696471264175263484e-09
-1.693989322541104766e-09
-1.691511860902039525e-09
-1.689038978800474578e-09
-1.686570596822801008e-09
-1.684106897153669375e-09
-1.681647969631593124e-09
-1.679193354659858393e-09
-1.676743689584436289e-09
-1.674298346979137219e-09
-1.671857192331833053e-09
-1.669420986573363652e-09
-1.666988843571626972e-09
-1.664561315798123054e-09
-1.662138652351743546e-09
-1.659720050311412354e-09
-1.657306615923761450e-09
-1.654897239756425142e-09
-1.652491682119634796e-09
-1.650091804793659913e-09
-1.647695428408837977e-09
-1.645303622124715034e-09
-1.642916842857394649e-09
-1.640533924627050866e-09
-1.638156147039847810e-09
-1.635782356321940660e-09
-1.633412717645720692e-09
-1.631048120716514567e-09
-1.628687368018226582e-09
-1.626331033142025234e-09
-1.623979525204173263e-09
-1.621632202529866547e-09
-1.619289239906820197e-09
-1.616951060218314937e-09
-1.614617079034491807e-09
-1.612286978089231615e-09
-1.609962107938386721e-09
-1.607640874415752524e-09
-1.605324139760430122e-09
-1.603012308382044836e-09
-1.600704253899630888e-09
-1.598401267375261052e-09
-1.596102211294509556e-09
-1.593807363627150927e-09
-1.591517301028304479e-09
-1.589231124400126602e-09
-1.586949385399001565e-09
-1.584672037899605264e-09
-1.582399353865594123e-09
-1.580130570030108193e-09
-1.577866851346120931e-09
-1.575606903892426529e-09
-1.573350790820447108e-09
-1.571099984561789819e-09
-1.568852676030874087e-09
-1.566609727927638839e-09
-1.564371494098224020e-09
-1.562137356921358427e-09
-1.559907366214606153e-09
-1.557682165310681355e-09
-1.555460867815925412e-09
-1.553243136627981930e-09
-1.551030809466667089e-09
-1.548821752783185214e-09
-1.546617002879189536e-09
-1.544417003024164671e-09
-1.542220916368003619e-09
-1.540028918955001280e-09
-1.537841626889676570e-09
-1.535658161202984194e-09
-1.533478144071365758e-09
-1.531303422333142131e-09
-1.529131939450679726e-09
-1.526964656707283231e-09
-1.524801927742891559e-09
-1.522643197630969629e-09
-1.520488349021109583e-09
-1.518338201641830262e-09
-1.516191611428716125e-09
-1.514048587270544775e-09
-1.511910506354903934e-09
-1.509775784678936744e-09
-1.507645223736920834e-09
-1.505518712948477466e-09
-1.503396588599463393e-09
-1.501277896153077409e-09
-1.499163990251822741e-09
-1.497053387444111500e-09
-1.494946655244416135e-09
-1.492844123610719409e-09
-1.490745372301601619e-09
-1.488650226297544763e-09
-1.486559122232933420e-09
-1.484472419468049422e-09
-1.482389089005453210e-09
-1.480309901857682838e-09
-1.478234631005940464e-09
-1.476163142439760662e-09
-1.474094721831764541e-09
-1.472031339985714080e-09
-1.469970781862665158e-09
-1.467914128612257226e-09
-1.465861640252338485e-09
-1.463812965855410021e-09
-1.461767676807469143e-09
-1.459726921046461865e-09
-1.457689239939628931e-09
-1.455655247696241043e-09
-1.453625201084753483e-09
-1.451598849702642092e-09
-1.449575835752045966e-09
-1.447556574801652695e-09
-1.445541603916716380e-09
-1.443529866710378306e-09
-1.441521839625544155e-09
-1.439517975268166148e-09
-1.437517327810313861e-09
-1.435519765354734244e-09
-1.433526758858490912e-09
-1.431536711513518244e-09
-1.429550368979340275e-09
-1.427567560476010959e-09
-1.425588889915214663e-09
-1.423613279879685277e-09
-1.421641456632230869e-09
-1.419673457685486014e-09
-1.417708845437720801e-09
-1.415747022512710167e-09
-1.413789786747710531e-09
-1.411835357526693331e-09
-1.409884612416122973e-09
-1.407937284165899818e-09
-1.405993967068924920e-09
-1.404053637821115699e-09
-1.402117035129292093e-09
-1.400184139513704503e-09
-1.398254580960131426e-09
-1.396327728867721569e-09
-1.394405372959936780e-09
-1.392485778102560001e-09
-1.390569742435991242e-09
-1.388657037347874379e-09
-1.386748323292511112e-09
-1.384842526662506395e-09
-1.382940271936346627e-09
-1.381041880759630479e-09
-1.379146465734681150e-09
-1.377253966831458276e-09
-1.375365634852362811e-09
-1.373480267735885337e-09
-1.371598031299313398e-09
-1.369719175712676117e-09
-1.367844290440453810e-09
-1.365972365556014965e-09
-1.364103660233721580e-09
-1.362238939974045219e-09
-1.360376841291373689e-09
-1.358518144758212509e-09
-1.356662532621176384e-09
-1.354810886186023051e-09
-1.352961699790291489e-09
-1.351115935830632820e-09
-1.349273669492155199e-09
-1.347434965528143716e-09
-1.345598977329241829e-09
-1.343766676110299905e-09
-1.341937515415622497e-09
-1.340111621363996446e-09
-1.338288170257190773e-09
-1.336468959695816072e-09
-1.334652346951299358e-09
-1.332838848376783951e-09
-1.331028541575048060e-09
-1.329221979128995376e-09
-1.327418246070930982e-09
-1.325617519409034805e-09
-1.323820645264838172e-09
-1.322026204490271231e-09
-1.320235216021141921e-09
-1.318446702402604110e-09
-1.316662457427472513e-09
-1.314880351602464555e-09
-1.313101618595938587e-09
-1.311325912899048884e-09
-1.309553844420602536e-09
-1.307784376914993589e-09
-1.306018054664505392e-09
-1.304255401432363096e-09
-1.302495125791145003e-09
-1.300737892954378446e-09
-1.298983595430545424e-09
-1.297232995203632511e-09
-1.295484599790040649e-09
-1.293739422459207364e-09
-1.291997347007975919e-09
-1.290258664067404728e-09
-1.288522519869232950e-09
-1.286789457878551320e-09
-1.285059952641633433e-09
-1.283332784469567590e-09
-1.281608524479112817e-09
-1.279887150478079306e-09
-1.278169384725657891e-09
-1.276453753153782038e-09
-1.274741268099141802e-09
-1.273031731960461428e-09
-1.271325587019121893e-09
-1.269621907152517631e-09
-1.267921174005627226e-09
-1.266223973167324094e-09
-1.264528935810149261e-09
-1.262836988875283955e-09
-1.261147387188952098e-09
-1.259461766342272200e-09
-1.257778034275713839e-09
-1.256097451670633986e-09
-1.254419587576317926e-09
-1.252745114897998803e-09
-1.251073142257216484e-09
-1.249403826402574505e-09
-1.247737986859850770e-09
-1.246074398783037382e-09
-1.244413884228369823e-09
-1.242755386716268223e-09
-1.241100733406022393e-09
-1.239448298203515054e-09
-1.237798454206292543e-09
-1.236151346249670980e-09
-1.234507478087093603e-09
-1.232866423918713847e-09
-1.231227681963835860e-09
-1.229591923628930851e-09
-1.227959283222002349e-09
-1.226328914425696844e-09
-1.224701093380275451e-09
-1.223075955514007295e-09
-1.221454225623460564e-09
-1.219834354685879173e-09
-1.218217451304673487e-09
-1.216603124271222324e-09
-1.214992017001273888e-09
-1.213383284535770994e-09
-1.211776981751117075e-09
-1.210174016245057955e-09
-1.208573292013191419e-09
-1.206975411713390413e-09
-1.205379436913275678e-09
-1.203786983276524885e-09
-1.202196926107760583e-09
-1.200609056003824083e-09
-1.199023974109295936e-09
-1.197441636509628913e-09
-1.195862296999281925e-09
-1.194285115866938710e-09
-1.192710581120049501e-09
-1.191139200897630383e-09
-1.189569771213169419e-09
-1.188003272456761079e-09
-1.186438574668679268e-09
-1.184877452582001848e-09
-1.183318429144286040e-09
-1.181761681320810672e-09
-1.180207553430268831e-09
-1.178656182192798608e-09
-1.177107661418009255e-09
-1.175561250566107323e-09
-1.174017397871311330e-09
-1.172476629781609170e-09
-1.170937742093217096e-09
-1.169401725192817503e-09
-1.167867428380203290e-09
-1.166336600021041695e-09
-1.164807888976859413e-09
-1.163281303552429028e-09
-1.161757331351102156e-09
-1.160235935352912580e-09
-1.158717416270616287e-09
-1.157200956394109431e-09
-1.155686858453871469e-09
-1.154175807276033639e-09
-1.152666784197415562e-09
-1.151160383292262198e-09
-1.149655782958948464e-09
-1.148154170773030450e-09
-1.146655145561128548e-09
-1.145157880229618379e-09
-1.143663302285003492e-09
-1.142171000535866321e-09
-1.140681643745432351e-09
-1.139194438069613362e-09
-1.137709362492532210e-09
-1.136227002374719516e-09
-1.134747310354338579e-09
-1.133269492918743765e-09
-1.131794071248115261e-09
-1.130320532619966547e-09
-1.128850418774981800e-09
-1.127382001654122486e-09
-1.125915824825580374e-09
-1.124451963579639842e-09
-1.122990726677116023e-09
-1.121532101175102292e-09
-1.120075350094574961e-09
-1.118620952933394730e-09
-1.117169408079631384e-09
-1.115719662142565585e-09
-1.114272477259796514e-09
-1.112826955380399636e-09
-1.111384225417874114e-09
-1.109944041313751824e-09
-1.108505414508096449e-09
-1.107069356200725766e-09
-1.105635403939251937e-09
-1.104204264344817582e-09
-1.102775290316354087e-09
-1.101348210747529546e-09
-1.099923525242860382e-09
-1.098501687211652285e-09
-1.097081288828196979e-09
-1.095663610227999795e-09
-1.094247368628158477e-09
-1.092834264105983726e-09
-1.091423182227702484e-09
-1.090013792937767278e-09
-1.088606882237716275e-09
-1.087202037870529928e-09
-1.085799932555307129e-09
-1.084399847866254370e-09
-1.083001674606199369e-09
-1.081605860216386844e-09
-1.080212774934538158e-09
-1.078821068435219347e-09
-1.077432028079960167e-09
-1.076044377647610637e-09
-1.074659797191860194e-09
-1.073277184251038219e-09
-1.071896185568545279e-09
-1.070517611512213591e-09
-1.069141024120500428e-09
-1.067767122653594285e-09
-1.066395246970646318e-09
-1.065025155384230997e-09
-1.063657347939636205e-09
-1.062292203085250444e-09
-1.060928483242511220e-09
-1.059567279379815312e-09
-1.058207489840228819e-09
-1.056850335856401873e-09
-1.055495556201997318e-09
-1.054142134057533095e-09
-1.052791079945062897e-09
-1.051441954312944986e-09
-1.050095285418614301e-09
-1.048750906156027631e-09
-1.047408157110191464e-09
-1.046067454865573868e-09
-1.044729346898148979e-09
-1.043392993934258902e-09
-1.042058692829389249e-09
-1.040726215183612151e-09
-1.039395435901533791e-09
-1.038067742256245319e-09
-1.036741496940594690e-09
-1.035417053220868444e-09
-1.034094756345739187e-09
-1.032774487175764768e-09
-1.031456694948835709e-09
-1.030140670052167808e-09
-1.028826438454608980e-09
-1.027514381591691925e-09
-1.026204865250175289e-09
-1.024896581518680767e-09
-1.023590775009087217e-09
-1.022286236928258792e-09
-1.020984220504569529e-09
-1.019684490951401926e-09
-1.018386028555197054e-09
-1.017089774443821727e-09
-1.015795390302624530e-09
-1.014503240924725391e-09
-1.013213324492028266e-09
-1.011925014167192142e-09
-1.010638470192817398e-09
-1.009354323294306187e-09
-1.008072346485728895e-09
-1.006791672857327911e-09
-1.005513293954108150e-09
-1.004236164996656552e-09
-1.002961810756644250e-09
-1.001689275431695075e-09
-1.000418046616581428e-09
-9.991490328795071458e-10
-9.978817930033089459e-10
-9.966168031710659798e-10
-9.953539411382142287e-10
-9.940925954546301558e-10
-9.928329862030141910e-10
-9.915757759384251344e-10
-9.903205786546610930e-10
-9.890666865124031723e-10
-9.878150247143105036e-10
-9.865645575807918039e-10
-9.853167823903071171e-10
-9.840708328568912433e-10
-9.828261196641407765e-10
-9.815835637976318663e-10
-9.803427351169215981e-10
-9.791040493972443533e-10
-9.778674642899341349e-10
-9.766324129364863669e-10
-9.753990193192946074e-10
-9.741677646114282144e-10
-9.729387801998274970e-10
-9.717108525594635022e-10
-9.704852765020805511e-10
-9.692608296028006878e-10
-9.680385439787153877e-10
-9.668186099946969332e-10
-9.655998864070601330e-10
-9.643829589838936990e-10
-9.631678634788969471e-10
-9.619546295773765916e-10
-9.607436093855661943e-10
-9.595341986914753265e-10
-9.583263169477365068e-10
-9.571203669292453078e-10
-9.559166543477430981e-10
-9.547143014077303256e-10
-9.535138361040472392e-10
-9.523149534466547332e-10
-9.511174409141256600e-10
-9.499227185021683150e-10
-9.487293297538569031e-10
-9.475372551295882770e-10
-9.463471843430756119e-10
-9.451587322405983939e-10
-9.439724174272478766e-10
-9.427880542786945030e-10
-9.416050758399070963e-10
-9.404236788787082894e-10
-9.392443402106182301e-10
-9.380671427352854115e-10
-9.368909255123489952e-10
-9.357169185653252084e-10
-9.345440463026557001e-10
-9.333729256394775692e-10
-9.322043471857095488e-10
-9.310369629000419006e-10
-9.298710340658977883e-10
-9.287070057829663488e-10
-9.275444915606810856e-10
-9.263841645391916437e-10
-9.252255865846600893e-10
-9.240683435697285837e-10
-9.229126894525015189e-10
-9.217592082549336913e-10
-9.206075809532214956e-10
-9.194569449086634254e-10
-9.183085241061365856e-10
-9.171610918697739055e-10
-9.160155559080327160e-10
-9.148723557358814950e-10
-9.137303087255459174e-10
-9.125897112332705618e-10
-9.114509557221800689e-10
-9.103136732730624295e-10
-9.091785175314405359e-10
-9.080450760320184123e-10
-9.069129269370501228e-10
-9.057823162562210217e-10
-9.046537673929432403e-10
-9.035271492533165750e-10
-9.024014238871189024e-10
-9.012778471652778396e-10
-9.001553038582788871e-10
-8.990343751023035219e-10
-8.979159730401645897e-10
-8.967986471390585692e-10
-8.956826463947770060e-10
-8.945684508210285245e-10
-8.934556865549710737e-10
-8.923449587783617801e-10
-8.912360241742347865e-10
-8.901283544114630818e-10
-8.890221457966853980e-10
-8.879177074342696889e-10
-8.868153515413166657e-10
-8.857139822538902373e-10
-8.846144472203075079e-10
-8.835162719614144893e-10
-8.824192815213524820e-10
-8.813248064437691206e-10
-8.802316288599248705e-10
-8.791394894210866144e-10
-8.780492126392169163e-10
-8.769604182339921900e-10
-8.758732752181208123e-10
-8.747880586178258407e-10
-8.737042555189508071e-10
-8.726217392041734908e-10
-8.715407740523506747e-10
-8.704618149331463638e-10
-8.693844410588474110e-10
-8.683080210671121481e-10
-8.672336736859495081e-10
-8.661602218083008637e-10
-8.650883589103524895e-10
-8.640188912847024793e-10
-8.629504402266651674e-10
-8.618831862712842131e-10
-8.608176420988373837e-10
-8.597535252103977733e-10
-8.586912370658116978e-10
-8.576306684513000876e-10
-8.565713833067960662e-10
-8.555134171400114621e-10
-8.544570786117749181e-10
-8.534026456541492818e-10
-8.523495142194822679e-10
-8.512976310041702109e-10
-8.502475124308971956e-10
-8.491982854426306894e-10
-8.481508907292335842e-10
-8.471055329124966562e-10
-8.460612209791778713e-10
-8.450181375726900159e-10
-8.439767040464145261e-10
-8.429365933700052586e-10
-8.418983496728244764e-10
-8.408617529590114451e-10
-8.398263712814444701e-10
-8.387922827494088506e-10
-8.377597871716288850e-10
-8.367291398150303789e-10
-8.356997755495973584e-10
-8.346715682465103162e-10
-8.336451446448528930e-10
-8.326195727286896659e-10
-8.315956335206391701e-10
-8.305738926748687496e-10
-8.295531092191518346e-10
-8.285334334825344065e-10
-8.275153801799701490e-10
-8.264987171327973769e-10
-8.254836980742367501e-10
-8.244703870369080697e-10
-8.234583067569079071e-10
-8.224474228547477107e-10
-8.214379740213675641e-10
-8.204303677317268548e-10
-8.194242939386770782e-10
-8.184190110935632591e-10
-8.174156352271768320e-10
-8.164131735635355761e-10
-8.154119588540204887e-10
-8.144130976846644301e-10
-8.134152638828616354e-10
-8.124183438125868241e-10
-8.114231145945579360e-10
-8.104292242408641160e-10
-8.094366872751702699e-10
-8.084459037021537145e-10
-8.074565773406329287e-10
-8.064683658194052839e-10
-8.054814278660484045e-10
-8.044960390392399573e-10
-8.035124978108588784e-10
-8.025298602250424634e-10
-8.015486335050120845e-10
-8.005688675655507839e-10
-7.995899412772056068e-10
-7.986127046893571287e-10
-7.976374304852887457e-10
-7.966630876342688558e-10
-7.956897741436156727e-10
-7.947180242135681790e-10
-7.937475723782176784e-10
-7.927786264087607572e-10
-7.918113519664504677e-10
-7.908452840573704099e-10
-7.898802981327664897e-10
-7.889166117663318009e-10
-7.879546327098051203e-10
-7.869943279821269585e-10
-7.860347189500616740e-10
-7.850767141167702384e-10
-7.841199276303550979e-10
-7.831640027142723555e-10
-7.822100222262377288e-10
-7.812575778903608640e-10
-7.803061003536607241e-10
-7.793557155349504449e-10
-7.784067931048989162e-10
-7.774591465777001296e-10
-7.765130065291158296e-10
-7.755684667102855906e-10
-7.746250813447938906e-10
-7.736827503169538020e-10
-7.727416808786544069e-10
-7.718022812013017739e-10
-7.708645111483908648e-10
-7.699274233205746375e-10
-7.689918606661065879e-10
-7.680575362447847227e-10
-7.671240309167725410e-10
-7.661922533551044439e-10
-7.652622055256076239e-10
-7.643330814705872900e-10
-7.634048939689586157e-10
-7.624782154795158227e-10
-7.615527523300848291e-10
-7.606286741838059799e-10
-7.597061755271462569e-10
-7.587849025160415253e-10
-7.578646636224531178e-10
-7.569456248587984167e-10
-7.560280185231001324e-10
-7.551120921251893231e-10
-7.541971008538712981e-10
-7.532831863635724260e-10
-7.523708636467181300e-10
-7.514592513619159419e-10
-7.505488539649367248e-10
-7.496406650928932859e-10
-7.487332912811345748e-10
-7.478267100755677230e-10
-7.469216429358366752e-10
-7.460178278083794099e-10
-7.451150524634254256e-10
-7.442139643282975374e-10
-7.433142653341771060e-10
-7.424155641257501214e-10
-7.415179303784805438e-10
-7.406215326560018432e-10
-7.397267128406546638e-10
-7.388333901722969928e-10
-7.379406451703421476e-10
-7.370494560781125778e-10
-7.361593486285361667e-10
-7.352700187833502588e-10
-7.343823758099731192e-10
-7.334963798023191408e-10
-7.326112462634932395e-10
-7.317269203617225101e-10
-7.308440928680185615e-10
-7.299624286510415077e-10
-7.290819681669767751e-10
-7.282030034615723506e-10
-7.273253753266920713e-10
-7.264486611371519016e-10
-7.255730343199491587e-10
-7.246987017349837162e-10
-7.238259071993273849e-10
-7.229543754717339889e-10
-7.220834661450498686e-10
-7.212141722703068959e-10
-7.203458087663908600e-10
-7.194782390852860995e-10
-7.186124515769226631e-10
-7.177480562003435503e-10
-7.168845630545800533e-10
-7.160218961774649656e-10
-7.151606560968790891e-10
-7.143005410538395061e-10
-7.134416057879170208e-10
-7.125841196541202009e-10
-7.117279440566102602e-10
-7.108726567099503321e-10
-7.100184195293541744e-10
-7.091654089540463152e-10
-7.083138923154303911e-10
-7.074636945294640723e-10
-7.066140517658678101e-10
-7.057659317819948825e-10
-7.049188147222290036e-10
-7.040724273554359583e-10
-7.032275196947105651e-10
-7.023844012296633977e-10
-7.015420055806534694e-10
-7.007003076645275108e-10
-6.998600876384487632e-10
-6.990209684721786011e-10
-6.981828109858730092e-10
-6.973462222020467014e-10
-6.965109060299904155e-10
-6.956765348198907195e-10
-6.948430893400615182e-10
-6.940107277427247248e-10
-6.931798511035218367e-10
-6.923504022806081029e-10
-6.915216080221254831e-10
-6.906939160345085602e-10
-6.898676111059973685e-10
-6.890419224997960622e-10
-6.882172836140434055e-10
-6.873946115725474817e-10
-6.865727848661832045e-10
-6.857517501276878121e-10
-6.849317455077621818e-10
-6.841129576069027751e-10
-6.832952766752430391e-10
-6.824788090788456499e-10
-6.816636917253667181e-10
-6.808497010121610366e-10
-6.800365862820676503e-10
-6.792244635448430923e-10
-6.784135185261871796e-10
-6.776039751634753348e-10
-6.767957048648954279e-10
-6.759879361710833952e-10
-6.751815568815655487e-10
-6.743762242033963648e-10
-6.735715522855431072e-10
-6.727680851421585298e-10
-6.719665391768149801e-10
-6.711656402774237477e-10
-6.703654412384868522e-10
-6.695664404485929267e-10
-6.687685939151781703e-10
-6.679716951433458741e-10
-6.656339056388580877e-10
-6.648416734854497395e-10
-6.640504270534300948e-10
-6.632600658219759124e-10
-6.562773752699757490e-10
-6.554973122972753326e-10
-6.547186271017030496e-10
-6.539411187697964617e-10
-6.500552325892086757e-10
-6.492836911760105901e-10
-6.485131443347484882e-10
-6.477432404042846666e-10
-6.407323237714719083e-10
-6.399736494917323988e-10
-6.392156054495712735e-10
-6.384582590634878129e-10
-6.345687392471958319e-10
-6.338177154129191989e-10
-6.330676815804278958e-10
-6.323188385538568302e-10
-6.252803174391716747e-10
-6.245419410140828519e-10
-6.238043789818939291e-10
-6.230677531502024948e-10
-6.191743805278410234e-10
-6.184439927466189753e-10
-6.177149524424220429e-10
-6.169863695058250525e-10
-6.099193498392990715e-10
-6.092012053316516734e-10
-6.084836217898708297e-10
-6.077669959278972086e-10
-6.038701037692899307e-10
-6.031599751617284983e-10
-6.024506279378101302e-10
-6.017420738828111800e-10
-5.946467285231785359e-10
-5.939485106699597191e-10
-5.932511837788203360e-10
-5.925552063227487679e-10
-5.886541207290240309e-10
-5.879639760047486104e-10
-5.872746334514768947e-10
-5.865862116056173426e-10
-5.794625098651105166e-10
-5.787845500512748001e-10
-5.781074964825972639e-10
-5.774309447724599965e-10
-5.735253747242032576e-10
-5.728548262590620839e-10
-5.721849056534432314e-10
-5.715161157429192076e-10
-5.643644527976219996e-10
-5.637059400448652617e-10
-5.630480803821693985e-10
-5.623912308573224102e-10
-5.584809491918106392e-10
-5.578299283114167872e-10
-5.571799580928682624e-10
-5.499904824615195671e-10
-5.493506937619617391e-10
-5.487116267254810369e-10
-5.480734058674448907e-10
-5.441536779210219259e-10
-5.435212321298236072e-10
-5.428900156201994870e-10
-5.422595234303908738e-10
-5.350411172019959934e-10
-5.344204784141259890e-10
-5.338005010299117357e-10
-5.331811347105782958e-10
-5.292567837373109034e-10
-5.286439053156816628e-10
-5.280315408122268624e-10
-5.274197971088572064e-10
-5.201728640038600101e-10
-5.195710096381112191e-10
-5.189700821545550279e-10
-5.183701662472369386e-10
-5.144413436853652941e-10
-5.138472320811164261e-10
-5.132538178065181430e-10
-5.126611869772251946e-10
-5.053856122863871172e-10
-5.048027454126814213e-10
-5.042210712567509646e-10
-5.036402084098763130e-10
-4.997060581796838544e-10
-4.991305558373995017e-10
-4.985557449653411852e-10
-4.979815301236677022e-10
-4.906771246027279188e-10
-4.901134052849694553e-10
-4.895501326653024820e-10
-4.856087583560266113e-10
-4.850510759230593515e-10
-4.844939796875348976e-10
-4.839376835762288248e-10
-4.766089281699809348e-10
-4.760629769951008304e-10
-4.755175762899120442e-10
-4.749727496829177993e-10
-4.710342494828168882e-10
-4.704951066733692044e-10
-4.699563649866157398e-10
-4.694185573824767155e-10
-4.620774985629399490e-10
-4.615494648928124045e-10
-4.610220240756397282e-10
-4.604953944661522865e-10
-4.565593257700131421e-10
-4.560379706714172952e-10
-4.555176404509151017e-10
-4.549980627066733333e-10
-4.476438789305193503e-10
-4.471336662498414460e-10
-4.466243247980666917e-10
-4.461153937315890647e-10
-4.421820352256993161e-10
-4.416789642010361309e-10
-4.411767256042329081e-10
-4.338009009785031403e-10
-4.333080937898580992e-10
-4.328159243652942390e-10
-4.323243957993807235e-10
-4.283887300516431963e-10
-4.279028652691687943e-10
-4.274177259919915490e-10
-4.269328359640321722e-10
-4.195442703686069603e-10
-4.190690474120364016e-10
-4.185941992578017976e-10
-4.181200002112881393e-10
-4.141872015497885149e-10
-4.137187526080505396e-10
-4.132508254023868678e-10
-4.127832477458594158e-10
-4.053822847266979173e-10
-4.049242588867190034e-10
-4.044669164334442988e-10
-4.040104368608804182e-10
-4.000802041867552208e-10
-3.996290950359683931e-10
-3.991784214033657315e-10
-3.917561917337577271e-10
-3.913150348805172847e-10
-3.908742937285590022e-10
-3.904344487484509560e-10
-3.865019417753940517e-10
-3.860672183427951498e-10
-3.856330188143199326e-10
-3.851994080483426508e-10
-3.777646450596637708e-10
-3.773402497899538604e-10
-3.769167624445029318e-10
-3.764939514367846282e-10
-3.725634923769087528e-10
-3.721455926795694476e-10
-3.717283165277096453e-10
-3.713113316627891750e-10
-3.638645154183953723e-10
-3.634571969336066149e-10
-3.630507211351684970e-10
-3.591180920186589782e-10
-3.587165292947239186e-10
-3.583155721088132440e-10
-3.579150716565907361e-10
-3.504473087157931295e-10
-3.500560242518137436e-10
-3.496657983570139542e-10
-3.492757178045562768e-10
-3.453451179281175793e-10
-3.449600643317438366e-10
-3.445754965952698247e-10
-3.441911384587273813e-10
-3.367114476125919008e-10
-3.363369786949145350e-10
-3.359627878417219651e-10
-3.355889729284295640e-10
-3.316605527268893355e-10
-3.312918122115244417e-10
-3.309234546979188267e-10
-3.234231246532148362e-10
-3.230643017823281284e-10
-3.227060842076296273e-10
-3.223481785666787923e-10
-3.184174703967532750e-10
-3.180645973683969016e-10
-3.177121344617915535e-10
-3.173598865634780978e-10
-3.098480931243722653e-10
-3.095055863004475831e-10
-3.091631659596025415e-10
-3.088211401297918615e-10
-3.048925931221002958e-10
-3.045555303250819526e-10
-3.042187339565601610e-10
-2.966864363882927154e-10
-2.963592839805802533e-10
-2.960323488927884389e-10
-2.957057560058933630e-10
-2.917746919453780703e-10
-2.914530109008842969e-10
-2.911317452089303903e-10
-2.908108257872255722e-10
-2.832672977094385140e-10
-2.829558658141711896e-10
-2.826447174077502770e-10
-2.823338872336298460e-10
-2.784051063397193329e-10
-2.780992465625455197e-10
-2.777935897241691760e-10
-2.702299406937834161e-10
-2.699337451023978792e-10
-2.696376217936540021e-10
-2.693418720160491315e-10
-2.654105666903701040e-10
-2.651196730163348233e-10
-2.648289914625690119e-10
-2.645387812170143355e-10
-2.569640382937139237e-10
-2.566829140558482893e-10
-2.564021595862162054e-10
-2.561216553717229430e-10
-2.521923822163460153e-10
-2.519167148152665726e-10
-2.516414489138204715e-10
-2.440468637567304202e-10
-2.437807240408222308e-10
-2.435149925503786379e-10
-2.432494595157675762e-10
-2.393178949074364605e-10
-2.390572134379876493e-10
-2.387967148436680235e-10
-2.385365985716136999e-10
-2.309312261842617914e-10
-2.306801057200990072e-10
-2.304291998310679825e-10
-2.264951163736997971e-10
-2.262489814370741647e-10
-2.260029822552309957e-10
-2.257573857637789638e-10
-2.181324466725561321e-10
-2.178958279464673141e-10
-2.176594603994855064e-10
-2.174233778350086766e-10
-2.134912939765599130e-10
-2.132598030290246738e-10
-2.130287745632416416e-10
-2.127980465246556929e-10
-2.051623199228884015e-10
-2.049405227925622989e-10
-2.047189552301741105e-10
-2.007845996477090727e-10
-2.005676686045232467e-10
-2.003510836895207722e-10
-2.001346780511231841e-10
-1.924798694961038593e-10
-1.922723834952836567e-10
-1.920649789140761151e-10
-1.918578759108634684e-10
-1.879253949137038156e-10
-1.877228845315373272e-10
-1.875205244667401061e-10
-1.798466670909788553e-10
-1.796532554847345789e-10
-1.794599331258631558e-10
-1.792669147087278131e-10
-1.753320141772437539e-10
-1.751435676966349939e-10
-1.749552463577373312e-10
-1.747673930719926778e-10
-1.670832566742668918e-10
-1.669039882784456558e-10
-1.667250782955847891e-10
-1.627879174304740905e-10
-1.626135733716647174e-10
-1.624393704673487435e-10
-1.622655044656323372e-10
-1.545627094166511465e-10
-1.543974144121212574e-10
-1.542323727652567792e-10
-1.540674230711994254e-10
-1.501321425534268804e-10
-1.499717083817221430e-10
-1.498114758207916788e-10
-1.420900408517024798e-10
-1.419384455930252753e-10
-1.417870481901743395e-10
-1.416357637798362371e-10
-1.376980623872609723e-10
-1.375513074197768072e-10
-1.374046955277663963e-10
-1.372582266863195056e-10
-1.295269966675284618e-10
-1.293892278070695818e-10
-1.292515706488548265e-10
-1.253115723215319357e-10
-1.251785312781960777e-10
-1.250455782393196013e-10
-1.249128059307464641e-10
-1.171634969221217806e-10
-1.170392598103722598e-10
-1.169151168854739109e-10
-1.167911667265975236e-10
-1.128531711013477245e-10
-1.127335256835623809e-10
-1.126140967318541848e-10
-1.048466536136639629e-10
-1.047356713423209614e-10
-1.046247676023087860e-10
-1.045140796399060999e-10
-1.005736947994852563e-10
-1.004672707599042337e-10
-1.003610969864683168e-10
-1.002550165407855750e-10
-9.247802784418378037e-11
-9.238035311857433624e-11
-9.228290743450256439e-11
-8.834025286026228477e-11
-8.824703123961122156e-11
-8.815409999765146841e-11
-8.806130334841059377e-11
-8.026674665865418848e-11
-8.018233617526581258e-11
-8.009805637030539462e-11
-7.615317511555372671e-11
-7.607307398440487248e-11
-7.599318922178998588e-11
-7.591333094186016609e-11
-6.810115253926805284e-11
-6.802966268218980529e-11
-6.795825155859963868e-11
-6.788684043494459009e-11
-6.394376958813165704e-11
-6.387671727022859858e-11
-6.380970975274006101e-11
-5.598011271192636176e-11
-5.592145767725906395e-11
-5.586288956715651817e-11
-5.580432145703234291e-11
-5.185902952120778759e-11
-5.180479009420657632e-11
-5.175060643867758583e-11
-5.169642278314860180e-11
-4.385802206296399919e-11
-4.381233052018046011e-11
-4.376663897742936202e-11
-3.981930403629951262e-11
-3.977781948847800288e-11
-3.973635699524601249e-11
-3.969489450199240554e-11
-3.183947431584888423e-11
-3.180631463685926163e-11
-3.177315495788045701e-11
-2.782357633440764746e-11
-2.779456613319063596e-11
-2.776555593196821871e-11
-2.773654573076742448e-11
-1.986416646355076226e-11
-1.984345137692922976e-11
-1.982273629031850554e-11
-1.980202120370237879e-11
-1.585440074398003275e-11
-1.583783128015858881e-11
-1.582126181633714487e-11
-8.422677661388846907e-12
-8.413879263275865999e-12
-8.405080865165586354e-12
-8.396282467052605446e-12
-2.478492687509950210e-12
-2.475903661978239345e-12
-2.473314636445176638e-12
-0.000000000000000000e+00
-0.000000000000000000e+00
-0.000000000000000000e+00
-0.000000000000000000e+00
-0.000000000000000000e+00
-0.000000000000000000e+00
-0.000000000000000000e+00
-0.000000000000000000e+00
-0.000000000000000000e+00
-0.000000000000000000e+00
-0.000000000000000000e+00
-0.000000000000000000e+00
-0.000000000000000000e+00
-0.000000000000000000e+00
-0.000000000000000000e+00
-0.000000000000000000e+00
-0.000000000000000000e+00
-0.000000000000000000e+00
-0.000000000000000000e+00
-0.000000000000000000e+00
-0.000000000000000000e+00
-0.000000000000000000e+00
-0.000000000000000000e+00
-0.000000000000000000e+00
-0.000000000000000000e+00
-0.000000000000000000e+00
-0.000000000000000000e+00
-0.000000000000000000e+00
-0.000000000000000000e+00
-0.000000000000000000e+00
-0.000000000000000000e+00
-0.000000000000000000e+00
-0.000000000000000000e+00
-0.000000000000000000e+00
-0.000000000000000000e+00
-0.000000000000000000e+00
-0.000000000000000000e+00
-0.000000000000000000e+00
-0.000000000000000000e+00
-0.000000000000000000e+00
-0.000000000000000000e+00
-0.000000000000000000e+00
-0.000000000000000000e+00
-0.000000000000000000e+00
-0.000000000000000000e+00
-0.000000000000000000e+00
-0.000000000000000000e+00
-0.000000000000000000e+00
-0.000000000000000000e+00
-0.000000000000000000e+00
-0.000000000000000000e+00
-0.000000000000000000e+00
-0.000000000000000000e+00
-0.000000000000000000e+00
-0.000000000000000000e+00
-0.000000000000000000e+00
-0.000000000000000000e+00
-0.000000000000000000e+00
-0.000000000000000000e+00
-0.000000000000000000e+00
-0.000000000000000000e+00
-0.000000000000000000e+00
-0.000000000000000000e+00
-0.000000000000000000e+00
-0.000000000000000000e+00
-0.000000000000000000e+00
-0.000000000000000000e+00
-0.000000000000000000e+00
-0.000000000000000000e+00
-0.000000000000000000e+00
-0.000000000000000000e+00
-0.000000000000000000e+00
-0.000000000000000000e+00
-0.000000000000000000e+00
-0.000000000000000000e+00
-0.000000000000000000e+00
-0.000000000000000000e+00
-0.000000000000000000e+00
-0.000000000000000000e+00
-0.000000000000000000e+00
-0.000000000000000000e+00
-0.000000000000000000e+00
-0.000000000000000000e+00
-0.000000000000000000e+00
-0.000000000000000000e+00
-0.000000000000000000e+00
-0.000000000000000000e+00
-0.000000000000000000e+00
-0.000000000000000000e+00
-0.000000000000000000e+00
-0.000000000000000000e+00
-0.000000000000000000e+00
-0.000000000000000000e+00
-0.000000000000000000e+00
-0.000000000000000000e+00
-0.000000000000000000e+00
-0.000000000000000000e+00
-0.000000000000000000e+00
-0.000000000000000000e+00
-0.000000000000000000e+00
-0.000000000000000000e+00
-0.000000000000000000e+00
-0.000000000000000000e+00
-0.000000000000000000e+00
-0.000000000000000000e+00
-0.000000000000000000e+00
-0.000000000000000000e+00
-0.000000000000000000e+00
-0.000000000000000000e+00
-0.000000000000000000e+00
-0.000000000000000000e+00
-0.000000000000000000e+00
-0.000000000000000000e+00
-0.000000000000000000e+00
-0.000000000000000000e+00
-0.000000000000000000e+00
-0.000000000000000000e+00
-0.000000000000000000e+00
-0.000000000000000000e+00
-0.000000000000000000e+00
-0.000000000000000000e+00
-0.000000000000000000e+00
-0.000000000000000000e+00
-0.000000000000000000e+00
-0.000000000000000000e+00
-0.000000000000000000e+00
-0.000000000000000000e+00
-0.000000000000000000e+00
-0.000000000000000000e+00
-0.000000000000000000e+00
-0.000000000000000000e+00
-0.000000000000000000e+00
-0.000000000000000000e+00
-0.000000000000000000e+00
-0.000000000000000000e+00
-0.000000000000000000e+00
-0.000000000000000000e+00
-0.000000000000000000e+00
-0.000000000000000000e+00
-0.000000000000000000e+00
-0.000000000000000000e+00
-0.000000000000000000e+00
-0.000000000000000000e+00
-0.000000000000000000e+00
-0.000000000000000000e+00
-0.000000000000000000e+00
-0.000000000000000000e+00
-0.000000000000000000e+00
-0.000000000000000000e+00
-0.000000000000000000e+00
-0.000000000000000000e+00
-0.000000000000000000e+00
-0.000000000000000000e+00
-0.000000000000000000e+00
-0.000000000000000000e+00
-0.000000000000000000e+00
-0.000000000000000000e+00
-0.000000000000000000e+00
-0.000000000000000000e+00
-0.000000000000000000e+00
-0.000000000000000000e+00
-0.000000000000000000e+00
-0.000000000000000000e+00
-0.000000000000000000e+00
-0.000000000000000000e+00
-0.000000000000000000e+00
-0.000000000000000000e+00
-0.000000000000000000e+00
-0.000000000000000000e+00
-0.000000000000000000e+00
-0.000000000000000000e+00
-0.000000000000000000e+00
-0.000000000000000000e+00
-0.000000000000000000e+00
-0.000000000000000000e+00
-0.000000000000000000e+00
-0.000000000000000000e+00
-0.000000000000000000e+00
-0.000000000000000000e+00
-0.000000000000000000e+00
-0.000000000000000000e+00
-0.000000000000000000e+00
-0.000000000000000000e+00
-0.000000000000000000e+00
-0.000000000000000000e+00
-0.000000000000000000e+00
-0.000000000000000000e+00
-0.000000000000000000e+00
-0.000000000000000000e+00
-0.000000000000000000e+00
-0.000000000000000000e+00
-0.000000000000000000e+00
-0.000000000000000000e+00
-0.000000000000000000e+00
-0.000000000000000000e+00
-0.000000000000000000e+00
-0.000000000000000000e+00
-0.000000000000000000e+00
-0.000000000000000000e+00
-0.000000000000000000e+00
-0.000000000000000000e+00
-0.000000000000000000e+00
-0.000000000000000000e+00
-0.000000000000000000e+00
-0.000000000000000000e+00
-0.000000000000000000e+00
-0.000000000000000000e+00
-0.000000000000000000e+00
-0.000000000000000000e+00
-0.000000000000000000e+00
-0.000000000000000000e+00
-0.000000000000000000e+00
-0.000000000000000000e+00
-0.000000000000000000e+00
-0.000000000000000000e+00
-0.000000000000000000e+00
-0.000000000000000000e+00
-0.000000000000000000e+00
-0.000000000000000000e+00
-0.000000000000000000e+00
-0.000000000000000000e+00
-0.000000000000000000e+00
-0.000000000000000000e+00
-0.000000000000000000e+00
-0.000000000000000000e+00
-0.000000000000000000e+00
-0.000000000000000000e+00
-0.000000000000000000e+00
-0.000000000000000000e+00
-0.000000000000000000e+00
-0.000000000000000000e+00
-0.000000000000000000e+00
-0.000000000000000000e+00
-0.000000000000000000e+00
-0.000000000000000000e+00
-0.000000000000000000e+00
-0.000000000000000000e+00
-0.000000000000000000e+00
-0.000000000000000000e+00
-0.000000000000000000e+00
-0.000000000000000000e+00
-0.000000000000000000e+00
-0.000000000000000000e+00
-0.000000000000000000e+00
-0.000000000000000000e+00
-0.000000000000000000e+00
-0.000000000000000000e+00
-0.000000000000000000e+00
-0.000000000000000000e+00
-0.000000000000000000e+00
-0.000000000000000000e+00
-0.000000000000000000e+00
-0.000000000000000000e+00
-0.000000000000000000e+00
-0.000000000000000000e+00
-0.000000000000000000e+00
-0.000000000000000000e+00
-0.000000000000000000e+00
-0.000000000000000000e+00
-0.000000000000000000e+00
-0.000000000000000000e+00
-0.000000000000000000e+00
-0.000000000000000000e+00
-0.000000000000000000e+00
-0.000000000000000000e+00
-0.000000000000000000e+00
-0.000000000000000000e+00
-0.000000000000000000e+00
-0.000000000000000000e+00
-0.000000000000000000e+00
-0.000000000000000000e+00
-0.000000000000000000e+00
-0.000000000000000000e+00
-0.000000000000000000e+00
-0.000000000000000000e+00
-0.000000000000000000e+00
-0.000000000000000000e+00
-0.000000000000000000e+00
-0.000000000000000000e+00
-0.000000000000000000e+00
-0.000000000000000000e+00
-0.000000000000000000e+00
-0.000000000000000000e+00
-0.000000000000000000e+00
-0.000000000000000000e+00
-0.000000000000000000e+00
-0.000000000000000000e+00
-0.000000000000000000e+00
-0.000000000000000000e+00
-0.000000000000000000e+00
-0.000000000000000000e+00
-0.000000000000000000e+00
-0.000000000000000000e+00
-0.000000000000000000e+00
-0.000000000000000000e+00
-0.000000000000000000e+00
-0.000000000000000000e+00
-0.000000000000000000e+00
-0.000000000000000000e+00
-0.000000000000000000e+00
-0.000000000000000000e+00
-0.000000000000000000e+00
-0.000000000000000000e+00
-0.000000000000000000e+00
-0.000000000000000000e+00
-0.000000000000000000e+00
-0.000000000000000000e+00
-0.000000000000000000e+00
-0.000000000000000000e+00
-0.000000000000000000e+00
-0.000000000000000000e+00
-0.000000000000000000e+00
-0.000000000000000000e+00
-0.000000000000000000e+00
-0.000000000000000000e+00
-0.000000000000000000e+00
-0.000000000000000000e+00
-0.000000000000000000e+00
-0.000000000000000000e+00
-0.000000000000000000e+00
-0.000000000000000000e+00
-0.000000000000000000e+00
-0.000000000000000000e+00
-0.000000000000000000e+00
-0.000000000000000000e+00
-0.000000000000000000e+00
-0.000000000000000000e+00
-0.000000000000000000e+00
-0.000000000000000000e+00
-0.000000000000000000e+00
-0.000000000000000000e+00
-0.000000000000000000e+00
-0.000000000000000000e+00
-0.000000000000000000e+00
-0.000000000000000000e+00
-0.000000000000000000e+00
-0.000000000000000000e+00
-0.000000000000000000e+00
-0.000000000000000000e+00
-0.000000000000000000e+00
-0.000000000000000000e+00
-0.000000000000000000e+00
-0.000000000000000000e+00
-0.000000000000000000e+00
-0.000000000000000000e+00
-0.000000000000000000e+00
-0.000000000000000000e+00
-0.000000000000000000e+00
-0.000000000000000000e+00
-0.000000000000000000e+00
-0.000000000000000000e+00
-0.000000000000000000e+00
-0.000000000000000000e+00
-0.000000000000000000e+00
-0.000000000000000000e+00
-0.000000000000000000e+00
-0.000000000000000000e+00
-0.000000000000000000e+00
-0.000000000000000000e+00
-0.000000000000000000e+00
-0.000000000000000000e+00
-0.000000000000000000e+00
-0.000000000000000000e+00
-0.000000000000000000e+00
-0.000000000000000000e+00
-0.000000000000000000e+00
-0.000000000000000000e+00
-0.000000000000000000e+00
-0.000000000000000000e+00
-0.000000000000000000e+00
-0.000000000000000000e+00
-0.000000000000000000e+00
-0.000000000000000000e+00
-0.000000000000000000e+00
-0.000000000000000000e+00
-0.000000000000000000e+00
-0.000000000000000000e+00
-0.000000000000000000e+00
-0.000000000000000000e+00
-0.000000000000000000e+00
-0.000000000000000000e+00
