2.204512155057245736e-07
2.344238189145714470e-07
2.474159605925647522e-07
2.594769459826090676e-07
2.706533560550930372e-07
2.809890717373350289e-07
2.905251001142961986e-07
2.993004991354656056e-07
3.073517673880119892e-07
3.147135418070465046e-07
3.214182679227817164e-07
3.274966859803083205e-07
3.329777266138442649e-07
3.378890038978907112e-07
3.422568993206523919e-07
3.461065788383911942e-07
3.494621468633354294e-07
3.523475063629649016e-07
3.547848631596685324e-07
3.567956539159023633e-07
3.584012230706498759e-07
3.596213532920955776e-07
3.604750299072352609e-07
3.609812303712110332e-07
3.611579088379430339e-07
3.610222952867122880e-07
3.605916023605927412e-07
3.598823151003016685e-07
3.589095409510747996e-07
3.576892477717704074e-07
3.562363192160383541e-07
3.545653309017071024e-07
3.526901814131922389e-07
3.506250475639628906e-07
3.483830723361373224e-07
3.459774556289910076e-07
3.434209133812878749e-07
3.407255880217981721e-07
3.379038915876239798e-07
3.349666712756982480e-07
3.319254847594097825e-07
3.287911837412290804e-07
3.255732988863620324e-07
3.222828786743675132e-07
3.189281415912890744e-07
3.155194937305293055e-07
3.120645401376950071e-07
3.085722507298651814e-07
3.050508398490508656e-07
3.015069991974385336e-07
2.979493104149392885e-07
2.943836709275047746e-07
2.908168242964653163e-07
2.872557812440193804e-07
2.837049405693879936e-07
2.801708154399808802e-07
2.766588037933192423e-07
2.731723648406391218e-07
2.697171459202826912e-07
2.662974000530862951e-07
2.629157992617055284e-07
2.595768004023933626e-07
2.562840404725169127e-07
2.530390946886881751e-07
2.498454536103303846e-07
2.467061094138507001e-07
2.436220687072275565e-07
2.405954625782493553e-07
2.376289418546008037e-07
2.347229190724363791e-07
2.318780923253590628e-07
2.290963053448528383e-07
2.263787521688435958e-07
2.237250294781371278e-07
2.211356614418036140e-07
2.186113262196559878e-07
2.161519211615707871e-07
2.137568638615240189e-07
2.114263410531720925e-07
2.091601306855481507e-07
2.069573245773698993e-07
2.048170022941599388e-07
2.027388511182240829e-07
2.007219024893989651e-07
1.987654190846622976e-07
1.968676564556482806e-07
1.950272299517010734e-07
1.932439829023628804e-07
1.915164660117512872e-07
1.898421421848144355e-07
1.882198213208091361e-07
1.866491493230296502e-07
1.851276357724469991e-07
1.836537159262615072e-07
1.822256470199559341e-07
1.808414468723866297e-07
1.795007299860610806e-07
1.782006319513227210e-07
1.769391172413311692e-07
1.757150567874759697e-07
1.745261850225434311e-07
1.733716918116021047e-07
1.722487834646909335e-07
1.711555535438285245e-07
1.700907269540556623e-07
1.690521593505998194e-07
1.680389040116871051e-07
1.670481844628867309e-07
1.660786475623400429e-07
1.651284125083774293e-07
1.641960747226453388e-07
1.632801368392762768e-07
1.623786987528898052e-07
1.614901635918866202e-07
1.606127654034669174e-07
1.597455160326392478e-07
1.588867565610900564e-07
1.580352553218693937e-07
1.571893326503342735e-07
1.563477442702964879e-07
1.555092541431285715e-07
1.546728969201838951e-07
1.538374688583371115e-07
1.530018504573999299e-07
1.521649725388307093e-07
1.513257521741680412e-07
1.504835127352391990e-07
1.496374048783024538e-07
1.487868468646430184e-07
1.479307964729733286e-07
1.470688826770492640e-07
1.462002223213815951e-07
1.453245435045624348e-07
1.444414165606170310e-07
1.435505637960427177e-07
1.426515891406802782e-07
1.417440894677498118e-07
1.408281182428430225e-07
1.399032045763670408e-07
1.389697108800140940e-07
1.380273205322590582e-07
1.370764356366044652e-07
1.361168154245806294e-07
1.351486987207838290e-07
1.341723495869681178e-07
1.331878022806111208e-07
1.321956931750735040e-07
1.311961771275281548e-07
1.301898174545526089e-07
1.291768714864825218e-07
1.281577147423967670e-07
1.271329815259641969e-07
1.261030282469264062e-07
1.250685995532115853e-07
1.240302837636152107e-07
1.229886844103555492e-07
1.219443545413536163e-07
1.208978325087781494e-07
1.198497519202595556e-07
1.188009137106638273e-07
1.177519644829293329e-07
1.167035270539522818e-07
1.156565526129372513e-07
1.146114829263477703e-07
1.135690112356499554e-07
1.125298439543190556e-07
1.114943599761053871e-07
1.104637524230787853e-07
1.094385081584803873e-07
1.084190480624481410e-07
1.074065919065727614e-07
1.064013091376918464e-07
1.054036825221500126e-07
1.044147017881678760e-07
1.034342742335961619e-07
1.024635254147585841e-07
1.015032312694429638e-07
1.005532377189329120e-07
9.961462413585866659e-08
9.868774433446870833e-08
9.777244700272899837e-08
9.686978603170970853e-08
9.597976105626912305e-08
9.510248806953268011e-08
9.423918787838299095e-08
9.338973969857614015e-08
9.255405838230531123e-08
9.173322217012491596e-08
9.092681990590341401e-08
9.013470079221463235e-08
8.935781776339021362e-08
8.859575861359952475e-08
8.784845197273899108e-08
8.711686383235667653e-08
8.640075849356603502e-08
8.569962680546663145e-08
8.501417626123062478e-08
8.434429189695088933e-08
8.368914212367992750e-08
8.304918636533492311e-08
8.242479271863009626e-08
8.181478602442064775e-08
8.121981775218518221e-08
8.064013141774152032e-08
8.007490950272729716e-08
7.952376606991461838e-08
7.898733979438972056e-08
7.846465792009893045e-08
7.795531043475719488e-08
7.745961315951437537e-08
7.697729293589587731e-08
7.650747123179202123e-08
7.605042143847608257e-08
7.560608157559397156e-08
7.517358789279987717e-08
7.475240138853090806e-08
7.434297027546079528e-08
7.394428600415093337e-08
7.355591263072516290e-08
7.317773197131093036e-08
7.280968105370458452e-08
7.245087308834425983e-08
7.210101752264608976e-08
7.176029894008625081e-08
7.142781513383222477e-08
7.110303019226034681e-08
7.078570648497117724e-08
7.047562085386585603e-08
7.017212455674333563e-08
6.987474140794149203e-08
6.958337293738005683e-08
6.929765373558338427e-08
6.901690705964293362e-08
6.874093716888186877e-08
6.846951425299642059e-08
6.820202471827370728e-08
6.793808957520909070e-08
6.767735564489443231e-08
6.741959272987287846e-08
6.716429556155580829e-08
6.691118844516986817e-08
6.665995674386166270e-08
6.641037474576579473e-08
6.616198346329957133e-08
6.591459558123063837e-08
6.566786932542648894e-08
6.542155961894546716e-08
6.517532809012315245e-08
6.492900015997232186e-08
6.468223421185429391e-08
6.443483622573717386e-08
6.418663099305985123e-08
6.393747276433948002e-08
6.368704577764059121e-08
6.343521910779959248e-08
6.318188759127697692e-08
6.292693024758764028e-08
6.267010013327484743e-08
6.241128205654985785e-08
6.215044919022362670e-08
6.188752070442192469e-08
6.162232854581215546e-08
6.135479869199143204e-08
6.108492021063012958e-08
6.081276147744049348e-08
6.053815252843314224e-08
6.026113067376000428e-08
5.998170002396978604e-08
5.969987202450444888e-08
5.941570128610509273e-08
5.912914667410559901e-08
5.884029731452654220e-08
5.854923390282676450e-08
5.825597111748287059e-08
5.796057222191528141e-08
5.766312523295400057e-08
5.736376800901487456e-08
5.706254348601863386e-08
5.675966742997406398e-08
5.645516079845954147e-08
5.614920809527915837e-08
5.584186775698053886e-08
5.553337119170412382e-08
5.522377563628431064e-08
5.491327074845700993e-08
5.460193036655615393e-08
5.428992024809075496e-08
5.397746747170939337e-08
5.366465062227653860e-08
5.335164802660615904e-08
5.303851753861275068e-08
5.272560376014673045e-08
5.241304602259701493e-08
5.210099116992365501e-08
5.178954166567261043e-08
5.147879852145581858e-08
5.116911049946984699e-08
5.086053549274589448e-08
5.055319957646808159e-08
5.024715020370957892e-08
4.994262099435667696e-08
4.963987510128947997e-08
4.933897042265205631e-08
4.903999588060578248e-08
4.874297423430575766e-08
4.844824017962999442e-08
4.815598525651395201e-08
4.786624964947641215e-08
4.757906174397015550e-08
4.729443584714196589e-08
4.701271124714163796e-08
4.673397652300555472e-08
4.645822876627575872e-08
4.618545756801379252e-08
4.591567091554763550e-08
4.564924239737096708e-08
4.538619907053321518e-08
4.512650725995969492e-08
4.487013217188592090e-08
4.461708081618374340e-08
4.436771803012783044e-08
4.412204273735705969e-08
4.387996497644776444e-08
4.364141626662181854e-08
4.340636535508646084e-08
4.317505637125964859e-08
4.294752360242321784e-08
4.272364197429769609e-08
4.250330490872109067e-08
4.228647976873131852e-08
4.207333750677991210e-08
4.186392466165210302e-08
4.165814251889626839e-08
4.145586440357676262e-08
4.125702602734363153e-08
4.106172242674317094e-08
4.087002860803576902e-08
4.068183152446593538e-08
4.049694907552347810e-08
4.031528518003955505e-08
4.013683867912997892e-08
3.996164211806419273e-08
3.978966016628486120e-08
3.962070284084889092e-08
3.945466247921267811e-08
3.929147645028563680e-08
3.913118593357956853e-08
3.897377124447496240e-08
3.881908186959012391e-08
3.866695394061462923e-08
3.851734850251680652e-08
3.837021955784293463e-08
3.822553727626626326e-08
3.808324971007328586e-08
3.794311954593304930e-08
3.780505747107951272e-08
3.766900271215795082e-08
3.753488746457965681e-08
3.740268898120258952e-08
3.727227257267517575e-08
3.714349107401540469e-08
3.701627690413483367e-08
3.689056733945085595e-08
3.676628998779204461e-08
3.664341388252712367e-08
3.652177170817235528e-08
3.640125737965918091e-08
3.628182175507376920e-08
3.616339502742359940e-08
3.604592398582572376e-08
3.592937112025472944e-08
3.581353819826513820e-08
3.569837123786061810e-08
3.558382961742168249e-08
3.546983001674165059e-08
3.535633748973259332e-08
3.524329620397349619e-08
3.513057854760199931e-08
3.501814878892232850e-08
3.490598310983192957e-08
3.479400782100173815e-08
3.468221421873119189e-08
3.457052292218652667e-08
3.445884323792676118e-08
3.434715383254478180e-08
3.423543875434961864e-08
3.412365442291029971e-08
3.401179627608796874e-08
3.389979352917281840e-08
3.378758823027110031e-08
3.367517116589134353e-08
3.356252654324695171e-08
3.344964551181485519e-08
3.333651737306081626e-08
3.322310742354001532e-08
3.310939395319002987e-08
3.299535731886993702e-08
3.288100724634192435e-08
3.276636769324393631e-08
3.265142029307310914e-08
3.253618550183757731e-08
3.242063434521362329e-08
3.230475987652450005e-08
3.218857403041903873e-08
3.207208597964259399e-08
3.195534289512665787e-08
3.183836371095949667e-08
3.172112722816436577e-08
3.160363194709991199e-08
3.148589078250980173e-08
3.136793713522994473e-08
3.124983588568442607e-08
3.113157988674439812e-08
3.101319503058435510e-08
3.089469706617292607e-08
3.077608458925998050e-08
3.065738012362426992e-08
3.053867294294202567e-08
3.042000491230230023e-08
3.030138746251751881e-08
3.018284323672561746e-08
3.006437225287758015e-08
2.994601382952017359e-08
2.982778997999762139e-08
2.970980195023328635e-08
2.959201756883331372e-08
2.947451240590486947e-08
2.935728110408574088e-08
2.924033699676204848e-08
2.912367199952510363e-08
2.900740980601100691e-08
2.889157000815802923e-08
2.877617345882394812e-08
2.866120289794396104e-08
2.854674247723659480e-08
2.843277069897353364e-08
2.831928276394633822e-08
2.820637249292599032e-08
2.809412482562076147e-08
2.798250696255691669e-08
2.787151967196490397e-08
2.776121045531455403e-08
2.765157898092755750e-08
2.754261628225134671e-08
2.743437742824828464e-08
2.732696207852928307e-08
2.722030917334029727e-08
2.711442189053043068e-08
2.700931164041362333e-08
2.690501922115382188e-08
2.680149888798224836e-08
2.669880590756191548e-08
2.659703127318722657e-08
2.649612047437000213e-08
2.639605170756703023e-08
2.629684902165837968e-08
2.619852308238322386e-08
2.610105378057032865e-08
2.600445444865332934e-08
2.590884288540828433e-08
2.581413309647385790e-08
2.572029535599023888e-08
2.562738487798132268e-08
2.553534633949941237e-08
2.544417194473800348e-08
2.535388136202885152e-08
2.526453164890515235e-08
2.517606877680117578e-08
2.508846230175782450e-08
2.500174782052539517e-08
2.491587934612358679e-08
2.483079095973454385e-08
2.474660347046402153e-08
2.466323421089333250e-08
2.458069807276596665e-08
2.449901542704243160e-08
2.441813688483697500e-08
2.433798618089703951e-08
2.425865146720667819e-08
2.418005445864973216e-08
2.410220694076822297e-08
2.402514236776120221e-08
2.394882784942886202e-08
2.387319260252616983e-08
2.379826082166121277e-08
2.372398636186504165e-08
2.365032396380039667e-08
2.357735002567761754e-08
2.350497918782601006e-08
2.343324132141260044e-08
2.336211597953392204e-08
2.329156130713396476e-08
2.322152160546678451e-08
2.315203207419940266e-08
2.308306058145653809e-08
2.301457918417740087e-08
2.294663414908033260e-08
2.287916864971739300e-08
2.281217563031725714e-08
2.274561172323795281e-08
2.267945953411348104e-08
2.261371510661903313e-08
2.254836051264395718e-08
2.248340999687180332e-08
2.241883284253207539e-08
2.235464359177323837e-08
2.229078123016151376e-08
2.222722231223051800e-08
2.216396623666497086e-08
2.210098330694031349e-08
2.203827938503441503e-08
2.197585927113822337e-08
2.191369637448282415e-08
2.185181207284747616e-08
2.179014384941547011e-08
2.172867944307054268e-08
2.166742130770250902e-08
2.160634733015441750e-08
2.154546187986504617e-08
2.148478143518433245e-08
2.142428159341598071e-08
2.136397827610631225e-08
2.130382465475310676e-08
2.124380666142150832e-08
2.118392808849557027e-08
2.112417292757632388e-08
2.106454557907473704e-08
2.100507211233104606e-08
2.094573022488063440e-08
2.088653092434386393e-08
2.082744708219629098e-08
2.076846148160514525e-08
2.070956780655575975e-08
2.065076377129667218e-08
2.059205934990398245e-08
2.053346280150406375e-08
2.047498061556418092e-08
2.041661321594958000e-08
2.035834712054387012e-08
2.030017483902502730e-08
2.024207928800985556e-08
2.018407663515979357e-08
2.012615687798188121e-08
2.006834602958373002e-08
2.001065788390317922e-08
1.995308452363061007e-08
1.989563838697202330e-08
1.983829258646795648e-08
1.978105510422438453e-08
1.972392325045191655e-08
1.966688773581588055e-08
1.960997630298206779e-08
1.955319673504506303e-08
1.949656795209924500e-08
1.944008392882505991e-08
1.938373330027825967e-08
1.932752503722182083e-08
1.927143569933504529e-08
1.921549950398789969e-08
1.915968408698448948e-08
1.910404042988844744e-08
1.904856623965761414e-08
1.899325713952249211e-08
1.893813197578028034e-08
1.888315981270886818e-08
1.882838193029864900e-08
1.877375629180783479e-08
1.871931945517965990e-08
1.866505154764990487e-08
1.861097992359500825e-08
1.855713144574975581e-08
1.850347682609282027e-08
1.845005375899908271e-08
1.839681881869305865e-08
1.834381701316378196e-08
1.829101518691311897e-08
1.823842390519618522e-08
1.818605149625996877e-08
1.813389973822535770e-08
1.808200662153885159e-08
1.803032999266839644e-08
1.797891742204571844e-08
1.792771770984018471e-08
1.787677510981411215e-08
1.782605968787264328e-08
1.777557909711121364e-08
1.772533931656848610e-08
1.767533843206284713e-08
1.762561300512743870e-08
1.757612274538495085e-08
1.752691100530282674e-08
1.747792534460220439e-08
1.742921306042943993e-08
1.738073402238354692e-08
1.733251796385396976e-08
1.728454171961089400e-08
1.723682384452080693e-08
1.718937512658411389e-08
1.714218135630831723e-08
1.709526608913444565e-08
1.704859130787751535e-08
1.700219059360445806e-08
1.695601753847416583e-08
1.691011536597169636e-08
1.686443975405901337e-08
1.681904128875112273e-08
1.677388528156256437e-08
1.672899238659664462e-08
1.668434571215630755e-08
1.663994815772888576e-08
1.659579671798822187e-08
1.655187981434364896e-08
1.650820361262448349e-08
1.646474565803670619e-08
1.642153273407980286e-08
1.637854367056450899e-08
1.633580253783717657e-08
1.629328776337792318e-08
1.625102040504041277e-08
1.620895584264441857e-08
1.616712551849944813e-08
1.612549047705074044e-08
1.608407813232321770e-08
1.604286394983766309e-08
1.600187393458299647e-08
1.596109062076950814e-08
1.592052660783334289e-08
1.588016564044756405e-08
1.584001585767111168e-08
1.580005197231677215e-08
1.576027852723714640e-08
1.572068972030801292e-08
1.568128500207211204e-08
1.564205851504502154e-08
1.560301416805235117e-08
1.556415308826504386e-08
1.552547152355994165e-08
1.548697429686091746e-08
1.544864486741968421e-08
1.541048056098040954e-08
1.537246915779783835e-08
1.533461627885413989e-08
1.529690742766263181e-08
1.525935599969425305e-08
1.522195374560141736e-08
1.518470992678138035e-08
1.514761779468478055e-08
1.511068546451454013e-08
1.507389168858984754e-08
1.503723827564724602e-08
1.500071172018704725e-08
1.496432000294241738e-08
1.492804887444486752e-08
1.489191291743997723e-08
1.485590652908841583e-08
1.482003870337522657e-08
1.478430376751512127e-08
1.474870702095102692e-08
1.471323354268800955e-08
1.467787915886969178e-08
1.464263561084805399e-08
1.460750470935265172e-08
1.457248315442170791e-08
1.453756979270092624e-08
1.450277185498284350e-08
1.446809271931595508e-08
1.443353105992855854e-08
1.439908571113318396e-08
1.436475703634892030e-08
1.433052533369271439e-08
1.429640189526990845e-08
1.426236839914386201e-08
1.422844074315484299e-08
1.419460146837380252e-08
1.416087155298251034e-08
1.412724617073051555e-08
1.409373365763432017e-08
1.406032350806398235e-08
1.402703019367227197e-08
1.399382652589648923e-08
1.396072657818435768e-08
1.392771167145307372e-08
1.389479869603445978e-08
1.386197166379455396e-08
1.382924604575710358e-08
1.379661967264276704e-08
1.376410064404537974e-08
1.373168652339583199e-08
1.369937726640647672e-08
1.366717575000279570e-08
1.363506269123122158e-08
1.360305493428335455e-08
1.357112722526979240e-08
1.353930659460344867e-08
1.350756426079870739e-08
1.347592955346245322e-08
1.344438838383514966e-08
1.341296111342604784e-08
1.338162845833785666e-08
1.335040486746617798e-08
1.331927524873912619e-08
1.328824537254921405e-08
1.325731155471990589e-08
1.322646681356431483e-08
1.319572625783919473e-08
1.316506743242651141e-08
1.313452128023038279e-08
1.310407056418187883e-08
1.307373335170475672e-08
1.304349217674401507e-08
1.301336373486027846e-08
1.298332869711629130e-08
1.295339699899594277e-08
1.292356278978493325e-08
1.289382289851076319e-08
1.286418773125185187e-08
1.283463896167584990e-08
1.280520537830644114e-08
1.277586864190631402e-08
1.274664689525233718e-08
1.271752295266165489e-08
1.268851162642776560e-08
1.265959670001704755e-08
1.263078475414873507e-08
1.260207452617505999e-08
1.257345500260766929e-08
1.254494722422089940e-08
1.251652349522062569e-08
1.248821214087462093e-08
1.245999431002929385e-08
1.243189028412066161e-08
1.240388365900809107e-08
1.237598189567287624e-08
1.234818446066661562e-08
1.232047900179693173e-08
1.229288451829356664e-08
1.226537307358171318e-08
1.223797184689305859e-08
1.221065359775240110e-08
1.218344127947390587e-08
1.215632490169488725e-08
1.212930824846912570e-08
1.210239894362098865e-08
1.207558462091714611e-08
1.204888209552880229e-08
1.202226575221779817e-08
1.199575240499159411e-08
1.196932564642043041e-08
1.194299518650040241e-08
1.191675889901249955e-08
1.189060802824879646e-08
1.186456397962072711e-08
1.183861007488264990e-08
1.181276014570783104e-08
1.178700083755325223e-08
1.176134152820306699e-08
1.173577663627993645e-08
1.171029658428837483e-08
1.168491597045199656e-08
1.165961157669694087e-08
1.163440509692141764e-08
1.160927584205883055e-08
1.158423601862217038e-08
1.155928431065425911e-08
1.153442015424303289e-08
1.150965573270576645e-08
1.148497303018554400e-08
1.146038830230539976e-08
1.143588121357969588e-08
1.141145990902246568e-08
1.138712269117855459e-08
1.136285925277217625e-08
1.133868563039476536e-08
1.131458077963570944e-08
1.129056325896181428e-08
1.126662419087368509e-08
1.124276729668265048e-08
1.121900171696832809e-08
1.119531363526574629e-08
1.117171650505637113e-08
1.114819162678183497e-08
1.112474546150254971e-08
1.110137626842445348e-08
1.107807560574656197e-08
1.105485760111351547e-08
1.103170244723128527e-08
1.100862785601127123e-08
1.098562525176584736e-08
1.096269887185132857e-08
1.093985759812599250e-08
1.091708819163722327e-08
1.089440246376246217e-08
1.087178346924535384e-08
1.084923440348283604e-08
1.082676055500259367e-08
1.080434460151075539e-08
1.078200540609564805e-08
1.075972520578732464e-08
1.073751174947229414e-08
1.071536873616688780e-08
1.069329828581852209e-08
1.067130337619694729e-08
1.064937371487782430e-08
1.062751565505720812e-08
1.060572955287342506e-08
1.058400065317820333e-08
1.056234622906359307e-08
1.054074385369526904e-08
1.051920749878197628e-08
1.049773371883126651e-08
1.047631826611741274e-08
1.045497286945536784e-08
1.043368982848012598e-08
1.041247414800533068e-08
1.039132533745502567e-08
1.037024138833442112e-08
1.034923051151093084e-08
1.032827518170797604e-08
1.030738265955719315e-08
1.028655282242487579e-08
1.026577528120184106e-08
1.024506547487261488e-08
1.022440598413244063e-08
1.020380544614842863e-08
1.018326815843711441e-08
1.016279456401199581e-08
1.014238807855449101e-08
1.012203987352644256e-08
1.010175206284535517e-08
1.008153396518615597e-08
1.006136590812318235e-08
1.004125956089780305e-08
1.002120624656802559e-08
1.000120739676305991e-08
9.981273008098575822e-09
9.961383257966538002e-09
9.941555839242528196e-09
9.921782457639388903e-09
9.902068039004432987e-09
9.882421421941628229e-09
9.862827560679833935e-09
9.843293381762396384e-09
9.823821836102832454e-09
9.804398335082184842e-09
9.785036551095607844e-09
9.765722420479639114e-09
9.746461261393318425e-09
9.727262797286579000e-09
9.708107067958721597e-09
9.689011251643812407e-09
9.669967325580051958e-09
9.650981640029818173e-09
9.632061075616956652e-09
9.613192065106313769e-09
9.594379627327698233e-09
9.575630195278852189e-09
9.556927354401566989e-09
9.538281466512343496e-09
9.519686185760313500e-09
9.501140948031301481e-09
9.482656210876274485e-09
9.464213844654213689e-09
9.445824690227310437e-09
9.427490657201089356e-09
9.409212057306758338e-09
9.390993029651960560e-09
9.372823963553564359e-09
9.354707521758561959e-09
9.336653911346254498e-09
9.318644376731213892e-09
9.300687900852507040e-09
9.282786156249357766e-09
9.264926965309304545e-09
9.247123774625781192e-09
9.229365168571219756e-09
9.211653253959375619e-09
9.194000861815016657e-09
9.176395541295757190e-09
9.158839419561672945e-09
9.141342046353559169e-09
9.123892454864269476e-09
9.106498713163830784e-09
9.089154486482453461e-09
9.071855011564527799e-09
9.054611758504295331e-09
9.037408554970705807e-09
9.020253391275933286e-09
9.003153460828065265e-09
8.986091780445861935e-09
8.969078893252705394e-09
8.952115568082963241e-09
8.935204577949054941e-09
8.918347071893142932e-09
8.901535273908910304e-09
8.884773115053789113e-09
8.868066836062977160e-09
8.851403125851920780e-09
8.834786170461151072e-09
8.818222346671740060e-09
8.801695063877353940e-09
8.785214744307730524e-09
8.768784787969056555e-09
8.752392807789874849e-09
8.736051397503629575e-09
8.719751908341322373e-09
8.703501743118594034e-09
8.687304268255931216e-09
8.671149799678820785e-09
8.655040044604933597e-09
8.638984548271685193e-09
8.622967322528694137e-09
8.606994509772340355e-09
8.591071470711971643e-09
8.575183036705752024e-09
8.559338382351608055e-09
8.543540114177363756e-09
8.527778054191117257e-09
8.512063212336421787e-09
8.496387391692289128e-09
8.480759141250396281e-09
8.465179367431832301e-09
8.449639705192826990e-09
8.434143352004873867e-09
8.418697163245472145e-09
8.403288341022292140e-09
8.387920264381655572e-09
8.372599914666505956e-09
8.357310935981633524e-09
8.342063100059624619e-09
8.326862817742785902e-09
8.311693852537420633e-09
8.296565446941945763e-09
8.281481488091366396e-09
8.266439528749804205e-09
8.251441198932753959e-09
8.236484152569181371e-09
8.221568245480594119e-09
8.206698771504326277e-09
8.191869429814776793e-09
8.177075659016423684e-09
8.162323595462045289e-09
8.147608936537655205e-09
8.132929686692756571e-09
8.118293653850603940e-09
8.103689659944936549e-09
8.089122084140063824e-09
8.074599439692583495e-09
8.060111090732122557e-09
8.045659917111353120e-09
8.031257430171515655e-09
8.016889558470642430e-09
8.002558906624081145e-09
7.988274100593156148e-09
7.974020617514560907e-09
7.959804309466111292e-09
7.945630536770989139e-09
7.931483909891528746e-09
7.917373575325219532e-09
7.903305902674251360e-09
7.889265808148856375e-09
7.875259093245248990e-09
7.861296335774249785e-09
7.847367772692750160e-09
7.833473572767720501e-09
7.819622073635474352e-09
7.805805521582427378e-09
7.792025632658492933e-09
7.778287457216269115e-09
7.764577825422818552e-09
7.750904056379188173e-09
7.737269602821920019e-09
7.723662163309901068e-09
7.710088705339493243e-09
7.696555293377830135e-09
7.683048078486620940e-09
7.669574783909070917e-09
7.656140394493894706e-09
7.642740541723136685e-09
7.629374210783894281e-09
7.616047089677413253e-09
7.602754488852222357e-09
7.589496581265373719e-09
7.576278414904835654e-09
7.563087675719694149e-09
7.549930518696974273e-09
7.536811657036731442e-09
7.523717352098160303e-09
7.510655447164369017e-09
7.497632753246634208e-09
7.484634131766069512e-09
7.471665224099951636e-09
7.458737501615496827e-09
7.445839202406826912e-09
7.432970317434739632e-09
7.420143201322625990e-09
7.407345712735491025e-09
7.394579359306494215e-09
7.381852194546169485e-09
7.369151250552344807e-09
7.356481597813464175e-09
7.343848660611447623e-09
7.331238565106699811e-09
7.318659787930962516e-09
7.306117040237963776e-09
7.293597826374360847e-09
7.281107768475114966e-09
7.268654443951030314e-09
7.256226679341415724e-09
7.243832269862142261e-09
7.231474288035311558e-09
7.219144062264080442e-09
7.206844361256083156e-09
7.194581430192274976e-09
7.182348178017234709e-09
7.170141372458106899e-09
7.157965425815319292e-09
7.145821481624899964e-09
7.133701881304903043e-09
7.121611440807906045e-09
7.109554708845663471e-09
7.097520678604159849e-09
7.085514433069681269e-09
7.073544306419281877e-09
7.061601808733213521e-09
7.049685620628655417e-09
7.037808098917473626e-09
7.025957083964365059e-09
7.014134164503107123e-09
7.002347323131244204e-09
6.990585960160011208e-09
6.978850958108628661e-09
6.967147854690611636e-09
6.955470622793956418e-09
6.943818590394702713e-09
6.932196516988409837e-09
6.920601011337726018e-09
6.909030104376096983e-09
6.897487830754578124e-09
6.885974779057683443e-09
6.874490273750900606e-09
6.863031258745078354e-09
6.851606623977830417e-09
6.840208085247592474e-09
6.828835687282711891e-09
6.817497092992161819e-09
6.806182032215753310e-09
6.794891796993236574e-09
6.783632740876580953e-09
6.772397186765778808e-09
6.761185729889816337e-09
6.750002430770740762e-09
6.738844790015360230e-09
6.727709938855015216e-09
6.716601193310731129e-09
6.705522184990536986e-09
6.694469343037453014e-09
6.683439569551124008e-09
6.672444792733272548e-09
6.661473147269743486e-09
6.650526948780771395e-09
6.639612861754482246e-09
6.628722103940641377e-09
6.617855477326118675e-09
6.607015119948548100e-09
6.596201710133274924e-09
6.585408877795183045e-09
6.574640278262502119e-09
6.563902494824304043e-09
6.553182920271762010e-09
6.542485581311665647e-09
6.531821466815743442e-09
6.521177386915719536e-09
6.510559469448048248e-09
6.499972254260219764e-09
6.489407090182873393e-09
6.478867692695745873e-09
6.468355836103654091e-09
6.457871414669572726e-09
6.447406592588269311e-09
6.436966397991115826e-09
6.426555024476346955e-09
6.416160243876682168e-09
6.405790231251976791e-09
6.395446967767279283e-09
6.385122802291114143e-09
6.374821522779845360e-09
6.364544647015204641e-09
6.354292174683502764e-09
6.344064233777511899e-09
6.333856540915827675e-09
6.323680782476694130e-09
6.313525106617192923e-09
6.303391908106103104e-09
6.293287924789706751e-09
6.283205734457506400e-09
6.273143414328602440e-09
6.263104505693164658e-09
6.253091617912499443e-09
6.243095071123596070e-09
6.233121264777518017e-09
6.223174503148759693e-09
6.213243568881997906e-09
6.203335038078076902e-09
6.193451467265092827e-09
6.183587288904972794e-09
6.173749332515365480e-09
6.163931342304419727e-09
6.154141502049257737e-09
6.144372166667163063e-09
6.134623969936920615e-09
6.124903402697407091e-09
6.115203233070409495e-09
6.105522499135501337e-09
6.095863697238273084e-09
6.086229819676536819e-09
6.076611268867714067e-09
6.067014580699523331e-09
6.057443456330325531e-09
6.047887443418878567e-09
6.038353053936132409e-09
6.028841528676345614e-09
6.019350294543127543e-09
6.009882468186994605e-09
6.000432486358004678e-09
5.991011655702145650e-09
5.981608465413918772e-09
5.972225900019471521e-09
5.962869718918081363e-09
5.953533970285258941e-09
5.944215184727348376e-09
5.934917262283220126e-09
5.925644443519340574e-09
5.916385163616678510e-09
5.907146725261706304e-09
5.897930803778848450e-09
5.888733023493470348e-09
5.879552916951292479e-09
5.870390708888294993e-09
5.861255190367683395e-09
5.852136030824397887e-09
5.843036406790437946e-09
5.833962206827307097e-09
5.824905327347611430e-09
5.815869281602656435e-09
5.806853361255166071e-09
5.797861758275505912e-09
5.788886361948844731e-09
5.779929387129334501e-09
5.770993477436433212e-09
5.762077294301105656e-09
5.753176229072647544e-09
5.744293753271812182e-09
5.735435353909873855e-09
5.726589538087420067e-09
5.717762868370838498e-09
5.708957290207538609e-09
5.700169375536753758e-09
5.691402863784228398e-09
5.682651904240822033e-09
5.673927585887101126e-09
5.665218911594517096e-09
5.656529163294128594e-09
5.647861411945182884e-09
5.639214416859053200e-09
5.630581503549981951e-09
5.621968156102637057e-09
5.613375637741459771e-09
5.604799541622587087e-09
5.596239389480957890e-09
5.587696210797102588e-09
5.579176525048033023e-09
5.570668797651363118e-09
5.562178412210434289e-09
5.553709668241081722e-09
5.545255816255065022e-09
5.536823694302071666e-09
5.528406154213278729e-09
5.520013864976214420e-09
5.511636187367778931e-09
5.503276175979632135e-09
5.494937705004556589e-09
5.486618468802745637e-09
5.478312733648453219e-09
5.470025024635927669e-09
5.461757407060375267e-09
5.453505690624610027e-09
5.445268340219245672e-09
5.437047098793552385e-09
5.428848421197376524e-09
5.420660505814115553e-09
5.412489710712720675e-09
5.404337838914763300e-09
5.396202621608776672e-09
5.388085565857344317e-09
5.379982472363714827e-09
5.371903652463301631e-09
5.363838363871716974e-09
5.355790701178616966e-09
5.347760399026678774e-09
5.339750971622036527e-09
5.331755362712584768e-09
5.323775544511424014e-09
5.315812655787163277e-09
5.307868327412938039e-09
5.299935429466282299e-09
5.292019355892743582e-09
5.284122418283856835e-09
5.276238585713462070e-09
5.268369940317506058e-09
5.260514908687671980e-09
5.252682995070087742e-09
5.244861933306715851e-09
5.237059796260924476e-09
5.229274812478422332e-09
5.221507678792336261e-09
5.213756464891230987e-09
5.206020017976647426e-09
5.198304004753057309e-09
5.190604044563234132e-09
5.182916428813125012e-09
5.175245427386742060e-09
5.167592371772360141e-09
5.159953541964112864e-09
5.152327702828495944e-09
5.144716480986248301e-09
5.137125567709444174e-09
5.129544163759211188e-09
5.121978847104963161e-09
5.114428812646979988e-09
5.106896774755314619e-09
5.099378461619291650e-09
5.091874863986490932e-09
5.084390855630647297e-09
5.076920326660293331e-09
5.069466845722118519e-09
5.062026856030003948e-09
5.054606741772492684e-09
5.047200744593292677e-09
5.039806761895080123e-09
5.032428216155117785e-09
5.025067644661143448e-09
5.017718832943833930e-09
5.010383339033584015e-09
5.003061230038923178e-09
4.995758732306790888e-09
4.988464843243746596e-09
4.981186060911144890e-09
4.973921807481537909e-09
4.966674681092932998e-09
4.959440178004971847e-09
4.952219897036280579e-09
4.945017502298349022e-09
4.937828604399169078e-09
4.930655404564141696e-09
4.923494805090963527e-09
4.916352772830006167e-09
4.909224839630286851e-09
4.902107752182345903e-09
4.895005598658070143e-09
4.887919597332712779e-09
4.880846726778759619e-09
4.873784601464923956e-09
4.866736393084126717e-09
4.859705477982164125e-09
4.852684335370030369e-09
4.845676927054006934e-09
4.838680802171401562e-09
4.831704934726030683e-09
4.824737146086997245e-09
4.817787246718388931e-09
4.810849284547783882e-09
4.803929926865752971e-09
4.797021680701821890e-09
4.790127630824952054e-09
4.783248245816926405e-09
4.776385556215691252e-09
4.769534088264865819e-09
4.762695513051842917e-09
4.755869786062860717e-09
4.749060915409632432e-09
4.742260170062669119e-09
4.735473626069642866e-09
4.728699757886501198e-09
4.721942163411840065e-09
4.715192912265755714e-09
4.708456629723188324e-09
4.701734763335105545e-09
4.695026977004108011e-09
4.688331478214007515e-09
4.681648353965975092e-09
4.674981661238356660e-09
4.668327296029257728e-09
4.661686846704035246e-09
4.655057400062363059e-09
4.648445057251233254e-09
4.641846108974779003e-09
4.635256961820501775e-09
4.628680681306681409e-09
4.622118042206987063e-09
4.615569300208559323e-09
4.609028750860115812e-09
4.602501330183151135e-09
4.595987570656302570e-09
4.589487186417397773e-09
4.582995639481650588e-09
4.576515596510795503e-09
4.570050338033945764e-09
4.563596920799868524e-09
4.557156359026810352e-09
4.550726752351504350e-09
4.544313180512748682e-09
4.537910859425133672e-09
4.531521831879561732e-09
4.525143339964716134e-09
4.518780651578058138e-09
4.512431109325911577e-09
4.506090663962857438e-09
4.499762613468259146e-09
4.493446771962586001e-09
4.487145055266740678e-09
4.480850399746756188e-09
4.474569025708474287e-09
4.468299122655420761e-09
4.462043612130317003e-09
4.455795275043335994e-09
4.449558914304364176e-09
4.443334688733525069e-09
4.437124618944786353e-09
4.430923831283959816e-09
4.424736235072168658e-09
4.418560789252951366e-09
4.412400091806610818e-09
4.406249132230721042e-09
4.400110282572274890e-09
4.393983813962719539e-09
4.387871946526958812e-09
4.381769824727567862e-09
4.375677868588699339e-09
4.369597085149207281e-09
4.363530846813991022e-09
4.357473195913521015e-09
4.351425499666070029e-09
4.345388541777394554e-09
4.339366196586525162e-09
4.333351771167400783e-09
4.327348106683485932e-09
4.321353774724324831e-09
4.315375363669715289e-09
4.309404287616646890e-09
4.303447254286058693e-09
4.297498344676244473e-09
4.291565959042196084e-09
4.285641909217879356e-09
4.279730663731375460e-09
4.273828486811042559e-09
4.267941041824966532e-09
4.262065067462147953e-09
4.256197483542662144e-09
4.250340787432213448e-09
4.244494950479962883e-09
4.238662394811325831e-09
4.232836263793343916e-09
4.227021593032569029e-09
4.221216193284186426e-09
4.215425549710603437e-09
4.209640550048517992e-09
4.203867023732930697e-09
4.198101857561013113e-09
4.192352838281606454e-09
4.186609149219155583e-09
4.180880089221079098e-09
4.175158183243084472e-09
4.169452294085777961e-09
4.163753919092395002e-09
4.158067513616736972e-09
4.152390184933381630e-09
4.146726417662657236e-09
4.141073620759946180e-09
4.135428589930935157e-09
4.129794268281622296e-09
4.124169841040272211e-09
4.118558429011867958e-09
4.112952940376388908e-09
4.107358466488749593e-09
4.101772564590965125e-09
4.096200764451973794e-09
4.090634765720807663e-09
4.085079352541555777e-09
4.079531972828121582e-09
4.073999307778876354e-09
4.068472913203302883e-09
4.062959402768867173e-09
4.057453482023915410e-09
4.051961616416717605e-09
4.046478247695326469e-09
4.041005916361188964e-09
4.035542297183391505e-09
4.030091020718883730e-09
4.024651125720981893e-09
4.019219529145234856e-09
4.013796725817571798e-09
4.008383357808350890e-09
4.002982227777330097e-09
3.997589285884235877e-09
3.992203734811766075e-09
3.986828045735158684e-09
3.981463706186172742e-09
3.976108633849850494e-09
3.970760517035947878e-09
3.965421367823144604e-09
3.960092721063901340e-09
3.954775380689850807e-09
3.949465166353547359e-09
3.944166110702877162e-09
3.938875472177101562e-09
3.933598819287105824e-09
3.928328763064375858e-09
3.923069036547892039e-09
3.917817919159928047e-09
3.912579406087413994e-09
3.907349864048206566e-09
3.902127544233178932e-09
3.896914822540303822e-09
3.891711166196488337e-09
3.886519191773940363e-09
3.881332655212019848e-09
3.876155571687914046e-09
3.870986489852138536e-09
3.865829720203205677e-09
3.860679240643603877e-09
3.855537158870178269e-09
3.850402744796209980e-09
3.845279835589146126e-09
3.840165356992174005e-09
3.835059452412190209e-09
3.829962669741059774e-09
3.824875417494288770e-09
3.819800162054715269e-09
3.814731830356318598e-09
3.809672832011349351e-09
3.804622602195255084e-09
3.799584078548948398e-09
3.794554026493816152e-09
3.789530643164117010e-09
3.784516766627707025e-09
3.779511193847459018e-09
3.774516956654896919e-09
3.769527874158187860e-09
3.764547623656314020e-09
3.759575148809576735e-09
3.754614138900794384e-09
3.749659769491360090e-09
3.744712705778665581e-09
3.739773407800921619e-09
3.734844018744972228e-09
3.729924265527961833e-09
3.725011102269318396e-09
3.720108529308427124e-09
3.715212963348797684e-09
3.710330568279677121e-09
3.705453731136618260e-09
3.700586853165282060e-09
3.695727077982960852e-09
3.690878572287516302e-09
3.686039213608805190e-09
3.681206482330886588e-09
3.676381783111602151e-09
3.671564871945762135e-09
3.666758501861506068e-09
3.661959406506056607e-09
3.657166219206852712e-09
3.652381606682277093e-09
3.647605804565685312e-09
3.642839777934920913e-09
3.638078013906544842e-09
3.633325251180957944e-09
3.628579013609086031e-09
3.623845706257629943e-09
3.619116440195641524e-09
3.614397770937641527e-09
3.609685039140300025e-09
3.604983167744224239e-09
3.600289745763366714e-09
3.595603548603732946e-09
3.590925585068835287e-09
3.586255758648269537e-09
3.581596532444351972e-09
3.576944549292496766e-09
3.572298546189142638e-09
3.567661141338667925e-09
3.563031262585754681e-09
3.558411623393087116e-09
3.553796797044879151e-09
3.549189243070032608e-09
3.544589080662659864e-09
3.539998783234558802e-09
3.535415589418516616e-09
3.530837719792326750e-09
3.526267483118573901e-09
3.521704421959804895e-09
3.517153073127989923e-09
3.512605106257413733e-09
3.508068455082567627e-09
3.503536662231659354e-09
3.499015948335810764e-09
3.494502170778824697e-09
3.489995869260954811e-09
3.485497345177149487e-09
3.481006653542779744e-09
3.476525870586963015e-09
3.472052075115850428e-09
3.467583829989893542e-09
3.463123998550956959e-09
3.458670959360194145e-09
3.454227994970061267e-09
3.449789725736582674e-09
3.445357957987163712e-09
3.440933716227407539e-09
3.436518030541024254e-09
3.432110201166778075e-09
3.427706641694449158e-09
3.423311110417948744e-09
3.418921487738499204e-09
3.414543735426595519e-09
3.410169527946492900e-09
3.405804815111201209e-09
3.401445794122899512e-09
3.397095669898002147e-09
3.392754684528758491e-09
3.388419398501150782e-09
3.384092038794800778e-09
3.379771367905649315e-09
3.375460274604263901e-09
3.371156709937299911e-09
3.366858702444603770e-09
3.362567588495750258e-09
3.358283205492642940e-09
3.354007705000547277e-09
3.349738952700320078e-09
3.345474569129155746e-09
3.341218242647686218e-09
3.336967794042993914e-09
3.332727547916274934e-09
3.328491086829633895e-09
3.324261629405443129e-09
3.320037872106680818e-09
3.315822467448810251e-09
3.311614898462257814e-09
3.307412098352094200e-09
3.303218849622087792e-09
3.299029954431906249e-09
3.294852241737887133e-09
3.290679274298921656e-09
3.286513802070880194e-09
3.282354904072160373e-09
3.278203267841516032e-09
3.274060625315239727e-09
3.269924107712942513e-09
3.265792713596241359e-09
3.261668599957099452e-09
3.257550377395932678e-09
3.253441577514121144e-09
3.249337520461471227e-09
3.245238540992686181e-09
3.241146505837345590e-09
3.237061364500228401e-09
3.232984948649150018e-09
3.228911607656013031e-09
3.224845750826518842e-09
3.220785032139594873e-09
3.216732915893559556e-09
3.212687223590384914e-09
3.208646654932133313e-09
3.204614810132364907e-09
3.200587479444067990e-09
3.196570692635010133e-09
3.192558290469072224e-09
3.188553114777169161e-09
3.184554312067238603e-09
3.180562293424621716e-09
3.176578812719517645e-09
3.172601328089268945e-09
3.168628735397448597e-09
3.164662983617476038e-09
3.160702816345401700e-09
3.156751227589648822e-09
3.152805074575321829e-09
3.148863158784153518e-09
3.144928390383548222e-09
3.140999040670822874e-09
3.137078968618714928e-09
3.133162363024157153e-09
3.129251808336319884e-09
3.125346578747033371e-09
3.121448088614286132e-09
3.117558312123798067e-09
3.113671435809846158e-09
3.109794231303066196e-09
3.105920676440737873e-09
3.102055736143400245e-09
3.098197615600486118e-09
3.094344691127440447e-09
3.090498566836669502e-09
3.086657963153131204e-09
3.082825609820307295e-09
3.078999876433270094e-09
3.075179414999975705e-09
3.071363806568399710e-09
3.067554405130362318e-09
3.063752393573738286e-09
3.059957187413141881e-09
3.056165280838394565e-09
3.052379501513926229e-09
3.048599280267028891e-09
3.044826278798207169e-09
3.041059904268928812e-09
3.037296384091548656e-09
3.033540019583131098e-09
3.029788085453240162e-09
3.026044774252668681e-09
3.022306317775431565e-09
3.018572841603206810e-09
3.014846956707597708e-09
3.011125165800320809e-09
3.007413063184594117e-09
3.003704934041383324e-09
3.000003077701994289e-09
2.996307027521957726e-09
2.992616702461211945e-09
2.988934432087022204e-09
2.985257788340286468e-09
2.981585547779048663e-09
2.977918861323874321e-09
2.974257730888408154e-09
2.970603674244687726e-09
2.966955868019484216e-09
2.963310986580230043e-09
2.959672509801647249e-09
2.956038793224720032e-09
2.952412507067630208e-09
2.948791870727929243e-09
2.945174167593901832e-09
2.941563254063719690e-09
2.937956558823634641e-09
2.934358057295734230e-09
2.930764193916423272e-09
2.927174908423620492e-09
2.923593284769126328e-09
2.920015209832773835e-09
2.916446220347390121e-09
2.912881568554662911e-09
2.909322400772344721e-09
2.905769033227713352e-09
2.902221077396440116e-09
2.898680298517554054e-09
2.895145560122201819e-09
2.891615402691960218e-09
2.888089644613926345e-09
2.884569664041922764e-09
2.881055990407983366e-09
2.877548837151779396e-09
2.874044860200986972e-09
2.870545704709378337e-09
2.867052144993869228e-09
2.863564216935748056e-09
2.860083541737050297e-09
2.856605403272872344e-09
2.853133106909286841e-09
2.849665080384775208e-09
2.846202778621610972e-09
2.842748345606323286e-09
2.839296144068621926e-09
2.835851966154037154e-09
2.832411159843396865e-09
2.828976713098984511e-09
2.825549991464017645e-09
2.822126497573331437e-09
2.818709449451240430e-09
2.815296568518304260e-09
2.811890244432403193e-09
2.808490762408433301e-09
2.805095821226581207e-09
2.801704928858495504e-09
2.798319396990333249e-09
2.794938537599730289e-09
2.791564397411408564e-09
2.788195600953754334e-09
2.784829502378979749e-09
2.781469253911435692e-09
2.778113184787740550e-09
2.774763883239766976e-09
2.771419895452223340e-09
2.768078307890825445e-09
2.764742969805645130e-09
2.761411429313739781e-09
2.758086507951302234e-09
2.754766990549479561e-09
2.751450467473874234e-09
2.748141978585682157e-09
2.744836125120352515e-09
2.741536977389661814e-09
2.738244190591900770e-09
2.734955064586911454e-09
2.731671746031352524e-09
2.728392216595961000e-09
2.725119264322791501e-09
2.721852781887138164e-09
2.718590415563427566e-09
2.715331800983743698e-09
2.712078394282524207e-09
2.708829356602163816e-09
2.705586732966957553e-09
2.702349248754352902e-09
2.699114195554723833e-09
2.695884689574832480e-09
2.692659317050056755e-09
2.689439894701727995e-09
2.686226153422190279e-09
2.683014495983012846e-09
2.679808713352194426e-09
2.676606532295969217e-09
2.673409776245095114e-09
2.670219769720344211e-09
2.667031844867045079e-09
2.663851187428715875e-09
2.660673574775272788e-09
2.657501450294288964e-09
2.654336851071931347e-09
2.651174689346208916e-09
2.648018388488069542e-09
2.644866508181862134e-09
2.641719504901883166e-09
2.638578939447720906e-09
2.635443031388449753e-09
2.632310849716728115e-09
2.629182760176927423e-09
2.626059550434739442e-09
2.622941667734302089e-09
2.619829532684749317e-09
2.616720295498158158e-09
2.613614714206306603e-09
2.610514341002736269e-09
2.607417922267527379e-09
2.604328604427705303e-09
2.601242141622906880e-09
2.598158953433395243e-09
2.595080588539912522e-09
2.592006079154296681e-09
2.588938888581705961e-09
2.585874885857303667e-09
2.582814440141385873e-09
2.579760798097789034e-09
2.576709663183239175e-09
2.573665170004635165e-09
2.570625785020843281e-09
2.567589830573886421e-09
2.564559264083042184e-09
2.561532068753424199e-09
2.558510825191979875e-09
2.555495374714670137e-09
2.552483851125018827e-09
2.549475740585554762e-09
2.546471975768158386e-09
2.543472429949474129e-09
2.540478454965158473e-09
2.537489583115637281e-09
2.534503132811593489e-09
2.531520555549876225e-09
2.528542594322110720e-09
2.525568807686998559e-09
2.522601655450499917e-09
2.519636910196153355e-09
2.516675571484233286e-09
2.513718536448966560e-09
2.510765187121871673e-09
2.507818994836833558e-09
2.504875651818187238e-09
2.501935648955401586e-09
2.499002189768028560e-09
2.496071041006917577e-09
2.493145895463658962e-09
2.490226048054405826e-09
2.487309288809551965e-09
2.484397569782605720e-09
2.481489319966277656e-09
2.478586150318172368e-09
2.475688658010769992e-09
2.472795140790753071e-09
2.469904853461856553e-09
2.467018382394436253e-09
2.464136299344366918e-09
2.461258917380904628e-09
2.458386843973423917e-09
2.455517462722039299e-09
2.452651098013565198e-09
2.449789806026421472e-09
2.446931726320331713e-09
2.444079680193055603e-09
2.441231085807753066e-09
2.438384608789476255e-09
2.435543476992575855e-09
2.432705355831013412e-09
2.429872089538039077e-09
2.427044423655506930e-09
2.424218547707110021e-09
2.421398736458258811e-09
2.418581854906895268e-09
2.415769110374366010e-09
2.412963436908231649e-09
2.410159927711501207e-09
2.407360886353705434e-09
2.404566135887637123e-09
2.401774890826911094e-09
2.398989093544065761e-09
2.396208331002292417e-09
2.393430869774785214e-09
2.390656392104953741e-09
2.387886302046737421e-09
2.385119709493540349e-09
2.382358258683439624e-09
2.379601429026926124e-09
2.376846607022885688e-09
2.374095415091675442e-09
2.371348432636576083e-09
2.368605101020792825e-09
2.365867888385743933e-09
2.363133008856052490e-09
2.360400713456466726e-09
2.357672925620090868e-09
2.354948300518530881e-09
2.352229205098750815e-09
2.349514076404999091e-09
2.346801039189180899e-09
2.344094383976245612e-09
2.341389712160717012e-09
2.338689493426129901e-09
2.335995904014345702e-09
2.333304085232360511e-09
2.330616768083378108e-09
2.327933321817606713e-09
2.325253255186696456e-09
2.322578461636389302e-09
2.319908361984520274e-09
2.317241365220113106e-09
2.314577252573419721e-09
2.311917130830806817e-09
2.309260426369627126e-09
2.306608616827763813e-09
2.303961210892888311e-09
2.301315824907853303e-09
2.298673616155243296e-09
2.296035636724334871e-09
2.293400847122716576e-09
2.290771765486195924e-09
2.288145371240249025e-09
2.285520958442274066e-09
2.282901370227689061e-09
2.280284467888770965e-09
2.277671761306381682e-09
2.275064626356325595e-09
2.272458938494425056e-09
2.269858086250764405e-09
2.267260666851395079e-09
2.264666390772104906e-09
2.262078321204305976e-09
2.259493117241985308e-09
2.256911084166490205e-09
2.254333379389043750e-09
2.251758439615831026e-09
2.249188225913607770e-09
2.246622791802718201e-09
2.244060719478443294e-09
2.241501522846196462e-09
2.238945260975539577e-09
2.236393256449791696e-09
2.233844279485228394e-09
2.231300569416637691e-09
2.228759851667049367e-09
2.226221039086906208e-09
2.223686389832095206e-09
2.221154769188588632e-09
2.218627092055882431e-09
2.216104456592423928e-09
2.213583578294367582e-09
2.211065691327528442e-09
2.208551274976614552e-09
2.206039947265148936e-09
2.203534007526255183e-09
2.201031158403571605e-09
2.198530300641441703e-09
2.196035349011435586e-09
2.193542190461175413e-09
2.191052827931228102e-09
2.188569628889112389e-09
2.186088254352385852e-09
2.183610538949677488e-09
2.181136704468234827e-09
2.178665463957782048e-09
2.176199073147160620e-09
2.173737178529082446e-09
2.171278294421047115e-09
2.168821991047658921e-09
2.166368831336596686e-09
2.163919447968692507e-09
2.161473227833934610e-09
2.159031821592504638e-09
2.156593261997806553e-09
2.154156557428923216e-09
2.151723782798211779e-09
2.149293920455414437e-09
2.146867716377383423e-09
2.144446460205244522e-09
2.142026959217171983e-09
2.139609994515799381e-09
2.137196630124137996e-09
2.134786111041630979e-09
2.132380258463061977e-09
2.129978152778495904e-09
2.127577660295639445e-09
2.125182140964399863e-09
2.122789034153310136e-09
2.120399118778229055e-09
2.118014904366064952e-09
2.115633132067325923e-09
2.113254177760022122e-09
2.110879241828781749e-09
2.108506828583993281e-09
2.106138393557559463e-09
2.103774420398823796e-09
2.101413581312161061e-09
2.099055743709177164e-09
2.096699954657536797e-09
2.094348376147979669e-09
2.091999248745587200e-09
2.089654603426311897e-09
2.087313556995686260e-09
2.084974081920460746e-09
2.082637432377154213e-09
2.080304454203406082e-09
2.077974134200849980e-09
2.075648591587274901e-09
2.073325792532601605e-09
2.071004440492646762e-09
2.068687239890985792e-09
2.066372106803344248e-09
2.057318577002853292e-09
2.055020093549260359e-09
2.052722892833774545e-09
2.023425717768650386e-09
2.021166831314067086e-09
2.018909235160553704e-09
2.016655380579116218e-09
2.000902823683049943e-09
1.998671106259709577e-09
1.996442913649275729e-09
1.967173211298135037e-09
1.964981228688911151e-09
1.962793650862032551e-09
1.947069593287336121e-09
1.944904042878063251e-09
1.942740938801870969e-09
1.913463142974536163e-09
1.911336837472887257e-09
1.909212904483525675e-09
1.907093345180993931e-09
1.891415794111821076e-09
1.889316046745131380e-09
1.887219263595051469e-09
1.857967745011386276e-09
1.855907376024235141e-09
1.853851676318758830e-09
1.838201613972273355e-09
1.836164880507379787e-09
1.834132194891513515e-09
1.804872799722374877e-09
1.802875181436193287e-09
1.800883102277005968e-09
1.785260484454757163e-09
1.783286953608661874e-09
1.781317585096986412e-09
1.752050794453323456e-09
1.750116327179250563e-09
1.748186791674841709e-09
1.746258532742175688e-09
1.730681980667659446e-09
1.728774832225118563e-09
1.726869178266808794e-09
1.697630267796005819e-09
1.695762609770464813e-09
1.693897234727047459e-09
