-5.248538574105669280e-12
-3.266314458426359842e-12
-2.171003666225076352e-13
4.036275067475174144e-12
9.620079748074742574e-12
1.664842458805096942e-11
2.522283571836172286e-11
3.543117405111585845e-11
4.734806340229238571e-11
6.103424379061831987e-11
7.653694233333315295e-11
9.388944871053366044e-11
1.131123058711073187e-10
1.342136144017469410e-10
1.571896961005586486e-10
1.820258531060664175e-10
2.086960137078656055e-10
2.371653732227785619e-10
2.673902103571111882e-10
2.993193317969977888e-10
3.328938096552519965e-10
3.680482665370088127e-10
4.047133050780321661e-10
4.428151912534715060e-10
4.822769444467248943e-10
5.230185959505345067e-10
5.649569107370397101e-10
6.080123162702623128e-10
6.521010833710757436e-10
6.971415993609089129e-10
7.430521852005081121e-10
7.897555012347460279e-10
8.371742139530027308e-10
8.852346110188788032e-10
9.338650200392866814e-10
9.829996780764194425e-10
1.032573895139745302e-09
1.082530216778394900e-09
1.132812395272972867e-09
1.183370529781878575e-09
1.234160050255635848e-09
1.285136141744623732e-09
1.336265804506470758e-09
1.387514137422443313e-09
1.438853981320537803e-09
1.490263432924309863e-09
1.541720243170997872e-09
1.593211975892734811e-09
1.644726503409149711e-09
1.696254369356249622e-09
1.747793324644969164e-09
1.799340948505379144e-09
1.850896898372877349e-09
1.902467691079017606e-09
1.954058265030990112e-09
2.005673967411809214e-09
2.057328246339923722e-09
2.109030540011512319e-09
2.160790237034916267e-09
2.212622283144369499e-09
2.264538785560694022e-09
2.316552332603050603e-09
2.368674214787558625e-09
2.420918175235460051e-09
2.473295689263092669e-09
2.525815548598007546e-09
2.578487058847873467e-09
2.631318371266660375e-09
2.684317660557108220e-09
2.737485891788867325e-09
2.790827519696738717e-09
2.844343865831454111e-09
2.898034257601926191e-09
2.951892523348466706e-09
3.005913239530100173e-09
3.060090963491449608e-09
3.114413824243100562e-09
3.168868730164292097e-09
3.223440824632757906e-09
3.278114176584344990e-09
3.332869584897772886e-09
3.387685414080881012e-09
3.442537666825639957e-09
3.497400762268161928e-09
3.552252349961309801e-09
3.607060819568735826e-09
3.661796409868926039e-09
3.716425928165363469e-09
3.770924024303814690e-09
3.825252339485047686e-09
3.879377860025300847e-09
3.933270180243853651e-09
3.986889028929909625e-09
4.040202872545162709e-09
4.093176164108398873e-09
4.145773453156994477e-09
4.197964602010401336e-09
4.249710753416966924e-09
4.300977548543966302e-09
4.351741479186176374e-09
4.401965818924148051e-09
4.451622321431503852e-09
4.500680625782788730e-09
4.549112222758035834e-09
4.596900332263299890e-09
4.644010769994783686e-09
4.690431279694141509e-09
4.736136596682223123e-09
4.781104172941061066e-09
4.825327907190490478e-09
4.868790944240718578e-09
4.911477989241535371e-09
4.953381077690482741e-09
4.994498583651209502e-09
5.034809969372749333e-09
5.074330077702046077e-09
5.113043847628922284e-09
5.150961212364373336e-09
5.188081516181494292e-09
5.224406121923769234e-09
5.259947220651334258e-09
5.294703695757696972e-09
5.328698787921201856e-09
5.361936281643725510e-09
5.394434894299427592e-09
5.426201790110165620e-09
5.457254591772857251e-09
5.487609034491323399e-09
5.517283250832060151e-09
5.546307404465225221e-09
5.574691463625506361e-09
5.602458559112507894e-09
5.629629868968101871e-09
5.656218707950011913e-09
5.682252720114926837e-09
5.707766825978295188e-09
5.732764615809124857e-09
5.757286956735809833e-09
5.781335330141010610e-09
5.804947003949666835e-09
5.828135946130480991e-09
5.850929282135396402e-09
5.873345677425787027e-09
5.895404814262789109e-09
5.917134752943659606e-09
5.938534416410947290e-09
5.959643141362267865e-09
5.980467062025633241e-09
6.001026377074829527e-09
6.021337952734855126e-09
6.041409831369039742e-09
6.061266077555317754e-09
6.080908055332859510e-09
6.100353055640841629e-09
6.119613989908187000e-09
6.138692150374664725e-09
6.157605822945450564e-09
6.176356243189688432e-09
6.194949273594539253e-09
6.213391933255233954e-09
6.231680769074746010e-09
6.249829926909422877e-09
6.267839460270455193e-09
6.285703085904762615e-09
6.303429412732490729e-09
6.321013208672200480e-09
6.338451583683800647e-09
6.355747427043470402e-09
6.372888440224464953e-09
6.389878856265259425e-09
6.406718450546736091e-09
6.423392156516204556e-09
6.439901723880328937e-09
6.456242055143142967e-09
6.472397554294683016e-09
6.488369556353777216e-09
6.504152042521969992e-09
6.519735754782467090e-09
6.535114738688076461e-09
6.550282534725534927e-09
6.565229646628916377e-09
6.579954688226365757e-09
6.594441694820856286e-09
6.608688507992174197e-09
6.622692963752683893e-09
6.636437879568102485e-09
6.649923576999609899e-09
6.663150626062382269e-09
6.676102143314347437e-09
6.688775636667770060e-09
6.701171622589272714e-09
6.713276478518667007e-09
6.725091376363012922e-09
6.736614578397436924e-09
6.747835042617937269e-09
6.758757206774733989e-09
6.769378194374714291e-09
6.779693637382910005e-09
6.789703749412297884e-09
6.799403096878953733e-09
6.808797043282048303e-09
6.817878920788755779e-09
6.826656518205978309e-09
6.835125594573808500e-09
6.843288657619412743e-09
6.851150944094887223e-09
6.858712691082737211e-09
6.865974620861528382e-09
6.872944892909737378e-09
6.879625410949432714e-09
6.886011548594012951e-09
6.892114499089550302e-09
6.897939079646974928e-09
6.903484914591921512e-09
6.908762065036635034e-09
6.913778344810279978e-09
6.918536799969468959e-09
6.923040074018379942e-09
6.927301315435227304e-09
6.931317224797949505e-09
6.935091260600776020e-09
6.938638853558114907e-09
6.941968325583482089e-09
6.945080933212077951e-09
6.947978705833607134e-09
6.950678992228648818e-09
6.953181122218250039e-09
6.955489346718082066e-09
6.957613099519375889e-09
6.959563655311993245e-09
6.961342254904513670e-09
6.962944837948188416e-09
6.964388231887035915e-09
6.965684309645161281e-09
6.966829002715735398e-09
6.967825480975500760e-09
6.968690796894462163e-09
6.969422350756361580e-09
6.970023390826083660e-09
6.970499265810313370e-09
6.970860613674312381e-09
6.971106951617546922e-09
6.971236285423465503e-09
6.971257373132772702e-09
6.971180885982406870e-09
6.971007865246368097e-09
6.970733987292057762e-09
6.970366094593326441e-09
6.969911449671699069e-09
6.969371792257317789e-09
6.968742944417145644e-09
6.968028913964392830e-09
6.967236914899732094e-09
6.966366991951442146e-09
6.965415019275719278e-09
6.964384742396256121e-09
6.963284742088863474e-09
6.962114461522070722e-09
6.960870833216523192e-09
6.959553880658355053e-09
6.958167194668749514e-09
6.956712909312005757e-09
6.955189207113352087e-09
6.953594349951425798e-09
6.951930850072515061e-09
6.950200018434302542e-09
6.948399043945316905e-09
6.946528457096603665e-09
6.944593148347436729e-09
6.942588443575030963e-09
6.940517741802671607e-09
6.938377121101171549e-09
6.936168382002239752e-09
6.933890809283113189e-09
6.931544801477386049e-09
6.929128988054713032e-09
6.926639442907228798e-09
6.924080852141581981e-09
6.921452446355401559e-09
6.918750444814474695e-09
6.915976313853645296e-09
6.913133727126625561e-09
6.910216176628364767e-09
6.907228345237569901e-09
6.904170028966968132e-09
6.901034916749204282e-09
6.897827536430415963e-09
6.894549399019753910e-09
6.891193295411394925e-09
6.887763710589383545e-09
6.884263548767695544e-09
6.880683796225608609e-09
6.877031432000729605e-09
6.873305976742583426e-09
6.869503247037896945e-09
6.865628677031072915e-09
6.861681952054820069e-09
6.857660385209373924e-09
6.853567161427598455e-09
6.849399989495261113e-09
6.845158905617213583e-09
6.840849595696601843e-09
6.836461441922567084e-09
6.832003319832912294e-09
6.827479174726710928e-09
6.822879240328444307e-09
6.818211766139851240e-09
6.813472707846026980e-09
6.808665263096474316e-09
6.803795256274103893e-09
6.798853523292128704e-09
6.793848333320941842e-09
6.788778780440081329e-09
6.783642895459410455e-09
6.778446928055180166e-09
6.773186295404517369e-09
6.767862841748165234e-09
6.762480295589946629e-09
6.757035325473326626e-09
6.751537057580122995e-09
6.745979490316504021e-09
6.740365545543221364e-09
6.734695388460343348e-09
6.728970604502370505e-09
6.723197151207430605e-09
6.717370298633209386e-09
6.711494571397901157e-09
6.705567161976341072e-09
6.699592050896804667e-09
6.693572914769009333e-09
6.687505480420051336e-09
6.681394721307800836e-09
6.675235904176890001e-09
6.669034701968877964e-09
6.662796540358709852e-09
6.656516988550255669e-09
6.650200638549937918e-09
6.643842714684527253e-09
6.637447659821207791e-09
6.631018849870781324e-09
6.624557747248892646e-09
6.618063207524393416e-09
6.611535010132294720e-09
6.604974648702754592e-09
6.598384038489174383e-09
6.591765082223442750e-09
6.585116933921035740e-09
6.578440649521811109e-09
6.571734255173279907e-09
6.565001609030450758e-09
6.558246674385839433e-09
6.551467913688513657e-09
6.544666182650418872e-09
6.537841069101721401e-09
6.530992393137050318e-09
6.524123973063453174e-09
6.517235663224960723e-09
6.510328142377928969e-09
6.503400681401797579e-09
6.496453633169827325e-09
6.489488147649451646e-09
6.482506178293808594e-09
6.475506479200189699e-09
6.468490597920959749e-09
6.461455979972569056e-09
6.454405464350028160e-09
6.447339017877145976e-09
6.440259608855528589e-09
6.433165156055340240e-09
6.426057375878352101e-09
6.418935144041590024e-09
6.411799078510222656e-09
6.404649902739820892e-09
6.397487770054533323e-09
6.390312184468045261e-09
6.383124524328342136e-09
6.375922965264688197e-09
6.368710473293181224e-09
6.361483955517793740e-09
6.354246483926619428e-09
6.346995171470865572e-09
6.339733012966930546e-09
6.332456627914314905e-09
6.325169887496044166e-09
6.317870120321008465e-09
6.310560786805674329e-09
6.303238688304130435e-09
6.295906608166227044e-09
6.288561982396884634e-09
6.281207323871370412e-09
6.273840112955458212e-09
6.266462779150090394e-09
6.259072490549276986e-09
6.251672354386920229e-09
6.244259034012716560e-09
6.236836712034510034e-09
6.229400598644629205e-09
6.221955520328889273e-09
6.214496608802217234e-09
6.207028339562036680e-09
6.199546422328386800e-09
6.192054775204667445e-09
6.184550966691931942e-09
6.177037968604119333e-09
6.169513926027516455e-09
6.161979867768585063e-09
6.154435404485582789e-09
6.146880450456400536e-09
6.139315434869705286e-09
6.131740169811509005e-09
6.124155057425302314e-09
6.116559407304039173e-09
6.108954404340243805e-09
6.101337921011650351e-09
6.093713371509757605e-09
6.086077551552732763e-09
6.078434572440992573e-09
6.070780414655625983e-09
6.063118480845384684e-09
6.055445919708599814e-09
6.047764586400819886e-09
6.040075119282412823e-09
6.032378596175781669e-09
6.024675119908016377e-09
6.016964294323404802e-09
6.009246387550822796e-09
6.001521248109474737e-09
5.993789264007371863e-09
5.986051360435063380e-09
5.978307392504646194e-09
5.970557275704229383e-09
5.962801554932276785e-09
5.955039547932555122e-09
5.947271640218946585e-09
5.939499328447155474e-09
5.931721792882781280e-09
5.923941177897742395e-09
5.916155767633098308e-09
5.908366763456334464e-09
5.900572935878465779e-09
5.892774984846092177e-09
5.884974337122184566e-09
5.877171872563905182e-09
5.869367362603873366e-09
5.861561370033317464e-09
5.853753037715223618e-09
5.845943371589557928e-09
5.838131829712826120e-09
5.830319774186395608e-09
5.822507061326354459e-09
5.814693305497383750e-09
5.806879736718850158e-09
5.799065373741949369e-09
5.791250003110431369e-09
5.783434873222175096e-09
5.775620638704924585e-09
5.767806774294616734e-09
5.759994043620692673e-09
5.752182880637964589e-09
5.744372581349852055e-09
5.736562951038777548e-09
5.728754466836136263e-09
5.720947858968912086e-09
5.713143684164784318e-09
5.705341468030400037e-09
5.697542247045590074e-09
5.689744657612299648e-09
5.681950059305592285e-09
5.674158086366385147e-09
5.666368708087711441e-09
5.658582304189760404e-09
5.650799022709497662e-09
5.643018134535705884e-09
5.635240104293839245e-09
5.627465219482502174e-09
5.619692960939583302e-09
5.611924321610248102e-09
5.604159383405349492e-09
5.596397869700606995e-09
5.588639682739189644e-09
5.580885522912967034e-09
5.573134929028899893e-09
5.565387693630974023e-09
5.557644257017789523e-09
5.549904892553508725e-09
5.542169509029557692e-09
5.534437809275961916e-09
5.526710692965918340e-09
5.518987215076233261e-09
5.511267945950067372e-09
5.503553033409535231e-09
5.495841950334765907e-09
5.488135847251595173e-09
5.480433244801313849e-09
5.472734183586454534e-09
5.465040070869478991e-09
5.457349578249359676e-09
5.449662503617464252e-09
5.441980278721909861e-09
5.434302190003727044e-09
5.426628539994804908e-09
5.418959699340768461e-09
5.411294885474223039e-09
5.403634819017209186e-09
5.395979088087396392e-09
5.388327750895692105e-09
5.380681172385368148e-09
5.373039271250681517e-09
5.365402325559662976e-09
5.357769647285224755e-09
5.350141946734523064e-09
5.342519185131769315e-09
5.334900608648635737e-09
5.327286993490044729e-09
5.319678883670149457e-09
5.312075490350421100e-09
5.304476863352229194e-09
5.296883719396058106e-09
5.289294452062670618e-09
5.281710267762820257e-09
5.274131358493689343e-09
5.266556668478370567e-09
5.258987584654706428e-09
5.251423514170087304e-09
5.243865068687411780e-09
5.236312420492652758e-09
5.228764799496333370e-09
5.221223236848545519e-09
5.213686650976869472e-09
5.206155760611209828e-09
5.198630932348251684e-09
5.191111261974919049e-09
5.183598570878954061e-09
5.176091041018878624e-09
5.168588716121377323e-09
5.161094118869056912e-09
5.153603916182069463e-09
5.146120087845675713e-09
5.138642887723529679e-09
5.131171084719938925e-09
5.123706750375722887e-09
5.116247721563685857e-09
5.108794950242427220e-09
5.101348933967601129e-09
5.093908217431264404e-09
5.086474150069003192e-09
5.079046559715244037e-09
5.071625226864718134e-09
5.064210468129786464e-09
5.056802905727992731e-09
5.049402409034576144e-09
5.042008027776527095e-09
5.034621932749220634e-09
5.027241398457705343e-09
5.019868238605975647e-09
5.012503158591808784e-09
5.005143433695581302e-09
4.997792690667240025e-09
4.990448429163406593e-09
4.983110834388049992e-09
4.975781427572831553e-09
4.968458408525445273e-09
4.961142740817817649e-09
4.953834146173295524e-09
4.946533847768212802e-09
4.939240034771547032e-09
4.931954817012081435e-09
4.924676122482968807e-09
4.917404004702662434e-09
4.910140965117853200e-09
4.902883708116697632e-09
4.895634211101384696e-09
4.888392522369610619e-09
4.881158094629461155e-09
4.873931015162007060e-09
4.866712649783343258e-09
4.859501865990140937e-09
4.852297499668067220e-09
4.845103303029196166e-09
4.837914976384788677e-09
4.830735082406571782e-09
4.823563808202068813e-09
4.816399751191929168e-09
4.809243846049173034e-09
4.802096704600689205e-09
4.794956609656922032e-09
4.787823230731585657e-09
4.780700029502221498e-09
4.773582773226161662e-09
4.766473695805574656e-09
4.759373017810637470e-09
4.752280452897955509e-09
4.745195349838984205e-09
4.738119153178398397e-09
4.731050050699548846e-09
4.723987917370008792e-09
4.716935214700284271e-09
4.709888867614457734e-09
4.702851118872336284e-09
4.695820799936996413e-09
4.688799120623581674e-09
4.681784222011995781e-09
4.674779375415253837e-09
4.667781348735168673e-09
4.660791344569683363e-09
4.653810320410568056e-09
4.646837227025024991e-09
4.639871312128636674e-09
4.632914228981094952e-09
4.625966566937725388e-09
4.619025411174378453e-09
4.612093635562371669e-09
4.605170083003736487e-09
4.598254379172371457e-09
4.591345166446068193e-09
4.584446922209194849e-09
4.577554415713005388e-09
4.570670367634410366e-09
4.563794917394570507e-09
4.556928041666153776e-09
4.550068391307305035e-09
4.543218584467286748e-09
4.536375338825903899e-09
4.529540585589961007e-09
4.522713973899769977e-09
4.515895530348490189e-09
4.509084735611057348e-09
4.502281585450667246e-09
4.495488040695944385e-09
4.488701581870427445e-09
4.481923473005199399e-09
4.475154874450560686e-09
4.468393884201169298e-09
4.461639790699689753e-09
4.454896386276017413e-09
4.448159919032569806e-09
4.441431643496165197e-09
4.434711841316188914e-09
4.428001776177576139e-09
4.421298397935334372e-09
4.414604393461202391e-09
4.407919242318499307e-09
4.401241902403926011e-09
4.394571113720288890e-09
4.387911228406237507e-09
4.381257708377036648e-09
4.374613134324843251e-09
4.367976294234114902e-09
4.361348940942931172e-09
4.354728857082209935e-09
4.348118065173714999e-09
4.341515495660030166e-09
4.334921576741199312e-09
4.328334009481358955e-09
4.321757333994383700e-09
4.315187094676730630e-09
4.308625940445350679e-09
4.302072364588614856e-09
4.295528679937589084e-09
4.288991857091739782e-09
4.282463970209530866e-09
4.275945633299566468e-09
4.269434863898743297e-09
4.262931219194090273e-09
4.256438206964081638e-09
4.249952690173434112e-09
4.243474684093116103e-09
4.237005521441398542e-09
4.230546230550412177e-09
4.224094466070425041e-09
4.217650889620636611e-09
4.211217542699685560e-09
4.204790792577110892e-09
4.198372848559923561e-09
4.191962383409570989e-09
4.185562400341850285e-09
4.179168549803578215e-09
4.172783466721533012e-09
4.166407029309395274e-09
4.160040044983487130e-09
4.153680052594501712e-09
4.147329914692084211e-09
4.140987392115947800e-09
4.134654032387318055e-09
4.128326888771085839e-09
4.122010901507414858e-09
4.115701518369341546e-09
4.109400652160247616e-09
4.103107865567638438e-09
4.096825092628216731e-09
4.090549508821856779e-09
4.084282031995798665e-09
4.078024891725106689e-09
4.071774368025235865e-09
4.065532915496195436e-09
4.059298332016519548e-09
4.053075198446888109e-09
4.046857859664815458e-09
4.040649423175623301e-09
4.034449328399897247e-09
4.028259063625084556e-09
4.022075792272981371e-09
4.015901236335617494e-09
4.009736690451921639e-09
4.003578608739689580e-09
3.997429048889687484e-09
3.991287058991579473e-09
3.985155603952960244e-09
3.979030000484623676e-09
3.972913398923363152e-09
3.966804946210166060e-09
3.960705965342629978e-09
3.954614119130141423e-09
3.948531060626363885e-09
3.942457642788593229e-09
3.936390940139952694e-09
3.930332605358377175e-09
3.924282280397076721e-09
3.918242164862111405e-09
3.912207782855416011e-09
3.906182725000970581e-09
3.900165702728581871e-09
3.894158458010829034e-09
3.888157750026814351e-09
3.882165862564945848e-09
3.876183927788115403e-09
3.870208346042928742e-09
3.864241375635212166e-09
3.858281380264426878e-09
3.852332819383774662e-09
3.846389768936465762e-09
3.840455483210974433e-09
3.834529290047988815e-09
3.828612715948187493e-09
3.822703632336852110e-09
3.816802059553650000e-09
3.810910794209462610e-09
3.805025917409475114e-09
3.799150372071312626e-09
3.793280348462217126e-09
3.787421690406445139e-09
3.781569423513553983e-09
3.775725064719756159e-09
3.769888297826822794e-09
3.764060969320007808e-09
3.758242096624561181e-09
3.752430043743016476e-09
3.746627104649445554e-09
3.740833073883242008e-09
3.735046153250103318e-09
3.729266888428491550e-09
3.723495673034319509e-09
3.717734715278551165e-09
3.711979087319020074e-09
3.706232743524174602e-09
3.700493928208391975e-09
3.694765023405774100e-09
3.689042882747508859e-09
3.683328312643651925e-09
3.677623945763498107e-09
3.671926523910790784e-09
3.666237505630757786e-09
3.660554395909238971e-09
3.654882090951971253e-09
3.649217153301359571e-09
3.643558720623505858e-09
3.637908919680915544e-09
3.632267440443739469e-09
3.626635158649619945e-09
3.621009596336963385e-09
3.615392119011527229e-09
3.609784454482902114e-09
3.604182599436239043e-09
3.598590214623860198e-09
3.593003029994416897e-09
3.587426965847414187e-09
3.581857351741582725e-09
3.576294976113775737e-09
3.570740490721878791e-09
3.565194466649091368e-09
3.559657296647253816e-09
3.554126864663675397e-09
3.548604387032179196e-09
3.543091711758059049e-09
3.537584781629688385e-09
3.532087319747979165e-09
3.526595168786309313e-09
3.521114077073741082e-09
3.515639687497894178e-09
3.510171876923148050e-09
3.504712693507979276e-09
3.499261462299505091e-09
3.493819654746419151e-09
3.488383976096277282e-09
3.482956174915585140e-09
3.477538097019098927e-09
3.472126659261563969e-09
3.466723422713780376e-09
3.461326043539828667e-09
3.455938330854385099e-09
3.450558988210975811e-09
3.445185193140410270e-09
3.439820062336228617e-09
3.434462322662162662e-09
3.429113883097365269e-09
3.423772674189837472e-09
3.418438178919743680e-09
3.413112727093390286e-09
3.407795621349643282e-09
3.402484716105327573e-09
3.397181852315122837e-09
3.391884577850314140e-09
3.386598840248636091e-09
3.381318338894623773e-09
3.376045534032516117e-09
3.370779780210850477e-09
3.365522689362834732e-09
3.360274047855771732e-09
3.355031717608079826e-09
3.349796991576734238e-09
3.344571909130037389e-09
3.339352590881215577e-09
3.334142146724370657e-09
3.328937009035392430e-09
3.323741348806203797e-09
3.318554161149292399e-09
3.313372092512805242e-09
3.308198637413667978e-09
3.303032295725876946e-09
3.297875311916104936e-09
3.292725678679584668e-09
3.287582084623742854e-09
3.282447012963623619e-09
3.277321242373371173e-09
3.272200428125109512e-09
3.267088630206910579e-09
3.261981799941474588e-09
3.256885541699938354e-09
3.251796116808385194e-09
3.246712281562427206e-09
3.241636920668266722e-09
3.236568518099429857e-09
3.231509189616950909e-09
3.226456939120967632e-09
3.221411038769643724e-09
3.216373350727106608e-09
3.211344678828325090e-09
3.206320645664323667e-09
3.201306010136003993e-09
3.196295888288760086e-09
3.191296070887678948e-09
3.186303072204452747e-09
3.181315446046182684e-09
3.176336369549369347e-09
3.171363618625412033e-09
3.166400143580916103e-09
3.161443580161409839e-09
3.156493127675795990e-09
3.151550578052432652e-09
3.146617320918421623e-09
3.141688946175383831e-09
3.136769559207055379e-09
3.131854900240124748e-09
3.126949592541196320e-09
3.122052535461593055e-09
3.117160239738619045e-09
3.112276048830578695e-09
3.107398857680993084e-09
3.102530032736497066e-09
3.097669526915061225e-09
3.092814297274103549e-09
3.087966569167452909e-09
3.083127893491922888e-09
3.078295489938260458e-09
3.073470061541928349e-09
3.068651166762191110e-09
3.063838151401263261e-09
3.059036166175421162e-09
3.054239072815756911e-09
3.049448359892032855e-09
3.044665265741792715e-09
3.039889233054045138e-09
3.035121792427970386e-09
3.030360808255358584e-09
3.025606038956383028e-09
3.020859177202508996e-09
3.016121035345387488e-09
3.011387214679407936e-09
3.006662464161904487e-09
3.001942102838739027e-09
2.997230466295237352e-09
2.992527112686811208e-09
2.987828050268346292e-09
2.983137180373249896e-09
2.978452526907636656e-09
2.973775904299453605e-09
2.969107177406119329e-09
2.964444208651262251e-09
2.959787431340213021e-09
2.955139459779063229e-09
2.950499227818157050e-09
2.945863780490613937e-09
2.941236646622700385e-09
2.936614021605366878e-09
2.932001504203145681e-09
2.927395576990322574e-09
2.922794384522026905e-09
2.918201086893092052e-09
2.913614446894974916e-09
2.909035796600617750e-09
2.904465101506326181e-09
2.899899646058121846e-09
2.895340616533637112e-09
2.890790458278496198e-09
2.886247585818498867e-09
2.881709392856951907e-09
2.877179343814369833e-09
2.872653637786310498e-09
2.868137738044686735e-09
2.863628564437096648e-09
2.859123752075935792e-09
2.854626964187418008e-09
2.850136377670447479e-09
2.845653548379739177e-09
2.841178411354770526e-09
2.836709001210691231e-09
2.832245596648924930e-09
2.827790233030870625e-09
2.823342897963979695e-09
2.818899470383567550e-09
2.814464952944294119e-09
2.810034495271755229e-09
2.805611841612479127e-09
2.801197971746866135e-09
2.796788390953590230e-09
2.792385600023893892e-09
2.787989476945449230e-09
2.783600106535554655e-09
2.779218956889113679e-09
2.774843690799683477e-09
2.770474032683762900e-09
2.766111592732404547e-09
2.761757507858816987e-09
2.757408488829196555e-09
2.753066569632027163e-09
2.748730455392251465e-09
2.744399577103555063e-09
2.740079080381856710e-09
2.735763618232006562e-09
2.731453023439325918e-09
2.727149841673575543e-09
2.722852870679067850e-09
2.718563795899169954e-09
2.714282163394369522e-09
2.710005583090549831e-09
2.705734935976727509e-09
2.701472198515770861e-09
2.697217417927234694e-09
2.692966298820421955e-09
2.688723523064919403e-09
2.684485017380227024e-09
2.680252949248669609e-09
2.676030675082616028e-09
2.671812734392308023e-09
2.667600316710826257e-09
2.663395096327231448e-09
2.659195467046736045e-09
2.655004000434516390e-09
2.650819259946470418e-09
2.646639587540413921e-09
2.642465955408487996e-09
2.638300609889779741e-09
2.634142061884148111e-09
2.629987329910693683e-09
2.625841228288951262e-09
2.621698793955335678e-09
2.617563480545038817e-09
2.613437128505193497e-09
2.609315019856333603e-09
2.605198474078532780e-09
2.601089068012283285e-09
2.596985071237616780e-09
2.592889234874001090e-09
2.588799890871074662e-09
2.584715372084323086e-09
2.580636721309341464e-09
2.576566069470969189e-09
2.572502764674832583e-09
2.568442914148836250e-09
2.564391269416580978e-09
2.560343559553044959e-09
2.556302138720189850e-09
2.552270354523344148e-09
2.548242762643858840e-09
2.544220179644240066e-09
2.540204486636688924e-09
2.536194403029532722e-09
2.532192088275458832e-09
2.528196722238909793e-09
2.524206194634415968e-09
2.520221225597231626e-09
2.516243234370829082e-09
2.512273229303936786e-09
2.508307012162770536e-09
2.504347919030668999e-09
2.500394099654975057e-09
2.496444678446987712e-09
2.492505099931643653e-09
2.488570561131577528e-09
2.484639934077629132e-09
2.480716689692643291e-09
2.476798990086930289e-09
2.472887648047289828e-09
2.468983747645203164e-09
2.465085422340136638e-09
2.461192074843656347e-09
2.457304815074653699e-09
2.453425359677516901e-09
2.449551888410888464e-09
2.445682184700995188e-09
2.441820760245960320e-09
2.437962742331371675e-09
2.434110881990549941e-09
2.430268414586729602e-09
2.426429802775544372e-09
2.422595819747527810e-09
2.418768728225131217e-09
2.414947061215985231e-09
2.411132534341085241e-09
2.407324760674715120e-09
2.403521844506538207e-09
2.399724098343927468e-09
2.395932839449952451e-09
2.392148976714574121e-09
2.388370302489382462e-09
2.384596494445133465e-09
2.380829487104019107e-09
2.377066069835485781e-09
2.373309877435462820e-09
2.369561669428923221e-09
2.365817623194690796e-09
2.362078313561052959e-09
2.358345425315149215e-09
2.354617835579611509e-09
2.350897560925788510e-09
2.347183748537281748e-09
2.343474787999625827e-09
2.339770830809703375e-09
2.336073184847754721e-09
2.332382859178675915e-09
2.328697597408235614e-09
2.325016854433499207e-09
2.321343270843377695e-09
2.317672972445385480e-09
2.314008961669092768e-09
2.310353828004615669e-09
2.306702392117271351e-09
2.303055333973373019e-09
2.299414850312234541e-09
2.295779606362572338e-09
2.292150880774103722e-09
2.288528909789134353e-09
2.284911889317696416e-09
2.281299590221551646e-09
2.277693028067668322e-09
2.274093810196701240e-09
2.270500530676287618e-09
2.266910406802685904e-09
2.263328073199719655e-09
2.259749280729940027e-09
2.256175443518299322e-09
2.252611049170379684e-09
2.249050680863424703e-09
2.245493866831066049e-09
2.241943874469455257e-09
2.238399271941474271e-09
2.234859971748866553e-09
2.231327740181462592e-09
2.227801304592374929e-09
2.224279106197090550e-09
2.220762109729230886e-09
2.217251419191783007e-09
2.213747953142447049e-09
2.210248265535329288e-09
2.206754108986913401e-09
2.203265691903690847e-09
2.199780756658378614e-09
2.196302585914204761e-09
2.192832257700897295e-09
2.189365691185764949e-09
2.185903209086495749e-09
2.182446857597295214e-09
2.178995836062356104e-09
2.175550849839234823e-09
2.172112436656159567e-09
2.168678994560855780e-09
2.165249869205039503e-09
2.161825860845177925e-09
2.158408810851637932e-09
2.154998417868756429e-09
2.151590772413349408e-09
2.148189670216068448e-09
2.144793511719128760e-09
2.141400637977612498e-09
2.138015560049243403e-09
2.134636767719661023e-09
2.131261755810838420e-09
2.127891201743841643e-09
2.124526645441517319e-09
2.121166928915879098e-09
2.117813357502956618e-09
2.114466209914033922e-09
2.111123709664278232e-09
2.107785526012592772e-09
2.104452384256344655e-09
2.101125991893478756e-09
2.097806159960924890e-09
2.094489039337761824e-09
2.091178202372987260e-09
2.087872337041412587e-09
2.084569822455923634e-09
2.081274288652791691e-09
2.077985745514087524e-09
2.074700928803618165e-09
2.071419843120941676e-09
2.068144938462099123e-09
2.064875020656049096e-09
2.061610593675928417e-09
2.058352659969869420e-09
2.055099688645219326e-09
2.051850703027564089e-09
2.048606707349226156e-09
2.045368631192730169e-09
2.042137200787238210e-09
2.038909719247902920e-09
2.035686533756270256e-09
2.032469685370901020e-09
2.029255812863199900e-09
2.026046940541457607e-09
2.022846941926104031e-09
2.019650286136441190e-09
2.016456864614484490e-09
2.013269499124414291e-09
2.010087249420858579e-09
2.006909265591528833e-09
2.003738071216317635e-09
2.000572516423800744e-09
1.997411092717899318e-09
1.994253954321861777e-09
1.991101823918525500e-09
1.987956148895180187e-09
1.984816483118537303e-09
1.981679138208305721e-09
1.978548210193415140e-09
1.975421724493532531e-09
1.972298263601630421e-09
1.969181612051501343e-09
1.966071755097104465e-09
1.962965336182578243e-09
1.959862209135327027e-09
1.956765353452778665e-09
1.953672946564735093e-09
1.950585507490592555e-09
1.947504167309520520e-09
1.944428189679218611e-09
1.941356039906027881e-09
1.938288272472597823e-09
1.935225758223670868e-09
1.932169602499728060e-09
1.929118529900919810e-09
1.926070023053099068e-09
1.923028231522073022e-09
1.919990128671557516e-09
1.916955347440915907e-09
1.913927883434782184e-09
1.910906067426696990e-09
1.907887984296892895e-09
1.904873234633174243e-09
1.901864309313444905e-09
1.898860098872256102e-09
1.895860650956917591e-09
1.892867182250124154e-09
1.889879125753165549e-09
1.886894528182861626e-09
1.883914291349626485e-09
1.880939172085408914e-09
1.877970089477510194e-09
1.875006480270490289e-09
1.872045158776396709e-09
1.869089939869603193e-09
1.866138858278653087e-09
1.863190822692159793e-09
1.860248836654422378e-09
1.857314210471958246e-09
1.854382501119949332e-09
1.851453651802438939e-09
1.848530826131134415e-09
1.845612547864729600e-09
1.842698213940561822e-09
1.839790273818714118e-09
1.836887529072528506e-09
1.833988716187159436e-09
1.831093685516601287e-09
1.828203102258163688e-09
1.825318575361542676e-09
1.822439861249037309e-09
1.819563812430618413e-09
1.816692285605746228e-09
1.813826519104310157e-09
1.810963271947130231e-09
1.808104140926703911e-09
1.805253168673387382e-09
1.802405667921170142e-09
1.799561329166299620e-09
1.796721315355962226e-09
1.793886343043926145e-09
1.791055638915755881e-09
1.788230033871444183e-09
1.785409972583531771e-09
1.782594427292692273e-09
1.779782586151187328e-09
1.776974771853091850e-09
1.774171727009634489e-09
1.771374534560700603e-09
1.768582556193925628e-09
1.765792647612451912e-09
1.763008530553489049e-09
1.760228642802704400e-09
1.757451492414878923e-09
1.754679396697383589e-09
1.751915141221224999e-09
1.749153583159125313e-09
1.746394965183066748e-09
1.743641147220711961e-09
1.740892146190085131e-09
1.738147151253477821e-09
1.731707337517472524e-09
1.728979757005181969e-09
1.726256258877018442e-09
1.723536230044496096e-09
1.705961314524853741e-09
1.703276641317931215e-09
1.700597562875384229e-09
1.697923423197332654e-09
1.687792634320259650e-09
1.685139322331418384e-09
1.682490146954448881e-09
1.679843652148633474e-09
1.662226286488222053e-09
1.659618829257972113e-09
1.657013931845808642e-09
1.654411890190341725e-09
1.644297505275125803e-09
1.641717869015638131e-09
1.639142361780930566e-09
1.636571778402633105e-09
1.618914265664490545e-09
1.616379470610457712e-09
1.613848105346878294e-09
1.611320541112420716e-09
1.601221611155690548e-09
1.598716102202883336e-09
1.596216046970756316e-09
1.593717868786840966e-09
1.576016445339399533e-09
1.573554058865585174e-09
1.571093980573069226e-09
1.568637717413629408e-09
1.558555378580899424e-09
1.556122261981802672e-09
1.553692309389472869e-09
1.551265654277509372e-09
1.533520875815454256e-09
1.531129403808546418e-09
1.528741623289862749e-09
1.526359465788871899e-09
1.516290879931689082e-09
1.513928999445270611e-09
1.511570485111486133e-09
1.509215680105107435e-09
1.491427081175111294e-09
1.489108197489281522e-09
1.486793029828708106e-09
1.484479971017506493e-09
1.474424169665983360e-09
1.472132161406165133e-09
1.469842792630906651e-09
1.467558182849833258e-09
1.449727672260958286e-09
1.447478107624786757e-09
1.445231303479366071e-09
1.442988578693044168e-09
1.432944469198947825e-09
1.430722249041374899e-09
1.428504311850813051e-09
1.410598423912530240e-09
1.408415250841794948e-09
1.406234975020048941e-09
1.404058191267674152e-09
1.394009981284171164e-09
1.391853399589214203e-09
1.389701860131560266e-09
1.387553384696845869e-09
1.369601169835041105e-09
1.367485869411534413e-09
1.365373365461902212e-09
1.363263365458411194e-09
1.353227003622997693e-09
1.351140113687883869e-09
1.349055297587919252e-09
1.346973032345387502e-09
1.328975969539538676e-09
1.326927139031724466e-09
1.324882162558492367e-09
1.322841367326548596e-09
1.312817366301727894e-09
1.310796769936624882e-09
1.308779087527707471e-09
1.306764630911201578e-09
1.288722073083550022e-09
1.286740479332464948e-09
1.284763810761791191e-09
1.282790431913134676e-09
1.272775161890459222e-09
1.270820224556374177e-09
1.268868154467631867e-09
1.266918515175679624e-09
1.248829363034113956e-09
1.246915576321031951e-09
1.245003636357615043e-09
1.234988033277457717e-09
1.233095438957098300e-09
1.231205300569313345e-09
1.229318337828089338e-09
1.211185117027830672e-09
1.209333489208744706e-09
1.207484091936478899e-09
1.205637032926353238e-09
1.195650116705874205e-09
1.193822818354496296e-09
1.191997161546339485e-09
1.190175394438283752e-09
1.172036102550797550e-09
1.170247298150572975e-09
1.168460979683974342e-09
1.166677994991205012e-09
1.156717812896934858e-09
1.154952931913533301e-09
1.153192317120664959e-09
1.151434778249232753e-09
1.133285698067456690e-09
1.131559494353530944e-09
1.129836805389942074e-09
1.128115838104799666e-09
1.118183531716970286e-09
1.116483109577091353e-09
1.114786135407675843e-09
1.096599128204824686e-09
1.094933721668207493e-09
1.093270921259491312e-09
1.091610813974966190e-09
1.081689010989756706e-09
1.080048572231654759e-09
1.078411160967939455e-09
1.076774762425854077e-09
1.058578592785021587e-09
1.056974696622966049e-09
1.055372351667998301e-09
1.053772675907244868e-09
1.043878789194486665e-09
1.042299188678555727e-09
1.040721676577681600e-09
1.039145616037198547e-09
1.020941390953380850e-09
1.019397394598846656e-09
1.017856210599845231e-09
1.016318617416967151e-09
1.006451194695690822e-09
1.004932039124142860e-09
1.003414694335353842e-09
9.851727243685996597e-10
9.836872926414909260e-10
9.822035497995036971e-10
9.807235089838431758e-10
9.708660543808795916e-10
9.694034382130183579e-10
9.679429949113201096e-10
9.664849768771332580e-10
9.482334991794833831e-10
9.468061243698144834e-10
9.453824607667770874e-10
9.439615920971410453e-10
9.341280777148534707e-10
9.327237953762161261e-10
9.313220998639937157e-10
9.299216132992116998e-10
9.116621515127092295e-10
9.102941387859666638e-10
9.089296203480651385e-10
8.991060706452550360e-10
8.977581261345167067e-10
8.964126874901428379e-10
8.950691216512733603e-10
8.767720220459222285e-10
8.754591405617577814e-10
8.741506553614034271e-10
8.728427589726323195e-10
8.630427378921710781e-10
8.617519458257311094e-10
8.604631323577513941e-10
8.591751994747125433e-10
8.408700443555381115e-10
8.396156005570475010e-10
8.383623060917536270e-10
8.371105977420964728e-10
8.273345524269125332e-10
8.261000797854026887e-10
8.248672295903577566e-10
8.065249741744698777e-10
8.053241292907804710e-10
8.041257987349329239e-10
8.029287979124824081e-10
7.931617599243471589e-10
7.919818164453414819e-10
7.908036126274570683e-10
7.896262905114491932e-10
7.712770020485621316e-10
7.701325293554375060e-10
7.689884198404019545e-10
7.678459057877644721e-10
7.581023095877992024e-10
7.569766390786739604e-10
7.558520525745375794e-10
7.374653471838284540e-10
7.363732303074595466e-10
7.352819957498828212e-10
7.341921566932768773e-10
7.244561734747281876e-10
7.233829642983834525e-10
7.223114555842244620e-10
7.212413732054104719e-10
7.028478019344418192e-10
7.018095262841132522e-10
7.007724199832078993e-10
6.997366452590519272e-10
6.900242268727624088e-10
6.890052911175352659e-10
6.879871903452332512e-10
6.695569707803620427e-10
6.685705632039230204e-10
6.675844520682544412e-10
6.665999081761770393e-10
6.568946578796967968e-10
6.559264729661928730e-10
6.549591665269474760e-10
6.539937922854641135e-10
6.355564238881583351e-10
6.346212153128222967e-10
6.336875436052707449e-10
6.327549021022636268e-10
6.230717610282575516e-10
6.221554133425922652e-10
6.212407008588889611e-10
6.027670445710107411e-10
6.018826914608085958e-10
6.010000094019947763e-10
6.001181500436427950e-10
5.904427517847843721e-10
5.895772507376210409e-10
5.887124989613289479e-10
5.878493331207883645e-10
5.693690798126778219e-10
5.685357438072112967e-10
5.677032963849898688e-10
5.580345546295697133e-10
5.572181442983139289e-10
5.564022896481853283e-10
5.555881218952298521e-10
5.370719710942792741e-10
5.362875509981820689e-10
5.355041682041454233e-10
5.347219760930456628e-10
5.250746926666095755e-10
5.243077820243552435e-10
5.235428165674981218e-10
5.227790852296744374e-10
5.042555707686177639e-10
5.035213996777699994e-10
5.027881981817245850e-10
4.931482146806916445e-10
4.924304782214023395e-10
4.917141969477442221e-10
4.909986451753674829e-10
4.724404321397475275e-10
4.717543867878568450e-10
4.710686843167460661e-10
4.703842055395696028e-10
4.607647507006006103e-10
4.600955939828335942e-10
4.594270535096511093e-10
4.408338506720254700e-10
4.401949363310996810e-10
4.395563978361527689e-10
4.389190941224669608e-10
4.293058940847889176e-10
4.286838277800275231e-10
4.280622795271226517e-10
4.274426315490507988e-10
4.088429696293231024e-10
4.082514885481908853e-10
4.076614668752872889e-10
3.980549875599095105e-10
3.974801794960182729e-10
3.969059565466263791e-10
3.963330985538008658e-10
3.776992856477199717e-10
3.771545400562078481e-10
3.766108252748685602e-10
3.760674807365372492e-10
3.664810122022675284e-10
3.659526885058562171e-10
3.654251785327758593e-10
3.467569096244737406e-10
3.462577860397844437e-10
3.457594681463247154e-10
3.452616052104820726e-10
3.356808288809832419e-10
3.351980465213143085e-10
3.347158413352183863e-10
3.342342157224721121e-10
3.155603578235690512e-10
3.151073813907612765e-10
3.146548547202765311e-10
3.050800945792754206e-10
3.046430041510491735e-10
3.042062682807296093e-10
3.037702639058670261e-10
2.850634976330052805e-10
2.846554770150880028e-10
2.842478356351487703e-10
2.838410009394724304e-10
2.742862043333304155e-10
2.738935157395214561e-10
2.735017030650733616e-10
2.547614335547159018e-10
2.543972497276286795e-10
2.540333821021120358e-10
2.536704151961023980e-10
2.441209006849487241e-10
2.437719170026859753e-10
2.434239461987633468e-10
2.430763684238877996e-10
2.243304261265906509e-10
2.240102999408486270e-10
2.236911278014406806e-10
2.141472005042384618e-10
2.138418512443527176e-10
2.135376807533872858e-10
2.132340762370102489e-10
1.944562127330408194e-10
1.941799868911142812e-10
1.939042986707527552e-10
1.843659425501392678e-10
1.841038896778023458e-10
1.838427080007171603e-10
1.835816329544355121e-10
1.647712171348786375e-10
1.645374551585088652e-10
1.643040101977984706e-10
1.640705652370394274e-10
1.545506263829942766e-10
1.543315424174227602e-10
1.541126388382018984e-10
1.352701224057787691e-10
1.350784735679538709e-10
1.348871747267670345e-10
1.346958758855882889e-10
1.251811428246497253e-10
1.250040866226269134e-10
1.248272549810958943e-10
1.246504233395324343e-10
1.058037730386316216e-10
1.056547642201590592e-10
1.055057554016783930e-10
9.599677455446535895e-11
9.586152134399816491e-11
9.572635693485076295e-11
9.559119252573580197e-11
7.671335453474064893e-11
7.660525663554998951e-11
7.649715873636743388e-11
6.699295205107630009e-11
6.689838111722953458e-11
6.680381018340304791e-11
6.670923924956439911e-11
4.780010842736338373e-11
4.773257890313222150e-11
4.766504937890105282e-11
4.759751985467394895e-11
3.811165870265218909e-11
3.805764357689027878e-11
3.800362845112836848e-11
2.024059550760751934e-11
2.021191343403002622e-11
2.018323136045862063e-11
2.015454928688112751e-11
5.952792174406369235e-12
5.944352158410652349e-12
5.935912142415948436e-12
0.000000000000000000e+00
0.000000000000000000e+00
0.000000000000000000e+00
0.000000000000000000e+00
0.000000000000000000e+00
0.000000000000000000e+00
0.000000000000000000e+00
0.000000000000000000e+00
0.000000000000000000e+00
0.000000000000000000e+00
0.000000000000000000e+00
0.000000000000000000e+00
0.000000000000000000e+00
0.000000000000000000e+00
0.000000000000000000e+00
0.000000000000000000e+00
0.000000000000000000e+00
0.000000000000000000e+00
0.000000000000000000e+00
0.000000000000000000e+00
0.000000000000000000e+00
0.000000000000000000e+00
0.000000000000000000e+00
0.000000000000000000e+00
0.000000000000000000e+00
0.000000000000000000e+00
0.000000000000000000e+00
0.000000000000000000e+00
0.000000000000000000e+00
0.000000000000000000e+00
0.000000000000000000e+00
0.000000000000000000e+00
0.000000000000000000e+00
0.000000000000000000e+00
0.000000000000000000e+00
0.000000000000000000e+00
0.000000000000000000e+00
0.000000000000000000e+00
0.000000000000000000e+00
0.000000000000000000e+00
0.000000000000000000e+00
0.000000000000000000e+00
0.000000000000000000e+00
0.000000000000000000e+00
0.000000000000000000e+00
0.000000000000000000e+00
0.000000000000000000e+00
0.000000000000000000e+00
0.000000000000000000e+00
0.000000000000000000e+00
0.000000000000000000e+00
0.000000000000000000e+00
0.000000000000000000e+00
0.000000000000000000e+00
0.000000000000000000e+00
0.000000000000000000e+00
0.000000000000000000e+00
0.000000000000000000e+00
0.000000000000000000e+00
0.000000000000000000e+00
0.000000000000000000e+00
0.000000000000000000e+00
0.000000000000000000e+00
0.000000000000000000e+00
0.000000000000000000e+00
0.000000000000000000e+00
0.000000000000000000e+00
0.000000000000000000e+00
0.000000000000000000e+00
0.000000000000000000e+00
0.000000000000000000e+00
0.000000000000000000e+00
0.000000000000000000e+00
0.000000000000000000e+00
0.000000000000000000e+00
0.000000000000000000e+00
0.000000000000000000e+00
0.000000000000000000e+00
0.000000000000000000e+00
0.000000000000000000e+00
0.000000000000000000e+00
0.000000000000000000e+00
0.000000000000000000e+00
0.000000000000000000e+00
0.000000000000000000e+00
0.000000000000000000e+00
0.000000000000000000e+00
0.000000000000000000e+00
0.000000000000000000e+00
0.000000000000000000e+00
0.000000000000000000e+00
0.000000000000000000e+00
0.000000000000000000e+00
0.000000000000000000e+00
0.000000000000000000e+00
0.000000000000000000e+00
0.000000000000000000e+00
0.000000000000000000e+00
0.000000000000000000e+00
0.000000000000000000e+00
0.000000000000000000e+00
0.000000000000000000e+00
0.000000000000000000e+00
0.000000000000000000e+00
0.000000000000000000e+00
0.000000000000000000e+00
0.000000000000000000e+00
0.000000000000000000e+00
0.000000000000000000e+00
0.000000000000000000e+00
0.000000000000000000e+00
0.000000000000000000e+00
0.000000000000000000e+00
0.000000000000000000e+00
0.000000000000000000e+00
0.000000000000000000e+00
0.000000000000000000e+00
0.000000000000000000e+00
0.000000000000000000e+00
0.000000000000000000e+00
0.000000000000000000e+00
0.000000000000000000e+00
0.000000000000000000e+00
0.000000000000000000e+00
0.000000000000000000e+00
0.000000000000000000e+00
0.000000000000000000e+00
0.000000000000000000e+00
0.000000000000000000e+00
0.000000000000000000e+00
0.000000000000000000e+00
0.000000000000000000e+00
0.000000000000000000e+00
0.000000000000000000e+00
0.000000000000000000e+00
0.000000000000000000e+00
0.000000000000000000e+00
0.000000000000000000e+00
0.000000000000000000e+00
0.000000000000000000e+00
0.000000000000000000e+00
0.000000000000000000e+00
0.000000000000000000e+00
0.000000000000000000e+00
0.000000000000000000e+00
0.000000000000000000e+00
0.000000000000000000e+00
0.000000000000000000e+00
0.000000000000000000e+00
0.000000000000000000e+00
0.000000000000000000e+00
0.000000000000000000e+00
0.000000000000000000e+00
0.000000000000000000e+00
0.000000000000000000e+00
0.000000000000000000e+00
0.000000000000000000e+00
0.000000000000000000e+00
0.000000000000000000e+00
0.000000000000000000e+00
0.000000000000000000e+00
0.000000000000000000e+00
0.000000000000000000e+00
0.000000000000000000e+00
0.000000000000000000e+00
0.000000000000000000e+00
0.000000000000000000e+00
0.000000000000000000e+00
0.000000000000000000e+00
0.000000000000000000e+00
0.000000000000000000e+00
0.000000000000000000e+00
0.000000000000000000e+00
0.000000000000000000e+00
0.000000000000000000e+00
0.000000000000000000e+00
0.000000000000000000e+00
0.000000000000000000e+00
0.000000000000000000e+00
0.000000000000000000e+00
0.000000000000000000e+00
0.000000000000000000e+00
0.000000000000000000e+00
0.000000000000000000e+00
0.000000000000000000e+00
0.000000000000000000e+00
0.000000000000000000e+00
0.000000000000000000e+00
0.000000000000000000e+00
0.000000000000000000e+00
0.000000000000000000e+00
0.000000000000000000e+00
0.000000000000000000e+00
0.000000000000000000e+00
0.000000000000000000e+00
0.000000000000000000e+00
0.000000000000000000e+00
0.000000000000000000e+00
0.000000000000000000e+00
0.000000000000000000e+00
0.000000000000000000e+00
0.000000000000000000e+00
0.000000000000000000e+00
0.000000000000000000e+00
0.000000000000000000e+00
0.000000000000000000e+00
0.000000000000000000e+00
0.000000000000000000e+00
0.000000000000000000e+00
0.000000000000000000e+00
0.000000000000000000e+00
0.000000000000000000e+00
0.000000000000000000e+00
0.000000000000000000e+00
0.000000000000000000e+00
0.000000000000000000e+00
0.000000000000000000e+00
0.000000000000000000e+00
0.000000000000000000e+00
0.000000000000000000e+00
0.000000000000000000e+00
0.000000000000000000e+00
0.000000000000000000e+00
0.000000000000000000e+00
0.000000000000000000e+00
0.000000000000000000e+00
0.000000000000000000e+00
0.000000000000000000e+00
0.000000000000000000e+00
0.000000000000000000e+00
0.000000000000000000e+00
0.000000000000000000e+00
0.000000000000000000e+00
0.000000000000000000e+00
0.000000000000000000e+00
0.000000000000000000e+00
0.000000000000000000e+00
0.000000000000000000e+00
0.000000000000000000e+00
0.000000000000000000e+00
0.000000000000000000e+00
0.000000000000000000e+00
0.000000000000000000e+00
0.000000000000000000e+00
0.000000000000000000e+00
0.000000000000000000e+00
0.000000000000000000e+00
0.000000000000000000e+00
0.000000000000000000e+00
0.000000000000000000e+00
0.000000000000000000e+00
0.000000000000000000e+00
0.000000000000000000e+00
0.000000000000000000e+00
0.000000000000000000e+00
0.000000000000000000e+00
0.000000000000000000e+00
0.000000000000000000e+00
0.000000000000000000e+00
0.000000000000000000e+00
0.000000000000000000e+00
0.000000000000000000e+00
0.000000000000000000e+00
0.000000000000000000e+00
0.000000000000000000e+00
0.000000000000000000e+00
0.000000000000000000e+00
0.000000000000000000e+00
0.000000000000000000e+00
0.000000000000000000e+00
0.000000000000000000e+00
0.000000000000000000e+00
0.000000000000000000e+00
0.000000000000000000e+00
0.000000000000000000e+00
0.000000000000000000e+00
0.000000000000000000e+00
0.000000000000000000e+00
0.000000000000000000e+00
0.000000000000000000e+00
0.000000000000000000e+00
0.000000000000000000e+00
0.000000000000000000e+00
0.000000000000000000e+00
0.000000000000000000e+00
0.000000000000000000e+00
0.000000000000000000e+00
0.000000000000000000e+00
0.000000000000000000e+00
0.000000000000000000e+00
0.000000000000000000e+00
0.000000000000000000e+00
0.000000000000000000e+00
0.000000000000000000e+00
0.000000000000000000e+00
0.000000000000000000e+00
0.000000000000000000e+00
0.000000000000000000e+00
0.000000000000000000e+00
0.000000000000000000e+00
0.000000000000000000e+00
0.000000000000000000e+00
0.000000000000000000e+00
0.000000000000000000e+00
0.000000000000000000e+00
0.000000000000000000e+00
0.000000000000000000e+00
0.000000000000000000e+00
0.000000000000000000e+00
0.000000000000000000e+00
0.000000000000000000e+00
0.000000000000000000e+00
0.000000000000000000e+00
0.000000000000000000e+00
0.000000000000000000e+00
0.000000000000000000e+00
0.000000000000000000e+00
0.000000000000000000e+00
0.000000000000000000e+00
0.000000000000000000e+00
0.000000000000000000e+00
0.000000000000000000e+00
0.000000000000000000e+00
0.000000000000000000e+00
0.000000000000000000e+00
0.000000000000000000e+00
0.000000000000000000e+00
0.000000000000000000e+00
0.000000000000000000e+00
0.000000000000000000e+00
0.000000000000000000e+00
0.000000000000000000e+00
0.000000000000000000e+00
0.000000000000000000e+00
0.000000000000000000e+00
0.000000000000000000e+00
0.000000000000000000e+00
0.000000000000000000e+00
0.000000000000000000e+00
0.000000000000000000e+00
0.000000000000000000e+00
0.000000000000000000e+00
0.000000000000000000e+00
0.000000000000000000e+00
0.000000000000000000e+00
0.000000000000000000e+00
0.000000000000000000e+00
0.000000000000000000e+00
0.000000000000000000e+00
0.000000000000000000e+00
0.000000000000000000e+00
0.000000000000000000e+00
0.000000000000000000e+00
0.000000000000000000e+00
0.000000000000000000e+00
0.000000000000000000e+00
0.000000000000000000e+00
0.000000000000000000e+00
0.000000000000000000e+00
0.000000000000000000e+00
0.000000000000000000e+00
0.000000000000000000e+00
0.000000000000000000e+00
0.000000000000000000e+00
0.000000000000000000e+00
0.000000000000000000e+00
0.000000000000000000e+00
0.000000000000000000e+00
0.000000000000000000e+00
0.000000000000000000e+00
0.000000000000000000e+00
0.000000000000000000e+00
0.000000000000000000e+00
0.000000000000000000e+00
0.000000000000000000e+00
0.000000000000000000e+00
0.000000000000000000e+00
0.000000000000000000e+00
0.000000000000000000e+00
0.000000000000000000e+00
0.000000000000000000e+00
