1.095346978842849737e-11
1.390086950856669564e-11
1.724595344737205407e-11
2.098976877050143946e-11
2.513026481118954916e-11
2.966265927435574458e-11
3.457939718726984492e-11
3.987082209904744331e-11
4.552500758462087421e-11
5.152842011684186693e-11
5.786571712323900830e-11
6.452041819610097070e-11
7.147469218015730784e-11
7.870975026468740772e-11
8.620609423299546508e-11
9.394345865241183135e-11
1.019012386100495103e-10
1.100586148195704673e-10
1.183942770543404394e-10
1.268869536171363517e-10
1.355156544438961355e-10
1.442596168618463684e-10
1.530982089483369485e-10
1.620110727535245635e-10
1.709789348685515653e-10
1.799832044925306303e-10
1.890053543573394349e-10
1.980288045024255697e-10
2.070372817043366053e-10
2.160154857422484913e-10
2.249499191196769509e-10
2.338271347174222450e-10
2.426359319805948138e-10
2.513652391827224185e-10
2.600059440492376160e-10
2.685496025139831838e-10
2.769892554495556874e-10
2.853190962756951089e-10
2.935341788229152958e-10
3.016310950965046177e-10
3.096077215531005725e-10
3.174618101884369711e-10
3.251944724685592886e-10
3.328052637170520844e-10
3.402964838877709940e-10
3.476705538061732260e-10
3.549306512116516115e-10
3.620815890459976120e-10
3.691280111779324610e-10
3.760756054442848830e-10
3.829304679676460467e-10
3.896994986307586825e-10
3.963896179945573453e-10
4.030085998097945800e-10
4.095648376700518643e-10
4.160658392253874070e-10
4.225204456786497064e-10
4.289377891832106868e-10
4.353257438685210985e-10
4.416932877861899805e-10
4.480495321572875480e-10
4.544026720679301338e-10
4.607610913919961458e-10
4.671335638079263184e-10
4.735282090688442379e-10
4.799525190223496909e-10
4.864139552028508642e-10
4.929200584746854110e-10
4.994776640337486709e-10
5.060927519220603473e-10
5.127710581249782603e-10
5.195183064941132604e-10
5.263395340326471815e-10
5.332384321207520695e-10
5.402186734615234837e-10
5.472843068089218286e-10
5.544374945904158411e-10
5.616795013573743449e-10
5.690117476475773566e-10
5.764356537394010524e-10
5.839508888505976620e-10
5.915561434973474876e-10
5.992502784309243841e-10
6.070318025768796523e-10
6.148976256572662212e-10
6.228445576295377008e-10
6.308692342376462746e-10
6.389661085116363025e-10
6.471301450973932198e-10
6.553563244114971484e-10
6.636382533298418768e-10
6.719687595427130140e-10
6.803405903199117832e-10
6.887460330929342110e-10
6.971767066084100700e-10
7.056247257942817227e-10
7.140807259257527304e-10
7.225345861767132658e-10
7.309775921795577482e-10
7.394000261370405657e-10
7.477915181556607290e-10
7.561428751883183402e-10
7.644418231108618197e-10
7.726796834540006824e-10
7.808464342086063103e-10
7.889307287860150808e-10
7.969244499212626900e-10
8.048145880564880830e-10
8.125941952239469049e-10
8.202516922900207985e-10
8.277808651668988219e-10
8.351699448505865570e-10
8.424113117026822559e-10
8.494977374484165159e-10
8.564200865277567779e-10
8.631738774640796650e-10
8.697489287069539655e-10
8.761442134089256350e-10
8.823479144465879172e-10
8.883625411682819428e-10
8.941775148842382462e-10
8.997952440294102047e-10
9.052065083775282252e-10
9.104159667527390163e-10
9.154151620710477476e-10
9.202116027554301924e-10
9.247973551273724305e-10
9.291795275561892469e-10
9.333535128390981124e-10
9.373266515753781694e-10
9.410968687248910582e-10
9.446726234971549111e-10
9.480545475828720106e-10
9.512478992805225948e-10
9.542576371342147802e-10
9.570893964197359360e-10
9.597509662720745115e-10
9.622458560069644965e-10
9.645866237692925967e-10
9.667748544741701551e-10
9.688232992788227771e-10
9.707354025739090453e-10
9.725248561096847997e-10
9.741990357140588547e-10
9.757658557796637126e-10
9.772374404952313773e-10
9.786196745109898237e-10
9.799258223311293185e-10
9.811620279806011757e-10
9.823425861065372672e-10
9.834744485624455931e-10
9.845672938353020788e-10
9.856333733037766920e-10
9.866789826223062171e-10
9.877172417012628687e-10
9.887549364656942358e-10
9.898023907040391975e-10
9.908688764598078951e-10
9.919611969613428433e-10
9.930905348223169880e-10
9.942623408373887646e-10
9.954864724054214041e-10
9.967700514601682487e-10
9.981202360851606421e-10
9.995441420718395699e-10
1.001045694344565993e-09
1.002632944615895031e-09
1.004310322238160070e-09
1.006081535127204473e-09
1.007954351273956743e-09
1.009931129751201768e-09
1.012015160665193765e-09
1.014211868359340414e-09
1.016518957353178832e-09
1.018942362015124021e-09
1.021481926743900079e-09
1.024137503437119670e-09
1.026913160646814849e-09
1.029806547315249995e-09
1.032818511164910120e-09
1.035949190892146381e-09
1.039194134984125909e-09
1.042552474391662267e-09
1.046023275051819848e-09
1.049602324321674355e-09
1.053286486270849838e-09
1.057074516438540190e-09
1.060960194013610451e-09
1.064939719318755801e-09
1.069009873589072005e-09
1.073163077354047861e-09
1.077395319781652710e-09
1.081702000234932853e-09
1.086074625542319441e-09
1.090510305129764584e-09
1.095001659881812842e-09
1.099539015097990262e-09
1.104119738835171487e-09
1.108735626632967739e-09
1.113376721240566196e-09
1.118039159773475327e-09
1.122716882400495286e-09
1.127399642149811086e-09
1.132081614000990752e-09
1.136756707686558362e-09
1.141415058568165963e-09
1.146049149508986338e-09
1.150655683498123260e-09
1.155224170310457669e-09
1.159748253710168207e-09
1.164223991920908729e-09
1.168642769115445668e-09
1.172997271673822738e-09
1.177284282732989370e-09
1.181497802185509433e-09
1.185629101445535232e-09
1.189672771403017249e-09
1.193628580078130543e-09
1.197487702356358659e-09
1.201245922511047975e-09
1.204902893179280779e-09
1.208452587094303578e-09
1.211889715259309243e-09
1.215212931014996115e-09
1.218422797315342805e-09
1.221512080083404223e-09
1.224481080260722105e-09
1.227328969531130353e-09
1.230054643593952831e-09
1.232655282515042473e-09
1.235133451274276198e-09
1.237488460074491543e-09
1.239718109290238495e-09
1.241825140100128872e-09
1.243812286562403777e-09
1.245680385446353423e-09
1.247427233096503855e-09
1.249060056904857326e-09
1.250580595738733809e-09
1.251989138159759122e-09
1.253288537737229269e-09
1.254485370803182997e-09
1.255581657302235913e-09
1.256580098957146361e-09
1.257483267520084371e-09
1.258299963922775754e-09
1.259032458598654447e-09
1.259683217502828388e-09
1.260256952379151156e-09
1.260764363428238966e-09
1.261206228164133416e-09
1.261585176270764174e-09
1.261908076509030601e-09
1.262184252786005503e-09
1.262414231572370267e-09
1.262601948007173802e-09
1.262754773582575025e-09
1.262882317125030881e-09
1.262985195426728207e-09
1.263067718853047120e-09
1.263135449647006092e-09
1.263197825781899165e-09
1.263255906931677554e-09
1.263314955142942291e-09
1.263377698600290385e-09
1.263452885915281288e-09
1.263542536819448881e-09
1.263649393788424181e-09
1.263777809098512841e-09
1.263936239527321992e-09
1.264127236251400236e-09
1.264350301147876649e-09
1.264611217896019682e-09
1.264912843717293181e-09
1.265259538837539356e-09
1.265652484657284880e-09
1.266093724755349823e-09
1.266585803213058363e-09
1.267131997073828486e-09
1.267732736713115459e-09
1.268389119967013495e-09
1.269102918145527936e-09
1.269876584697457605e-09
1.270710365133317032e-09
1.271604516166293215e-09
1.272558968528281661e-09
1.273575206695476757e-09
1.274653376919366503e-09
1.275792626885620871e-09
1.276992225769580757e-09
1.278252085906644844e-09
1.279570236634956674e-09
1.280946420569658591e-09
1.282379655317306157e-09
1.283869613584368553e-09
1.285413527961344123e-09
1.287008358924102947e-09
1.288652832352450877e-09
1.290347424562130910e-09
1.292086972348007773e-09
1.293869192677032441e-09
1.295691784233479116e-09
1.297554809459557881e-09
1.299453555699531249e-09
1.301386919031240933e-09
1.303348173870810668e-09
1.305336757569326051e-09
1.307352596793586185e-09
1.309391587057509713e-09
1.311450368894755438e-09
1.313522341167792403e-09
1.315606157204084061e-09
1.317700550300930249e-09
1.319803273785494694e-09
1.321910652451302429e-09
1.324017271450317463e-09
1.326120968291543589e-09
1.328222085483340939e-09
1.330316571460658517e-09
1.332402046170764122e-09
1.334473679115784973e-09
1.336529197621620291e-09
1.338569482409305830e-09
1.340590362801767618e-09
1.342590609245979419e-09
1.344564592423839510e-09
1.346511074564778577e-09
1.348429501271174264e-09
1.350317507977100673e-09
1.352175305227155222e-09
1.353997436338477004e-09
1.355785570018911668e-09
1.357535661541875777e-09
1.359248691780786674e-09
1.360924371150961560e-09
1.362561018354204118e-09
1.364155177453076159e-09
1.365707275546074233e-09
1.367218082193732913e-09
1.368688742290782333e-09
1.370116136008413474e-09
1.371498049225001527e-09
1.372836350166341122e-09
1.374131743550609486e-09
1.375383126973028445e-09
1.376590272208511296e-09
1.377754580031177115e-09
1.378877528522783285e-09
1.379954628697229954e-09
1.380990319449867800e-09
1.381985093057055176e-09
1.382940765356260671e-09
1.383854904908968945e-09
1.384730616530991770e-09
1.385566865164611214e-09
1.386367172432023547e-09
1.387129666207773860e-09
1.387859111027044166e-09
1.388557120283119938e-09
1.389219732604077192e-09
1.389852448327399100e-09
1.390454667745818071e-09
1.391029188683274269e-09
1.391578162607424188e-09
1.392102478639488138e-09
1.392603671590593397e-09
1.393080522952891014e-09
1.393536262385584766e-09
1.393975274367452423e-09
1.394398653948643896e-09
1.394807400819942847e-09
1.395200192068086898e-09
1.395581088760116180e-09
1.395948485847343239e-09
1.396310150355211369e-09
1.396664757386548209e-09
1.397014699750534493e-09
1.397358136738696720e-09
1.397698400854596841e-09
1.398035171105173325e-09
1.398373530591390927e-09
1.398713329825169348e-09
1.399056747285913418e-09
1.399402083994275791e-09
1.399750696921522514e-09
1.400104166171882488e-09
1.400466049567622567e-09
1.400836306517335732e-09
1.401217534822763863e-09
1.401607161887350961e-09
1.402005679601658343e-09
1.402414630712453212e-09
1.402836368939669275e-09
1.403271276340164370e-09
1.403721158127099296e-09
1.404183665323263108e-09
1.404659647586743451e-09
1.405148721318156082e-09
1.405651600332017987e-09
1.406171725257632067e-09
1.406707228986890135e-09
1.407257056450259134e-09
1.407823287155314477e-09
1.408403083296837401e-09
1.408996841923507164e-09
1.409607673021345240e-09
1.410233637487751648e-09
1.410875111987690118e-09
1.411531581680638677e-09
1.412200454308950780e-09
1.412884391421538522e-09
1.413581359477584005e-09
1.414290897610431094e-09
1.415015249684472447e-09
1.415752168767467951e-09
1.416500068148993460e-09
1.417260055638294397e-09
1.418029083869568638e-09
1.418809058275194766e-09
1.419598749437142423e-09
1.420397941417596596e-09
1.421206182552120030e-09
1.422022289693842343e-09
1.422845827596207078e-09
1.423675119298091305e-09
1.424509829907813971e-09
1.425349775404820305e-09
1.426195572834083538e-09
1.427045012584098431e-09
1.427898508307375242e-09
1.428754658050235342e-09
1.429611176988287370e-09
1.430468546285545332e-09
1.431327206501050451e-09
1.432186008806994216e-09
1.433044537346926345e-09
1.433903184939986189e-09
1.434759426528018422e-09
1.435611099229928462e-09
1.436460587944734278e-09
1.437306667972312856e-09
1.438148181703175429e-09
1.438988104303491535e-09
1.439822685934911752e-09
1.440651560233848824e-09
1.441472682229834017e-09
1.442287527531023810e-09
1.443095585932085508e-09
1.443895622625079881e-09
1.444691035971373146e-09
1.445477474405704105e-09
1.446255827287851956e-09
1.447024147871406113e-09
1.447783624411242677e-09
1.448534069684294418e-09
1.449274396773251208e-09
1.450007860231813666e-09
1.450730753825300305e-09
1.451444829480227738e-09
1.452146759710711609e-09
1.452839425596751609e-09
1.453521394517775077e-09
1.454192868754183367e-09
1.454856154996060153e-09
1.455508458046590895e-09
1.456152101725446262e-09
1.456783691587463930e-09
1.457405948088065265e-09
1.458016236641117418e-09
1.458617135182461807e-09
1.459208112293553491e-09
1.459789213621527394e-09
1.460361065391076310e-09
1.460922717766253841e-09
1.461475759831492490e-09
1.462018754947114434e-09
1.462552940058493608e-09
1.463077059561046693e-09
1.463593248847994775e-09
1.464100343462778847e-09
1.464600008365454643e-09
1.465091720629975134e-09
1.465575666026547521e-09
1.466052090403176023e-09
1.466520951558760147e-09
1.466982857878353855e-09
1.467437045347172273e-09
1.467885172751195041e-09
1.468327389454094493e-09
1.468764418581794337e-09
1.469196124837986605e-09
1.469622032975976521e-09
1.470042346386241823e-09
1.470456722810230921e-09
1.470866442455525530e-09
1.471272212525484307e-09
1.471675422156125983e-09
1.472074711416201406e-09
1.472471123845007638e-09
1.472863653193873121e-09
1.473253258482434285e-09
1.473638844518597028e-09
1.474022220200115471e-09
1.474403822472905921e-09
1.474784586085140404e-09
1.475163542089360778e-09
1.475541698641386220e-09
1.475918339000796483e-09
1.476293332433019240e-09
1.476666445566911762e-09
1.477038905811779007e-09
1.477411407198624688e-09
1.477784302684423562e-09
1.478157387396721109e-09
1.478530926653698805e-09
1.478904510506961173e-09
1.479277665012126596e-09
1.479650477651154912e-09
1.480023880512667042e-09
1.480398375930544972e-09
1.480774405111016038e-09
1.481151520471282997e-09
1.481530127508517014e-09
1.481909676104266476e-09
1.482289924618229505e-09
1.482670851873589804e-09
1.483053109627458698e-09
1.483436839822044068e-09
1.483822713942383978e-09
1.484209934055979719e-09
1.484599183853415599e-09
1.484989763934623988e-09
1.485381998335698452e-09
1.485775156934421666e-09
1.486170035153626360e-09
1.486566031211475968e-09
1.486963580445185944e-09
1.487362364480879449e-09
1.487762752365848518e-09
1.488164396674309712e-09
1.488567396445590389e-09
1.488971516646245658e-09
1.489376737010681385e-09
1.489782699695601496e-09
1.490189555952966228e-09
1.490597269783213580e-09
1.491005820564400009e-09
1.491415252499733959e-09
1.491825399533369207e-09
1.492236246394228154e-09
1.492648126048315388e-09
1.493060286007111565e-09
1.493472881179376975e-09
1.493885119541329460e-09
1.494297920214044914e-09
1.494710139794034410e-09
1.495123023438921003e-09
1.495535361028798025e-09
1.495948435790787299e-09
1.496361202771443786e-09
1.496773454401704169e-09
1.497184563767668765e-09
1.497594736232475636e-09
1.498003863691559657e-09
1.498411828062241406e-09
1.498819143482931955e-09
1.499224970357037758e-09
1.499630462878784266e-09
1.500034047281800432e-09
1.500436766065782725e-09
1.500836967271307664e-09
1.501235894591226876e-09
1.501632630907234165e-09
1.502027738590972992e-09
1.502421140371862746e-09
1.502812824172735609e-09
1.503203413986551086e-09
1.503591460827464403e-09
1.503978078229472569e-09
1.504361692696527159e-09
1.504743584992075260e-09
1.505122768215199840e-09
1.505499904315862607e-09
1.505874764118711767e-09
1.506247272395641078e-09
1.506617858260159062e-09
1.506985537690929838e-09
1.507351040774105656e-09
1.507713497140981566e-09
1.508073660790839583e-09
1.508430834525566867e-09
1.508785518965458047e-09
1.509137505687799410e-09
1.509486673927199375e-09
1.509833326424482947e-09
1.510176830922163687e-09
1.510517988388824025e-09
1.510856100818691971e-09
1.511191708126780844e-09
1.511524462982267539e-09
1.511854456748243329e-09
1.512181881501340405e-09
1.512506330249837672e-09
1.512828307949779659e-09
1.513147197103890778e-09
1.513463747080565103e-09
1.513777795450977959e-09
1.514089475999682024e-09
1.514398689486179618e-09
1.514705516987074786e-09
1.515009733024843949e-09
1.515311609311443845e-09
1.515610669353783952e-09
1.515907029847858112e-09
1.516201140993663023e-09
1.516492864020732146e-09
1.516782780609089673e-09
1.517070573494935147e-09
1.517356276213163220e-09
1.517640043122955382e-09
1.517921435398048357e-09
1.518200899703399778e-09
1.518477959807639070e-09
1.518752624063966929e-09
1.519025514989652646e-09
1.519296636682218102e-09
1.519566386355778680e-09
1.519834206105466225e-09
1.520100712313516859e-09
1.520365542351229229e-09
1.520628640920255897e-09
1.520890007614947489e-09
1.521149623727125529e-09
1.521407845061582188e-09
1.521664653627800888e-09
1.521920400021321176e-09
1.522175224847957936e-09
1.522428681014935720e-09
1.522681346077294442e-09
1.522932694099042263e-09
1.523183124688486129e-09
1.523432085290631215e-09
1.523679726087066048e-09
1.523926552140706891e-09
1.524172288622780455e-09
1.524417411760355980e-09
1.524661940058787255e-09
1.524905448748587462e-09
1.525148472379676468e-09
1.525390602286119619e-09
1.525632085242694292e-09
1.525872597544179164e-09
1.526112242256616816e-09
1.526351235444215457e-09
1.526589509298678937e-09
1.526827305728646526e-09
1.527064655389100852e-09
1.527301412541736767e-09
1.527537578996094580e-09
1.527773363095478664e-09
1.528008511216717913e-09
1.528243102954935900e-09
1.528477351377796347e-09
1.528710859301293247e-09
1.528943912010259138e-09
1.529176503443610801e-09
1.529408556921209142e-09
1.529640317174199118e-09
1.529871276808007754e-09
1.530101935537994089e-09
1.530332116969381422e-09
1.530561575791005752e-09
1.530790615046440188e-09
1.531018971899541400e-09
1.531246926736909211e-09
1.531474329620477066e-09
1.531700948146572681e-09
1.531927143249831514e-09
1.532152660208752043e-09
1.532377668949889454e-09
1.532602094803153542e-09
1.532825834402731473e-09
1.533049029340271986e-09
1.533271709445231457e-09
1.533493473250462667e-09
1.533714672595419369e-09
1.533935141077004916e-09
1.534154898008066814e-09
1.534374144047236108e-09
1.534592256382436339e-09
1.534809902702773739e-09
1.535026905939319408e-09
1.535242870688490889e-09
1.535458386521615417e-09
1.535673021078335129e-09
1.535886806588584539e-09
1.536099825874815096e-09
1.536311475655677220e-09
1.536522293221209275e-09
1.536732273080586354e-09
1.536940896426955445e-09
1.537148765088971537e-09
1.537355496382277580e-09
1.537561132004717380e-09
1.537765824401376492e-09
1.537969191160867469e-09
1.538171680775720788e-09
1.538373025732252193e-09
1.538573044404925659e-09
1.538772149509386683e-09
1.538970050692170805e-09
1.539166820184343476e-09
1.539362464936207073e-09
1.539556896279624760e-09
1.539750157240892405e-09
1.539942269802831098e-09
1.540133074933019756e-09
1.540322761428154007e-09
1.540511372828705188e-09
1.540698607741656385e-09
1.540884878068872809e-09
1.541070063049098779e-09
1.541253899009249622e-09
1.541436692741350111e-09
1.541618230112824201e-09
1.541798545635797718e-09
1.541977822234811120e-09
1.542155547612426506e-09
1.542332181608768870e-09
1.542507639740077222e-09
1.542681714753436671e-09
1.542854745967433475e-09
1.543026395719000654e-09
1.543196711654072365e-09
1.543365969312300913e-09
1.543533874314664669e-09
1.543700502813561494e-09
1.543865731206204870e-09
1.544029558536208570e-09
1.544192247063832784e-09
1.544353783380148909e-09
1.544514132013336175e-09
1.544673482724748235e-09
1.544831597369583047e-09
1.544988675345517528e-09
1.545144741168861547e-09
1.545299538228336755e-09
1.545453252386794580e-09
1.545605742043983609e-09
1.545757101151574122e-09
1.545907280037701208e-09
1.546056386504347327e-09
1.546204577921631399e-09
1.546351746089697090e-09
1.546498115502053927e-09
1.546643479625103279e-09
1.546787791865911912e-09
1.546931279472335353e-09
1.547073817067615541e-09
1.547215315807260733e-09
1.547355692351004415e-09
1.547495130534774644e-09
1.547633585627952617e-09
1.547771119552948115e-09
1.547907702507436287e-09
1.548043360604020144e-09
1.548178198209401061e-09
1.548312123507689099e-09
1.548445032184129825e-09
1.548577155863356824e-09
1.548708258727757986e-09
1.548838439840979778e-09
1.548967648597435814e-09
1.549095777498222611e-09
1.549223072767711566e-09
1.549349550555942394e-09
1.549475187452380272e-09
1.549600050467753803e-09
1.549724151490633623e-09
1.549847458217962450e-09
1.549969938892456772e-09
1.550091670513381959e-09
1.550212549376112001e-09
1.550332629174263947e-09
1.550451905526262091e-09
1.550570322118808385e-09
1.550687943001655711e-09
1.550804860202452247e-09
1.550921158126211389e-09
1.551036635145177285e-09
1.551151479860830937e-09
1.551265726452606127e-09
1.551379073122167441e-09
1.551491866032855267e-09
1.551603988646005517e-09
1.551715206791088116e-09
1.551825703548153477e-09
1.551935557282638472e-09
1.552044511237846400e-09
1.552152760812532228e-09
1.552260347607925068e-09
1.552366978842123617e-09
1.552473051621709776e-09
1.552578348391895873e-09
1.552682721994603955e-09
1.552786517342808198e-09
1.552889560594411270e-09
1.552991645558929060e-09
1.553092978235601522e-09
1.553193586140260859e-09
1.553293123045542904e-09
1.553392059163259479e-09
1.553490203559280256e-09
1.553587481420412784e-09
1.553684087296559287e-09
1.553779906926780210e-09
1.553874956743514730e-09
1.553969200808081337e-09
1.554062763829537903e-09
1.554155470629724971e-09
1.554247375922504157e-09
1.554338520325586824e-09
1.554428933534260655e-09
1.554518432606945273e-09
1.554607216210255370e-09
1.554695397818978048e-09
1.554782567218034801e-09
1.554869171949194712e-09
1.554955053240102285e-09
1.555040038828078850e-09
1.555124396252616701e-09
1.555207970634072303e-09
1.555290730832735190e-09
1.555372647315941387e-09
1.555453792191340997e-09
1.555534069436334355e-09
1.555613536472145224e-09
1.555692200697573311e-09
1.555770107323829356e-09
1.555847048494322059e-09
1.555923375367073784e-09
1.555998816291504592e-09
1.556073340671030806e-09
1.556147219282233329e-09
1.556220233825531062e-09
1.556292303205625676e-09
1.556363543725269350e-09
1.556433965913313227e-09
1.556503345204779379e-09
1.556571933070018647e-09
1.556639709883343818e-09
1.556706705686300379e-09
1.556772670625179276e-09
1.556838089980706988e-09
1.556902557883481075e-09
1.556966124795985680e-09
1.557028994885752005e-09
1.557091046400892870e-09
1.557152166899935197e-09
1.557212507616806686e-09
1.557272070463783479e-09
1.557330730552971256e-09
1.557388567144650875e-09
1.557445611597239358e-09
1.557502028210478491e-09
1.557557467306502897e-09
1.557612320612077212e-09
1.557666346884277123e-09
1.557719636670759255e-09
1.557772169723300266e-09
1.557823887589678478e-09
1.557874910421352023e-09
1.557925035590503689e-09
1.557974261044402068e-09
1.558022759060615081e-09
1.558070337873695883e-09
1.558117193349921924e-09
1.558163259850691800e-09
1.558208556441856885e-09
1.558253124103433652e-09
1.558296972064441630e-09
1.558340036462732499e-09
1.558382239896700237e-09
1.558423866004922528e-09
1.558464661367052953e-09
1.558504574929504107e-09
1.558543736843024236e-09
1.558582098414303096e-09
1.558619549113812874e-09
1.558656192626327249e-09
1.558692143650695191e-09
1.558727353754830091e-09
1.558761685766047479e-09
1.558795448937896197e-09
1.558828379966544994e-09
1.558860652449907486e-09
1.558892018736063974e-09
1.558922803752643291e-09
1.558952885374203489e-09
1.558982031545977066e-09
1.559010465813028255e-09
1.559038387340596225e-09
1.559065229366528257e-09
1.559091483694200833e-09
1.559117042461081873e-09
1.559142060960570652e-09
1.559166113772023772e-09
1.559189685990713819e-09
1.559212539134018184e-09
1.559234741671646635e-09
1.559256178381310311e-09
1.559276979092315074e-09
1.559297174656677975e-09
1.559316468036488024e-09
1.559335046342977631e-09
1.559352948076275790e-09
1.559369987134310440e-09
1.559386361195877187e-09
1.559402050979065081e-09
1.559417060233483837e-09
1.559431307856886811e-09
1.559445064350569195e-09
1.559457981574890682e-09
1.559470282870436459e-09
1.559481852595371657e-09
1.559492854248892664e-09
1.559503108205420743e-09
1.559512569922934267e-09
1.559521351818421771e-09
1.559529431864228977e-09
1.559536696310613950e-09
1.559543202081499468e-09
1.559549116271008861e-09
1.559554356920101805e-09
1.559558839300171848e-09
1.559562683382020874e-09
1.559565921579713804e-09
1.559568525294804449e-09
1.559570246704643030e-09
1.559571470286086986e-09
1.559572072040295720e-09
1.559571860841729309e-09
1.559571012827249540e-09
1.559569413316867161e-09
1.559567326488908763e-09
1.559564276816099910e-09
1.559560671864225038e-09
1.559556448018628269e-09
1.559551590771554274e-09
1.559545876884822827e-09
1.559539676516464089e-09
1.559532791379870139e-09
1.559525240878878349e-09
1.559516952106947583e-09
1.559508081503618573e-09
1.559498604872700348e-09
1.559488248574739907e-09
1.559477219141350644e-09
1.559465509901651791e-09
1.559453059118025713e-09
1.559439856382720508e-09
1.559426041995659668e-09
1.559411527026490101e-09
1.559396336876770366e-09
1.559380492626536629e-09
1.559364110588798107e-09
1.559346927546412080e-09
1.559329103879111411e-09
1.559310722642447044e-09
1.559291654627498577e-09
1.559271845629616777e-09
1.559251337853210857e-09
1.559230130562751817e-09
1.559208281695789558e-09
1.559185612894978657e-09
1.559162257822779934e-09
1.559138318416299869e-09
1.559113718674845526e-09
1.559088465045131726e-09
1.559062520988936451e-09
1.559036061604348076e-09
1.559008974755123168e-09
1.558981105175821156e-09
1.558952695513836314e-09
1.558923650819256796e-09
1.558894037405994258e-09
1.558863573315474842e-09
1.558832488180067626e-09
1.558800883513445335e-09
1.558768505452140898e-09
1.558735449181316325e-09
1.558701700226717104e-09
1.558667486227207039e-09
1.558632492318388476e-09
1.558596799177171793e-09
1.558560616428164129e-09
1.558523728405692895e-09
1.558486198041410938e-09
1.558447937444813916e-09
1.558409152788436119e-09
1.558369744557569491e-09
1.558329502734861537e-09
1.558288643657655505e-09
1.558247074463760697e-09
1.558204863373326491e-09
1.558161806324287210e-09
1.558118248858770603e-09
1.558074020032458460e-09
1.558029178137595730e-09
1.557983596245798956e-09
1.557937598901877783e-09
1.557890877043444810e-09
1.557843561571749257e-09
1.557795517055569997e-09
1.557747054379490603e-09
1.557697847957446475e-09
1.557648009003457382e-09
1.557597505761894172e-09
1.557546308809032556e-09
1.557494540640312370e-09
1.557442004681720431e-09
1.557388822476528970e-09
1.557335089073249762e-09
1.557280734831712472e-09
1.557225881321080083e-09
1.557170244227960970e-09
1.557114249928143981e-09
1.557057550267678585e-09
1.557000384035078780e-09
1.556942409052443086e-09
1.556884022154045548e-09
1.556825093130242657e-09
1.556765446573828645e-09
1.556705224426018775e-09
1.556644274505349955e-09
1.556582999150735051e-09
1.556520756632807866e-09
1.556458063664496411e-09
1.556394683055565066e-09
1.556330864582795088e-09
1.556266276560905631e-09
1.556201053121451641e-09
1.556135382704283028e-09
1.556069005632672811e-09
1.556002075753694965e-09
1.555934364240406173e-09
1.555866241786932351e-09
1.555797467450202159e-09
1.555728002314924653e-09
1.555657902576855518e-09
1.555587121840095940e-09
1.555515823272887344e-09
1.555443639905401805e-09
1.555370921318724565e-09
1.555297656347819870e-09
1.555223789061133524e-09
1.555149320094105672e-09
1.555074186425251652e-09
1.554998702379068331e-09
1.554922455421807229e-09
1.554845737332082282e-09
1.554768284111395964e-09
1.554690460397588618e-09
1.554611953813677411e-09
1.554532861480923297e-09
1.554453131669436001e-09
1.554372765413274005e-09
1.554291857043039031e-09
1.554210299247266723e-09
1.554128072781351976e-09
1.554045338367645862e-09
1.553962018144299065e-09
1.553878297802274884e-09
1.553793787032182664e-09
1.553708910091980735e-09
1.553623438710177558e-09
1.553537547856731232e-09
1.553450893518640087e-09
1.553363830996612432e-09
1.553276192836866805e-09
1.553188123948625226e-09
1.553099270304789377e-09
1.553009952281674923e-09
1.552919978808087707e-09
1.552829667808745495e-09
1.552738444069281352e-09
1.552646807675713950e-09
1.552554547793932656e-09
1.552461832584544764e-09
1.552368445011239407e-09
1.552274401914503958e-09
1.552179975085952650e-09
1.552084877355194738e-09
1.551989300724416158e-09
1.551892916343084023e-09
1.551796217220355992e-09
1.551698836710162631e-09
1.551600914530423153e-09
1.551502242763831200e-09
1.551403039779864632e-09
1.551303233227268657e-09
1.551202881565130551e-09
1.551101711270712496e-09
1.551000104773434478e-09
1.550897942364214555e-09
1.550795245323928348e-09
1.550691930771890892e-09
1.550588040120403246e-09
1.550483802638288611e-09
1.550378848941592443e-09
1.550273472566852917e-09
1.550167356099143679e-09
1.550060928994591463e-09
1.549953850239551501e-09
1.549846231776541526e-09
1.549737976676702796e-09
1.549629191427958649e-09
1.549519833375665462e-09
1.549409987647048026e-09
1.549299398756289933e-09
1.549188355235652089e-09
1.549076781222911591e-09
1.548964733508732420e-09
1.548852177718714323e-09
1.548738956478354321e-09
1.548625436166707948e-09
1.548511280862585159e-09
1.548396765546464166e-09
1.548281493393748937e-09
1.548165897059108200e-09
1.548049727247014379e-09
1.547933143941973440e-09
1.547815835426182779e-09
1.547698092084705157e-09
1.547579711630935363e-09
1.547460992797181154e-09
1.547341484919811097e-09
1.547221515067611040e-09
1.547101008074016975e-09
1.546980023290313188e-09
1.546858532436021715e-09
1.546736349271427641e-09
1.546613763106010774e-09
1.546490686212304070e-09
1.546367034194558555e-09
1.546242853255857241e-09
1.546118054332009213e-09
1.545992899462334719e-09
1.545867159734194529e-09
1.545740873843511289e-09
1.545613922856602164e-09
1.545486457526058457e-09
1.545358449463041546e-09
1.545229930487121645e-09
1.545100648698641172e-09
1.544970966069768231e-09
1.544840765394221261e-09
1.544710065966070766e-09
1.544578848990780614e-09
1.544446970627018954e-09
1.544314829741359880e-09
1.544182065869916416e-09
1.544048853035193988e-09
1.543914999747445048e-09
1.543780720501385313e-09
1.543645965902007221e-09
1.543510716485254652e-09
1.543374889710910182e-09
1.543238553645019440e-09
1.543101637941661592e-09
1.542964284670347615e-09
1.542826401385868559e-09
1.542687851691187215e-09
1.542548906720970973e-09
1.542409461330058785e-09
1.542269609563840495e-09
1.542129235787760424e-09
1.541988255694577924e-09
1.541847002965891532e-09
1.541705160896992166e-09
1.541562985383150639e-09
1.541420125818901234e-09
1.541276874001055864e-09
1.541133180224414237e-09
1.540989034454613779e-09
1.540844381731044897e-09
1.540699146811125683e-09
1.540553398230326766e-09
1.540407180173327745e-09
1.540260522531375390e-09
1.540113178679081142e-09
1.539965453344075121e-09
1.539817215377119360e-09
1.539668521750443984e-09
1.539519366214451312e-09
1.539369557606212858e-09
1.539219448062222932e-09
1.539068829760300946e-09
1.538917700439348697e-09
1.538766091117150230e-09
1.538613906355922575e-09
1.538461432925535623e-09
1.538308386428638916e-09
1.538154858734392824e-09
1.538000688174978837e-09
1.537846115331494059e-09
1.537690959273895924e-09
1.537535447921793336e-09
1.537379167628466301e-09
1.537222439993134302e-09
1.537065303547772786e-09
1.536907664437491603e-09
1.536749599235640828e-09
1.536590961145951310e-09
1.536431841934020407e-09
1.536272447342248494e-09
1.536112433394526156e-09
1.535952049224088132e-09
1.535791018208833568e-09
1.535629648721612104e-09
1.535467804629753458e-09
1.535305530698369863e-09
1.535142713928551228e-09
1.534979396017975922e-09
1.534815589285596655e-09
1.534651351943339136e-09
1.534486718043830359e-09
1.534321376650953402e-09
1.534155690657197515e-09
1.533989519524080317e-09
1.533822969812978785e-09
1.533656036543107577e-09
1.533488468285557601e-09
1.533320548886611592e-09
1.533152257553016901e-09
1.532983466912607677e-09
1.532814371448367228e-09
1.532644570620831395e-09
1.532474546929745434e-09
1.532303990376188055e-09
1.532133065675476585e-09
1.531961630312911439e-09
1.531789708925653573e-09
1.531617282013747226e-09
1.531444417330729191e-09
1.531271159977712471e-09
1.531097267251881689e-09
1.530923008929177361e-09
1.530748285850661813e-09
1.530573132955286067e-09
1.530397562661347221e-09
1.530221471142127406e-09
1.530044965044699509e-09
1.529868151304905169e-09
1.529690757797776368e-09
1.529513032395759154e-09
1.529334698948080185e-09
1.529156070454506577e-09
1.528976991361656189e-09
1.528797476400209523e-09
1.528617496624635403e-09
1.528436950821693104e-09
1.528256000574001535e-09
1.528074570962985437e-09
1.527892794254907474e-09
1.527710298418173398e-09
1.527527408196777945e-09
1.527344150264897044e-09
1.527160426818349429e-09
1.526976317086148531e-09
1.526791713363671050e-09
1.526606589005940531e-09
1.526421248716516135e-09
1.526235385338255568e-09
1.526049117793095699e-09
1.525862385790819528e-09
1.525675116344318528e-09
1.525487617678542445e-09
1.525299633736093070e-09
1.525111248467778925e-09
1.524922258190052181e-09
1.524732970926857699e-09
1.524543142333509304e-09
1.524353020578666424e-09
1.524162439083870123e-09
1.523971244329858102e-09
1.523779767284166589e-09
1.523587819610177815e-09
1.523395561568427916e-09
1.523202933320092354e-09
1.523009725037491146e-09
1.522816164791276376e-09
1.522622308118519808e-09
1.522427980603060763e-09
1.522233382887482985e-09
1.522038161071412225e-09
1.521842611786200201e-09
1.521646744427708775e-09
1.521450423952250938e-09
1.521253788994966480e-09
1.521056534537802172e-09
1.520858962342945635e-09
1.520660872445274049e-09
1.520462440942688995e-09
1.520263545130804814e-09
1.520064122519352234e-09
1.519864390447721097e-09
1.519664242537589497e-09
1.519463681576390661e-09
1.519262752419564950e-09
1.519061344485637608e-09
1.518859570079679633e-09
1.518657531274703278e-09
1.518454958931118074e-09
1.518252059539095665e-09
1.518048655093504135e-09
1.517844908313177681e-09
1.517640876526943992e-09
1.517436380958159791e-09
1.517231465316289416e-09
1.517026028220174479e-09
1.516820318229813553e-09
1.516614072617506686e-09
1.516407472478980720e-09
1.516200455840127082e-09
1.515992884790002607e-09
1.515784986016047958e-09
1.515576732983384420e-09
1.515368068317772089e-09
1.515159062005225513e-09
1.514949585981724976e-09
1.514739666026767858e-09
1.514529570997958759e-09
1.514318984300520901e-09
1.514108047311449654e-09
1.513896723396652765e-09
1.513684860512392716e-09
1.513472815158293391e-09
1.513260320894764559e-09
1.513047509439565421e-09
1.512834194390026480e-09
1.512620502550205944e-09
1.512406408812194371e-09
1.512191935451552068e-09
1.511977268855314818e-09
1.511761915418589485e-09
1.511546221984907076e-09
1.511330198966238115e-09
1.511113788244790046e-09
1.510897132675729992e-09
1.510680077395296287e-09
1.510462472429440021e-09
1.510244623252487251e-09
1.510026452283664634e-09
1.509807870740353536e-09
1.509589043220742506e-09
1.509369638317896977e-09
1.509149920735155074e-09
1.508929970223646632e-09
1.508709553575927964e-09
1.508488867041012988e-09
1.508267624267337047e-09
1.508046088229513508e-09
1.507824100578537911e-09
1.507601755401903595e-09
1.507379111471785698e-09
1.507155895526421887e-09
1.506932356715507793e-09
1.506708492335817176e-09
1.506484262342957555e-09
1.506259668130314672e-09
1.506034750359109589e-09
1.505809339877359049e-09
1.505583708844938093e-09
1.505357785328152700e-09
1.505131365387856235e-09
1.504904682625147637e-09
1.504677536280976135e-09
1.504450085156565827e-09
1.504222400384320874e-09
1.503994274803060716e-09
1.503765767849021088e-09
1.503536837082708046e-09
1.503307626715699480e-09
1.503077954673300296e-09
1.502847955425671822e-09
1.502617667716092796e-09
1.502386817133392062e-09
1.502155624313274203e-09
1.501924145622886727e-09
1.501692326310441786e-09
1.501460157226701420e-09
1.501227737046744003e-09
1.500994792989316418e-09
1.500761552088944314e-09
1.500528138192680645e-09
1.500294255721264714e-09
1.500060144124086469e-09
1.499825600712944513e-09
1.499590626284206981e-09
1.499355503710192796e-09
1.499119958924541041e-09
1.498884158821445492e-09
1.498647945960559595e-09
1.498411323917330187e-09
1.498174416869310237e-09
1.497937091223563455e-09
1.497699610884454213e-09
1.497461664023254990e-09
1.497223240733237177e-09
1.496984628519923747e-09
1.496745602361402198e-09
1.496506327782427443e-09
1.496266771273127048e-09
1.496026768126993160e-09
1.495786389047123202e-09
1.495545807749469461e-09
1.495304899051165011e-09
1.495063615481472552e-09
1.494822110584552517e-09
1.494580071265636096e-09
1.494337786316594831e-09
1.494095281258266724e-09
1.493852367677437082e-09
1.493609192652071413e-09
1.493365533024474163e-09
1.493121582763080945e-09
1.492877279012050011e-09
1.492632636203118791e-09
1.492387731506572249e-09
1.492142333101486841e-09
1.491896559894579312e-09
1.491650559811054914e-09
1.491404245411677687e-09
1.491157600027393438e-09
1.490910627097825952e-09
1.490663323196007308e-09
1.490415665136602604e-09
1.490167833887084327e-09
1.489919665647162347e-09
1.489671084918366435e-09
1.489422304777169788e-09
1.489173067271765156e-09
1.488923602587285064e-09
1.488673908099499019e-09
1.488423832376328202e-09
1.488173418902864213e-09
1.487922651019689512e-09
1.487671599764826954e-09
1.487420192491056521e-09
1.487168467490884875e-09
1.486916493206352592e-09
1.486664071832849893e-09
1.486411281964363655e-09
1.486158261430070238e-09
1.485904952089181467e-09
1.485651323833894686e-09
1.485397459033200933e-09
1.485143280412383691e-09
1.484888673497090809e-09
1.484633920748036136e-09
1.484378903117964941e-09
1.484123503181682313e-09
1.483867961019510213e-09
1.483611951500250662e-09
1.483355636308389861e-09
1.483099189429623696e-09
1.482842349776303214e-09
1.482585312207406676e-09
1.482327938071829702e-09
1.482070149243852362e-09
1.481812166672143025e-09
1.481553779240274314e-09
1.481295218347431740e-09
1.481036398201378658e-09
1.480777066814486831e-09
1.480517550487091317e-09
1.480257706514489147e-09
1.479997581752987863e-09
1.479737264036760809e-09
1.479476626785336696e-09
1.479215578376137692e-09
1.478954257067895053e-09
1.478692759573449303e-09
1.478430938154744805e-09
1.478168824570388562e-09
1.477906494696458750e-09
1.477643668240695496e-09
1.477380663601749697e-09
1.477117455736852384e-09
1.476853895470349376e-09
1.476590081446010259e-09
1.476325875642463258e-09
1.476061370718826229e-09
1.475796605516936478e-09
1.475531507930880982e-09
1.475266173474212456e-09
1.475000476871212951e-09
1.474734397590639277e-09
1.474468091821768672e-09
1.474201528521464005e-09
1.473934694503721849e-09
1.473667583348462599e-09
1.473400211117796670e-09
1.473132467462604343e-09
1.472864501474084662e-09
1.472596408290705292e-09
1.472327924549408852e-09
1.472059151344156625e-09
1.471790206372906326e-09
1.471520829402776091e-09
1.471251293171013028e-09
1.470981541500927965e-09
1.470711457344768505e-09
1.470441095370115512e-09
1.470170436332405238e-09
1.469899496621725212e-09
1.469628308531868295e-09
1.469356790235109081e-09
1.469085046484318216e-09
1.468813008486275594e-09
1.468540617051782970e-09
1.468267993074527640e-09
1.467995110338095424e-09
1.467721988497331651e-09
1.467448613442727101e-09
1.467175065771369219e-09
1.466901160081063461e-09
1.466626972392231019e-09
1.466352674438237691e-09
1.466078085092750953e-09
1.465803224610322078e-09
1.465528237606565328e-09
1.465252826445766284e-09
1.464977175068036402e-09
1.464701416130026236e-09
1.464425314995048077e-09
1.464149048322493705e-09
1.463872532488249582e-09
1.463595605103319777e-09
1.463318546932863322e-09
1.463041149004546346e-09
1.462763543171785672e-09
1.462485825737057522e-09
1.462207649987608147e-09
1.461929190043260767e-09
1.461650589455834018e-09
1.461371682529636112e-09
1.461092576917467485e-09
1.460813255559596543e-09
1.460533644678667758e-09
1.460253697483927651e-09
1.459973533656830330e-09
1.459693226703912390e-09
1.459412608974647461e-09
1.459131749051076439e-09
1.458850705964778303e-09
1.458569228142459582e-09
1.458287599533304281e-09
1.458005824618439292e-09
1.457723696998021090e-09
1.457441361819127480e-09
1.457158762546445137e-09
1.456875811744253617e-09
1.456592702948000839e-09
1.456309257587714605e-09
1.456025602301520690e-09
1.455741766016917734e-09
1.455457485256986944e-09
1.455172961406789380e-09
1.454888279043722879e-09
1.454603364816264491e-09
1.454318209649043486e-09
1.454032833465532098e-09
1.453747233950699946e-09
1.453461297561807043e-09
1.453175202478934007e-09
1.452888992337222999e-09
1.452602444135729190e-09
1.452315664004868459e-09
1.452028738281989472e-09
1.451741436731584404e-09
1.451453985602109169e-09
1.451166402033201006e-09
1.450878476137498855e-09
1.450590361157821250e-09
1.450302026578979088e-09
1.450013375133714036e-09
1.449724590342632902e-09
1.449435473538872836e-09
1.449146170596810196e-09
1.448856709452360862e-09
1.448566890548698363e-09
1.448276810297197250e-09
1.447986579652680247e-09
1.447696121438286304e-09
1.447405457014755327e-09
1.447114605227040109e-09
1.446823592954788245e-09
1.446532249780264704e-09
1.446240698813049565e-09
1.445949055419030244e-09
1.445657167862800793e-09
1.445365046863133026e-09
1.445072827369249925e-09
1.444780268007077692e-09
1.444487463158834118e-09
1.444194596650397014e-09
1.443901432525849673e-09
1.439261970536496254e-09
1.438969616021218662e-09
1.438676903404895518e-09
1.438384025045524496e-09
1.420678053062625359e-09
1.420389209524474018e-09
1.420100225064359363e-09
1.411088298397160764e-09
1.410801014869408242e-09
1.410513555056149576e-09
1.410225921357283880e-09
1.392464464257629289e-09
1.392180927820084042e-09
1.391897188036646093e-09
1.391613222539317703e-09
1.382578212386972847e-09
1.382296025801687783e-09
1.382013735487168083e-09
1.364197292430499860e-09
1.363918999641611253e-09
1.363640573908585469e-09
1.363361816310904724e-09
1.354302060074338145e-09
1.354025278768925491e-09
1.353748186576323646e-09
1.335877169121971510e-09
1.335604228912534025e-09
1.335330939369917326e-09
1.335057511624693577e-09
1.325973270309332473e-09
1.325701686398249607e-09
1.325429934570412292e-09
1.307504736299721168e-09
1.307236949491095311e-09
1.306968976999736604e-09
1.306700853849547515e-09
1.297592297851165272e-09
1.297326082461206448e-09
1.297059686824538963e-09
1.279080812384518703e-09
1.278818446249513738e-09
1.278555926439571083e-09
1.278293329166562887e-09
1.269160797736123747e-09
1.268900015792819320e-09
1.268639122941427875e-09
1.250607005705194926e-09
1.250350116138845025e-09
1.250093166410863352e-09
1.249835949721547275e-09
1.240679656540400256e-09
1.240424399009008985e-09
1.240168889006130176e-09
1.222084003323426015e-09
1.221832656508493349e-09
1.221581070207071684e-09
1.221329345914553052e-09
1.212149543232708083e-09
1.211899664866104666e-09
1.211649589793387325e-09
1.193512368381084661e-09
1.193266445483644377e-09
1.193020410048116319e-09
1.192774225346978186e-09
1.183571117836463927e-09
1.183326820383792972e-09
1.183082344848152403e-09
1.164893310842608934e-09
1.164653041661334774e-09
1.164412601798413608e-09
1.164172049499230601e-09
1.154945965087901324e-09
1.154707204664336203e-09
1.154468388716686054e-09
1.136227985400435170e-09
1.135993259843584663e-09
1.135758476029644384e-09
1.135523584720440218e-09
1.126274552828173820e-09
1.126041479966193074e-09
1.125808307554928123e-09
1.107516806274933118e-09
1.107287761523173025e-09
1.107058601822465904e-09
1.106829199697703274e-09
1.097557602527354970e-09
1.097330155037989864e-09
1.097102579866721125e-09
1.078760520796137709e-09
1.078537122999913875e-09
1.078313566195856905e-09
1.078089840741481038e-09
1.068795907682125410e-09
1.068574154319759920e-09
1.068352307419666006e-09
1.049960072117864915e-09
1.049742343434843730e-09
1.049524504416723538e-09
1.049306405001588166e-09
1.039990373819426695e-09
1.039774360168185260e-09
1.039558112725510625e-09
1.021116142187953576e-09
1.020904142742130094e-09
1.020691867240307488e-09
1.020479513349245889e-09
1.011141576136606515e-09
1.010931153468629178e-09
1.010720644712077743e-09
9.922293319901764002e-10
9.920229029047635733e-10
9.918163244648807943e-10
9.916096662852832736e-10
9.822499697627481242e-10
9.820453082772701562e-10
9.818405418977631729e-10
9.633002924636871671e-10
9.630996780054300749e-10
9.628989124790122760e-10
9.626980750790158090e-10
9.533170253590129863e-10
9.531181559594607139e-10
9.529192018552488682e-10
9.343305599295900049e-10
9.341357217319906808e-10
9.339407986572439460e-10
9.337458483428606134e-10
9.243435113143170536e-10
9.241504772766914947e-10
9.239573939622418052e-10
9.053206482798582012e-10
9.051316333128994834e-10
9.049425901322989965e-10
8.955171542052151593e-10
8.953300454624536670e-10
8.951428698855252728e-10
8.949555472741617495e-10
8.762711121970985132e-10
8.760879548887819587e-10
8.759046772900616089e-10
8.664584743239935245e-10
8.662772394046584055e-10
8.660959147231780503e-10
8.659145118141104721e-10
8.471829019804784830e-10
8.470056390800398838e-10
8.468283276183090634e-10
8.373616247949727308e-10
8.371863047165103788e-10
8.370109220706028016e-10
8.182283123755858900e-10
8.180570512675296496e-10
8.178857468955699079e-10
8.177144051866625491e-10
8.082273233874202725e-10
8.080579552258235010e-10
8.078885461847333824e-10
7.890594673129989879e-10
7.888941636873483229e-10
7.887288340255468129e-10
7.885633531131705915e-10
7.790561667280383820e-10
7.788927574791045035e-10
7.787291967102659063e-10
7.598541077974913338e-10
7.596947614557849357e-10
7.595353084646688650e-10
7.593758053323042441e-10
7.498487128055299682e-10
7.496912360503923478e-10
7.495336634009921357e-10
7.306130271327209681e-10
7.304596543118731965e-10
7.303062239961619086e-10
7.207573597067220043e-10
7.206059502506121589e-10
7.204544625289681800e-10
7.203029263474236436e-10
7.013370926654125513e-10
7.011897310490010589e-10
7.010423436818780714e-10
6.914739353678862456e-10
6.913285285917855949e-10
6.911830666186257721e-10
6.721681702898520296e-10
6.720268679286538431e-10
6.718855367280310746e-10
6.717440967404398534e-10
6.621563866941403842e-10
6.620169951894749306e-10
6.618775063614476204e-10
6.428181528968819295e-10
6.426828629921199179e-10
6.425475078488637652e-10
6.424120761327745254e-10
6.328053035502126194e-10
6.326719458342475553e-10
6.325384971772601256e-10
6.134352193522511057e-10
6.133060233358447488e-10
6.131767542797211758e-10
6.035490570809921143e-10
6.034218704122525766e-10
6.032945941825794867e-10
6.031672773513870946e-10
5.840204484517622779e-10
5.838973311574067434e-10
5.837741971856735132e-10
5.741278699295955405e-10
5.740067424890515219e-10
5.738855897923155975e-10
5.546912992895931727e-10
5.545743345778997168e-10
5.544573501806621904e-10
5.543403452754872887e-10
5.446754945935616173e-10
5.445605018816789189e-10
5.444454696057888812e-10
5.252082996785009157e-10
5.250974405008218238e-10
5.249865671032255781e-10
5.153013702573741161e-10
5.151925331135827438e-10
5.150836784994369814e-10
5.149747670948960715e-10
4.956951962170135194e-10
4.955905291617777931e-10
4.954858182783462915e-10
4.857826074559574254e-10
4.856799820833025930e-10
4.855773081426967355e-10
4.662514556871071777e-10
4.661529994568167682e-10
4.660545291080629070e-10
4.659559638686853709e-10
4.562349541287670908e-10
4.561385171777805828e-10
4.560419811862156064e-10
4.366745059437717318e-10
4.365822474619109062e-10
4.364899087451436651e-10
4.267491318900105592e-10
4.266589109650225658e-10
4.265685992774971033e-10
4.264782558988625766e-10
4.070695188505943371e-10
4.069834006089199327e-10
4.068972204811696533e-10
3.971389884390990009e-10
3.970549164997678525e-10
3.969707888510115207e-10
3.775168839894030828e-10
3.774370324320256645e-10
3.773571030147945043e-10
3.772771735975840236e-10
3.675017329312330728e-10
3.674238746558345009e-10
3.673460119735381579e-10
3.478516358157437418e-10
3.477779891016274189e-10
3.477043203147237776e-10
3.379097234240832485e-10
3.378381511778513980e-10
3.377665469893784492e-10
3.376949428009468594e-10
3.181604136648224960e-10
3.180929990313704786e-10
3.180255843979184611e-10
3.082141295153156986e-10
3.081487773417739962e-10
3.080834251682271240e-10
2.885048850019082359e-10
2.884437239003333107e-10
2.883825608364016292e-10
2.785523175732587021e-10
2.784932117533931146e-10
2.784340933962715151e-10
2.783749750391550855e-10
2.587569927933976924e-10
2.587020982651172850e-10
2.586472037368265378e-10
2.488004799868679671e-10
2.487476748763502270e-10
2.486948697658221471e-10
2.290336642918931471e-10
2.289850981398721604e-10
2.289365319878511738e-10
2.288879658358301871e-10
2.190249832658773791e-10
2.189785043542056840e-10
2.189320254425339888e-10
1.992321881819148943e-10
1.991899438065651894e-10
1.991476994312309942e-10
1.892665421786644887e-10
1.892263828644412420e-10
1.891862235502231651e-10
1.694438694026000899e-10
1.694079401989103250e-10
1.693720109952102203e-10
1.693360755070726202e-10
1.594390085552349211e-10
1.594051648123394369e-10
1.593713210694439528e-10
1.395910203908648892e-10
1.395613919958699483e-10
1.395317636008750073e-10
1.296168706079299062e-10
1.295893513484267838e-10
1.295618320889210764e-10
1.097397546288834743e-10
1.097164772950980395e-10
1.096931999613100198e-10
1.096699226275271700e-10
9.973953429300553085e-11
9.971837680475955768e-11
9.969721931651875438e-11
7.983796541759824240e-11
7.982104539730833290e-11
7.980412537701842340e-11
6.985629307407351082e-11
6.984149066965642929e-11
6.982668826523934776e-11
4.992636392043411445e-11
4.991579452308628079e-11
4.990522512574103206e-11
4.989465572839578334e-11
3.993166507671175699e-11
3.992321106404112603e-11
3.991475705136791012e-11
2.121957191183049919e-11
2.121508298341615703e-11
2.121059405500181486e-11
6.250079156810074460e-12
6.248758308072728583e-12
6.247437459335705823e-12
0.000000000000000000e+00
0.000000000000000000e+00
0.000000000000000000e+00
0.000000000000000000e+00
0.000000000000000000e+00
0.000000000000000000e+00
0.000000000000000000e+00
0.000000000000000000e+00
0.000000000000000000e+00
0.000000000000000000e+00
0.000000000000000000e+00
0.000000000000000000e+00
0.000000000000000000e+00
0.000000000000000000e+00
0.000000000000000000e+00
0.000000000000000000e+00
0.000000000000000000e+00
0.000000000000000000e+00
0.000000000000000000e+00
0.000000000000000000e+00
0.000000000000000000e+00
0.000000000000000000e+00
0.000000000000000000e+00
0.000000000000000000e+00
0.000000000000000000e+00
0.000000000000000000e+00
0.000000000000000000e+00
0.000000000000000000e+00
0.000000000000000000e+00
0.000000000000000000e+00
0.000000000000000000e+00
0.000000000000000000e+00
0.000000000000000000e+00
0.000000000000000000e+00
0.000000000000000000e+00
0.000000000000000000e+00
0.000000000000000000e+00
0.000000000000000000e+00
0.000000000000000000e+00
0.000000000000000000e+00
0.000000000000000000e+00
0.000000000000000000e+00
0.000000000000000000e+00
0.000000000000000000e+00
0.000000000000000000e+00
