-1.464729032228558104e-12
-1.615966823842268457e-12
-1.734472411314453645e-12
-1.810884693198930032e-12
-1.835757570469671593e-12
-1.799656967156348596e-12
-1.693311660934030305e-12
-1.507494657146955734e-12
-1.233278678742093616e-12
-8.620037356583806132e-13
-3.852194277192133547e-13
2.052493805557934219e-13
9.171232537028767302e-13
1.757782720739447489e-12
2.734260636455773403e-12
3.853076389804840944e-12
5.120188173275230249e-12
6.541493702481375779e-12
8.121887762275088218e-12
9.866195711141449199e-12
1.177897125882591955e-11
1.386390331385348258e-11
1.612410833361978813e-11
1.856247637143784101e-11
2.118160318695281190e-11
2.398317716070041928e-11
2.696868634922070961e-11
3.013973922040852654e-11
3.349595519483166430e-11
3.703796046577443050e-11
4.076575173367641481e-11
4.467845850218550143e-11
4.877495268324122005e-11
5.305443849519470123e-11
5.751446210469735602e-11
6.215381736422560165e-11
6.696932250316767106e-11
7.195892668653813347e-11
7.711981927647079260e-11
8.244779767260611952e-11
8.794098831223097759e-11
9.359469334452992572e-11
9.940516089813366466e-11
1.053686891374723833e-10
1.114809936059689781e-10
1.177382935498008086e-10
1.241347318424662764e-10
1.306668108595446032e-10
1.373297671658074558e-10
1.441183127863222043e-10
1.510288328944746945e-10
1.580557727481340541e-10
1.651939899598202605e-10
1.724392854999308971e-10
1.797866332791901250e-10
1.872305703103657805e-10
1.947669095869111491e-10
2.023909925815388502e-10
2.100974287617471027e-10
2.178819689265356800e-10
2.257405285817274918e-10
2.336680043017748654e-10
2.416598470776759733e-10
2.497128477479477266e-10
2.578223660458836345e-10
2.659838005763104507e-10
2.741938049973917489e-10
2.824487391708171588e-10
2.907446500876314671e-10
2.990781705690482328e-10
3.074461906663937037e-10
3.158456240929100710e-10
3.242732410083626008e-10
3.327262497360574629e-10
3.412017659630128453e-10
3.496977239158225299e-10
3.582120327805809079e-10
3.667421918747016183e-10
3.752854247311084429e-10
3.838406799878199927e-10
3.924070063996533298e-10
4.009824834416589353e-10
4.095643489749886194e-10
4.181520584817777871e-10
4.267456836935654260e-10
4.353444052571856479e-10
4.439458503819171707e-10
4.525491184459693853e-10
4.611552332848540371e-10
4.697645635905459713e-10
4.783756793200089856e-10
4.869871836518078528e-10
4.955999396017845683e-10
5.042156818121195918e-10
5.128341530978997089e-10
5.214546548337098638e-10
5.300767690149672475e-10
5.387021735133334948e-10
5.473325307196564501e-10
5.559675371873779804e-10
5.646074820800275623e-10
5.732525878693349629e-10
5.819045378508970732e-10
5.905648945021605881e-10
5.992335419995157351e-10
6.079115822153376732e-10
6.165993104150823829e-10
6.252987059733931842e-10
6.340107660355019774e-10
6.427359154537098026e-10
6.514751049534056596e-10
6.602289986502188729e-10
6.689995950607627448e-10
6.777873860907333085e-10
6.865935015005709609e-10
6.954173329959766899e-10
7.042611660423197693e-10
7.131249737233232885e-10
7.220113131304964771e-10
7.309195039668045368e-10
7.398502850399799261e-10
7.488027187550759704e-10
7.577790973799805443e-10
7.667793226736725090e-10
7.758056890510139023e-10
7.848566525889353004e-10
7.939327108656646146e-10
8.030318436236494389e-10
8.121565555004284234e-10
8.213059399530823553e-10
8.304821064628925700e-10
8.396830417556228527e-10
8.489088205685762777e-10
8.581571298873141128e-10
8.674284701376300123e-10
8.767228723263519112e-10
8.860403446119819402e-10
8.953808497275672646e-10
9.047416719541026469e-10
9.141224918670216789e-10
9.235202858260148664e-10
9.329355684043061467e-10
9.423674037019282573e-10
9.518154710739298410e-10
9.612781157907712161e-10
9.707527546582564844e-10
9.802380385855774773e-10
9.897312257736420000e-10
9.992314985190641534e-10
1.008737781888345607e-09
1.018248469650964815e-09
1.027761558589564511e-09
1.037274519342502824e-09
1.046784684531593947e-09
1.056290200075090981e-09
1.065788762473041270e-09
1.075278875871997967e-09
1.084759477406717895e-09
1.094226508934307874e-09
1.103678470013576377e-09
1.113112157381569699e-09
1.122524682928551409e-09
1.131915330220520391e-09
1.141280225076375118e-09
1.150618797711754486e-09
1.159929173185361872e-09
1.169205631505849746e-09
1.178448297807916033e-09
1.187653056341959086e-09
1.196816677697138796e-09
1.205940423062618107e-09
1.215018914618242740e-09
1.224051943158323525e-09
1.233039134792948098e-09
1.241972378298669037e-09
1.250852320886518075e-09
1.259677065919459426e-09
1.268440596773405418e-09
1.277146521483752005e-09
1.285791778973738760e-09
1.294371822381337994e-09
1.302890479739004772e-09
1.311341618904138429e-09
1.319719773906342739e-09
1.328028167602536242e-09
1.336262342693416476e-09
1.344418631943597844e-09
1.352503296370634893e-09
1.360511334304258532e-09
1.368439215904134465e-09
1.376292282005960996e-09
1.384064272417074143e-09
1.391749799588136656e-09
1.399354250921587399e-09
1.406873466587053694e-09
1.414303225429798870e-09
1.421652071955269954e-09
1.428917581947062639e-09
1.436093401627036553e-09
1.443185933227150574e-09
1.450194683485725139e-09
1.457110567865494553e-09
1.463938009709668951e-09
1.470679908100153018e-09
1.477329704301866112e-09
1.483890082959186607e-09
1.490369830869253253e-09
1.496762409806239447e-09
1.503065963123328999e-09
1.509288392883479785e-09
1.515426575951076295e-09
1.521473997581409660e-09
1.527437437693106204e-09
1.533320036156880211e-09
1.539115874612265379e-09
1.544827907996395805e-09
1.550465708266186878e-09
1.556025207312265006e-09
1.561503155011138739e-09
1.566906965588020926e-09
1.572237622311910345e-09
1.577489663461159878e-09
1.582665815806041748e-09
1.587773183797287465e-09
1.592809566808908993e-09
1.597772881914306210e-09
1.602671931945125885e-09
1.607510049039274779e-09
1.612282701352245058e-09
1.616990791178207134e-09
1.621641334252657048e-09
1.626233585259139993e-09
1.630764093309474236e-09
1.635238326837426546e-09
1.639661486695975441e-09
1.644031743504877222e-09
1.648348759590284681e-09
1.652619966183707012e-09
1.656848053421256568e-09
1.661030417599483410e-09
1.665167134608276530e-09
1.669264591356979515e-09
1.673322992836431323e-09
1.677341285865372944e-09
1.681320705394682072e-09
1.685267438992794367e-09
1.689182247479578240e-09
1.693064684917185808e-09
1.696916737663576789e-09
1.700743929171557103e-09
1.704546045771991466e-09
1.708322181407854726e-09
1.712073716515778455e-09
1.715804245797318150e-09
1.719513639089336466e-09
1.723202060691860978e-09
1.726871137988759729e-09
1.730524984221065021e-09
1.734163982827074291e-09
1.737788485379468099e-09
1.741399630667278546e-09
1.745000550063722108e-09
1.748591610464095466e-09
1.752172097671770305e-09
1.755742053236348086e-09
1.759303721265694430e-09
1.762857404008581819e-09
1.766403148449846360e-09
1.769941323213663555e-09
1.773474498849681349e-09
1.777003347824128694e-09
1.780528148915959419e-09
1.784048980410634027e-09
1.787566762422209312e-09
1.791082519859683739e-09
1.794595325117190963e-09
1.798104511881278017e-09
1.801610121097003478e-09
1.805112579757992699e-09
1.808611679121850649e-09
1.812107189275887079e-09
1.815599053302685193e-09
1.819088434890527949e-09
1.822575713590559888e-09
1.826060054958646487e-09
1.829540949382203786e-09
1.833018550132592603e-09
1.836492825106898003e-09
1.839963066487265394e-09
1.843427024544146343e-09
1.846884677683500235e-09
1.850335267401930814e-09
1.853778969355829733e-09
1.857214477139626752e-09
1.860640409073705019e-09
1.864057433245595955e-09
1.867466029848686187e-09
1.870865859898344400e-09
1.874254273582024178e-09
1.877630985984945050e-09
1.880995630014063095e-09
1.884347938156388884e-09
1.887686741627400180e-09
1.891008412402241911e-09
1.894313007087584139e-09
1.897599901750115355e-09
1.900869486432904661e-09
1.904119533288590954e-09
1.907348264390863018e-09
1.910555114170209137e-09
1.913741913984349181e-09
1.916908472328831226e-09
1.920052121780270249e-09
1.923170044773983425e-09
1.926262493217847615e-09
1.929330348388284592e-09
1.932372686572231998e-09
1.935386539148419386e-09
1.938368675186174976e-09
1.941319866856080995e-09
1.944241453022567947e-09
1.947132518560470125e-09
1.949990991311957120e-09
1.952813940414255955e-09
1.955602343113537842e-09
1.958358905450474114e-09
1.961083157599303930e-09
1.963772376840755690e-09
1.966423587965738279e-09
1.969036268129527279e-09
1.971612796874512574e-09
1.974153997932558307e-09
1.976656195169635494e-09
1.979116892349654597e-09
1.981535572029226325e-09
1.983914533730750975e-09
1.986254748937469242e-09
1.988555578517751242e-09
1.990813192648114111e-09
1.993027629177452925e-09
1.995201338261010826e-09
1.997335937163626796e-09
1.999432603913112297e-09
2.001486518066422811e-09
2.003495768093301471e-09
2.005462137293143924e-09
2.007388154891994804e-09
2.009274683668398151e-09
2.011118691422397588e-09
2.012918492033429777e-09
2.014674103106684099e-09
2.016387768467528900e-09
2.018062817688802059e-09
2.019698381607536377e-09
2.021291767240052311e-09
2.022842396372291018e-09
2.024351890150593904e-09
2.025824590542198606e-09
2.027261611329537143e-09
2.028660235268122133e-09
2.030019044767368452e-09
2.031337797659881914e-09
2.032619280757764914e-09
2.033864732910348156e-09
2.035075652372300050e-09
2.036249927131169070e-09
2.037386786553154624e-09
2.038485855663556740e-09
2.039552036835086665e-09
2.040587287221204198e-09
2.041591137651539829e-09
2.042562609574789327e-09
2.043500986415702215e-09
2.044407592100289115e-09
2.045287050086707933e-09
2.046139875157230584e-09
2.046966280257800751e-09
2.047763969787071378e-09
2.048533547813191767e-09
2.049275624235041600e-09
2.049993548174224789e-09
2.050688236140140441e-09
2.051359217934132216e-09
2.052005746708614552e-09
2.052628467228197778e-09
2.053228109266373938e-09
2.053808896345200923e-09
2.054371577504438916e-09
2.054915929820363294e-09
2.055441548599631370e-09
2.055949044441714612e-09
2.056438840888129541e-09
2.056914591552274790e-09
2.057376695438011205e-09
2.057825238610756374e-09
2.058259595493067721e-09
2.058679505758670553e-09
2.059085505281032860e-09
2.059480156897645356e-09
2.059863989724656543e-09
2.060236944731576013e-09
2.060599459432201898e-09
2.060951533696585778e-09
2.061293015038708240e-09
2.061626586865612432e-09
2.061953633410684184e-09
2.062274252276502235e-09
2.062588628232799248e-09
2.062896803919612904e-09
2.063198771545686826e-09
2.063495454829734670e-09
2.063788418955520237e-09
2.064077749971511359e-09
2.064363301504914825e-09
2.064644734401600708e-09
2.064922016230958821e-09
2.065195291845950080e-09
2.065465645208664830e-09
2.065733371172114079e-09
2.065998465035554484e-09
2.066260924674611282e-09
2.066520808351385306e-09
2.066778090437783832e-09
2.067033481045534621e-09
2.067288137433297632e-09
2.067542123778652866e-09
2.067795356620801186e-09
2.068047498444094503e-09
2.068298492093818376e-09
2.068548387944768356e-09
2.068797527100300257e-09
2.069046065498542739e-09
2.069293992348124828e-09
2.069540698914053393e-09
2.069785564014533142e-09
2.070028575756457597e-09
2.070269714732309257e-09
2.070508857270722539e-09
2.070746088753473004e-09
2.070981405214307370e-09
2.071214268898330794e-09
2.071444260026881289e-09
2.071671445218308957e-09
2.071895939460034238e-09
2.072118152541638066e-09
2.072338056908402062e-09
2.072555550748547122e-09
2.072769687048690436e-09
2.072980009237811231e-09
2.073186457915348004e-09
2.073389027905962535e-09
2.073587371165357008e-09
2.073781304743077051e-09
2.073970817946626656e-09
2.074154571131883972e-09
2.074331888332487589e-09
2.074502736487858562e-09
2.074667119338252847e-09
2.074824697252121231e-09
2.074975297858507516e-09
2.075119079053241540e-09
2.075255154263089766e-09
2.075382709937366089e-09
2.075501909585107864e-09
2.075612758263005005e-09
2.075715318383032902e-09
2.075809973250716163e-09
2.075896643049462706e-09
2.075974243571410699e-09
2.076041839653909003e-09
2.076099171702348165e-09
2.076146158041308654e-09
2.076182908045002977e-09
2.076209283908759584e-09
2.076225438135548061e-09
2.076231224654847260e-09
2.076224061611494641e-09
2.076204424325810257e-09
2.076172409575482700e-09
2.076128055042734700e-09
2.076071616511296311e-09
2.076002784373358331e-09
2.075921750842438933e-09
2.075827932289017968e-09
2.075720399372699793e-09
2.075599526322392140e-09
2.075464912306481820e-09
2.075317684836735383e-09
2.075158052226153025e-09
2.074986099195467680e-09
2.074801933065141361e-09
2.074603324078136238e-09
2.074390671486910293e-09
2.074164027299089205e-09
2.073923507329808386e-09
2.073669611058497178e-09
2.073402473880131307e-09
2.073122340586497166e-09
2.072828166392134797e-09
2.072519630632317540e-09
2.072196145900546188e-09
2.071857868680167305e-09
2.071505876173126924e-09
2.071141105389603935e-09
2.070763035295676917e-09
2.070371825473680758e-09
2.069967455569734268e-09
2.069549369653110270e-09
2.069117675592313916e-09
2.068672014890673227e-09
2.068213698052783520e-09
2.067744138553255704e-09
2.067263166690726659e-09
2.066770426937563072e-09
2.066265815340662558e-09
2.065748686033676802e-09
2.065219370153482447e-09
2.064677251851819888e-09
2.064123554680829381e-09
2.063559364845623924e-09
2.062984349791194783e-09
2.062398339270960521e-09
2.061801556717139326e-09
2.061193554508203705e-09
2.060574374606199781e-09
2.059943713067375969e-09
2.059303015695254406e-09
2.058653603119109110e-09
2.057995004109171672e-09
2.057327568407543833e-09
2.056651330001392410e-09
2.055966110251162356e-09
2.055271844637452451e-09
2.054568467064531094e-09
2.053857176724855323e-09
2.053139054899622288e-09
2.052414477278248272e-09
2.051683226787513198e-09
2.050944979110009710e-09
2.050199951104260266e-09
2.049448085008182719e-09
2.048689377835788234e-09
2.047923826157568208e-09
2.047152784318766935e-09
2.046375920617515703e-09
2.045593847828510015e-09
2.044806265584405070e-09
2.044013377511581415e-09
2.043215217388159544e-09
2.042411767430976789e-09
2.041602718563318570e-09
2.040789320052990650e-09
2.039972451424936368e-09
2.039152103221170120e-09
2.038328438665406958e-09
2.037501174261000157e-09
2.036670666835066816e-09
2.035836898824792778e-09
2.034999943764045099e-09
2.034159825283665337e-09
2.033317492035518143e-09
2.032473231442952709e-09
2.031627217557781054e-09
2.030779370136840672e-09
2.029929562731824713e-09
2.029077568817176307e-09
2.028223353244667739e-09
2.027367132528175422e-09
2.026508891195360030e-09
2.025649178721901312e-09
2.024787957815422626e-09
2.023925329541910003e-09
2.023061213443504556e-09
2.022195644823807473e-09
2.021328658452501737e-09
2.020460119347057112e-09
2.019590010840173857e-09
2.018718763812630221e-09
2.017846905516098438e-09
2.016974506941976084e-09
2.016101487999649304e-09
2.015227956181903337e-09
2.014353670343982012e-09
2.013478777378473047e-09
2.012603145658905304e-09
2.011726736748790586e-09
2.010849793007620471e-09
2.009972511598252791e-09
2.009094867624261303e-09
2.008216914728928289e-09
2.007338580056377012e-09
2.006459435610119923e-09
2.005579341288788311e-09
2.004698098240194060e-09
2.003816000619581213e-09
2.002932929074957979e-09
2.002048667448393275e-09
2.001163406035253258e-09
2.000277173664316695e-09
1.999389718286459020e-09
1.998501054198833722e-09
1.997611100652609553e-09
1.996719559240968122e-09
1.995826717816655111e-09
1.994932437120141300e-09
1.994036973675298104e-09
1.993140352011305907e-09
1.992242548090528545e-09
1.991343591987554889e-09
1.990443444130260062e-09
1.989541476743378052e-09
1.988637982114851811e-09
1.987732910505502540e-09
1.986826113703484569e-09
1.985917691771921738e-09
1.985007505589708954e-09
1.984095554628577245e-09
1.983181918360472649e-09
1.982266354747950640e-09
1.981348594636716373e-09
1.980428372612730545e-09
1.979505480481642092e-09
1.978580194265237533e-09
1.977652383594157193e-09
1.976721817824044339e-09
1.975788706914853406e-09
1.974852607115260868e-09
1.973913916677686506e-09
1.972972519529923720e-09
1.972027853209923584e-09
1.971080259306935248e-09
1.970129696243108619e-09
1.969175820951736237e-09
1.968219168218674282e-09
1.967259614801951588e-09
1.966297210245823916e-09
1.965332147413551538e-09
1.964364263239616453e-09
1.963393495320517326e-09
1.962419419385897218e-09
1.961442275230177174e-09
1.960462032948266314e-09
1.959478423818090276e-09
1.958491805240234346e-09
1.957502109161264918e-09
1.956509001452667698e-09
1.955512968409756230e-09
1.954513823844664518e-09
1.953511265971914843e-09
1.952505059683704569e-09
1.951495420163350387e-09
1.950482249311080108e-09
1.949465321697423966e-09
1.948445026701584029e-09
1.947421299089443183e-09
1.946393961605678541e-09
1.945363310623133407e-09
1.944329307064051117e-09
1.943291831166820043e-09
1.942250733530282502e-09
1.941206353910286071e-09
1.940158630668895411e-09
1.939107137244705236e-09
1.938052527235996086e-09
1.936995025586342735e-09
1.935934684116923524e-09
1.934871601611152673e-09
1.933805823090515468e-09
1.932737185274795458e-09
1.931665668541779175e-09
1.930591375869955025e-09
1.929514025449180920e-09
1.928433916497040050e-09
1.927351021843008824e-09
1.926265249220869423e-09
1.925177056207330050e-09
1.924086483318054449e-09
1.922993177491605290e-09
1.921897352705038733e-09
1.920799093015221920e-09
1.919698000166909002e-09
1.918594424975689424e-09
1.917488279917051520e-09
1.916379303009289829e-09
1.915267976173257182e-09
1.914154539233038148e-09
1.913038829173964001e-09
1.911920983333173881e-09
1.910801171806113815e-09
1.909679055805899732e-09
1.908555024371325302e-09
1.907429164563607841e-09
1.906301115754638555e-09
1.905171239246280150e-09
1.904039465939862845e-09
1.902906003782552975e-09
1.901771471468762030e-09
1.900635709243833134e-09
1.899498758480806460e-09
1.898360695022959579e-09
1.897221295445136771e-09
1.896080809813336377e-09
1.894939188264082058e-09
1.893796203866434754e-09
1.892652120489178078e-09
1.891506884498917451e-09
1.890360564555041773e-09
1.889213421276210095e-09
1.888065482498226279e-09
1.886916596497811674e-09
1.885766917244092407e-09
1.884616301641236465e-09
1.883464796589330752e-09
1.882312481306074937e-09
1.881159169904462262e-09
1.880005058995070186e-09
1.878850061975738097e-09
1.877694428387021837e-09
1.876538328667599824e-09
1.875381778894354679e-09
1.874224698863673471e-09
1.873067124220979020e-09
1.871909146805918309e-09
1.870750792547443297e-09
1.869592113700363978e-09
1.868433023125776713e-09
1.867273585439129973e-09
1.866113809830039298e-09
1.864953871741611336e-09
1.863794099136872079e-09
1.862634350162974381e-09
1.861474696579706636e-09
1.860315144789854586e-09
1.859155574973893823e-09
1.857996030961173626e-09
1.856836427889712114e-09
1.855676812096015705e-09
1.854517166586501197e-09
1.853357441773125821e-09
1.852197725492560591e-09
1.851037956989672059e-09
1.849878205255782436e-09
1.848718401661165105e-09
1.847558578479645405e-09
1.846398719494505418e-09
1.845238799798019203e-09
1.844078769032340965e-09
1.842918662508134358e-09
1.841758436610748142e-09
1.840598141929675077e-09
1.839437719666070688e-09
1.838277315528861147e-09
1.837116909075179658e-09
1.835956509219206332e-09
1.834796141122914310e-09
1.833635724740889158e-09
1.832475395821227109e-09
1.831315035243582304e-09
1.830154793081453718e-09
1.828994524077909825e-09
1.827834335314702995e-09
1.826674175277163767e-09
1.825514091235449932e-09
1.824354115871594257e-09
1.823194267912297034e-09
1.822034537783747934e-09
1.820874953864144107e-09
1.819715520174824723e-09
1.818556113362232573e-09
1.817396689629506103e-09
1.816237217750882627e-09
1.815077743089667411e-09
1.813918238985243047e-09
1.812758679640019235e-09
1.811599066401504831e-09
1.810439183043969722e-09
1.809279159142959162e-09
1.808118845302965943e-09
1.806958375529081710e-09
1.805797615069011610e-09
1.804636670857609215e-09
1.803475427064202387e-09
1.802313975671099881e-09
1.801152246343708068e-09
1.799990302416354420e-09
1.798828087173607240e-09
1.797665652450769391e-09
1.796502951559625946e-09
1.795340043553268574e-09
1.794176849827015369e-09
1.793013468888846571e-09
1.791849796655711378e-09
1.790685979390229571e-09
1.789521931330667620e-09
1.788357761454330305e-09
1.787193376569823520e-09
1.786028851941306591e-09
1.784864130909846944e-09
1.783699259420692914e-09
1.782534221707709232e-09
1.781369031401356705e-09
1.780203686966266726e-09
1.779038179972740314e-09
1.777872527968054279e-09
1.776706694479071450e-09
1.775540662512208417e-09
1.774374353314472685e-09
1.773207860763725211e-09
1.772041085648568938e-09
1.770874129083015594e-09
1.769706925084331823e-09
1.768539422644930147e-09
1.767371547863697445e-09
1.766203310240994544e-09
1.765034687004769758e-09
1.763865731319472846e-09
1.762696385350984985e-09
1.761526759467906824e-09
1.760356838808091565e-09
1.759186679476778379e-09
1.758016202391866488e-09
1.756845485806329080e-09
1.755674465689484751e-09
1.754503213069456033e-09
1.753331784350928303e-09
1.752160197373562525e-09
1.750988466515023743e-09
1.749816564175392915e-09
1.748644531229104765e-09
1.747472333567518523e-09
1.746300104863792522e-09
1.745127821563359114e-09
1.743955509299960873e-09
1.742783190217094583e-09
1.741610807696789448e-09
1.740438447548803450e-09
1.739266034517452144e-09
1.738093731874476067e-09
1.736921410605085834e-09
1.735749211886962267e-09
1.734576995830609457e-09
1.733404895729227353e-09
1.732232780193642879e-09
1.731060766007954538e-09
1.729888722318320279e-09
1.728716765363620083e-09
1.727544791183689097e-09
1.726372890967020413e-09
1.725201004837045242e-09
1.724029149141842124e-09
1.722857306591206268e-09
1.721685447924138838e-09
1.720513633630226385e-09
1.719341781583467141e-09
1.718169980987815144e-09
1.716998155264089939e-09
1.715826475876433399e-09
1.714654895351290224e-09
1.713483461156565657e-09
1.712312170410794439e-09
1.711141000962004906e-09
1.709969988506468739e-09
1.708799128707862597e-09
1.707628569196090113e-09
1.706458287423683894e-09
1.705288318195639056e-09
1.704118639443320523e-09
1.702949261438304761e-09
1.701780194655565954e-09
1.700611461666583722e-09
1.699443193007390706e-09
1.698275297986688508e-09
1.697107846502612626e-09
1.695940783088366703e-09
1.694774125842095716e-09
1.693607892973531512e-09
1.692442055258399388e-09
1.691276695825564339e-09
1.690111711035495333e-09
1.688947240743788765e-09
1.687783135399564367e-09
1.686619546727513824e-09
1.685456313573208893e-09
1.684293592322534820e-09
1.683131240129668936e-09
1.681969358977299302e-09
1.680807884446311868e-09
1.679646843047601043e-09
1.678486252774788227e-09
1.677326047400780573e-09
1.676166258710684436e-09
1.675006786847598100e-09
1.673847725572146420e-09
1.672688976178601290e-09
1.671530642963298727e-09
1.670372618977259808e-09
1.669215063335287219e-09
1.668057984242494822e-09
1.666901392634326741e-09
1.665745268816531381e-09
1.664589651810365865e-09
1.663434484591064380e-09
1.662279828052183673e-09
1.661125653085272936e-09
1.659972083217624810e-09
1.658819036348661956e-09
1.657666566195114712e-09
1.656514648013105070e-09
1.655363279983354945e-09
1.654212496084556482e-09
1.653062265470904964e-09
1.651912773064680667e-09
1.650763856721304852e-09
1.649615627185098492e-09
1.648468001452907569e-09
1.647321012812720145e-09
1.646174689923817202e-09
1.645028925462911905e-09
1.643883771552041213e-09
1.642739133898074272e-09
1.641595057131237872e-09
1.640451533275240503e-09
1.639308518461183315e-09
1.638166109773263984e-09
1.637024185083960413e-09
1.635882920938116411e-09
1.634742132660636014e-09
1.633601988454237868e-09
1.632462362167235884e-09
1.631323299394583124e-09
1.630184841948602709e-09
1.629046857998014206e-09
1.627909393886386293e-09
1.626772279259789137e-09
1.625635679758696703e-09
1.624499424277737681e-09
1.623363699359310779e-09
1.622228331102740630e-09
1.621093496674363476e-09
1.619959158057197833e-09
1.618825437686687091e-09
1.617692185814203119e-09
1.616559606392410958e-09
1.615427508027032322e-09
1.614296016419171474e-09
1.613165059871188582e-09
1.612034688238085516e-09
1.610904901411101056e-09
1.609775683984282496e-09
1.608647058587020579e-09
1.607519000157629129e-09
1.606391495216781925e-09
1.605264600996879729e-09
1.604138262199211144e-09
1.603012708066949948e-09
1.601887742490949777e-09
1.600763452766900357e-09
1.599639822836282063e-09
1.598516779699146041e-09
1.597394517314839047e-09
1.596272793210871668e-09
1.595151672488587155e-09
1.594031034302998885e-09
1.592910930329798813e-09
1.591791358734171506e-09
1.590672310914095169e-09
1.589553798899687997e-09
1.588435836601083249e-09
1.587318354461965404e-09
1.586201554045077846e-09
1.585085220354963425e-09
1.583969574702291214e-09
1.582854433099844306e-09
1.581739892080951383e-09
1.580625959301270967e-09
1.579512509876114268e-09
1.578399618491934570e-09
1.577287097302611942e-09
1.576175136907195979e-09
1.575063588747782354e-09
1.573952544251573592e-09
1.572841960594908672e-09
1.571731866605154365e-09
1.570622285204085149e-09
1.569513379791977779e-09
1.568405071322043198e-09
1.567297373779276161e-09
1.566190303141684739e-09
1.565083747183253655e-09
1.563977938914248658e-09
1.562872628850614064e-09
1.561767998992203114e-09
1.560663969926393715e-09
1.559560557429209254e-09
1.558457805555995711e-09
1.557355647764676894e-09
1.556254079201961224e-09
1.555153156142585453e-09
1.554052817526320074e-09
1.552953329835041621e-09
1.551854462917350202e-09
1.550756270950445267e-09
1.549658833373786163e-09
1.548562001622405680e-09
1.547465989132379723e-09
1.546370587764443942e-09
1.545275843441247269e-09
1.544181690509165047e-09
1.543088092471047878e-09
1.541995102232860884e-09
1.540902653981368706e-09
1.539810764917790113e-09
1.538719503945873085e-09
1.537628830650240013e-09
1.536538783362856142e-09
1.535449450937379824e-09
1.534360659648283535e-09
1.533272651387526860e-09
1.532185199604128502e-09
1.531098441195945893e-09
1.530012363192146791e-09
1.528926835155571867e-09
1.527841984259132191e-09
1.526757624022578652e-09
1.525673916614502217e-09
1.524590770785673023e-09
1.523508191113948670e-09
1.522426175510266942e-09
1.521344693168372283e-09
1.520263922917093344e-09
1.519183846160384872e-09
1.518104525525626290e-09
1.517025786636841564e-09
1.515947926506728803e-09
1.514870691934989004e-09
1.513794198842693566e-09
1.512718433578193864e-09
1.511643314451239226e-09
1.510568973452013964e-09
1.509495245793889718e-09
1.508422277448514738e-09
1.507350051252807210e-09
1.506278513500630497e-09
1.505207625471587128e-09
1.504137459559670249e-09
1.503068007515273194e-09
1.501999396536025053e-09
1.500931549786379556e-09
1.499864338908352092e-09
1.498798098647712777e-09
1.497732469181467559e-09
1.496667736913153886e-09
1.495603750745928978e-09
1.494540425058602046e-09
1.493477841745527479e-09
1.492415815345562530e-09
1.491354487381033445e-09
1.490293818708503975e-09
1.489233786486710577e-09
1.488174354440263944e-09
1.487115579957643686e-09
1.486057472153603225e-09
1.485000100084438567e-09
1.483943519481786971e-09
1.482887536073436535e-09
1.481832419902839640e-09
1.480777954490020010e-09
1.479724182940428495e-09
1.478671251138845939e-09
1.477618902023950870e-09
1.476567340693932093e-09
1.475516378864092724e-09
1.474466071475786419e-09
1.473416421736055486e-09
1.472367317693612424e-09
1.471318998541161456e-09
1.470271271886505537e-09
1.469224273162756728e-09
1.468177876865852216e-09
1.467132406145076400e-09
1.466087678191929442e-09
1.465043633386208158e-09
1.464000507387290590e-09
1.462958038726908279e-09
1.461916437877748110e-09
1.460875605677143481e-09
1.459835452010794999e-09
1.458796112854208219e-09
1.457757407031007432e-09
1.456719499440113659e-09
1.455682346471818889e-09
1.454645882125028014e-09
1.453610057837867511e-09
1.452575054482322826e-09
1.451540801396104251e-09
1.450507259343258282e-09
1.449474619230755598e-09
1.448442643594065215e-09
1.447411593129533332e-09
1.446381282444522443e-09
1.445351658135167352e-09
1.444323001359043433e-09
1.443295029940174945e-09
1.442267801091187657e-09
1.441241284445814958e-09
1.440215282784698859e-09
1.439190024741526405e-09
1.438165397386865504e-09
1.437141453452945846e-09
1.436118096612661078e-09
1.435095387397971940e-09
1.434073393816406409e-09
1.433052100618797041e-09
1.432031634060647503e-09
1.431011808603834520e-09
1.429992815508450106e-09
1.428974546190566391e-09
1.427956928523855120e-09
1.426940201561184600e-09
1.425924155964092626e-09
1.424908791045405728e-09
1.423894169162719819e-09
1.422880067816761053e-09
1.421866789029598795e-09
1.420854153739344187e-09
1.419842127761082961e-09
1.418830736589427358e-09
1.417820060716843021e-09
1.416810149777984142e-09
1.415800857501049853e-09
1.414792480350694508e-09
1.413784865914347367e-09
1.412777940590342136e-09
1.411771964255077890e-09
1.410766642691867608e-09
1.409762192790307820e-09
1.408758544355641228e-09
1.407755544281767980e-09
1.406753392601005880e-09
1.405751927125695173e-09
1.404751176737583138e-09
1.403751130536538199e-09
1.402751743270134512e-09
1.401753147842433184e-09
1.400755280808933313e-09
1.399758114079584668e-09
1.398761626255974847e-09
1.397766006374241795e-09
1.396771190556251927e-09
1.395777002332023346e-09
1.394783803383377349e-09
1.393791292702408325e-09
1.392799448464134071e-09
1.391808595607454994e-09
1.390818398104066330e-09
1.389828927511065791e-09
1.388840179331107128e-09
1.387851922783529134e-09
1.386864430544652517e-09
1.385877587778193487e-09
1.384891309547308872e-09
1.383905681403271604e-09
1.382920698379791442e-09
1.381936468172344724e-09
1.380952780388050123e-09
1.379969990896361759e-09
1.378987923280265421e-09
1.378006462020541291e-09
1.377025956765361856e-09
1.376046094134882088e-09
1.375066885420491441e-09
1.374088608885587505e-09
1.373110938122287888e-09
1.372134029492466232e-09
1.371157838812946131e-09
1.370182157917626186e-09
1.369207327781326614e-09
1.368233162889230369e-09
1.367259585283572614e-09
1.366286691542882077e-09
1.365314516424835216e-09
1.364343094394724545e-09
1.363372243637026163e-09
1.362402378503641877e-09
1.361433277077241526e-09
1.360464796947752916e-09
1.359497337731348654e-09
1.358530587186645003e-09
1.357564471809436571e-09
1.356599388555484178e-09
1.355635000246722275e-09
1.354671308829552338e-09
1.353708421225409828e-09
1.352746149352289787e-09
1.351784645074719402e-09
1.350823877994650956e-09
1.349863699409400560e-09
1.348904300630615709e-09
1.347945646217684329e-09
1.346987673601844943e-09
1.346030379496249479e-09
1.345073903466229003e-09
1.344118265837414628e-09
1.343163244068158523e-09
1.342209145097383226e-09
1.341255772363947520e-09
1.340303039790428737e-09
1.339351270395455616e-09
1.338400224761033435e-09
1.337449794184585603e-09
1.336500176846664526e-09
1.335551152861090518e-09
1.334602729984514439e-09
1.333654966098372946e-09
1.332707834782170273e-09
1.331761407525204890e-09
1.330815520391163227e-09
1.329870294101439750e-09
1.328925841929406594e-09
1.327981926236796928e-09
1.327038929182905397e-09
1.326096644180786426e-09
1.325154966790737055e-09
1.324214237570895197e-09
1.323274176390560515e-09
1.322334728979309066e-09
1.321396233087262382e-09
1.320458416192059989e-09
1.319521242607317701e-09
1.318584833787509084e-09
1.317649080751798331e-09
1.316714034257763784e-09
1.315779610545160723e-09
1.314845861486016557e-09
1.313912911409208055e-09
1.312980512301073927e-09
1.312048801950748376e-09
1.311117917924898687e-09
1.310187626682165732e-09
1.309258298515573686e-09
1.308329709020409623e-09
1.307401723769249739e-09
1.306474806312192525e-09
1.305548563337683802e-09
1.304622947718933137e-09
1.303698356834739506e-09
1.302774475296707018e-09
1.301851252891063648e-09
1.300928815215801877e-09
1.300007041164625003e-09
1.299085967426074233e-09
1.298165517593997510e-09
1.297245791058470966e-09
1.296326838833438551e-09
1.295408420567253756e-09
1.294490765457184316e-09
1.293573891245429879e-09
1.292657547257917782e-09
1.291742172793825553e-09
1.290827493229724390e-09
1.289913407301879361e-09
1.289000306732095326e-09
1.288087850724231556e-09
1.287176028685371149e-09
1.286265151284098071e-09
1.285354984648531670e-09
1.284445401273121153e-09
1.283536627992756470e-09
1.282628452951930364e-09
1.281720794022522449e-09
1.280813861448396432e-09
1.279907576170757763e-09
1.279001832363551464e-09
1.278096747255101805e-09
1.277192316931418428e-09
1.276288500474985804e-09
1.275385338546247652e-09
1.274482921709379187e-09
1.273581305652937067e-09
1.272680353202923880e-09
1.271780066463233397e-09
1.270880691924869378e-09
1.269981939941939521e-09
1.269083836266128500e-09
1.268186652443065024e-09
1.267290106829985139e-09
1.266394221595104269e-09
1.265499056842400939e-09
1.264604551354860176e-09
1.263710728847365917e-09
1.262817491453911348e-09
1.261924992223390990e-09
1.261033205137160862e-09
1.260141921760041433e-09
1.259251423425462127e-09
1.258361677752955618e-09
1.257472459813777449e-09
1.256584161193428001e-09
1.255696632885539534e-09
1.254809749671370919e-09
1.253923695911034359e-09
1.253038457625891773e-09
1.252153851082973034e-09
1.251270053767835584e-09
1.250387127670829067e-09
1.249504826552371473e-09
1.248623246714850520e-09
1.247742392789798522e-09
1.246862118119100172e-09
1.245982575149226346e-09
1.245103606155257197e-09
1.244225311551318662e-09
1.243347775393571053e-09
1.242470712282045944e-09
1.241594402379930358e-09
1.240718867833546523e-09
1.239843817967301654e-09
1.238969621356641010e-09
1.238096192611314151e-09
1.237223349032995079e-09
1.236351285708192762e-09
1.235480045651252998e-09
1.234609386598733732e-09
1.233739447250820103e-09
1.232870394195056593e-09
1.232001945186962014e-09
1.231134138792266989e-09
1.230267038801531077e-09
1.229400501732607825e-09
1.228534547261385626e-09
1.227669211166766541e-09
1.226804526750157361e-09
1.225940389283708416e-09
1.225076869117550475e-09
1.224214001580003362e-09
1.223351673604624099e-09
1.222490058702948790e-09
1.221629106435914295e-09
1.220768930829039395e-09
1.219909441377472820e-09
1.219050505706128437e-09
1.218192523345017239e-09
1.217335147783798017e-09
1.216478364387027916e-09
1.215622453704914399e-09
1.214767224366485818e-09
1.213912560988120831e-09
1.213058679604157536e-09
1.212205477529197470e-09
1.211352761427504513e-09
1.210500851329600159e-09
1.209649518168871505e-09
1.208798772073527870e-09
1.207948829058839183e-09
1.207099328784843155e-09
1.206250594452378838e-09
1.205402598493308915e-09
1.204555113341076749e-09
1.203708467823854879e-09
1.202862597756294428e-09
1.202017389667982427e-09
1.201172827807614543e-09
1.200329207531045501e-09
1.199486216229645912e-09
1.198643808394624952e-09
1.197802349198049290e-09
1.196961594319901760e-09
1.196121384781683739e-09
1.195281960966116635e-09
1.194443181203269407e-09
1.193604840306673641e-09
1.192767292262943160e-09
1.191930362782969750e-09
1.191093913350190994e-09
1.190258278100184067e-09
1.189423099999609125e-09
1.188588592476773196e-09
1.187754849500642286e-09
1.186921563057394367e-09
1.186089075600013139e-09
1.185257359503155336e-09
1.184426220314516949e-09
1.183595714008682524e-09
1.182766124006731908e-09
1.181937097231689803e-09
1.181108637872981372e-09
1.180281080833161785e-09
1.179454175599887906e-09
1.178627791197844144e-09
1.177802171351686487e-09
1.176977150208361962e-09
1.176152554666660507e-09
1.175328708096213376e-09
1.174505373937184876e-09
1.173682595326101175e-09
1.172860512223788655e-09
1.172038882986885078e-09
1.171217926654786163e-09
1.170397542754748233e-09
1.169577776453741515e-09
1.168758683606289217e-09
1.167940340367121229e-09
1.167122658559158553e-09
1.166305509722011411e-09
1.165489248064053718e-09
1.164673585999499515e-09
1.163858521028253924e-09
1.163044208449296795e-09
1.162230651286754125e-09
1.161417684338727658e-09
1.160605334295496878e-09
1.159793680898792366e-09
1.158982661834805840e-09
1.158172138846871517e-09
1.157362317543790380e-09
1.156553181988516139e-09
1.155744456378902921e-09
1.154936582531173099e-09
1.154129187904335369e-09
1.153322409144824377e-09
1.152516407315963728e-09
1.151710852301396385e-09
1.150906136925370365e-09
1.150102153933104279e-09
1.149298802128662433e-09
1.148496009003639987e-09
1.147694193146682158e-09
1.146892942124038950e-09
1.146092241251536230e-09
1.145292440945031096e-09
1.144493303840278495e-09
1.143694726928421118e-09
1.142896855227681054e-09
1.142099611507016303e-09
1.141302925791310422e-09
1.140506817130722341e-09
1.139711259844897860e-09
1.138916408264559530e-09
1.138121974866777190e-09
1.137328259404465470e-09
1.136535109735544380e-09
1.135742478433776662e-09
1.134950603257489860e-09
1.134159150984277594e-09
1.133368493386739727e-09
1.132578550952674649e-09
1.131789171671362993e-09
1.131000342078310095e-09
1.130212441578468728e-09
1.129425061588517456e-09
1.128638205464516000e-09
1.127852208663419759e-09
1.127066844394831587e-09
1.126282013722789029e-09
1.125497852086760407e-09
1.124714299336155156e-09
1.123931296139622803e-09
1.123148749295175539e-09
1.122366880355723316e-09
1.121585602030519845e-09
1.120804692810442604e-09
1.120024589154871843e-09
1.119244862296103549e-09
1.118465750308155648e-09
1.117687312774506365e-09
1.116909356643329266e-09
1.116132086724666236e-09
1.115355538353899153e-09
1.114579620665993773e-09
1.113804204136254733e-09
1.113029622335971900e-09
1.112255657136801107e-09
1.111482263929702765e-09
1.110709462637043787e-09
1.109937532229169605e-09
1.109166175021041022e-09
1.108395295602959088e-09
1.107625173424807344e-09
1.106855652241242251e-09
1.106086562397512729e-09
1.105318203912786509e-09
1.104550302664360094e-09
1.103783112464136806e-09
1.103016415779840277e-09
1.102250314839931091e-09
1.101484853567688195e-09
1.100719878210800873e-09
1.099955665339099402e-09
1.099191851529877136e-09
1.098428871725507476e-09
1.097666566122602064e-09
1.096904855594566902e-09
1.096143631058161431e-09
1.095383383878806806e-09
1.094623626832481757e-09
1.093864409168233068e-09
1.093105978983764201e-09
1.092348259735912622e-09
1.091591119674615661e-09
1.090834493250066442e-09
1.090078582296204893e-09
1.089323224717889134e-09
1.088568240237789314e-09
1.087813990873897478e-09
1.087060196689023926e-09
1.086306989222064734e-09
1.085554353985887428e-09
1.084802196613206067e-09
1.084050693485015905e-09
1.083299629955449684e-09
1.082549284010352191e-09
1.081799335783756073e-09
1.081050153901955862e-09
1.080301645701473219e-09
1.079553684382645574e-09
1.078806195345886842e-09
1.078059623243332438e-09
1.077313529613760300e-09
1.076567943675088457e-09
1.075823079551271870e-09
1.075078940724081448e-09
1.074335351485923058e-09
1.073592220575207311e-09
1.072849811424613106e-09
1.072107935694710673e-09
1.071366448798438164e-09
1.070625643525522218e-09
1.069885272826321611e-09
1.069145554310093240e-09
1.068406179650150554e-09
1.067667554966090828e-09
1.066929349405300727e-09
1.066191651980343101e-09
1.065454649767888271e-09
1.064718075694229141e-09
1.063982162214879060e-09
1.063246944640501476e-09
1.062512324701825999e-09
1.061778182184185903e-09
1.061044754712076290e-09
1.060312021683019450e-09
1.059579855685041257e-09
1.058848152721605521e-09
1.058117283416257939e-09
1.057386982725029476e-09
1.056657195031047153e-09
1.055928033263036650e-09
1.055199467189623214e-09
1.054471471200017708e-09
1.053743833572898320e-09
1.053016958244164240e-09
1.052290558999197388e-09
1.051564668785930426e-09
1.050839414679106699e-09
1.050114592622244620e-09
1.049390430429790520e-09
1.048666707642450349e-09
1.047943709013627844e-09
1.047221082201546041e-09
1.046499209141267463e-09
1.045778003254643723e-09
1.045057359483657870e-09
1.044337162256121781e-09
1.043617823060481380e-09
1.042899020544836950e-09
1.042180760455876077e-09
1.041463029290260520e-09
1.040746138826079873e-09
1.040029803670427970e-09
1.039313910601841980e-09
1.038598680732536700e-09
1.037884000365395632e-09
1.037169819932504204e-09
1.036456020282795690e-09
1.035742904914736702e-09
1.035030275321491166e-09
1.034318063840883559e-09
1.033606502694661233e-09
1.032895331640238254e-09
1.032184787119861005e-09
1.031474635062488972e-09
1.030765192189195763e-09
1.030056107638839306e-09
1.029347702529553322e-09
1.028639967724690778e-09
1.027932764707689466e-09
1.027226006415919038e-09
1.026519988074933419e-09
1.025814568985177070e-09
1.025109682020512321e-09
1.024405248414175153e-09
1.023701611902036500e-09
1.022998508321164221e-09
1.022295897824705046e-09
1.021593844372716320e-09
1.020892389106944868e-09
1.020191449788037053e-09
1.019490829755978553e-09
1.018790931963579703e-09
1.018091401665369943e-09
1.017392501143914180e-09
1.016693927788844131e-09
1.015996070425314842e-09
1.015298574911692845e-09
1.014601605409935415e-09
1.013905243665027355e-09
1.013209362209554825e-09
1.012513988949239128e-09
1.011819335003683809e-09
1.011125251242575556e-09
1.010431675193908001e-09
1.009738573235641156e-09
1.009046340329109292e-09
1.008354538776184523e-09
1.007663235604484411e-09
1.006972533842994053e-09
1.006282586837582558e-09
1.005593165544589426e-09
1.004904156231939230e-09
1.004215796953874697e-09
1.003527958877816960e-09
1.002840654049421767e-09
1.002153702094250538e-09
1.001467443622702868e-09
1.000781638536673033e-09
1.000096315099946697e-09
9.994115561716043142e-10
9.987272388168902210e-10
9.980435105075093452e-10
9.973601981111773447e-10
9.966775780398796188e-10
9.959953138133173763e-10
9.953136762931236781e-10
9.946327045122085540e-10
9.939522678921639342e-10
9.932722910078077930e-10
9.925928765643137939e-10
9.919142562887064200e-10
9.912360622217370288e-10
9.905583181683351974e-10
9.898812529006112678e-10
9.892048630745120445e-10
9.885289978068323379e-10
9.878535205358865000e-10
9.871786869429996253e-10
9.865043465623556573e-10
9.858304757722941214e-10
9.851569414381663579e-10
9.844840772827512621e-10
9.838116231224338456e-10
9.831396444953684885e-10
9.824681333606422645e-10
9.817971269128181240e-10
9.811266002035609328e-10
9.804564803632236699e-10
9.797870043213592927e-10
9.791179273324398297e-10
9.784493554064957729e-10
9.777814497699926653e-10
9.771140926691618798e-10
9.764472157839645359e-10
9.757807539230107059e-10
9.751151265136074859e-10
9.744499198225202683e-10
9.737852037736630173e-10
9.731209560681658912e-10
9.724574808341098149e-10
9.717944766257192600e-10
9.711319219654830933e-10
9.704698956385277093e-10
9.698084367328494379e-10
9.691474677324382148e-10
9.684868072592862316e-10
9.678267907060810886e-10
9.671671410531158556e-10
9.665081122899143463e-10
9.658493299668675315e-10
9.651912915474388367e-10
9.645335152537893738e-10
9.638763653133877399e-10
9.632195597582465537e-10
9.625634370842781455e-10
9.619076288855352488e-10
9.612524612376135322e-10
9.605979176540111554e-10
9.599438910321417567e-10
9.592902880750280361e-10
9.586372356151726684e-10
9.579849459833835787e-10
9.573330640295138067e-10
9.566816371730915567e-10
9.560307936569833341e-10
9.553806570324940055e-10
9.547310203055297729e-10
9.540817663597058236e-10
9.534331078125637631e-10
9.527849630052808182e-10
9.521373189942154138e-10
9.514899670814659446e-10
9.508432952740067752e-10
9.501969517043019922e-10
9.495512494446279166e-10
9.489057957833828131e-10
9.482610781451600184e-10
9.476166035204079292e-10
9.469727784969624366e-10
9.463293178969679961e-10
9.456864897030646454e-10
9.450439733490466569e-10
9.444020899558723651e-10
9.437608245028436797e-10
9.431200354023073528e-10
9.424796522176177951e-10
9.418398185997136600e-10
9.412007274669415210e-10
9.405620235607470219e-10
9.399237486779157308e-10
9.392860264188361708e-10
9.386490348877329820e-10
9.380124998135920789e-10
9.373763343117559865e-10
9.367407378244781812e-10
9.361056458274140057e-10
9.354710114586135117e-10
9.348366551657036520e-10
9.342029079383086512e-10
9.335695225240959841e-10
9.329366933693666030e-10
9.323041143770376713e-10
9.316721947346200965e-10
9.310405652649510753e-10
9.304094949863736676e-10
9.297787336686880821e-10
9.291486221606502468e-10
9.285188303455503316e-10
9.278895572457809607e-10
9.272608874754327718e-10
9.266327388777826114e-10
9.260050501884967437e-10
9.253777381547653252e-10
9.247511513745791610e-10
9.241250228812269662e-10
9.234993817941060428e-10
9.228741038203582706e-10
9.222495158018514172e-10
9.216254376279283873e-10
9.210018532658471918e-10
9.203786122646231225e-10
9.197559913095571492e-10
9.191337917172526333e-10
9.185120746715314437e-10
9.178905979283730016e-10
9.172698419456514181e-10
9.166493503437378330e-10
9.160294580040006327e-10
9.154097772651704935e-10
9.147908317170571498e-10
9.141720909560328757e-10
9.135539659772333432e-10
9.129361438545738937e-10
9.123189790337254670e-10
9.117020988585793794e-10
9.110857929863278410e-10
9.104700822405022394e-10
9.098548642051349312e-10
9.092401023198678217e-10
9.086257057002447744e-10
9.080121313784617773e-10
9.073989364694000224e-10
9.067862354812944271e-10
9.061739069942774581e-10
9.055622814615827990e-10
9.049511524329227640e-10
9.043405117353172872e-10
9.037302291837352057e-10
9.031205391659664094e-10
9.025112879798431469e-10
9.019025052892750382e-10
9.012939806837248957e-10
9.006861261456544792e-10
9.000785519724032897e-10
8.994715819259200749e-10
8.988648250531440006e-10
8.982587698708709633e-10
8.976529336736134496e-10
8.970476949206665431e-10
8.964427658620432464e-10
8.958384697868633581e-10
8.952344526809695940e-10
8.946309582213466958e-10
8.940280562912996431e-10
8.934256467440148055e-10
8.928236723891129197e-10
8.922220505271241315e-10
8.916211142430911432e-10
8.910206682082648340e-10
8.904206577334202306e-10
8.898209764250373270e-10
8.892219424403320245e-10
8.886234701838910679e-10
8.880254603892306887e-10
8.874277652498876195e-10
8.868306263597870301e-10
8.862339439135830984e-10
8.856376852949235758e-10
8.850416849424330225e-10
8.844462208815056949e-10
8.838511488068707116e-10
8.832565317202154087e-10
8.826622279784461021e-10
8.820683917336065740e-10
8.814750108867198754e-10
8.808819580318153492e-10
8.802893900759847480e-10
8.796971889003332369e-10
8.791055434844989114e-10
8.785141706898986829e-10
8.779233686429733159e-10
8.773331032294320855e-10
8.767432869572502257e-10
8.761538654338242509e-10
8.755648312937612803e-10
8.749765421463411685e-10
8.743886083856587327e-10
8.738011292683102445e-10
8.732139893873683422e-10
8.726274928896293257e-10
8.720414868024731017e-10
8.714559404630113657e-10
8.708706963758532422e-10
8.702860264312728628e-10
8.697017835671853457e-10
8.691179868683553437e-10
8.685344323581060011e-10
8.679514544559236631e-10
8.673688181419320974e-10
8.667866823942764116e-10
8.662048446247505913e-10
8.656234949235574608e-10
8.650425861303599673e-10
8.644619943311985488e-10
8.638819274054405103e-10
8.633022055100945800e-10
8.627230625152754812e-10
8.621441687718054817e-10
8.615658508475306764e-10
8.609880775092727038e-10
8.604107469357193063e-10
8.598338414083300637e-10
8.592572725939464047e-10
8.586814564006734561e-10
8.581060113348492274e-10
8.575310434100357546e-10
8.569563766364953526e-10
8.563823257528816066e-10
8.558088390619619520e-10
8.552357927638346936e-10
8.546630677773510634e-10
8.540908488482310853e-10
8.535190954516299298e-10
8.529477632677139226e-10
8.523767420246378339e-10
8.518061299959097005e-10
8.512359963896675591e-10
8.506662208521152841e-10
8.500969354256992853e-10
8.495278891955187447e-10
8.489594802886356713e-10
8.483912561617255503e-10
8.478236074355624924e-10
8.472562248702892545e-10
8.466894397327299686e-10
8.461229175437209307e-10
8.455568232261952853e-10
8.449913351707587676e-10
8.444263022728000267e-10
8.438616791785476728e-10
8.432973677094833681e-10
8.427335869706833525e-10
8.421704395483197781e-10
8.416076110014195450e-10
8.410451842437969244e-10
8.404831544129791494e-10
8.399217711317982034e-10
8.393607887821645127e-10
8.388002318674810317e-10
8.382399797705233542e-10
8.376802705134004104e-10
8.371209664980168078e-10
8.365620535843579377e-10
8.360033516186858980e-10
8.354451960830273107e-10
8.348873714469473076e-10
8.343299793202387577e-10
8.337728923124680409e-10
8.332161737780905197e-10
8.326599881177735263e-10
8.321040135675258888e-10
8.315485631685497511e-10
8.309933541964729231e-10
8.304387394185831744e-10
8.298843487682064449e-10
8.293304281907753873e-10
8.287770363297611101e-10
8.282240964788591442e-10
8.276715809671734906e-10
8.271193678229088311e-10
8.265676301211440746e-10
8.260165314397753308e-10
8.254657432493705774e-10
8.249153669637408487e-10
8.243653345531119720e-10
8.238159234249170038e-10
8.232669150337757494e-10
8.227183559421918475e-10
8.221700654282563687e-10
8.216223112401369409e-10
8.210749623375438667e-10
8.205280215143684836e-10
8.199813352760781955e-10
8.194350913508510410e-10
8.188892938970370763e-10
8.183438118457438358e-10
8.177988242680408487e-10
8.172540147144043578e-10
8.167098781457310878e-10
8.161658909820991109e-10
8.156224359580364627e-10
8.150792322712073073e-10
8.145365808860835518e-10
8.139942813271809332e-10
8.134522816377230467e-10
8.129108851509159501e-10
8.123699625850113640e-10
8.118294319948053167e-10
8.112892649590202636e-10
8.107494333981993645e-10
8.102103304692301540e-10
8.096715438333522325e-10
8.091332010420222305e-10
8.085951317840372938e-10
8.080576028191801713e-10
8.075206599705196578e-10
8.069840916894102737e-10
8.064478837542666485e-10
8.059120165877206005e-10
8.053766807446818169e-10
8.048416883543114173e-10
8.043071064290427211e-10
8.037727254750400513e-10
8.032389141768627857e-10
8.027053466467753141e-10
8.021722789040393050e-10
8.016394521792887650e-10
8.011070559595961498e-10
8.005751060199253287e-10
8.000433771041891772e-10
7.995121875376890755e-10
7.989812293888802712e-10
7.984508358289669771e-10
7.979206718070830209e-10
7.973908904166161415e-10
7.968616802819646894e-10
7.963329147023402334e-10
7.958045193525314642e-10
7.952764252920659618e-10
7.947487267310911994e-10
7.942217161863711400e-10
7.936949806969466412e-10
7.931686580237019301e-10
7.926425915822973776e-10
7.921170921882152311e-10
7.915921108975052788e-10
7.910675055013743213e-10
7.905432231153979483e-10
7.900192773322533188e-10
7.894958493311411713e-10
7.889727390257158835e-10
7.884500119018697374e-10
7.879274657050957500e-10
7.874054608562213869e-10
7.868837237350336599e-10
7.863624076185429268e-10
7.858413803484790872e-10
7.853206459355879176e-10
7.848004798303070892e-10
7.842804598478098169e-10
7.837609414542862323e-10
7.832416194577023091e-10
7.827228362245270313e-10
