-1.082840918714970621e-12
-1.302788245703424722e-12
-1.544840016801908191e-12
-1.809677487855474793e-12
-2.098033000689655992e-12
-2.410701375678085955e-12
-2.748506246212694016e-12
-3.112283025665996990e-12
-3.502893333599213069e-12
-3.921255496325152812e-12
-4.368203929135481143e-12
-4.844633017535192831e-12
-5.351410658488760581e-12
-5.889387637127095085e-12
-6.459369076382104543e-12
-7.062100844701399726e-12
-7.698428526689345049e-12
-8.368953676181862068e-12
-9.074447441963946118e-12
-9.815426462203201183e-12
-1.059247969653110738e-11
-1.140611533882595235e-11
-1.225680058285521120e-11
-1.314491891492117529e-11
-1.407077203122680258e-11
-1.503466190376054882e-11
-1.603674640002146736e-11
-1.707717759601314128e-11
-1.815591535837918228e-11
-1.927317289557538628e-11
-2.042884291391011321e-11
-2.162257823883839553e-11
-2.285458351633293014e-11
-2.412419298706716374e-11
-2.543152040599299633e-11
-2.677577392728038767e-11
-2.815701484097326249e-11
-2.957423156586232176e-11
-3.102742801547511144e-11
-3.251563517149763269e-11
-3.403837560983366417e-11
-3.559502047388291904e-11
-3.718490438516547389e-11
-3.880706129334460777e-11
-4.046072809994534662e-11
-4.214540982252806782e-11
-4.385990827816197269e-11
-4.560356418191339744e-11
-4.737519635762397167e-11
-4.917391607995774205e-11
-5.099906560050026513e-11
-5.284918861422657647e-11
-5.472365002653105536e-11
-5.662140919366588375e-11
-5.854110707095865309e-11
-6.048214223589986786e-11
-6.244325630552415984e-11
-6.442317730458084000e-11
-6.642134763418943391e-11
-6.843640935281953077e-11
-7.046706671513698502e-11
-7.251289350121986847e-11
-7.457250874801491169e-11
-7.664459082574906651e-11
-7.872868409738049557e-11
-8.082356391770316843e-11
-8.292795106224760740e-11
-8.504117395392646994e-11
-8.716251597068767014e-11
-8.929059031858458113e-11
-9.142450087860333501e-11
-9.356370393306690071e-11
-9.570706496609673959e-11
-9.785365079836104908e-11
-1.000028066625553029e-10
-1.021539005371122759e-10
-1.043057734400399192e-10
-1.064577553439027724e-10
-1.086093399065251728e-10
-1.107598549992488304e-10
-1.129083172366485203e-10
-1.150542067499264840e-10
-1.171971253179552327e-10
-1.193364616687431787e-10
-1.214714488559510179e-10
-1.236014817011333965e-10
-1.257264658856497803e-10
-1.278459370523835164e-10
-1.299591400218432848e-10
-1.320655094862872309e-10
-1.341652219353018956e-10
-1.362577806398062007e-10
-1.383427539101324461e-10
-1.404198423220248673e-10
-1.424884772254840941e-10
-1.445490412203589926e-10
-1.466012404637670126e-10
-1.486444695277426312e-10
-1.506788600473308655e-10
-1.527039682967969691e-10
-1.547200768643486051e-10
-1.567271477703827976e-10
-1.587246039665750959e-10
-1.607128786397144478e-10
-1.626914499839383297e-10
-1.646608149121848408e-10
-1.666208025293732838e-10
-1.685712348881937590e-10
-1.705125148784283078e-10
-1.724441604204588249e-10
-1.743669375807375525e-10
-1.762802511747603419e-10
-1.781847944287761149e-10
-1.800800779220195057e-10
-1.819667793776546349e-10
-1.838445859432984811e-10
-1.857139851683148830e-10
-1.875748692008748578e-10
-1.894274705544190839e-10
-1.912719629147149175e-10
-1.931085197048767606e-10
-1.949373783499537762e-10
-1.967586182302052866e-10
-1.985724480364579954e-10
-2.003789422439292105e-10
-2.021783720548252827e-10
-2.039710584572014633e-10
-2.057570210712260941e-10
-2.075366610728713223e-10
-2.093097618391941798e-10
-2.110768880475696543e-10
-2.128377428346073379e-10
-2.145932227264329780e-10
-2.163428773587608714e-10
-2.180874805922667074e-10
-2.198265265838153163e-10
-2.215606910801080480e-10
-2.232896052705709691e-10
-2.250139055105434018e-10
-2.267337230148258544e-10
-2.284490128041167186e-10
-2.301601834349334197e-10
-2.318668495101741182e-10
-2.335696096353964367e-10
-2.352680664824926036e-10
-2.369628723760955326e-10
-2.386540034935911972e-10
-2.403414124195728721e-10
-2.420253804880807498e-10
-2.437055313766692188e-10
-2.453823575266115804e-10
-2.470555504652611265e-10
-2.487254063534119096e-10
-2.503921630626228866e-10
-2.520554937542464526e-10
-2.537156843850132262e-10
-2.553723574768049508e-10
-2.570256677452864260e-10
-2.586757109865205147e-10
-2.603221552598278952e-10
-2.619655302572231521e-10
-2.636055468176107878e-10
-2.652420445651571145e-10
-2.668750603369250148e-10
-2.685041077983202577e-10
-2.701295382212723197e-10
-2.717511935412924936e-10
-2.733687438795263724e-10
-2.749826452866940392e-10
-2.765924734011425281e-10
-2.781979763453492508e-10
-2.797991595365294481e-10
-2.813954203833683301e-10
-2.829870093122314670e-10
-2.845739317206349484e-10
-2.861555841833413328e-10
-2.877323622095873574e-10
-2.893039638405172638e-10
-2.908697514337926074e-10
-2.924300122659746776e-10
-2.939841302059939723e-10
-2.955316365563954397e-10
-2.970732246616218489e-10
-2.986082842608950220e-10
-3.001363037458496317e-10
-3.016578353769468701e-10
-3.031721327210354147e-10
-3.046786344167326634e-10
-3.061777691660300585e-10
-3.076687188578119691e-10
-3.091509609048236090e-10
-3.106254801370808551e-10
-3.120914413382009132e-10
-3.135481504151803516e-10
-3.149964444952015354e-10
-3.164354232371060453e-10
-3.178641919927359757e-10
-3.192836525741058638e-10
-3.206930111326575586e-10
-3.220911891894994309e-10
-3.234794665075393017e-10
-3.248574898843491791e-10
-3.262240173987314261e-10
-3.275796212136673977e-10
-3.289244370747193110e-10
-3.302571765908330655e-10
-3.315776361600809674e-10
-3.328868247174449218e-10
-3.341834423676756168e-10
-3.354666277538647294e-10
-3.367382571498211115e-10
-3.379974256113950167e-10
-3.392427937994445870e-10
-3.404754974905819788e-10
-3.416955728915034402e-10
-3.429016438654019127e-10
-3.440933230781108041e-10
-3.452723269890256845e-10
-3.464373301303586413e-10
-3.475870275113949607e-10
-3.487233725175390115e-10
-3.498462003505394102e-10
-3.509540989952090553e-10
-3.520468243616826198e-10
-3.531262691133072886e-10
-3.541911682581151405e-10
-3.552400327711017204e-10
-3.562747697648044295e-10
-3.572955070461029316e-10
-3.583008248220024137e-10
-3.592900093103847450e-10
-3.602656766847204125e-10
-3.612267802274141600e-10
-3.621719255637014551e-10
-3.631017389958835041e-10
-3.640179797268249960e-10
-3.649193053476288283e-10
-3.658043775106676085e-10
-3.666750671414815888e-10
-3.675320162194642484e-10
-3.683739208373440559e-10
-3.691995728083994902e-10
-3.700116350977072888e-10
-3.708099765692628243e-10
-3.715931516211449368e-10
-3.723606422329754612e-10
-3.731150703992686666e-10
-3.738561108540109190e-10
-3.745824508188303983e-10
-3.752936096652660691e-10
-3.759923923189800211e-10
-3.766780533842998591e-10
-3.773495004912809091e-10
-3.780062724510566655e-10
-3.786512213059283870e-10
-3.792835594847413329e-10
-3.799022693816862465e-10
-3.805069403554387635e-10
-3.811004044669842025e-10
-3.816822174619988294e-10
-3.822512366167024516e-10
-3.828070386364692144e-10
-3.833521583216316987e-10
-3.838863899723224870e-10
-3.844087914691633505e-10
-3.849185948119202707e-10
-3.854182050143001593e-10
-3.859077860865957450e-10
-3.863865856629844686e-10
-3.868537452527571312e-10
-3.873109038688316792e-10
-3.877592602982404091e-10
-3.881980735874273593e-10
-3.886264662099177036e-10
-3.890450495854451904e-10
-3.894557352752300721e-10
-3.898578304273036032e-10
-3.902507911434149404e-10
-3.906342450638934086e-10
-3.910103820667747783e-10
-3.913790961289505218e-10
-3.917399112610656876e-10
-3.920921984587777636e-10
-3.924372371796607003e-10
-3.927760623580457239e-10
-3.931082690423260073e-10
-3.934333636454051540e-10
-3.937512193223696263e-10
-3.940635644603377431e-10
-3.943703078104242149e-10
-3.946710385113328987e-10
-3.949653169872440851e-10
-3.952540611869071369e-10
-3.955382731506662859e-10
-3.958175928044382532e-10
-3.960917312530636267e-10
-3.963604760957441965e-10
-3.966252028914505952e-10
-3.968861495675555329e-10
-3.971430359555408574e-10
-3.973955702415172040e-10
-3.976438707998436448e-10
-3.978890506187139500e-10
-3.981309985434394841e-10
-3.983694888731381002e-10
-3.986042971446789985e-10
-3.988358789622724427e-10
-3.990650443177776722e-10
-3.992916477638925061e-10
-3.995155234878690195e-10
-3.997364731080051604e-10
-3.999551038809869583e-10
-4.001718852134322391e-10
-4.003866826927419305e-10
-4.005993762274640120e-10
-4.008098499942553735e-10
-4.010185771885011502e-10
-4.012258330736776351e-10
-4.014315246641073875e-10
-4.016355553035395302e-10
-4.018378322459674486e-10
-4.020387682372215459e-10
-4.022386031811372512e-10
-4.024372643951031096e-10
-4.026346756047296452e-10
-4.028307593044422979e-10
-4.030257940408779137e-10
-4.032199889382404124e-10
-4.034132844695431440e-10
-4.036056259307625121e-10
-4.037969465719583502e-10
-4.039873662777436334e-10
-4.041770821198392931e-10
-4.043660441646542165e-10
-4.045541983089833091e-10
-4.047414922619260671e-10
-4.049279228388166594e-10
-4.051136503925067497e-10
-4.052986416054815998e-10
-4.054828378273584382e-10
-4.056661819869548314e-10
-4.058486131553746015e-10
-4.060302775875773219e-10
-4.062111632113811116e-10
-4.063912098694325831e-10
-4.065703513141149879e-10
-4.067485041170319753e-10
-4.069257136186326226e-10
-4.071020442181142270e-10
-4.072774140728467283e-10
-4.074517543349503395e-10
-4.076249739065651151e-10
-4.077969739547045731e-10
-4.079678118690176994e-10
-4.081374154692165605e-10
-4.083056759973198007e-10
-4.084724985535673801e-10
-4.086377503094853906e-10
-4.088014600206368274e-10
-4.089637117260859898e-10
-4.091243704271897831e-10
-4.092833164067764922e-10
-4.094404308505434368e-10
-4.095955589147827044e-10
-4.097489043261819703e-10
-4.099003885466125217e-10
-4.100498874020119891e-10
-4.101972567763999514e-10
-4.103423675873887381e-10
-4.104850288305383922e-10
-4.106254762072386841e-10
-4.107635729968285375e-10
-4.108991532256851858e-10
-4.110320013543087400e-10
-4.111619628311924258e-10
-4.112890473810582829e-10
-4.114134857756301930e-10
-4.115351597209866600e-10
-4.116538662570579725e-10
-4.117694254682794440e-10
-4.118815602936443605e-10
-4.119904037914480100e-10
-4.120962638614254490e-10
-4.121989212376893923e-10
-4.122981859204470293e-10
-4.123938613796989423e-10
-4.124856296528224867e-10
-4.125736699692017544e-10
-4.126583425293218558e-10
-4.127394187956496520e-10
-4.128166927400017270e-10
-4.128899233061533445e-10
-4.129588056641246406e-10
-4.130235347450157512e-10
-4.130845247146241150e-10
-4.131417104366831204e-10
-4.131948241398892079e-10
-4.132435193408028407e-10
-4.132876564180905494e-10
-4.133270826932886784e-10
-4.133626236235849714e-10
-4.133941629145027275e-10
-4.134213473586892315e-10
-4.134440323427651090e-10
-4.134619050537453308e-10
-4.134747242334906833e-10
-4.134833918745894380e-10
-4.134879392754125422e-10
-4.134881872508985675e-10
-4.134837792153223969e-10
-4.134745613903615860e-10
-4.134601820641431532e-10
-4.134411344182930005e-10
-4.134180351764911737e-10
-4.133906170139439848e-10
-4.133587000823915903e-10
-4.133218986186596223e-10
-4.132801382591583311e-10
-4.132331438175658682e-10
-4.131821301536276961e-10
-4.131269122136326542e-10
-4.130674308908386531e-10
-4.130033146923294501e-10
-4.129344276706284540e-10
-4.128604297034197802e-10
-4.127818913038965746e-10
-4.126995117376818571e-10
-4.126131891447150767e-10
-4.125226298561209995e-10
-4.124276722960707320e-10
-4.123280617996382363e-10
-4.122236185809436336e-10
-4.121152134786633806e-10
-4.120032246291894776e-10
-4.118873354898662123e-10
-4.117674728478516021e-10
-4.116433190704806959e-10
-4.115147896672543929e-10
-4.113817039051010129e-10
-4.112453168444273402e-10
-4.111055690895730724e-10
-4.109623836668356649e-10
-4.108154925619578072e-10
-4.106648231694822304e-10
-4.105101355067775207e-10
-4.103515253961719554e-10
-4.101901035752526456e-10
-4.100257332182974781e-10
-4.098584246590547461e-10
-4.096878708908090845e-10
-4.095140742314718919e-10
-4.093367884718976335e-10
-4.091561504115431631e-10
-4.089730801742517530e-10
-4.087874366629092485e-10
-4.085992404990479805e-10
-4.084082446527321336e-10
-4.082144372208627301e-10
-4.080176636486497606e-10
-4.078179360049919747e-10
-4.076162234789277852e-10
-4.074125265218917353e-10
-4.072067854427391500e-10
-4.069989312721132377e-10
-4.067888075920304200e-10
-4.065764070925333413e-10
-4.063616225275362440e-10
-4.061452268367882748e-10
-4.059274100151575210e-10
-4.057080463487791643e-10
-4.054871351366984406e-10
-4.052646109389563043e-10
-4.050403568668240220e-10
-4.048143743287773848e-10
-4.045870171116471255e-10
-4.043586010883240713e-10
-4.041291185877032426e-10
-4.038984986508324475e-10
-4.036667217560381436e-10
-4.034337589162945710e-10
-4.031995339442160931e-10
-4.029641699107231077e-10
-4.027281823065185604e-10
-4.024915895829655959e-10
-4.022543862342036460e-10
-4.020165639374204056e-10
-4.017780638518098191e-10
-4.015389043269570224e-10
-4.012990686203840164e-10
-4.010588145504926360e-10
-4.008183402543894356e-10
-4.005776459848778195e-10
-4.003367335181477759e-10
-4.000955902731273808e-10
-3.998542270054512348e-10
-3.996126390087083590e-10
-3.993708582838661079e-10
-3.991290764230502593e-10
-3.988873451409665859e-10
-3.986456710318433030e-10
-3.984040650794945929e-10
-3.981625412242206802e-10
-3.979211024323573643e-10
-3.976797729549710873e-10
-3.974385902791907241e-10
-3.971976797642996802e-10
-3.969570637751886495e-10
-3.967167623768941763e-10
-3.964767943179055245e-10
-3.962371712731420905e-10
-3.959979263713368680e-10
-3.957590704025975718e-10
-3.955206277033528395e-10
-3.952826038418432040e-10
-3.950450271714445045e-10
-3.948079144723910371e-10
-3.945712889369300391e-10
-3.943351665195808549e-10
-3.940995918926695787e-10
-3.938645711874987932e-10
-3.936300982268016604e-10
-3.933961135656705429e-10
-3.931626410497016467e-10
-3.929297000643172881e-10
-3.926973117366565031e-10
-3.924654905930639007e-10
-3.922342756539043864e-10
-3.920036892627280144e-10
-3.917736977441555539e-10
-3.915441701345483092e-10
-3.913151044902750834e-10
-3.910865341075101824e-10
-3.908584634168789497e-10
-3.906309143022889902e-10
-3.904038992922815544e-10
-3.901774435293012361e-10
-3.899515535648952820e-10
-3.897260640902809322e-10
-3.895009407012170825e-10
-3.892761994096786292e-10
-3.890518484596819447e-10
-3.888279156398992783e-10
-3.886043954887927773e-10
-3.883813021026128885e-10
-3.881586435497270766e-10
-3.879363094929536481e-10
-3.877142013012205470e-10
-3.874923260415311193e-10
-3.872706726003864788e-10
-3.870492538461348608e-10
-3.868280638198397175e-10
-3.866071178423703690e-10
-3.863864088401571027e-10
-3.861659008445329048e-10
-3.859454199136439612e-10
-3.857249333619838630e-10
-3.855044315616839075e-10
-3.852839034484925434e-10
-3.850633507690512134e-10
-3.848427590331302206e-10
-3.846221214084721669e-10
-3.844014177725850595e-10
-3.841805795763567193e-10
-3.839595173503749251e-10
-3.837382140616019763e-10
-3.835166514179079788e-10
-3.832948103950183436e-10
-3.830726752058548311e-10
-3.828502248455760252e-10
-3.826274375968947594e-10
-3.824042841296948473e-10
-3.821807227289573177e-10
-3.819567158156247852e-10
-3.817322332798304703e-10
-3.815072577495503544e-10
-3.812817573789463799e-10
-3.810557085900000179e-10
-3.808290851781641833e-10
-3.806018629309494494e-10
-3.803739898611477985e-10
-3.801454844890687061e-10
-3.799163212126249742e-10
-3.796864854882356175e-10
-3.794559435781411821e-10
-3.792246590597777495e-10
-3.789926010656891495e-10
-3.787597350176269100e-10
-3.785260319786334796e-10
-3.782914260015014127e-10
-3.780559953214878093e-10
-3.778197607891255069e-10
-3.775826721408657510e-10
-3.773447111625538098e-10
-3.771058408332695728e-10
-3.768660216270414816e-10
-3.766252095971219250e-10
-3.763833724290017198e-10
-3.761404475185519383e-10
-3.758965262886653414e-10
-3.756517267607611801e-10
-3.754060155426327366e-10
-3.751593530213046649e-10
-3.749116869616902146e-10
-3.746629894093175712e-10
-3.744132247788287547e-10
-3.741623597797951076e-10
-3.739103459445567046e-10
-3.736571936766290951e-10
-3.734031511599789415e-10
-3.731482100266504533e-10
-3.728923284516386927e-10
-3.726354726413705554e-10
-3.723776107647823087e-10
-3.721187069878165215e-10
-3.718587236690356884e-10
-3.715976144830424268e-10
-3.713353326365888943e-10
-3.710720839017718165e-10
-3.708079642798516651e-10
-3.705429336530670560e-10
-3.702769583649168809e-10
-3.700100075044431795e-10
-3.697420505398929681e-10
-3.694730557460844756e-10
-3.692029903981134042e-10
-3.689318265275545401e-10
-3.686595596816211819e-10
-3.683865075890108480e-10
-3.681126869355669109e-10
-3.678380713837742428e-10
-3.675626345542575171e-10
-3.672863505658608206e-10
-3.670091845768620608e-10
-3.667311172929466618e-10
-3.664521227755034688e-10
-3.661721692878595695e-10
-3.658913668635042227e-10
-3.656099693621682806e-10
-3.653279772123041069e-10
-3.650453735080964991e-10
-3.647621394649415911e-10
-3.644782559354460940e-10
-3.641937035842559518e-10
-3.639084636366165895e-10
-3.636225173662002559e-10
-3.633358407591488184e-10
-3.630485437217289866e-10
-3.627607886645134889e-10
-3.624725722895673444e-10
-3.621838825969382900e-10
-3.618947073453615413e-10
-3.616050343904257546e-10
-3.613148516369668695e-10
-3.610241466311356150e-10
-3.607329065628596636e-10
-3.604411210721255149e-10
-3.601488973984526117e-10
-3.598564284390230774e-10
-3.595637240892832400e-10
-3.592707806326953044e-10
-3.589775956150964910e-10
-3.586841651787731072e-10
-3.583904852780502795e-10
-3.580965518656116975e-10
-3.578023613841528166e-10
-3.575079200667541245e-10
-3.572132611340771775e-10
-3.569185614614799116e-10
-3.566238462529661671e-10
-3.563291221167177655e-10
-3.560343911736564032e-10
-3.557396551433375453e-10
-3.554449187346344288e-10
-3.551501849746212260e-10
-3.548554582307223911e-10
-3.545607460394333726e-10
-3.542660663300947459e-10
-3.539714802326963444e-10
-3.536770195610653182e-10
-3.533826939570238730e-10
-3.530885180125797657e-10
-3.527944955033677280e-10
-3.525006333765558482e-10
-3.522069448214214301e-10
-3.519134360464213460e-10
-3.516201220367218843e-10
-3.513270161556077689e-10
-3.510341467860033330e-10
-3.507415589679486096e-10
-3.504492714589614357e-10
-3.501573052622415842e-10
-3.498656685766621491e-10
-3.495743732765945906e-10
-3.492834367718192761e-10
-3.489928715637913755e-10
-3.487026934477969829e-10
-3.484129160785015002e-10
-3.481235631053321492e-10
-3.478346250005566442e-10
-3.475460952799326331e-10
-3.472579886076973359e-10
-3.469703166480998808e-10
-3.466830988095448151e-10
-3.463963589524025144e-10
-3.461101001595608012e-10
-3.458243414027638494e-10
-3.455391044542918604e-10
-3.452544098609851859e-10
-3.449702860993381578e-10
-3.446866459012978788e-10
-3.444034543570166435e-10
-3.441207279709432163e-10
-3.438384798297561746e-10
-3.435567269188874235e-10
-3.432754919906405917e-10
-3.429947831166662237e-10
-3.427146134903455767e-10
-3.424350069974936190e-10
-3.421559873901363507e-10
-3.418775773311113035e-10
-3.415996714605085197e-10
-3.413222223062865958e-10
-3.410452394224431801e-10
-3.407687391591186135e-10
-3.404927350035369861e-10
-3.402172443030987006e-10
-3.399422724290545875e-10
-3.396678491235574875e-10
-3.393939896631541085e-10
-3.391207059550474849e-10
-3.388480182604430936e-10
-3.385758423777600985e-10
-3.383040881185740583e-10
-3.380327459526902741e-10
-3.377618367659355706e-10
-3.374913702846734243e-10
-3.372213664549259431e-10
-3.369518486306359761e-10
-3.366828103168907998e-10
-3.364142604135183755e-10
-3.361462246268461166e-10
-3.358787034025631247e-10
-3.356116862197809023e-10
-3.353450141333029101e-10
-3.350786929970047107e-10
-3.348127133800071490e-10
-3.345470868242616817e-10
-3.342818151913204414e-10
-3.340169109333911593e-10
-3.337523923048472775e-10
-3.334882530627588100e-10
-3.332245100037758143e-10
-3.329611791669591641e-10
-3.326982700258689833e-10
-3.324356730608307275e-10
-3.321733013887420212e-10
-3.319111525423075584e-10
-3.316492295863579122e-10
-3.313875410710643025e-10
-3.311261024551888671e-10
-3.308649134629461258e-10
-3.306039693001006977e-10
-3.303432809414379331e-10
-3.300828530506876357e-10
-3.298226854242938913e-10
-3.295627882137895638e-10
-3.293030536912849331e-10
-3.290434356873327351e-10
-3.287839364443317225e-10
-3.285245638550001933e-10
-3.282653106898183163e-10
-3.280061825547829732e-10
-3.277471871628594458e-10
-3.274883268056938736e-10
-3.272295940625223194e-10
-3.269709932400307605e-10
-3.267125236897950549e-10
-3.264541864074336726e-10
-3.261959001371816041e-10
-3.259376389831088701e-10
-3.256793998590444649e-10
-3.254211887526526603e-10
-3.251629989703895941e-10
-3.249048319002114978e-10
-3.246466905224074154e-10
-3.243885739152299828e-10
-3.241304793372401090e-10
-3.238724026385225502e-10
-3.236143492395757304e-10
-3.233563136829656984e-10
-3.230982529707784431e-10
-3.228401500478148031e-10
-3.225820032396629537e-10
-3.223238132087004366e-10
-3.220655750063833953e-10
-3.218072889503575604e-10
-3.215489493861994849e-10
-3.212905597694357568e-10
-3.210321141895562900e-10
-3.207736153871795607e-10
-3.205150573738203719e-10
-3.202564365281525191e-10
-3.199977512053125166e-10
-3.197389887889345564e-10
-3.194801533279765919e-10
-3.192212372416205108e-10
-3.189622366081309090e-10
-3.187031545317361968e-10
-3.184439881421331935e-10
-3.181847341988422115e-10
-3.179253927478275578e-10
-3.176659553251009263e-10
-3.174064267010948522e-10
-3.171468036615949070e-10
-3.168870955455517871e-10
-3.166273161783552341e-10
-3.163674633135024388e-10
-3.161075423419432794e-10
-3.158475495520646323e-10
-3.155874887400210986e-10
-3.153273569608174150e-10
-3.150671430098470061e-10
-3.148068594558697297e-10
-3.145465020053322379e-10
-3.142860700631616770e-10
-3.140255605251295852e-10
-3.137649774237780514e-10
-3.135043484788328903e-10
-3.132437029678796147e-10
-3.129830486326111790e-10
-3.127223766881103635e-10
-3.124616962295530335e-10
-3.122010036610574737e-10
-3.119403085448292387e-10
-3.116796033427312881e-10
-3.114188876607844237e-10
-3.111581697733743338e-10
-3.108974505620297237e-10
-3.106367287610920846e-10
-3.103760115491923212e-10
-3.101153199878062695e-10
-3.098546683463712329e-10
-3.095940583928691384e-10
-3.093334934457546813e-10
-3.090729783435859582e-10
-3.088125119421814649e-10
-3.085521047780246904e-10
-3.082917508757631705e-10
-3.080314593313935405e-10
-3.077712310912869872e-10
-3.075110733685474772e-10
-3.072509804061527335e-10
-3.069909810121963730e-10
-3.067310802952763756e-10
-3.064713004971649423e-10
-3.062116441106018163e-10
-3.059521240523619535e-10
-3.056927431533506971e-10
-3.054334996119336212e-10
-3.051744068102737276e-10
-3.049154721691349533e-10
-3.046566929909904346e-10
-3.043980839901456512e-10
-3.041396359913975471e-10
-3.038813764157043290e-10
-3.036233051974027974e-10
-3.033654372687182340e-10
-3.031077584652744757e-10
-3.028503161175266951e-10
-3.025930903910802393e-10
-3.023360867232596267e-10
-3.020793223658431812e-10
-3.018228070176979649e-10
-3.015665433874315983e-10
-3.013105398200177443e-10
-3.010547929530894803e-10
-3.007993302441300523e-10
-3.005441512359594757e-10
-3.002892665734054075e-10
-3.000346714269384795e-10
-2.997803592351621020e-10
-2.995262983943713017e-10
-2.992724880488923512e-10
-2.990189552474550767e-10
-2.987657126117603946e-10
-2.985127461173769875e-10
-2.982600796213920475e-10
-2.980077105957718439e-10
-2.977556726137073173e-10
-2.975039484858002120e-10
-2.972525396611555178e-10
-2.970014879200452274e-10
-2.967507939724527812e-10
-2.965004405510048640e-10
-2.962503735073528961e-10
-2.960006338202670976e-10
-2.957512015839441742e-10
-2.955020782766272767e-10
-2.952532935633148012e-10
-2.950048617766448375e-10
-2.947567695919096774e-10
-2.945090249424567659e-10
-2.942616674576773136e-10
-2.940146818544582976e-10
-2.937680805037491549e-10
-2.935218633575337052e-10
-2.932760821173850918e-10
-2.930306735028431873e-10
-2.927855565384428521e-10
-2.925408082705266856e-10
-2.922963835474271478e-10
-2.920522938716977035e-10
-2.918085546836328043e-10
-2.915652023204341728e-10
-2.913222025411982185e-10
-2.910795746595280250e-10
-2.908373541438191127e-10
-2.905955277567778421e-10
-2.903541038318869934e-10
-2.901130871145448422e-10
-2.898725232874701742e-10
-2.896323383724341463e-10
-2.893924296931002656e-10
-2.891528476468060476e-10
-2.889135608834707450e-10
-2.886745676699959298e-10
-2.884359121041545051e-10
-2.881975847907717395e-10
-2.879595855135694228e-10
-2.877219096383662459e-10
-2.874846223592946019e-10
-2.872476745742238746e-10
-2.870110740671176537e-10
-2.867748731801758064e-10
-2.865390553096338696e-10
-2.863035853716366145e-10
-2.860684312958599188e-10
-2.858335324119565018e-10
-2.855988955431550338e-10
-2.853645514883756352e-10
-2.851304998339400601e-10
-2.848967345129777708e-10
-2.846632559235719185e-10
-2.844301173501895522e-10
-2.841972778587934490e-10
-2.839647430143410101e-10
-2.837325628415309340e-10
-2.835007091449895803e-10
-2.832691756575736289e-10
-2.830380284898276253e-10
-2.828071599598262085e-10
-2.825765016075128081e-10
-2.823461051886328324e-10
-2.821159392139814582e-10
-2.818860074210268901e-10
-2.816563338359390168e-10
-2.814269207704734106e-10
-2.811977620916858974e-10
-2.809688608619445334e-10
-2.807402533150316995e-10
-2.805119125520117580e-10
-2.802838419377139931e-10
-2.800560806484534803e-10
-2.798286041450663347e-10
-2.796014289283078559e-10
-2.793744656744560584e-10
-2.791476737047395364e-10
-2.789210528907045855e-10
-2.786946268961423670e-10
-2.784683782784408362e-10
-2.782423119442837542e-10
-2.780164619769830012e-10
-2.777907988042894616e-10
-2.775653259847388868e-10
-2.773400852731586770e-10
-2.771150448557216819e-10
-2.768902096296723947e-10
-2.766656115126680540e-10
-2.764412328720836640e-10
-2.762170805791641784e-10
-2.759931023713264327e-10
-2.757692636477502120e-10
-2.755455681463138991e-10
-2.753220349089392576e-10
-2.750986493546991833e-10
-2.748754204872514677e-10
-2.746523662043363186e-10
-2.744294726501947302e-10
-2.742067401789977302e-10
-2.739841993540986696e-10
-2.737618283186759211e-10
-2.735396306690216367e-10
-2.733176349165138023e-10
-2.730958185981772322e-10
-2.728742070435967245e-10
-2.726527508124761663e-10
-2.724314172410600698e-10
-2.722102321555113649e-10
-2.719891825959635354e-10
-2.717682653572309844e-10
-2.715475079177271602e-10
-2.713268912306056281e-10
-2.711064251272911594e-10
-2.708861256977335548e-10
-2.706659806547038778e-10
-2.704459908838346837e-10
-2.702261819564335215e-10
-2.700065399564133456e-10
-2.697870632680487279e-10
-2.695677865984522300e-10
-2.693486679863676362e-10
-2.691296765548998702e-10
-2.689108087110399113e-10
-2.686920582266319432e-10
-2.684734469679364995e-10
-2.682549665124153464e-10
-2.680366177292851745e-10
-2.678184193407699368e-10
-2.676003575625193721e-10
-2.673824370348708227e-10
-2.671646812328336024e-10
-2.669470752176161662e-10
-2.667296178811517674e-10
-2.665123361695714539e-10
-2.662952138730901155e-10
-2.660782749267699522e-10
-2.658614898658852983e-10
-2.656448260578708033e-10
-2.654283286433133541e-10
-2.652119654599602141e-10
-2.649957501513961840e-10
-2.647796976026510320e-10
-2.645637957115840497e-10
-2.643480554890954482e-10
-2.641324851529363926e-10
-2.639170804801414578e-10
-2.637018571486237901e-10
-2.634868111176333940e-10
-2.632719361233099776e-10
-2.630572616299688731e-10
-2.628427799513204946e-10
-2.626284977148351198e-10
-2.624143950602632215e-10
-2.622004395561331048e-10
-2.619866746899601611e-10
-2.617730738607555905e-10
-2.615596419370363684e-10
-2.613464066286787600e-10
-2.611333470104580515e-10
-2.609204774675428512e-10
-2.607078067241119539e-10
-2.604953326104065064e-10
-2.602830716579614059e-10
-2.600710167767911267e-10
-2.598591628221828801e-10
-2.596475453388656025e-10
-2.594361429456655438e-10
-2.592249856913006740e-10
-2.590140344720958683e-10
-2.588032459384284496e-10
-2.585926669340248535e-10
-2.583822637244089126e-10
-2.581720616284951569e-10
-2.579620646767737505e-10
-2.577522596085585930e-10
-2.575426843386102046e-10
-2.573333122565008277e-10
-2.571241499539962641e-10
-2.569152316999071104e-10
-2.567065316725849300e-10
-2.564980760638545116e-10
-2.562898587301014130e-10
-2.560818716300443539e-10
-2.558741651712806814e-10
-2.556666854221503591e-10
-2.554594284859520874e-10
-2.552523751340344385e-10
-2.550455164066517962e-10
-2.548388932698522910e-10
-2.546324753154118171e-10
-2.544262958468917651e-10
-2.542203404438295394e-10
-2.540146120971845036e-10
-2.538091505746511224e-10
-2.536039192977151519e-10
-2.533989417081440504e-10
-2.531942260782715811e-10
-2.529897550635701396e-10
-2.527855747702862555e-10
-2.525816552990858144e-10
-2.523780330056383802e-10
-2.521746558670315109e-10
-2.519714732499505880e-10
-2.517685271554599459e-10
-2.515657853392279907e-10
-2.513632904092935402e-10
-2.511610160117256020e-10
-2.509589701475867977e-10
-2.507571865144177675e-10
-2.505556292978600247e-10
-2.503543454122279796e-10
-2.501533084994867381e-10
-2.499525159782512296e-10
-2.497520216069947887e-10
-2.495517723442042209e-10
-2.493518240105882123e-10
-2.491521521790207178e-10
-2.489527769957966793e-10
-2.487536468808198035e-10
-2.485547028184557932e-10
-2.483560042064168241e-10
-2.481575033736199686e-10
-2.479592430688695053e-10
-2.477612033469640961e-10
-2.475633869087139434e-10
-2.473658306580763879e-10
-2.471684951207896192e-10
-2.469714320805056898e-10
-2.467746094562303127e-10
-2.465780325346729441e-10
-2.463817405479623615e-10
-2.461856891110491438e-10
-2.459899378563913627e-10
-2.457944485158783435e-10
-2.455992631176606049e-10
-2.454043158064592633e-10
-2.452095565214607598e-10
-2.450150116658434219e-10
-2.448206441567175591e-10
-2.446265259363420257e-10
-2.444325958558487618e-10
-2.442388940982519665e-10
-2.440454106556570351e-10
-2.438521407477819861e-10
-2.436591312860684831e-10
-2.434663325216032043e-10
-2.432737953885205077e-10
-2.430814916376849243e-10
-2.428894286939643965e-10
-2.426976374436931137e-10
-2.425060807563756422e-10
-2.423148217167136134e-10
-2.421237801466395523e-10
-2.419329692538985523e-10
-2.417423182506731982e-10
-2.415518611439420577e-10
-2.413615955509511988e-10
-2.411715117182509610e-10
-2.409816424729340357e-10
-2.407919549185509636e-10
-2.406025002736398740e-10
-2.404132376111402437e-10
-2.402241959336729272e-10
-2.400353717385158746e-10
-2.398467518794831872e-10
-2.396583877134161968e-10
-2.394702246782879227e-10
-2.392823223101137430e-10
-2.390946387096072286e-10
-2.389072254252641507e-10
-2.387200137429933283e-10
-2.385329716314582979e-10
-2.383461006041961458e-10
-2.381593880998339439e-10
-2.379728676825340081e-10
-2.377865033811668598e-10
-2.376003516168491472e-10
-2.374143649745844784e-10
-2.372285812899271079e-10
-2.370429837703308279e-10
-2.368575769892385746e-10
-2.366723833259047744e-10
-2.364873757180565865e-10
-2.363026029366358302e-10
-2.361180177915425637e-10
-2.359336672089927234e-10
-2.357495260609053969e-10
-2.355656271222531422e-10
-2.353819146338866228e-10
-2.351983561109825970e-10
-2.350149576581681068e-10
-2.348317061497770193e-10
-2.346486324179714659e-10
-2.344657021336127585e-10
-2.342829704542110650e-10
-2.341003883941879990e-10
-2.339180008458412780e-10
-2.337357802958739545e-10
-2.335537441659678190e-10
-2.333718978150619455e-10
-2.331902259190037792e-10
-2.330087703881604019e-10
-2.328274888660652450e-10
-2.326464298314588352e-10
-2.324655510805415392e-10
-2.322849128326365052e-10
-2.321044456546405132e-10
-2.319241447457517899e-10
-2.317439775862636203e-10
-2.315639642502413029e-10
-2.313841013781906617e-10
-2.312043896521883381e-10
-2.310248439117103074e-10
-2.308454455974595126e-10
-2.306662287997246628e-10
-2.304871635223184618e-10
-2.303082886711055617e-10
-2.301295692931468002e-10
-2.299510436105885965e-10
-2.297726888653817771e-10
-2.295945201370834769e-10
-2.294165416174690867e-10
-2.292387425032983141e-10
-2.290611588834839710e-10
-2.288837672243301920e-10
-2.287065467943187310e-10
-2.285294558525756134e-10
-2.283525289543672095e-10
-2.281757311143331419e-10
-2.279991111567665443e-10
-2.278226250503784575e-10
-2.276463240756766939e-10
-2.274701660165497349e-10
-2.272941914524534683e-10
-2.271183745453235670e-10
-2.269427362913831302e-10
-2.267672739147197460e-10
-2.265919844937307930e-10
-2.264168900608869358e-10
-2.262419620251936667e-10
-2.260672525265259647e-10
-2.258927103734318849e-10
-2.257183967291432456e-10
-2.255442545507948747e-10
-2.253702965655592393e-10
-2.251964623132112618e-10
-2.250228103743664830e-10
-2.248492875724918955e-10
-2.246759551623374435e-10
-2.245027598516386339e-10
-2.243297527990158896e-10
-2.241568976590594780e-10
-2.239842279983939993e-10
-2.238117264675671258e-10
-2.236394067766475244e-10
-2.234672723315040886e-10
-2.232953152266961724e-10
-2.231235613803151646e-10
-2.229519798379012109e-10
-2.227806226170316192e-10
-2.226094400090118297e-10
-2.224384915063553011e-10
-2.222677264384013733e-10
-2.220971433909285813e-10
-2.219266888295393219e-10
-2.217564079920841266e-10
-2.215862578987062594e-10
-2.214162918543924580e-10
-2.212464614546837127e-10
-2.210768235224734429e-10
-2.209073276021480440e-10
-2.207380258372760892e-10
-2.205688766983371424e-10
-2.203999253148373600e-10
-2.202311387735011623e-10
-2.200625484613447982e-10
-2.198941355326154881e-10
-2.197259185999616036e-10
-2.195578923093688452e-10
-2.193900622684756864e-10
-2.192224370980413217e-10
-2.190550266943329266e-10
-2.188877931782942755e-10
-2.187207158011705913e-10
-2.185537919516178980e-10
-2.183870278274228256e-10
-2.182204254510123741e-10
-2.180539884827002779e-10
-2.178877199064692782e-10
-2.177216212046664014e-10
-2.175557011248629290e-10
-2.173899527120933290e-10
-2.172243942437131970e-10
-2.170590072109040952e-10
-2.168938236413090739e-10
-2.167288104074262166e-10
-2.165640150687110992e-10
-2.163993913022285454e-10
-2.162349984059647761e-10
-2.160707810886208626e-10
-2.159068037440587613e-10
-2.157430147728937485e-10
-2.155794148001575053e-10
-2.154159526475307163e-10
-2.152526669894152173e-10
-2.150895246539864540e-10
-2.149265654598278178e-10
-2.147637552994139908e-10
-2.146011350944702848e-10
-2.144386700422621627e-10
-2.142764028770248227e-10
-2.141142934908463786e-10
-2.139523923592446495e-10
-2.137906536529898186e-10
-2.136291343433330949e-10
-2.134677789536821812e-10
-2.133066497303015640e-10
-2.131456891907928996e-10
-2.129849614204010903e-10
-2.128244092699686431e-10
-2.126641021223253771e-10
-2.125039809448055792e-10
-2.123440418967268179e-10
-2.121842307776202769e-10
-2.120245847046436453e-10
-2.118650729227891071e-10
-2.117057309351304375e-10
-2.115465299153115260e-10
-2.113875044645629722e-10
-2.112286258373764714e-10
-2.110699301924319885e-10
-2.109113888845628281e-10
-2.107530341673344788e-10
-2.105948369790292271e-10
-2.104368339545905700e-10
-2.102789916484604240e-10
-2.101213521394731193e-10
-2.099638772545243793e-10
-2.098066135240040030e-10
-2.096495196482128053e-10
-2.094926414904433836e-10
-2.093359627218959588e-10
-2.091794510358588691e-10
-2.090230804606842447e-10
-2.088668502876197228e-10
-2.087107740480069681e-10
-2.085548354877381034e-10
-2.083990641101159907e-10
-2.082434305595800319e-10
-2.080879707910490079e-10
-2.079326524079347485e-10
-2.077775143655545370e-10
-2.076225224016640918e-10
-2.074677176985896501e-10
-2.073130646882097628e-10
-2.071586069479164070e-10
-2.070043036844378978e-10
-2.068502009691371367e-10
-2.066962588467691987e-10
-2.065425265105724147e-10
-2.063889545651889133e-10
-2.062356122738183188e-10
-2.060824268619206139e-10
-2.059294173857812691e-10
-2.057765219641822342e-10
-2.056237869924933409e-10
-2.054711762332387952e-10
-2.053187255896275778e-10
-2.051664102261905832e-10
-2.050142566956951613e-10
-2.048622511232990425e-10
-2.047104066397981978e-10
-2.045587183713405950e-10
-2.044071914499168045e-10
-2.042558276564362676e-10
-2.041046289532031631e-10
-2.039536020274001793e-10
-2.038027423802763854e-10
-2.036520629569240504e-10
-2.035015504328406326e-10
-2.033512330031946573e-10
-2.032010812049019990e-10
-2.030511490256416137e-10
-2.029013638714472446e-10
-2.027517440781558464e-10
-2.026022240991056156e-10
-2.024528529126930720e-10
-2.023035917934221832e-10
-2.021544780802691490e-10
-2.020054857340761162e-10
-2.018566421325045388e-10
-2.017079340725288798e-10
-2.015593705424171061e-10
-2.014109515185715383e-10
-2.012626751825315527e-10
-2.011145522724897678e-10
-2.009665736725453081e-10
-2.008187597190059632e-10
-2.006710879571045313e-10
-2.005235931321202819e-10
-2.003762411884428638e-10
-2.002290781026339472e-10
-2.000820546026593201e-10
-1.999352367409927091e-10
-1.997885645927694278e-10
-1.996420457347036096e-10
-1.994956364445338119e-10
-1.993493586732672641e-10
-1.992032052650500228e-10
-1.990571806730792000e-10
-1.989112990894325139e-10
-1.987655363434808660e-10
-1.986199286230423040e-10
-1.984744369073415119e-10
-1.983291123389935103e-10
-1.981839081694834541e-10
-1.980388730423254724e-10
-1.978939611014089116e-10
-1.977492312076491566e-10
-1.976046290288406066e-10
-1.974602061660095510e-10
-1.973159190682345163e-10
-1.971718106860289882e-10
-1.970278512569256302e-10
-1.968840628220133722e-10
-1.967404583428002961e-10
-1.965969862724322224e-10
-1.964536696166317614e-10
-1.963104520499043437e-10
-1.961673907306413830e-10
-1.960244296910076356e-10
-1.958816186152791604e-10
-1.957389233462728159e-10
-1.955963748840023267e-10
-1.954539625756371924e-10
-1.953116877537303023e-10
-1.951695598725532726e-10
-1.950275639621244726e-10
-1.948857287609755073e-10
-1.947440273404171557e-10
-1.946024958814958551e-10
-1.944610968141829741e-10
-1.943198829571470532e-10
-1.941787964061035962e-10
-1.940379005986940815e-10
-1.938971425319825366e-10
-1.937565699919625273e-10
-1.936161676795156545e-10
-1.934759024267160728e-10
-1.933357736017606195e-10
-1.931957389409319807e-10
-1.930558622737988564e-10
-1.929160776703905129e-10
-1.927764386550497854e-10
-1.926369074513193303e-10
-1.924975181076275289e-10
-1.923582587317507607e-10
-1.922191294359320839e-10
-1.920801418955013057e-10
-1.919412763642988445e-10
-1.918025719066018328e-10
-1.916639879971266221e-10
-1.915255714313782493e-10
-1.913872800094558162e-10
-1.912491649443571255e-10
-1.911111755065297991e-10
-1.909733599130875014e-10
-1.908356843928236527e-10
-1.906981688732925199e-10
-1.905608349435328608e-10
-1.904236236818908140e-10
-1.902865755683014278e-10
-1.901496153406148054e-10
-1.900127936028023670e-10
-1.898760766749705436e-10
-1.897394901261695859e-10
-1.896030347511296561e-10
-1.894666956908809493e-10
-1.893305039967366309e-10
-1.891944216158381706e-10
-1.890584996335504626e-10
-1.889226891560183870e-10
-1.887870462887647346e-10
-1.886515265260838756e-10
-1.885161600705918701e-10
-1.883809298830950620e-10
-1.882458452887958113e-10
-1.881109173316311734e-10
-1.879761282476497530e-10
-1.878415195263585198e-10
-1.877070384851348634e-10
-1.875727475688745646e-10
-1.874386032582564913e-10
-1.873045959535240357e-10
-1.871707092534426601e-10
-1.870369228812119224e-10
-1.869032876287641912e-10
-1.867697475124640654e-10
-1.866363567385258287e-10
-1.865030679202703252e-10
-1.863699198043289567e-10
-1.862369020048332452e-10
-1.861040067273544994e-10
-1.859712564617486903e-10
-1.858386235562103978e-10
-1.857061523161725212e-10
-1.855737947670649171e-10
-1.854416155019963619e-10
-1.853095542470611603e-10
-1.851776525447072632e-10
-1.850458905646440222e-10
-1.849142704739626849e-10
-1.847828259160317557e-10
-1.846515124370605196e-10
-1.845203912246993992e-10
-1.843894067740387581e-10
-1.842585579950692798e-10
-1.841278174274348427e-10
-1.839971780634341780e-10
-1.838666788454570800e-10
-1.837362714642562590e-10
-1.836060082226336157e-10
-1.834758409225589302e-10
-1.833458075834434522e-10
-1.832159003119532803e-10
-1.830861053243538340e-10
-1.829564531339302300e-10
-1.828269096947164226e-10
-1.826975207239043630e-10
-1.825682512367492254e-10
-1.824391352041147685e-10
-1.823101396604000093e-10
-1.821812851815834343e-10
-1.820525758324231808e-10
-1.819239971819916035e-10
-1.817955919928412397e-10
-1.816673038290811942e-10
-1.815391898999919107e-10
-1.814112264980751158e-10
-1.812833826385017687e-10
-1.811556650433381859e-10
-1.810280385751725545e-10
-1.809005485211027670e-10
-1.807731454933632549e-10
-1.806458633452395588e-10
-1.805187011627818102e-10
-1.803916403140530784e-10
-1.802647211544334162e-10
-1.801378955222126311e-10
-1.800112211774212274e-10
-1.798846567427953715e-10
-1.797582254487489569e-10
-1.796319174831458489e-10
-1.795057280230229681e-10
-1.793796907911602514e-10
-1.792537650915496330e-10
-1.791280043065373321e-10
-1.790023573103345000e-10
-1.788768623759766379e-10
-1.787515002163309848e-10
-1.786262740183206182e-10
-1.785012301141145059e-10
-1.783763038997284111e-10
-1.782515069485089657e-10
-1.781268040436329240e-10
-1.780021999144933152e-10
-1.778777260798431980e-10
-1.777533394947782920e-10
-1.776290864869531750e-10
-1.775049254392280720e-10
-1.773808870616725579e-10
-1.772569702406795335e-10
-1.771331492192377479e-10
-1.770094734710905944e-10
-1.768858957687921672e-10
-1.767624694415425123e-10
-1.766391511499788355e-10
-1.765159554391185986e-10
-1.763928969949500200e-10
-1.762699503600502262e-10
-1.761471656939327943e-10
-1.760244868007880142e-10
-1.759019667964104684e-10
-1.757795680293080645e-10
-1.756573022815133414e-10
-1.755352141161872739e-10
-1.754132396598488575e-10
-1.752913901448064294e-10
-1.751696302036217853e-10
-1.750479634412053426e-10
-1.749264256384683851e-10
-1.748049710810917340e-10
-1.746836401587235186e-10
-1.745624037983601540e-10
-1.744412778238102404e-10
-1.743202730048668153e-10
-1.741993583427473608e-10
-1.740785863932624003e-10
-1.739579146996037297e-10
-1.738373713061196199e-10
-1.737169405326398072e-10
-1.735966203380643356e-10
-1.734764421945664310e-10
-1.733563684990806182e-10
-1.732364502224715895e-10
-1.731166390852456643e-10
-1.729969541555897617e-10
-1.728774175215830813e-10
-1.727579937597684990e-10
-1.726387340244572141e-10
-1.725195986837956806e-10
-1.724005737548024722e-10
-1.722816614798763416e-10
-1.721628341042027312e-10
-1.720441240198554727e-10
-1.719254937971610363e-10
-1.718069679030537668e-10
-1.716885595317356657e-10
-1.715702321652259023e-10
-1.714520394005073148e-10
-1.713339374385745559e-10
-1.712159511735832569e-10
-1.710980772772292501e-10
-1.709802989686626101e-10
-1.708626567222780586e-10
-1.707451219797074179e-10
-1.706277127289777889e-10
-1.705104147712399461e-10
-1.703932264866644564e-10
-1.702761858310513723e-10
-1.701592409126094847e-10
-1.700424528586610470e-10
-1.699257711860959630e-10
-1.698092130291143642e-10
-1.696928221645601882e-10
-1.695765365226388589e-10
-1.694603650052301850e-10
-1.693442847087999756e-10
-1.692282814275222279e-10
-1.691124173713415306e-10
-1.689966204369189177e-10
-1.688809296321023202e-10
-1.687653461146162307e-10
-1.686498436989969053e-10
-1.685344751101376156e-10
-1.684191894968038637e-10
-1.683040275318163955e-10
-1.681889694318748322e-10
-1.680740042299912156e-10
-1.679591727487805062e-10
-1.678444423942544465e-10
-1.677298405916803891e-10
-1.676153440480591024e-10
-1.675009544595535387e-10
-1.673867097741662032e-10
-1.672725585642627262e-10
-1.671585579488365808e-10
-1.670446626013919082e-10
-1.669308866698889813e-10
-1.668172758267866768e-10
-1.667037678317712195e-10
-1.665903678164227945e-10
-1.664770660129279308e-10
-1.663638428304615364e-10
-1.662507425334169528e-10
-1.661377127986777055e-10
-1.660247819316033756e-10
-1.659119642159949736e-10
-1.657992248794871232e-10
-1.656866097416653617e-10
-1.655740878581244994e-10
-1.654616630679053762e-10
-1.653493557875480101e-10
-1.652371343058240038e-10
-1.651250542099271471e-10
-1.650130668616784448e-10
-1.649011817935298168e-10
-1.647894262109819781e-10
-1.646777651081547853e-10
-1.645662506491366034e-10
-1.644548328422654230e-10
-1.643435262395354831e-10
-1.642323665420362497e-10
-1.641213005681046706e-10
-1.640103814437952372e-10
-1.638995890345093929e-10
-1.637888914556267431e-10
-1.636783241882650528e-10
-1.635678188854315802e-10
-1.634574012495551070e-10
-1.633470905228300758e-10
-1.632368571894366241e-10
-1.631267350172981226e-10
-1.630166979961895052e-10
-1.629067494082455177e-10
-1.627969186642248822e-10
-1.626871674215301630e-10
-1.625775368986023804e-10
-1.624680024852793414e-10
-1.623585544322153127e-10
-1.622492325452714155e-10
-1.621400094223676689e-10
-1.620309012269145944e-10
-1.619218955510271245e-10
-1.618129879866515805e-10
-1.617042213102939769e-10
-1.615955480392426423e-10
-1.614869935389919910e-10
-1.613785624730665566e-10
-1.612702335866943943e-10
-1.611620462775986801e-10
-1.610539769546282038e-10
-1.609459957258360391e-10
-1.608381444131490816e-10
-1.607303500011254103e-10
-1.606226422390997067e-10
-1.605150338770213211e-10
-1.604074996054148626e-10
-1.603000766085375675e-10
-1.601927330200317415e-10
-1.600854749970548413e-10
-1.599783312225299370e-10
-1.598712642314895113e-10
-1.597643130964186291e-10
-1.596574541871785503e-10
-1.595506776347934504e-10
-1.594440267638518507e-10
-1.593374700178443691e-10
-1.592310148009139118e-10
-1.591246690907306135e-10
-1.590184130219150570e-10
-1.589122958568571747e-10
-1.588062676917195144e-10
-1.587003421062703318e-10
-1.585945554808029359e-10
-1.584888525972739005e-10
-1.583832870475361222e-10
-1.582778418555968089e-10
-1.581724934842716937e-10
-1.580672552428786862e-10
-1.579620822220885753e-10
-1.578569818174259756e-10
-1.577520054222573613e-10
-1.576470872779518386e-10
-1.575422596602362795e-10
-1.574375326660610011e-10
-1.573328766400718092e-10
-1.572283335743044134e-10
-1.571238779233062422e-10
-1.570194985858901655e-10
-1.569152385599702718e-10
-1.568110614205201777e-10
-1.567069926463033185e-10
-1.566030167555753773e-10
-1.564991258141681646e-10
-1.563953706784460940e-10
-1.562916973722212990e-10
-1.561881219472768203e-10
-1.560846732467949662e-10
-1.559813063905846088e-10
-1.558780740824036764e-10
-1.557749358572965084e-10
-1.556719023935380942e-10
-1.555690074693116876e-10
-1.554662150621885240e-10
-1.553635043160954393e-10
-1.552609192916645910e-10
-1.551583860313921207e-10
-1.550559314654036226e-10
-1.549535752867126080e-10
-1.548512900821583914e-10
-1.547490992274347429e-10
-1.546469955668929631e-10
-1.545449589273572992e-10
-1.544430415457612857e-10
-1.543411988176992232e-10
-1.542394436950348620e-10
-1.541377912171066266e-10
-1.540362155491333215e-10
-1.539347595587286243e-10
-1.538333851322955798e-10
-1.537320947344618624e-10
-1.536309321430974496e-10
-1.535298513245957633e-10
-1.534288657647445977e-10
-1.533280012072173819e-10
-1.532272164185936819e-10
-1.531265612345853884e-10
-1.530259979062315204e-10
-1.529255344393142558e-10
-1.528252019813843648e-10
-1.527249736240671226e-10
-1.526248256126689229e-10
-1.525247964951898996e-10
-1.524248153145246450e-10
-1.523249062189357076e-10
-1.522251029677281666e-10
-1.521253586291458106e-10
-1.520256990568479837e-10
-1.519261300897307315e-10
-1.518266269826119450e-10
-1.517272275515520749e-10
-1.516279100809055206e-10
-1.515286598840684604e-10
-1.514295226886979210e-10
-1.513304651204393966e-10
-1.512314914336535902e-10
-1.511326191862735184e-10
-1.510338249375577370e-10
-1.509351442890749243e-10
-1.508365456949858887e-10
-1.507380302061072245e-10
-1.506396428659673922e-10
-1.505413332876938743e-10
-1.504431145918228876e-10
-1.503450233223953296e-10
-1.502470080339246443e-10
-1.501491037329066045e-10
-1.500513253751641452e-10
-1.499536319129806636e-10
-1.498560245646139365e-10
-1.497584964233198819e-10
-1.496610391644393332e-10
-1.495636667377117057e-10
-1.494663662425726124e-10
-1.493691303707063671e-10
-1.492720031129779483e-10
-1.491749397471983235e-10
-1.490779458260130084e-10
-1.489810624658798223e-10
-1.488842457097913488e-10
-1.487875158991853190e-10
-1.486908780435493099e-10
-1.485943129749704478e-10
-1.484978579115635571e-10
-1.484014794888236303e-10
-1.483051765385610732e-10
-1.482090008257550337e-10
-1.481128960536385890e-10
-1.480168746830377878e-10
-1.479209746777553962e-10
-1.478251526216847158e-10
-1.477294233536861187e-10
-1.476338159904702759e-10
-1.475382791366187885e-10
-1.474428622277082900e-10
-1.473475574752608527e-10
-1.472523381943618800e-10
-1.471572046587449010e-10
-1.470621439114161982e-10
-1.469671523039634601e-10
-1.468722462125870686e-10
-1.467774086389276555e-10
-1.466826346836887254e-10
-1.465879656461590787e-10
-1.464933607226019809e-10
-1.463988212868149425e-10
-1.463043905946453977e-10
-1.462100273117157254e-10
-1.461157401312198788e-10
-1.460215501292027488e-10
-1.459274359255166770e-10
-1.458334136673615905e-10
-1.457394772845837422e-10
-1.456456141560977935e-10
-1.455518669094362883e-10
-1.454581932306085374e-10
-1.453645990828603636e-10
-1.452711275771697095e-10
-1.451777290292605164e-10
-1.450844161862094142e-10
-1.449912258518374040e-10
-1.448981106878919726e-10
-1.448050896989488420e-10
-1.447122005075672138e-10
-1.446193878380432021e-10
-1.445266509803932633e-10
-1.444340163345126191e-10
-1.443414275076018829e-10
-1.442489033768091382e-10
-1.441564736110315678e-10
-1.440640970390236650e-10
-1.439717945176793120e-10
-1.438795784727358401e-10
-1.437874212731127361e-10
-1.436953511420905687e-10
-1.436033587548773887e-10
-1.435114265525141655e-10
-1.434195975454320658e-10
-1.433278390200126372e-10
-1.432361420758124703e-10
-1.431445595840306497e-10
-1.430530435282367817e-10
-1.429615980778397069e-10
-1.428702631905467378e-10
-1.427789991349834885e-10
-1.426878132007927152e-10
-1.425967372385319027e-10
-1.425057320585481790e-10
-1.424148143343731862e-10
-1.423240086849926269e-10
-1.422332685695515748e-10
-1.421426335012994472e-10
-1.420521106836960603e-10
-1.419616636020436378e-10
-1.418712908277569557e-10
-1.417810010946590111e-10
-1.416907683590776125e-10
-1.416006008541537492e-10
-1.415105146659384869e-10
-1.414204892767294280e-10
-1.413305371584332740e-10
-1.412406646206693282e-10
-1.411508511982657371e-10
-1.410611243723035551e-10
-1.409714732094472455e-10
-1.408818795367867236e-10
-1.407923882367703898e-10
-1.407029653192458743e-10
-1.406136022334263538e-10
-1.405243521743126250e-10
-1.404351655339621743e-10
-1.403460476450487133e-10
-1.402570412859250148e-10
-1.401681013067702972e-10
-1.400792352137107453e-10
-1.399904807540656710e-10
-1.399017964664402254e-10
-1.398131913157098629e-10
-1.397247004786843110e-10
-1.396362766743611570e-10
-1.395479404733837277e-10
-1.394597299899646334e-10
-1.393715881494330388e-10
-1.392835130701274820e-10
-1.391955446356789250e-10
-1.391076147065494556e-10
-1.390197414806832110e-10
-1.389319723160317004e-10
-1.388442441346648256e-10
-1.387565831719092948e-10
-1.386690176280635751e-10
-1.385815023705434676e-10
-1.384940591584965702e-10
-1.384067043283149134e-10
-1.383194108390661404e-10
-1.382321932480796759e-10
-1.381450585312511257e-10
-1.380579944169466479e-10
-1.379710093328345473e-10
-1.378841061620428967e-10
-1.377972755457169405e-10
-1.377105318687174982e-10
-1.376238677634267283e-10
-1.375372782307194813e-10
-1.374507856014236704e-10
-1.373643708992808351e-10
-1.372780265812292634e-10
-1.371917937448486261e-10
-1.371056372644233406e-10
-1.370195561132475508e-10
-1.369335808748865332e-10
-1.368477023079611024e-10
-1.367618996138534392e-10
-1.366761668164928802e-10
-1.365905062797551310e-10
-1.365049002080884291e-10
-1.364193527261685666e-10
-1.363338833918864392e-10
-1.362484661090392338e-10
-1.361631138830472589e-10
-1.360778405648473419e-10
-1.359926195123085544e-10
-1.359074739091624128e-10
-1.358224014222102382e-10
-1.357373848753916487e-10
-1.356524516281055015e-10
-1.355675873975768261e-10
-1.354827862222013139e-10
-1.353980692555886075e-10
-1.353134229656788427e-10
-1.352288430505055727e-10
-1.351443494074589669e-10
-1.350599282398770079e-10
-1.349755767291662119e-10
-1.348913157213450782e-10
-1.348071294695540519e-10
-1.347230102343574254e-10
-1.346389893846114724e-10
-1.345550478908089889e-10
-1.344711716105300542e-10
-1.343873938269188889e-10
-1.343037141159347679e-10
-1.342201021695926505e-10
-1.341365539207746340e-10
-1.340530903827352079e-10
-1.339696697690465530e-10
-1.338863008116849339e-10
-1.338030251816545760e-10
-1.337197878078334440e-10
