-2.504398693478766311e-12
-2.662794937969516106e-12
-2.725747606638262953e-12
-2.672049818694575068e-12
-2.480775251643203518e-12
-2.131387327197613647e-12
-1.603864580494873173e-12
-8.789054202656316859e-13
6.206072529845822012e-14
1.236767977356379306e-12
2.661959545866219255e-12
4.353246195749153246e-12
6.325213770262972127e-12
8.591238505846949178e-12
1.116353037024319934e-11
1.405321018691784717e-11
1.727036715769969685e-11
2.082332151694979047e-11
2.471973529508415807e-11
2.896592491121080573e-11
3.356637313357849573e-11
3.852512789216476777e-11
4.384524402638673536e-11
4.952776942213070107e-11
5.557327508405266427e-11
6.198142897738482369e-11
6.875022970284989106e-11
7.587703316181205075e-11
8.335911897805122669e-11
9.119176180192032544e-11
9.936950005875534716e-11
1.078866314231559413e-10
1.167367594250244228e-10
1.259120154804732238e-10
1.354053322627207254e-10
1.452074218768580164e-10
1.553100041015654300e-10
1.657034761680660887e-10
1.763776494957356185e-10
1.873234881360827683e-10
1.985296820225114318e-10
2.099858196321418804e-10
2.216820549298573404e-10
2.336068710340670118e-10
2.457491543318714993e-10
2.580983957273506176e-10
2.706437516240266139e-10
2.833741129420680590e-10
2.962789792656324023e-10
3.093471854742140053e-10
3.225685561256132413e-10
3.359329724534322684e-10
3.494300163842592168e-10
3.630504204718044984e-10
3.767845080607757590e-10
3.906231744594547063e-10
4.045576307217349225e-10
4.185791601317122244e-10
4.326800481301787129e-10
4.468523331929019660e-10
4.610883264895702938e-10
4.753816071288055352e-10
4.897258583428020490e-10
5.041139729038182986e-10
5.185410138899819581e-10
5.330024868018630649e-10
5.474920435386925441e-10
5.620056989858618662e-10
5.765408075752242034e-10
5.910929547960719623e-10
6.056574710779090395e-10
6.202332174002595435e-10
6.348188920877038844e-10
6.494100728585610784e-10
6.640055328579383888e-10
6.786054098711734661e-10
6.932087485853468681e-10
7.078128316442083602e-10
7.224187425692861015e-10
7.370273509561749525e-10
7.516383684756061984e-10
7.662508125539860113e-10
7.808669443702500818e-10
7.954882698556219902e-10
8.101154639764348733e-10
8.247487411069479251e-10
8.393905873048687291e-10
8.540434607507833345e-10
8.687086744403273054e-10
8.833869411486088365e-10
8.980806894106970281e-10
9.127934636373387826e-10
9.275266515388418011e-10
9.422814847771433515e-10
9.570601319083982778e-10
9.718649852280398076e-10
9.866998038199573467e-10
1.001565157362510870e-09
1.016461849391793735e-09
1.031393038889475896e-09
1.046360268350207145e-09
1.061367111375699147e-09
1.076413280004060567e-09
1.091498821614568379e-09
1.106626690466082643e-09
1.121797542464881174e-09
1.137014700175361499e-09
1.152276455901193118e-09
1.167582680904494042e-09
1.182933824625244322e-09
1.198331276324210416e-09
1.213775792538040530e-09
1.229266401863914742e-09
1.244801448075748487e-09
1.260378996854951608e-09
1.276000934237959930e-09
1.291664976094068367e-09
1.307371120785643769e-09
1.323115618737031283e-09
1.338896199609758342e-09
1.354710735165821418e-09
1.370558842497974063e-09
1.386437154464575776e-09
1.402343398890264609e-09
1.418273010645681544e-09
1.434222184830572265e-09
1.450188306188568100e-09
1.466168818617345304e-09
1.482159959620760236e-09
1.498156814680756366e-09
1.514155158517302967e-09
1.530149073247659696e-09
1.546135539674278178e-09
1.562110322261684132e-09
1.578069613170601311e-09
1.594007574233035667e-09
1.609917848979476979e-09
1.625796533373718953e-09
1.641636119223223031e-09
1.657435222690714332e-09
1.673186282880513859e-09
1.688887895238977626e-09
1.704529911173615763e-09
1.720107777765708655e-09
1.735616907687563593e-09
1.751049695366629870e-09
1.766406011759915172e-09
1.781676720655935679e-09
1.796861892466684722e-09
1.811950814313670818e-09
1.826937606160289018e-09
1.841821323142092336e-09
1.856591412943347231e-09
1.871251529241661615e-09
1.885792154836141459e-09
1.900212024060613807e-09
1.914508479422721911e-09
1.928666415756506275e-09
1.942691418617283396e-09
1.956574351612993238e-09
1.970314126078818948e-09
1.983913314649083524e-09
1.997360792932397272e-09
2.010660561660037106e-09
2.023805314466838854e-09
2.036786483701978578e-09
2.049611610176780340e-09
2.062271016616391388e-09
2.074767903989399879e-09
2.087106219810234797e-09
2.099273824865619452e-09
2.111277135099785206e-09
2.123113739219510668e-09
2.134772763690144480e-09
2.146266526706423975e-09
2.157589469481795859e-09
2.168739641701170702e-09
2.179727628445396207e-09
2.190545610153720904e-09
2.201193891998750103e-09
2.211679457149738714e-09
2.221992479786687057e-09
2.232138872337709852e-09
2.242125038869529296e-09
2.251946984687694625e-09
2.261611505032174424e-09
2.271123709769475201e-09
2.280476536529301380e-09
2.289677424160084015e-09
2.298730410373717666e-09
2.307629657575068705e-09
2.316383565473513211e-09
2.324998330389881594e-09
2.333473337305795194e-09
2.341814135017000750e-09
2.350027740466599621e-09
2.358110623708566368e-09
2.366065879838202364e-09
2.373902331117794887e-09
2.381619317771146291e-09
2.389216873207839153e-09
2.396708333019256275e-09
2.404093508634756018e-09
2.411375058542974619e-09
2.418560497156964647e-09
2.425653359326311714e-09
2.432651142019210722e-09
2.439561824885937959e-09
2.446389726296311322e-09
2.453135462454904254e-09
2.459803423743800488e-09
2.466401765217474041e-09
2.472932187940775736e-09
2.479397665220168368e-09
2.485803891077692258e-09
2.492153813863030795e-09
2.498446116203147801e-09
2.504686841272165264e-09
2.510879826803944704e-09
2.517027183470851705e-09
2.523130815214317289e-09
2.529197188773218367e-09
2.535228908426178090e-09
2.541227141388358552e-09
2.547195986455988689e-09
2.553137889321924529e-09
2.559053019039086595e-09
2.564941716923200636e-09
2.570808385445569811e-09
2.576654955166945766e-09
2.582482305412206629e-09
2.588292700623101088e-09
2.594089354013105085e-09
2.599873063532924814e-09
2.605644572904573582e-09
2.611405590431489442e-09
2.617157072114647184e-09
2.622897675238173209e-09
2.628626392732472553e-09
2.634345907435852893e-09
2.640056788537876016e-09
2.645758587190102094e-09
2.651451557835871249e-09
2.657137288035876502e-09
2.662815786996355175e-09
2.668485289968455946e-09
2.674145594869508780e-09
2.679797221053348142e-09
2.685438679793237206e-09
2.691066045116159272e-09
2.696678997907835165e-09
2.702278858573722856e-09
2.707864701928992678e-09
2.713433243949663106e-09
2.718984642645528785e-09
2.724519457707256027e-09
2.730036227183096986e-09
2.735530337586817844e-09
2.741000899496877963e-09
2.746448439826376280e-09
2.751870873918273786e-09
2.757261842286204766e-09
2.762620339012520868e-09
2.767947094195125683e-09
2.773242533117354764e-09
2.778500336337017740e-09
2.783720586778745614e-09
2.788902574684285581e-09
2.794046288141881959e-09
2.799146482438712319e-09
2.804200078625416734e-09
2.809206803933353284e-09
2.814167347335910563e-09
2.819076116898476608e-09
2.823927818418087384e-09
2.828723957461701567e-09
2.833465822718869602e-09
2.838151606382822419e-09
2.842776293311360945e-09
2.847338893032268795e-09
2.851840486036208261e-09
2.856281520371482815e-09
2.860656454385975095e-09
2.864961399708403150e-09
2.869198247737985112e-09
2.873367280121138798e-09
2.877466991398316589e-09
2.881490272182654089e-09
2.885437824354018724e-09
2.889312347334088442e-09
2.893114810701247197e-09
2.896841900295641675e-09
2.900490977717661454e-09
2.904064273073245425e-09
2.907563994833517855e-09
2.910988445106153841e-09
2.914332335427687496e-09
2.917595215399221166e-09
2.920780270097141695e-09
2.923889309725513296e-09
2.926919969045651258e-09
2.929867791567713037e-09
2.932735564403021622e-09
2.935527017797869078e-09
2.938243439355239595e-09
2.940883277405378864e-09
2.943445145019435837e-09
2.945931196144072294e-09
2.948344919491831695e-09
2.950687493837822386e-09
2.952954729140699552e-09
2.955145360416119499e-09
2.957263748168702503e-09
2.959312845496021694e-09
2.961293848074119018e-09
2.963203761704255997e-09
2.965043004259946296e-09
2.966816569046207938e-09
2.968527457349366875e-09
2.970176869246213148e-09
2.971763419742855622e-09
2.973287951885619361e-09
2.974754429267937275e-09
2.976165272878067711e-09
2.977521711108908650e-09
2.978821806464674994e-09
2.980065290350198840e-09
2.981256505555021383e-09
2.982398763211242748e-09
2.983493075257770728e-09
2.984539856862599798e-09
2.985539372129860103e-09
2.986494699351991611e-09
2.987409598509533449e-09
2.988285366100370408e-09
2.989122916015579653e-09
2.989922762914032643e-09
2.990686608945590116e-09
2.991417833440739283e-09
2.992117474616793924e-09
2.992786191947954246e-09
2.993423853606317401e-09
2.994030931723666611e-09
2.994611285586173370e-09
2.995166702271783197e-09
2.995698138489762890e-09
2.996206579002404880e-09
2.996692469812528986e-09
2.997158204694419407e-09
2.997606371502111305e-09
2.998037655396671688e-09
2.998452855113375154e-09
2.998852689641618653e-09
2.999237587469953421e-09
2.999609919777375299e-09
2.999970417644056172e-09
3.000319498267907870e-09
3.000656706299773258e-09
3.000982078723383491e-09
3.001297141996415344e-09
3.001603935275550725e-09
3.001902982145695118e-09
3.002194481993339893e-09
3.002478742408622897e-09
3.002756083888159565e-09
3.003027983682801458e-09
3.003295253421849217e-09
3.003558185604932068e-09
3.003816476379514117e-09
3.004069840713386677e-09
3.004318475391820311e-09
3.004563143835125863e-09
3.004804132425158517e-09
3.005041414030448775e-09
3.005273337238182791e-09
3.005499386385427502e-09
3.005719948962310423e-09
3.005936104446091719e-09
3.006147783811784376e-09
3.006355222276107556e-09
3.006557077937335628e-09
3.006753436045786542e-09
3.006944217039270097e-09
3.007129611249039267e-09
3.007309771432632193e-09
3.007484622940756887e-09
3.007651796412626256e-09
3.007811316446983264e-09
3.007962477986765542e-09
3.008105719671669916e-09
3.008240648653457233e-09
3.008367101674747019e-09
3.008482270093700038e-09
3.008585586341265430e-09
3.008676662614420965e-09
3.008756181076057134e-09
3.008824125701653503e-09
3.008880652991020012e-09
3.008924135754924630e-09
3.008952708050625958e-09
3.008967273803302259e-09
3.008967476421472890e-09
3.008953618314626566e-09
3.008925931252981485e-09
3.008881227175984248e-09
3.008818931662054778e-09
3.008738246077101274e-09
3.008640245303049011e-09
3.008524015079885450e-09
3.008389211795773320e-09
3.008235981861644648e-09
3.008060486564481477e-09
3.007864398458442376e-09
3.007646006536126033e-09
3.007406575356902588e-09
3.007146077723921362e-09
3.006865280767074819e-09
3.006562518657085163e-09
3.006235835003120857e-09
3.005886718184776668e-09
3.005515298443693105e-09
3.005122019285765485e-09
3.004705474569531345e-09
3.004266908854065850e-09
3.003802915040728064e-09
3.003315078390985156e-09
3.002801705346323211e-09
3.002264275284026576e-09
3.001703002498962892e-09
3.001119054494280904e-09
3.000508794077670994e-09
2.999873523752709852e-09
2.999212660699498550e-09
2.998527659777525952e-09
2.997817856084430839e-09
2.997084587021561390e-09
2.996328180230719585e-09
2.995548781686965381e-09
2.994744094722048375e-09
2.993916225314927897e-09
2.993065971562638809e-09
2.992193001996267965e-09
2.991297824977115975e-09
2.990380673712222035e-09
2.989441541879108889e-09
2.988478684708981976e-09
2.987493119108132862e-09
2.986486631228278603e-09
2.985458991761098953e-09
2.984410531793340513e-09
2.983341727648161956e-09
2.982252963482049532e-09
2.981143078839747644e-09
2.980012917532693228e-09
2.978864570352043187e-09
2.977698166453649737e-09
2.976513895258883722e-09
2.975312442404378137e-09
2.974094932748663949e-09
2.972859800472495438e-09
2.971608496700095064e-09
2.970342253644466578e-09
2.969060864328719884e-09
2.967765347616677325e-09
2.966455587254295667e-09
2.965131880425269451e-09
2.963793802258005924e-09
2.962441782092563491e-09
2.961076548905253768e-09
2.959699448519872228e-09
2.958310284429794854e-09
2.956910224052552235e-09
2.955498537655284681e-09
2.954076338935087710e-09
2.952643187366340676e-09
2.951199876309862281e-09
2.949747619222154734e-09
2.948287308373491777e-09
2.946818591615173636e-09
2.945342197357656695e-09
2.943858309914047999e-09
2.942367215698115772e-09
2.940868736809516991e-09
2.939364162839123325e-09
2.937853650622987841e-09
2.936337474413272765e-09
2.934815923669401349e-09
2.933288576155247755e-09
2.931755647095022417e-09
2.930216548927941228e-09
2.928672390301991313e-09
2.927123611017378669e-09
2.925570849508144059e-09
2.924014193141698523e-09
2.922453501691043225e-09
2.920889183589951760e-09
2.919320819318715580e-09
2.917748890538367605e-09
2.916173861929616432e-09
2.914596153170173688e-09
2.913016156639717101e-09
2.911433934176795230e-09
2.909849357253678764e-09
2.908262340304819909e-09
2.906673077751662631e-09
2.905081281076579265e-09
2.903487658954368627e-09
2.901892156705677835e-09
2.900294767433612253e-09
2.898695693399084033e-09
2.897094610575692511e-09
2.895490278896956621e-09
2.893883289711853612e-09
2.892273430673707340e-09
2.890661266186827756e-09
2.889046877915708575e-09
2.887430225456580842e-09
2.885811614460729777e-09
2.884190533721233935e-09
2.882566770783227324e-09
2.880940560658725067e-09
2.879311580627387196e-09
2.877680389733076895e-09
2.876046679429852844e-09
2.874410788285112529e-09
2.872772807311245803e-09
2.871132036464496657e-09
2.869488449773125560e-09
2.867841737712813543e-09
2.866191871140075598e-09
2.864539309530063952e-09
2.862883322497667151e-09
2.861224337271299561e-09
2.859562160755813644e-09
2.857896493203652835e-09
2.856226707493209504e-09
2.854552433482835801e-09
2.852873642194833567e-09
2.851190464974532203e-09
2.849502971475820007e-09
2.847811608402024212e-09
2.846115584258013376e-09
2.844415627392753757e-09
2.842710945840217362e-09
2.841001571015092655e-09
2.839288016850836031e-09
2.837569150224474786e-09
2.835846142279465392e-09
2.834118152819773881e-09
2.832385608427012320e-09
2.830648803730354990e-09
2.828906774620053312e-09
2.827160083585694294e-09
2.825407728528957391e-09
2.823650430734571454e-09
2.821887918878499324e-09
2.820119944618049808e-09
2.818347128061184315e-09
2.816568673820279886e-09
2.814785242128420346e-09
2.812995722163707681e-09
2.811200486114052185e-09
2.809399475213024315e-09
2.807592400855821080e-09
2.805779917437179249e-09
2.803961442667251854e-09
2.802137963960923773e-09
2.800308487481983132e-09
2.798473856399732764e-09
2.796634075828663070e-09
2.794788664587978619e-09
2.792938442467124652e-09
2.791082396353453040e-09
2.789221813365818601e-09
2.787355811968071465e-09
2.785484921509522084e-09
2.783609136615715388e-09
2.781728488578362073e-09
2.779843058323309211e-09
2.777952460554576734e-09
2.776057096884542440e-09
2.774156620061839300e-09
2.772251706303596798e-09
2.770341874011050103e-09
2.768427336302991384e-09
2.766508288419680359e-09
2.764584612448425705e-09
2.762656469264879878e-09
2.760723702954546352e-09
2.758786238488302971e-09
2.756844146300715377e-09
2.754898220506817284e-09
2.752948179030544580e-09
2.750994514959000980e-09
2.749036849060274930e-09
2.747075653504287643e-09
2.745111121645375428e-09
2.743143305284580157e-09
2.741172389226921190e-09
2.739198025910472740e-09
2.737220954310136331e-09
2.735240882467231146e-09
2.733258248410455397e-09
2.731272909746682717e-09
2.729284917066631335e-09
2.727294370595933820e-09
2.725301217737304659e-09
2.723305601235680471e-09
2.721307488736133548e-09
2.719306980842571114e-09
2.717304295163266344e-09
2.715299523372978516e-09
2.713292729748025697e-09
2.711283966273916823e-09
2.709273276883427288e-09
2.707260599588565948e-09
2.705246155818490123e-09
2.703229555063102056e-09
2.701211188841231371e-09
2.699191401690165421e-09
2.697170369232035900e-09
2.695148174968226732e-09
2.693124834954390535e-09
2.691100415678895077e-09
2.689074972114529361e-09
2.687048766771377421e-09
2.685021755289353940e-09
2.682994025981557017e-09
2.680965603133834487e-09
2.678936633178912103e-09
2.676907262658482190e-09
2.674877317941413212e-09
2.672847076868805138e-09
2.670816328285625244e-09
2.668785127321886819e-09
2.666753337858683037e-09
2.664721007558608297e-09
2.662688094630107502e-09
2.660654727404768068e-09
2.658621069769650131e-09
2.656587146334392693e-09
2.654552911274069526e-09
2.652518464075666139e-09
2.650483661565378408e-09
2.648448561387265935e-09
2.646413132511919477e-09
2.644377348958259392e-09
2.642341269067741258e-09
2.640304984722941488e-09
2.638268691798470135e-09
2.636232385357299714e-09
2.634196086971197555e-09
2.632159824993632036e-09
2.630123594115527204e-09
2.628087496739540022e-09
2.626051504209427536e-09
2.624015673925628940e-09
2.621979946152676329e-09
2.619944394071129305e-09
2.617908930765015198e-09
2.615873649438537004e-09
2.613838434034572175e-09
2.611803403873055531e-09
2.609768407861324862e-09
2.607733410973180205e-09
2.605698205903270862e-09
2.603662923038787632e-09
2.601627397408438838e-09
2.599591750313042216e-09
2.597555975525855912e-09
2.595520056935186235e-09
2.593484042568669421e-09
2.591447845051889449e-09
2.589411559856360889e-09
2.587375063101060960e-09
2.585338471141995727e-09
2.583301646336264112e-09
2.581264739906512314e-09
2.579227558245442680e-09
2.577190343794352055e-09
2.575152971764668593e-09
2.573115549383218288e-09
2.571078010965270768e-09
2.569040390359782965e-09
2.567002722536524993e-09
2.564965056653285560e-09
2.562927481933434906e-09
2.560889897931069297e-09
2.558852463306287962e-09
2.556814968843298752e-09
2.554777469859305927e-09
2.552739808541046751e-09
2.550702077519085633e-09
2.548664228543569644e-09
2.546626243397388069e-09
2.544588147643261134e-09
2.542549737312203317e-09
2.540511207879535488e-09
2.538472344210946857e-09
2.536433301605263832e-09
2.534393950321709969e-09
2.532354382803268689e-09
2.530314514665527528e-09
2.528274443321188399e-09
2.526234065153380053e-09
2.524193473258115227e-09
2.522152659297787644e-09
2.520111875407951493e-09
2.518070916231837175e-09
2.516029944016148184e-09
2.513988857211679424e-09
2.511947729107179934e-09
2.509906588339433658e-09
2.507865400784340646e-09
2.505824239998398790e-09
2.503783033787598675e-09
2.501741885189725152e-09
2.499700761749833208e-09
2.497660002186708856e-09
2.495619395657823245e-09
2.493579097035081635e-09
2.491539020843613423e-09
2.489499148123768952e-09
2.487459433965952762e-09
2.485419919661634264e-09
2.483380455184869304e-09
2.481341285726060958e-09
2.479302111127855802e-09
2.477263276744410996e-09
2.475224377851534564e-09
2.473185828304545323e-09
2.471147269082367736e-09
2.469108890319333266e-09
2.467070657188109404e-09
2.465032568514176193e-09
2.462994800931901958e-09
2.460957148527612792e-09
2.458919859842476502e-09
2.456882710262747071e-09
2.454845886805883164e-09
2.452809471213046149e-09
2.450773529947308196e-09
2.448738108900143043e-09
2.446703243083351920e-09
2.444668882272815601e-09
2.442635022933689823e-09
2.440601740484269504e-09
2.438568980387638127e-09
2.436536868765278935e-09
2.434505352682883667e-09
2.432474382851900425e-09
2.430444216379159057e-09
2.428414795189008962e-09
2.426386248614764032e-09
2.424358433758542778e-09
2.422331418459526622e-09
2.420305208252511321e-09
2.418279695093800662e-09
2.416255076283150039e-09
2.414231054511551183e-09
2.412207943784241506e-09
2.410185465534315962e-09
2.408163743401511227e-09
2.406142834562104274e-09
2.404122425555307557e-09
2.402103119489300809e-09
2.400084212012978128e-09
2.398066300327286656e-09
2.396048963303683403e-09
2.394032520863199686e-09
2.392016933269495427e-09
2.390002059978007225e-09
2.387988197015035201e-09
2.385975016732940373e-09
2.383962775478500577e-09
2.381951467726650179e-09
2.379941189300326053e-09
2.377932081234446749e-09
2.375923982866236810e-09
2.373916921971244541e-09
2.371910866193764269e-09
2.369905897002147403e-09
2.367902055701873312e-09
2.365899204769128042e-09
2.363897499568897147e-09
2.361896683946652802e-09
2.359897073613759844e-09
2.357898556107482519e-09
2.355901188021896236e-09
2.353905147842656607e-09
2.351910190453692660e-09
2.349916541205840716e-09
2.347923917120549115e-09
2.345932362682438109e-09
2.343942024349139861e-09
2.341952558937294590e-09
2.339964370804495267e-09
2.337977099561728001e-09
2.335990822218219486e-09
2.334005717477949730e-09
2.332021519928784016e-09
2.330038641629626551e-09
2.328056592815340473e-09
2.326075685293902240e-09
2.324095862054043763e-09
2.322116951887613854e-09
2.320139398744163670e-09
2.318162670505427092e-09
2.316187100204396275e-09
2.314212532214173814e-09
2.312239050872471622e-09
2.310266773150965055e-09
2.308295726423188504e-09
2.306325933603550819e-09
2.304357402930420176e-09
2.302390236220751349e-09
2.300424320078963504e-09
2.298459580261671279e-09
2.296496054873419843e-09
2.294533818944888109e-09
2.292572655708803222e-09
2.290612772832055018e-09
2.288653938763529724e-09
2.286696300270639054e-09
2.284739960648409862e-09
2.282784940041129419e-09
2.280831334590466315e-09
2.278878881456707522e-09
2.276927676581487024e-09
2.274977873224374181e-09
2.273029102888747633e-09
2.271081613712594538e-09
2.269135213282206190e-09
2.267189839172941413e-09
2.265245817188934843e-09
2.263302651708409463e-09
2.261360775608602245e-09
2.259419985845978163e-09
2.257480264772784018e-09
2.255542010296875855e-09
2.253604692847503663e-09
2.251668624698481828e-09
2.249733810364586948e-09
2.247799984030891188e-09
2.245867539224348626e-09
2.243936025265858312e-09
2.242005722551818850e-09
2.240076721598038757e-09
2.238148673752911243e-09
2.236221944545625799e-09
2.234296372720698560e-09
2.232372345983081223e-09
2.230449715888032111e-09
2.228528391719320980e-09
2.226608422574027268e-09
2.224689982259188256e-09
2.222772678988613000e-09
2.220856662719362190e-09
2.218941932942400042e-09
2.217028388916442003e-09
2.215116299030395179e-09
2.213205204037939413e-09
2.211295432322248065e-09
2.209387025759714770e-09
2.207479966184599628e-09
2.205574442915531445e-09
2.203670090034150037e-09
2.201767032551243118e-09
2.199865583765702858e-09
2.197965195048279440e-09
2.196066112231508803e-09
2.194168360104049620e-09
2.192271628799111534e-09
2.190376317137936246e-09
2.188482100369487231e-09
2.186588928044703834e-09
2.184697334215644112e-09
2.182806874629982332e-09
2.180917645188878531e-09
2.179029960714051979e-09
2.177143362587694201e-09
2.175258217490163751e-09
2.173374330283162088e-09
2.171491637252724923e-09
2.169610491083439748e-09
2.167730345042100294e-09
2.165851531319532899e-09
2.163974213907872800e-09
2.162097917644081304e-09
2.160222986353261869e-09
2.158349430614258782e-09
2.156477522891770996e-09
2.154607116163479098e-09
2.152738048897976584e-09
2.150870575700889794e-09
2.149004677425766459e-09
2.147140053568890302e-09
2.145276864004186473e-09
2.143415271540710175e-09
2.141554742649449921e-09
2.139695658737785733e-09
2.137838134522923372e-09
2.135981688666453105e-09
2.134126830985176343e-09
2.132273263821776432e-09
2.130421151124413206e-09
2.128570760560470179e-09
2.126721602200191207e-09
2.124873783839368956e-09
2.123027742804637057e-09
2.121182832255853365e-09
2.119339280392978146e-09
2.117497318974165586e-09
2.115656433158801063e-09
2.113816917730171294e-09
2.111978859961896203e-09
2.110141902725440281e-09
2.108306489408779698e-09
2.106472315695875761e-09
2.104639631891621946e-09
2.102808559344703275e-09
2.100978751398017469e-09
2.099150360047882679e-09
2.097323626007285821e-09
2.095498052129676835e-09
2.093673932817732234e-09
2.091851468420754325e-09
2.090030043613307972e-09
2.088210055074635375e-09
2.086391729362782576e-09
2.084574474559803997e-09
2.082758652472075516e-09
2.080944415355882023e-09
2.079131785441080026e-09
2.077320712080910636e-09
2.075511177601546268e-09
2.073703217513315019e-09
2.071896912097207604e-09
2.070092126756756350e-09
2.068288698787981981e-09
2.066486801614199310e-09
2.064686358320750305e-09
2.062887222127769635e-09
2.061089714045967555e-09
2.059293455800405205e-09
2.057498520900490324e-09
2.055705342707978033e-09
2.053913444358762078e-09
2.052122891263205291e-09
2.050334284774324297e-09
2.048546914216200805e-09
2.046760912237889370e-09
2.044976734175705149e-09
2.043193708259968131e-09
2.041412097107007082e-09
2.039632167560718268e-09
2.037853283625998411e-09
2.036075773890335721e-09
2.034299949551485178e-09
2.032525198553440949e-09
2.030751710266591016e-09
2.028979977155755254e-09
2.027209605111388835e-09
2.025440606072491047e-09
2.023673368710713926e-09
2.021907438792264887e-09
2.020143017072351620e-09
2.018380319374895880e-09
2.016618752744810706e-09
2.014858691646659310e-09
2.013100302496725668e-09
2.011343011103819353e-09
2.009587167160579600e-09
2.007833013005561636e-09
2.006079945620096181e-09
2.004328334324290190e-09
2.002578393125025064e-09
2.000830024156214165e-09
1.999083103789795230e-09
1.997337928271171564e-09
1.995594316868001321e-09
1.993852203347212378e-09
1.992111868046440430e-09
1.990372774234570984e-09
1.988635163456639527e-09
1.986899271306472726e-09
1.985164453144303729e-09
1.983431118028526338e-09
1.981699540318714251e-09
1.979969012846939850e-09
1.978239813672629566e-09
1.976512506881750822e-09
1.974786452084288004e-09
1.973061703528002998e-09
1.971338879497978620e-09
1.969617317595392289e-09
1.967897117284656999e-09
1.966178741514279945e-09
1.964461492701234263e-09
1.962745638310534973e-09
1.961031519293253936e-09
1.959318401092363260e-09
1.957606669399240722e-09
1.955896653820614492e-09
1.954187673710194987e-09
1.952479988438622168e-09
1.950774045899697886e-09
1.949069290595298842e-09
1.947366135180150751e-09
1.945664672689946270e-09
1.943964526549644886e-09
1.942265890648693490e-09
1.940568909645585320e-09
1.938873396674638185e-09
1.937179184414354175e-09
1.935486435188881982e-09
1.933795283576397834e-09
1.932105301937522118e-09
1.930416755798806413e-09
1.928729878837798108e-09
1.927044087972297234e-09
1.925359693927995064e-09
1.923677116353804105e-09
1.921995962098321442e-09
1.920316165913077963e-09
1.918638351808257139e-09
1.916961887208792666e-09
1.915286890847750021e-09
1.913613751224767795e-09
1.911941911690164027e-09
1.910271431491384954e-09
1.908602614054823698e-09
1.906935147086818091e-09
1.905268943628975982e-09
1.903604315558351683e-09
1.901941084433460198e-09
1.900279056811429595e-09
1.898618577729436458e-09
1.896959617660856059e-09
1.895302042332038712e-09
1.893645812275561167e-09
1.891991396921968120e-09
1.890338255798847289e-09
1.888686429618191667e-09
1.887036448703409109e-09
1.885387610291018418e-09
1.883740036065365824e-09
1.882094229217221290e-09
1.880449562794656334e-09
1.878806172610882019e-09
1.877164313438478682e-09
1.875523761255434713e-09
1.873884439137363608e-09
1.872246492602048301e-09
1.870610157043864842e-09
1.868975278311653188e-09
1.867341666485125613e-09
1.865709993312167574e-09
1.864079549443936001e-09
1.862450601357338762e-09
1.860823351243431777e-09
1.859197408493656327e-09
1.857572890130280407e-09
1.855949784192122433e-09
1.854328253520733604e-09
1.852707862191081797e-09
1.851088852462525897e-09
1.849471626569340216e-09
1.847855398631745710e-09
1.846240467088126393e-09
1.844627453510117440e-09
1.843015610930794080e-09
1.841405350221699417e-09
1.839796893661356987e-09
1.838189708670527597e-09
1.836584090562548889e-09
1.834980080325531502e-09
1.833377687067835578e-09
1.831776485691371011e-09
1.830176732827205203e-09
1.828578701049394109e-09
1.826981684977085021e-09
1.825386076966604774e-09
1.823792125352082832e-09
1.822199325647197243e-09
1.820607808905594293e-09
1.819017826992160405e-09
1.817429297067687518e-09
1.815842149306468686e-09
1.814256214374212526e-09
1.812672244668340568e-09
1.811089399900390304e-09
1.809507840226046524e-09
1.807928112351079365e-09
1.806349625843399098e-09
1.804772338148286348e-09
1.803196502105501456e-09
1.801622238934719666e-09
1.800048981530782105e-09
1.798477072748003963e-09
1.796906873478013510e-09
1.795337604370549580e-09
1.793769703933574279e-09
1.792203371303926359e-09
1.790638231058124379e-09
1.789074802268826538e-09
1.787512611819062406e-09
1.785952246722051682e-09
1.784393137019035879e-09
1.782835469291213440e-09
1.781279471111200098e-09
1.779724818570709758e-09
1.778171464184027358e-09
1.776619473388563711e-09
1.775069165133978708e-09
1.773519805677973725e-09
1.771971920494297393e-09
1.770425665496667240e-09
1.768880418842195716e-09
1.767336602063190870e-09
1.765794262748108972e-09
1.764253299393668133e-09
1.762713919730194048e-09
1.761175720181744684e-09
1.759639512815049091e-09
1.758104443707610332e-09
1.756570789241331312e-09
1.755038942992590981e-09
1.753508425406551817e-09
1.751979082601360210e-09
1.750451141072405750e-09
1.748924897885075886e-09
1.747399600008183154e-09
1.745875639613392728e-09
1.744353267013770215e-09
1.742832121152288858e-09
1.741312128944904694e-09
1.739793366306104791e-09
1.738276439724216310e-09
1.736760611309346607e-09
1.735246031468049831e-09
1.733733263321148578e-09
1.732221652070725636e-09
1.730711378786339366e-09
1.729202500276304542e-09
1.727695336811517830e-09
1.726189193781443269e-09
1.724684339360749221e-09
1.723181018784009999e-09
1.721679005521199067e-09
1.720178070067075904e-09
1.718678423080091070e-09
1.717180470881985344e-09
1.715683379541021028e-09
1.714187627947720068e-09
1.712693384979875617e-09
1.711200376630892209e-09
1.709708954504240757e-09
1.708218670791152545e-09
1.706730271026012417e-09
1.705243002812955392e-09
1.703757199852597505e-09
1.702272879618732152e-09
1.700790151456443915e-09
1.699308409723853970e-09
1.697828166277800189e-09
1.696349390522798218e-09
1.694871864384542775e-09
1.693395507684979980e-09
1.691920388165998478e-09
1.690447045112065249e-09
1.688974553927166530e-09
1.687503366299136174e-09
1.686033779447278642e-09
1.684565324190118488e-09
1.683098525858384196e-09
1.681632797161376882e-09
1.680169032195946586e-09
1.678706309250812168e-09
1.677244953081291226e-09
1.675785240674447867e-09
1.674326954823245284e-09
1.672869724911051562e-09
1.671413811753110394e-09
1.669959481446498854e-09
1.668506345044614828e-09
1.667054273809576324e-09
1.665603437275514118e-09
1.664154335872416498e-09
1.662706057750604711e-09
1.661258999931012932e-09
1.659813466773656084e-09
1.658369194121087061e-09
1.656926269481013354e-09
1.655484405567923838e-09
1.654044448894492943e-09
1.652605506652806413e-09
1.651167862883075342e-09
1.649731567248817562e-09
1.648296938347881884e-09
1.646863284689524882e-09
1.645430900506355356e-09
1.643999878074597116e-09
1.642570294586581971e-09
1.641141607369522346e-09
1.639714240762625146e-09
1.638288424897502241e-09
1.636863595173896381e-09
1.635439989970738741e-09
1.634017474881477561e-09
1.632596790606794983e-09
1.631176990497698629e-09
1.629758785357365424e-09
1.628341929263361232e-09
1.626926559728408961e-09
1.625512458442559840e-09
1.624099638182698520e-09
1.622688405910839525e-09
1.621278543138987800e-09
1.619869680987967703e-09
1.618462209323214403e-09
1.617056189890849158e-09
1.615651379922865454e-09
1.614247625739390023e-09
1.612845086730802012e-09
1.611444249393004817e-09
1.610044199141222587e-09
1.608645474639972355e-09
1.607248019299459164e-09
1.605852113908562276e-09
1.604457331705094235e-09
1.603063798371552912e-09
1.601671938863008474e-09
1.600281206319773772e-09
1.598891918649307654e-09
1.597503734736112330e-09
1.596117296963344732e-09
1.594731998527644100e-09
1.593347742199802825e-09
1.591964784763054389e-09
1.590583369385278681e-09
1.589202951354041270e-09
1.587823643255251309e-09
1.586445481470397460e-09
1.585069006578330713e-09
1.583693265806642240e-09
1.582318744958704729e-09
1.580945520585300701e-09
1.579573756410622152e-09
1.578203077592803976e-09
1.576833573416120689e-09
1.575465656667227523e-09
1.574098924551832760e-09
1.572733456667930908e-09
1.571369107980894816e-09
1.570006371109071358e-09
1.568644853343544447e-09
1.567284260181425672e-09
1.565925001992226918e-09
1.564567206328803578e-09
1.563210522083099961e-09
1.561854803447789728e-09
1.560500320916807407e-09
1.559147389115535365e-09
1.557795299677787600e-09
1.556444436236031444e-09
1.555094592590746458e-09
1.553746554458259351e-09
1.552399244619671849e-09
1.551053609094101869e-09
1.549709033369288447e-09
1.548366166540231681e-09
1.547024286349663519e-09
1.545683764833329003e-09
1.544344520594094493e-09
1.543006847346581879e-09
1.541670177807975396e-09
1.540334727753939911e-09
1.539000425107023203e-09
1.537667707211370317e-09
1.536335731606942987e-09
1.535005062671392789e-09
1.533675554222620801e-09
1.532347581251350312e-09
1.531020361469464752e-09
1.529694337262435853e-09
1.528369656756078157e-09
1.527046316645937878e-09
1.525724098923673874e-09
1.524403039926020405e-09
1.523083540996049047e-09
1.521765201172465579e-09
1.520448145190135079e-09
1.519132109528100694e-09
1.517817724060189788e-09
1.516504561243342552e-09
1.515192335078843109e-09
1.513881296351821599e-09
1.512571592407610016e-09
1.511263176341137074e-09
1.509955546272555884e-09
1.508649123909302068e-09
1.507344031325476747e-09
1.506040192318021797e-09
1.504737195310799603e-09
1.503435244893717781e-09
1.502134751019485553e-09
1.500835376374225689e-09
1.499537229909765390e-09
1.498240119470416333e-09
1.496944570272879327e-09
1.495650128506196248e-09
1.494356893828198284e-09
1.493064715842839788e-09
1.491774037944518541e-09
1.490484662868894061e-09
1.489196126478735263e-09
1.487908839736845812e-09
1.486622751214815882e-09
1.485338056861197615e-09
1.484054037262592654e-09
1.482771338711773121e-09
1.481489778797512108e-09
1.480209630762267206e-09
1.478930188772774162e-09
1.477651927054363181e-09
1.476374884209329988e-09
1.475099249230956094e-09
1.473824550215512796e-09
1.472551213317496624e-09
1.471279076814418632e-09
1.470008458794118255e-09
1.468738789775156204e-09
1.467470402258138576e-09
1.466203220827300798e-09
1.464937554718001800e-09
1.463672854298097931e-09
1.462409215099814682e-09
1.461146697728222943e-09
1.459885679058802052e-09
1.458625540914464238e-09
1.457366404658488884e-09
1.456108378883303144e-09
1.454851855854946468e-09
1.453596157120498966e-09
1.452341531468836777e-09
1.451087868012394821e-09
1.449835867213288525e-09
1.448584622381083317e-09
1.447334811455381821e-09
1.446085836941996402e-09
1.444838604012231201e-09
1.443592224220199116e-09
1.442347150338743705e-09
1.441103003807662329e-09
1.439860427828733901e-09
1.438619015392746593e-09
1.437378479288326169e-09
1.436139064154614835e-09
1.434900812304072478e-09
1.433663942748324092e-09
1.432427742628200390e-09
1.431192726802217834e-09
1.429958687974365838e-09
1.428726211774359654e-09
1.427494319017704216e-09
1.426263607768722843e-09
1.425033775120566903e-09
1.423805674420732380e-09
1.422578132620962930e-09
1.421352140121477137e-09
1.420126916877731987e-09
1.418903403752130942e-09
1.417680708531413064e-09
1.416459240809471930e-09
1.415238780067811346e-09
1.414019746241969343e-09
1.412801916725545361e-09
1.411584886024371729e-09
1.410369053355088062e-09
1.409154278184611813e-09
1.407940939235430600e-09
1.406728219310757847e-09
1.405516710790680800e-09
1.404306136612441088e-09
1.403097106700164771e-09
1.401888707119576210e-09
1.400681450446895920e-09
1.399475084276095508e-09
1.398270342984211468e-09
1.397066291975082962e-09
1.395863688612346903e-09
1.394661941350105562e-09
1.393461747144429841e-09
1.392262515914457311e-09
1.391064490112381271e-09
1.389867485127183924e-09
1.388671819900741185e-09
1.387477459294966778e-09
1.386284005707698353e-09
1.385091561378919741e-09
1.383900170436186069e-09
1.382710167361179910e-09
1.381521088593228096e-09
1.380332830273588872e-09
1.379145695231666294e-09
1.377959852492944129e-09
1.376775059950034768e-09
1.375591043482315694e-09
1.374408023851904126e-09
1.373226221948176748e-09
1.372045706471162462e-09
1.370865995384278011e-09
1.369687529718872961e-09
1.368510035477886552e-09
1.367334168466995309e-09
1.366159016579472037e-09
1.364985039428236102e-09
1.363812024159131919e-09
1.362640493947267494e-09
1.361469956236758018e-09
1.360300253885272325e-09
1.359131637283709997e-09
1.357964091286106159e-09
1.356797889587329951e-09
1.355632302970173049e-09
1.354467802464868874e-09
1.353304216173070663e-09
1.352142081523871216e-09
1.350980652536700539e-09
1.349820198932988770e-09
1.348660605737703535e-09
1.347502381468787187e-09
1.346345134042333040e-09
1.345188894523360047e-09
1.344033730683528943e-09
1.342879674367369289e-09
1.341727065778549561e-09
1.340575239919555682e-09
1.339424524348517004e-09
1.338274844759391508e-09
1.337126537317222497e-09
1.335979247450329231e-09
1.334832722163088210e-09
1.333687373045841807e-09
1.332542986243291123e-09
1.331399983111060288e-09
1.330257574905070031e-09
1.329116230232767606e-09
1.327975825823933837e-09
1.326836794049882805e-09
1.325698565200731713e-09
1.324561199775306720e-09
1.323424773373645289e-09
1.322289546655321924e-09
1.321155497345531121e-09
1.320022244860963067e-09
1.318890318324625865e-09
1.317759233489443516e-09
1.316629780011518163e-09
1.315500990786428238e-09
1.314373429486646810e-09
1.313246743936037557e-09
1.312121444655412831e-09
1.310997277622709806e-09
1.309873915157793504e-09
1.308751557805913532e-09
1.307630162729422691e-09
1.306510079879954188e-09
1.305390896737435319e-09
1.304272441765448477e-09
1.303155047011020441e-09
1.302038763851579622e-09
1.300923689779413873e-09
1.299809153236357402e-09
1.298695690109022305e-09
1.297583074938187614e-09
1.296472083681513450e-09
1.295361593030149746e-09
1.294252394394194189e-09
1.293143927854147571e-09
1.292036850950223362e-09
1.290930830966019759e-09
1.289825683792550182e-09
1.288721560904837976e-09
1.287618445006551628e-09
1.286516698304329998e-09
1.285415821153726790e-09
1.284315706219533018e-09
1.283216655147098282e-09
1.282118583454522955e-09
1.281021807200896273e-09
1.279925619072156753e-09
1.278830357628697731e-09
1.277736007833132747e-09
1.276642952189331971e-09
1.275550766469781249e-09
1.274459264968723572e-09
1.273368710007689844e-09
1.272279082471362254e-09
1.271190956735593304e-09
1.270103260944265788e-09
1.269017040402476385e-09
1.267931452519619062e-09
1.266847272063657701e-09
1.265764023897238812e-09
1.264681693168999549e-09
1.263600426380548717e-09
1.262520136992631547e-09
1.261441143566903976e-09
1.260363063745434690e-09
1.259285683045288679e-09
1.258209451193265493e-09
1.257134066109505207e-09
1.256060035664757861e-09
1.254986604723684555e-09
1.253914020413788400e-09
1.252842452247212058e-09
1.251771984123849843e-09
1.250702568061404322e-09
1.249633697649587896e-09
1.248565882631746061e-09
1.247498858448125804e-09
1.246433414809216395e-09
1.245368442654703714e-09
1.244304750541380817e-09
1.243241828047187072e-09
1.242180090164698208e-09
1.241119610070775921e-09
1.240059856641487226e-09
1.239001201207593255e-09
1.237943419825208570e-09
1.236886950689790996e-09
1.235831486233775824e-09
1.234776770779662017e-09
1.233722993302635267e-09
1.232670129010048238e-09
1.231618475769759453e-09
1.230567735969304059e-09
1.229517596068504402e-09
1.228468523001857698e-09
1.227420273626293683e-09
1.226373408318977572e-09
1.225327066372015119e-09
1.224281657009878764e-09
1.223237009906863108e-09
1.222193537863147163e-09
1.221151118284793946e-09
1.220109356604594482e-09
1.219068848825626099e-09
1.218028954619751461e-09
1.216990608526701560e-09
1.215952905091952643e-09
1.214916191630988166e-09
1.213880366272564456e-09
1.212845531707812133e-09
1.211811965500449794e-09
1.210779198917716870e-09
1.209747144016812591e-09
1.208716075219967517e-09
1.207685837897632245e-09
1.206656920781402140e-09
1.205628618491591854e-09
1.204601041839294861e-09
1.203574394868119334e-09
1.202548731801795496e-09
1.201524270670166222e-09
1.200500223669390039e-09
1.199477219962667169e-09
1.198454908466849361e-09
1.197433820136190663e-09
1.196413624690307844e-09
1.195394146378641560e-09
1.194375929367229197e-09
1.193358343549908207e-09
1.192342225519862052e-09
1.191326759084561182e-09
1.190312264314673062e-09
1.189298744541893843e-09
1.188286137957932613e-09
1.187274748327469381e-09
1.186264227145615414e-09
1.185254371760926122e-09
1.184245544435399628e-09
1.183237476013364040e-09
1.182230654125935082e-09
1.181224618546178463e-09
1.180219169513803200e-09
1.179214770400637335e-09
1.178211118506189810e-09
1.177208821738678875e-09
1.176207032344751827e-09
1.175206088386370257e-09
1.174205924760421575e-09
1.173206721410980901e-09
1.172208804298143020e-09
1.171211295603901002e-09
1.170215220689195434e-09
1.169219670524671770e-09
1.168225378957023375e-09
1.167232107339763783e-09
1.166239561967708203e-09
1.165248043531083115e-09
1.164257301206813952e-09
1.163267798381614698e-09
1.162279257797460449e-09
1.161291485433656391e-09
1.160304435028625849e-09
1.159318279608534370e-09
1.158333255127873224e-09
1.157349211435774133e-09
1.156365664666743440e-09
1.155382996862705066e-09
1.154401159875671716e-09
1.153420416841710005e-09
1.152440636532143882e-09
1.151461293089015659e-09
1.150482958673403813e-09
1.149505297468962409e-09
1.148528947540505875e-09
1.147553299145456511e-09
1.146578393310939137e-09
1.145604569692864057e-09
1.144631381482243915e-09
1.143659653525319332e-09
1.142688512689901284e-09
1.141718269432470771e-09
1.140748885497776315e-09
1.139780348992254830e-09
1.138813050779858706e-09
1.137846572290165101e-09
1.136880730436540279e-09
1.135915733424877577e-09
1.134951559434923161e-09
1.133988494877817302e-09
1.133026340239225179e-09
1.132064623404487240e-09
1.131103877272352355e-09
1.130143836712639625e-09
1.129184958089465894e-09
1.128226894862479635e-09
1.127269285026146554e-09
1.126312698134583687e-09
1.125356746882032769e-09
1.124402057119748876e-09
1.123448064941950787e-09
1.122494776635409266e-09
1.121542691157002778e-09
1.120591157445539247e-09
1.119640985210732343e-09
1.118691516180920905e-09
1.117742858577360220e-09
1.116795135126304948e-09
1.115848247582324042e-09
1.114902423457906513e-09
1.113957581853182483e-09
1.113013418056715754e-09
1.112069963469964038e-09
1.111127416391879685e-09
1.110185809901832911e-09
1.109245259126437767e-09
1.108305190402706417e-09
1.107365868748640838e-09
1.106427448187363852e-09
1.105489865458391642e-09
1.104553449396530942e-09
1.103617428198720008e-09
1.102682304125220098e-09
1.101747860871968954e-09
1.100814299782406802e-09
1.099882009239226057e-09
1.098950054941355533e-09
1.098019388397369483e-09
1.097089252127366004e-09
1.096160115693430122e-09
1.095232245652736621e-09
1.094304846159023150e-09
1.093378483716860244e-09
1.092452788774389137e-09
1.091528125464452273e-09
1.090604577460154202e-09
1.089681719257401206e-09
1.088759531233882207e-09
1.087838184636470788e-09
1.086917592009900847e-09
1.085998081559980229e-09
1.085079420601062563e-09
1.084161203301860446e-09
1.083243888619928385e-09
1.082327251835568245e-09
1.081411728518401592e-09
1.080497042506504483e-09
1.079582753939933384e-09
1.078669425565419909e-09
1.077756707249296728e-09
1.076845090473043194e-09
1.075934326928605057e-09
1.075024057961796538e-09
1.074115049444708364e-09
1.073206467484033232e-09
1.072298993731776486e-09
1.071392554326037294e-09
1.070486692150333790e-09
1.069581732092496043e-09
1.068677403895205781e-09
1.067774128276819124e-09
1.066871936436619261e-09
1.065970377729848746e-09
1.065069424382613429e-09
1.064169334745826518e-09
1.063269956209835290e-09
1.062371658051159866e-09
1.061474171236814536e-09
1.060577080649202252e-09
1.059680908436018726e-09
1.058785408183403889e-09
1.057890918287714540e-09
1.056997326156620538e-09
1.056104081846641096e-09
1.055211807633032724e-09
1.054320120873964140e-09
1.053429346157312147e-09
1.052539677703999725e-09
1.051650357284289466e-09
1.050762264521456636e-09
1.049874689886666144e-09
1.048988015268897249e-09
1.048102609634403307e-09
1.047217616720697236e-09
1.046333575326462904e-09
1.045450330324984337e-09
1.044567869478768749e-09
1.043686478879641531e-09
1.042805896662374594e-09
1.041925919681470284e-09
1.041046660018762988e-09
1.040168216047040615e-09
1.039290649808777594e-09
1.038414084265386103e-09
1.037538004082782041e-09
1.036662535980799671e-09
1.035787959926193578e-09
1.034914031844509636e-09
1.034041328909645267e-09
1.033169120464458056e-09
1.032297447193991042e-09
1.031426590862192203e-09
1.030556395362218021e-09
1.029687458145252457e-09
1.028819074791015181e-09
1.027951278587569320e-09
1.027084678584475489e-09
1.026218491241069627e-09
1.025353452280143050e-09
1.024489318953051060e-09
1.023625733728562224e-09
1.022763094541677551e-09
1.021901030761171181e-09
1.021039988884012563e-09
1.020179969148374502e-09
1.019320594502677111e-09
1.018461826385975009e-09
1.017603802100157243e-09
1.016746501326587754e-09
1.015890187794528154e-09
1.015034743220308610e-09
1.014179721748217377e-09
1.013325361952354968e-09
1.012471798896486960e-09
1.011618965788593783e-09
1.010767286406697165e-09
1.009916025052718017e-09
1.009065353560303516e-09
1.008215393477589302e-09
1.007366092862362310e-09
1.006518062121807189e-09
1.005670511721048009e-09
1.004823549547333831e-09
1.003977708990255679e-09
1.003132278187895899e-09
1.002287909746748166e-09
1.001444481333425599e-09
1.000601584833762098e-09
9.997595311438076123e-10
9.989181117536292650e-10
9.980775655969220057e-10
9.972380435012259047e-10
9.963992136232450452e-10
9.955609252697042118e-10
9.947233324415433129e-10
9.938865102032024303e-10
9.930505465154815774e-10
9.922155299857890930e-10
9.913809639104517598e-10
9.905469479430203127e-10
9.897138307381168232e-10
9.888812926097696795e-10
9.880498445809194348e-10
9.872189897830794092e-10
9.863885192112900754e-10
9.855589985899307988e-10
9.847300182235345671e-10
9.839019195515836900e-10
9.830748177909804291e-10
9.822480409885502637e-10
9.814223678352016651e-10
9.805972325797994908e-10
9.797728446882767544e-10
9.789497290424522615e-10
9.781270176384423372e-10
9.773050943264551342e-10
9.764839777338858445e-10
9.756634942993611436e-10
9.748439732487072089e-10
9.740253997605278810e-10
9.732074107247231621e-10
9.723899613145912227e-10
9.715733341489925061e-10
9.707573274786781810e-10
9.699422640656305536e-10
9.691280557294594210e-10
9.683142079378733473e-10
9.675010208879213258e-10
9.666886141294420687e-10
9.658768584324458486e-10
9.650662417378291863e-10
9.642560588794649147e-10
9.634463361236945950e-10
9.626374328345523565e-10
9.618291189382177158e-10
9.610218267254462515e-10
9.602152765406257131e-10
9.594091018274465156e-10
9.586041173043543812e-10
9.577994969101156120e-10
9.569956978009076453e-10
9.561931544135720379e-10
9.553909242418451605e-10
9.545895135217632283e-10
9.537888484446447638e-10
9.529887809620228171e-10
9.521897138400713750e-10
9.513915280192105073e-10
9.505938959061877380e-10
9.497968138104910622e-10
9.490004731636584994e-10
9.482047672758240069e-10
9.474099913109808675e-10
9.466160298569604963e-10
9.458224458319188902e-10
9.450294538681354167e-10
9.442372466325725320e-10
9.434456356456543572e-10
9.426551084832343370e-10
9.418650783403971160e-10
9.410754243507374695e-10
9.402866523496398590e-10
9.394983763081193556e-10
9.387109134629954379e-10
9.379244977823314567e-10
9.371383579792044498e-10
9.363531254989153733e-10
9.355685281996808670e-10
9.347845426642826941e-10
9.340017324101087265e-10
9.332194781164915151e-10
9.324378036395368542e-10
9.316569360983793880e-10
9.308766140116114105e-10
9.300971655837761099e-10
9.293186508962167302e-10
9.285407722873355445e-10
9.277634164848225166e-10
9.269866379417274591e-10
9.262106769382784156e-10
9.254353018589527818e-10
9.246609551659857884e-10
9.238871577342822668e-10
9.231137305234230378e-10
9.223411034514832575e-10
9.215690642743332927e-10
9.207977948632247189e-10
9.200274874222006666e-10
9.192575174734886986e-10
9.184881248174688681e-10
9.177193886041017828e-10
9.169512652005661446e-10
9.161841893863682490e-10
9.154177050129921549e-10
9.146516115261400376e-10
9.138866746985660891e-10
9.131220899069295156e-10
9.123582474920386354e-10
9.115956068292237950e-10
9.108333295689710655e-10
9.100717496091089578e-10
9.093109440177260288e-10
9.085506518957122940e-10
9.077912839414294264e-10
9.070328215367255635e-10
9.062749411921600963e-10
9.055175593306562839e-10
9.047608115637377740e-10
9.040047963929107738e-10
9.032494032216128596e-10
9.024949735233789884e-10
9.017410987783315451e-10
9.009875876343238580e-10
9.002348437334570037e-10
8.994826836764953528e-10
8.987312443147653603e-10
8.979807868870261593e-10
8.972306807905323157e-10
8.964810669334296075e-10
8.957321536755283830e-10
8.949838138010930860e-10
8.942364053408563327e-10
8.934897464006055648e-10
8.927434045639799989e-10
8.919980518808629428e-10
8.912531831963363143e-10
8.905089459469927753e-10
8.897658586620126976e-10
8.890232683243268645e-10
8.882812174902114059e-10
8.875399733837835989e-10
8.867992413704205238e-10
8.860592893092698397e-10
8.853202535973003056e-10
8.845818373061131308e-10
8.838440088937598712e-10
8.831066002910477538e-10
8.823700375261871275e-10
8.816339699374046462e-10
8.808988103873410749e-10
8.801643712723480380e-10
8.794302463048347001e-10
8.786966903840562515e-10
8.779638692320156466e-10
8.772315807930890733e-10
8.765002724003804124e-10
8.757695104154336318e-10
8.750390414469353195e-10
8.743094011771823068e-10
8.735801657836902552e-10
8.698897769386363311e-10
8.691649791561874535e-10
8.684404359451169490e-10
8.558537789318317745e-10
8.551411647516417355e-10
8.544288080151092810e-10
8.537172166210048838e-10
8.470729335853234531e-10
8.463679305120893463e-10
8.456636188805630868e-10
8.330769834094686758e-10
8.323841915125482702e-10
8.316922765910790656e-10
8.250520806406828388e-10
8.243667402103934640e-10
8.236818836667107021e-10
8.110840557995501179e-10
8.104108422781078455e-10
8.097381167260687023e-10
8.090663068237725292e-10
8.024360254554804350e-10
8.017703079216769150e-10
8.011052058758846753e-10
7.885074881347784279e-10
7.878539347725894142e-10
7.872013595090101869e-10
7.805751411982724146e-10
7.799284899330666218e-10
7.792826706643468256e-10
7.666741186058725363e-10
7.660395738698750787e-10
7.654061800232041626e-10
7.587840906868908435e-10
7.581565382526386407e-10
7.575298403701736429e-10
7.449107013110207637e-10
7.442952395512335246e-10
7.436808063293871175e-10
7.430666398384806019e-10
7.364545971884369761e-10
7.358467963352361745e-10
7.352393044925505872e-10
7.226210202248657688e-10
7.220254091382033910e-10
7.214302699947220943e-10
