8.752688692285517787e-07
9.046447853257289811e-07
9.280332285500986547e-07
9.459886665230236750e-07
9.590225978659939565e-07
9.676067668465861787e-07
9.721803019386918589e-07
9.731510116444486234e-07
9.708998156808791322e-07
9.657844334497178464e-07
9.581432012894786913e-07
9.482908606822839532e-07
9.365262236685897797e-07
9.231278978307508329e-07
9.083554618202147870e-07
8.924529879766932139e-07
8.756446981559735667e-07
8.581385858142518017e-07
8.401242430293651176e-07
8.217746709057368095e-07
8.032455696285650612e-07
7.846764068768653899e-07
7.661923761058253817e-07
7.479026028229789941e-07
7.299018663285155715e-07
7.122723918705740601e-07
6.950828578867324172e-07
6.783902284810461656e-07
6.622407979692890891e-07
6.466694041583785000e-07
6.317022857561024275e-07
6.173569540596386691e-07
6.036423154713119001e-07
5.905622532103057696e-07
5.781109209070888888e-07
5.662806091153748322e-07
5.550547514457229904e-07
5.444164572285920764e-07
5.343406022615613577e-07
5.248058097667382901e-07
5.157804719466508955e-07
5.072356073977324536e-07
4.991411562463357291e-07
4.914622356120411154e-07
4.841681343726659966e-07
4.772230055789307962e-07
4.705964410496975926e-07
4.642540584831477995e-07
4.581647760105534828e-07
4.522973144055777892e-07
4.466224240556239821e-07
4.411139806158291588e-07
4.357433286416032757e-07
4.304872218068372267e-07
4.253244322670454896e-07
4.202329038868688477e-07
4.151955048995838325e-07
4.101965646226566032e-07
4.052209634069996727e-07
4.002578079751532429e-07
3.952971968919715314e-07
3.903308369615532744e-07
3.853527507375979476e-07
3.803591975979756656e-07
3.753472011982711368e-07
3.703156139447284216e-07
3.652660001414018636e-07
3.601985808818430831e-07
3.551167587702565691e-07
3.500247347459362568e-07
3.449263885738259433e-07
3.398271219366206360e-07
3.347340468859749624e-07
3.296523397249580344e-07
3.245898632452467989e-07
3.195526524530756580e-07
3.145480230902799969e-07
3.095836555510718208e-07
3.046668510618569102e-07
2.998037330719983432e-07
2.950010480450076493e-07
2.902659951349402845e-07
2.856036439059697608e-07
2.810205197087732824e-07
2.765212670506209462e-07
2.721100858617512664e-07
2.677925644343617523e-07
2.635706033775025079e-07
2.594478233665827849e-07
2.554276482872401978e-07
2.515106230183355008e-07
2.476980153925269531e-07
2.439927580350420198e-07
2.403926669841927609e-07
2.368985546268566648e-07
2.335096718875138981e-07
2.302254173201915988e-07
2.270432571959810929e-07
2.239615411620468590e-07
2.209781607686088466e-07
2.180916772865906708e-07
2.152974332847755816e-07
2.125932935623944941e-07
2.099759771540009358e-07
2.074421768405910123e-07
2.049875875444138233e-07
2.026107310706691935e-07
2.003067631119741909e-07
1.980718909675701029e-07
1.959025150812917553e-07
1.937948128072535558e-07
1.917462491857780474e-07
1.897524905449885634e-07
1.878116002279979953e-07
1.859181722770056872e-07
1.840708272555400352e-07
1.822650071829236704e-07
1.804994793579992934e-07
1.787701383061604588e-07
1.770759668367788186e-07
1.754120590094833130e-07
1.737780288998000344e-07
1.721698869784948389e-07
1.705875662705423557e-07
1.690272788644772183e-07
1.674890292775645419e-07
1.659691623153257766e-07
1.644674479824720264e-07
1.629815638073010135e-07
1.615111457819242702e-07
1.600543197741066439e-07
1.586106269774315882e-07
1.571783828594724357e-07
1.557574967180295471e-07
1.543462087649113937e-07
1.529449939504729269e-07
1.515530212568846092e-07
1.501693045200699616e-07
1.487944487043049436e-07
1.474270796365469631e-07
1.460676715112859010e-07
1.447161866659852102e-07
1.433724670787607183e-07
1.420365190433347536e-07
1.407085254264650387e-07
1.393887023138699207e-07
1.380771817310710607e-07
1.367741443044984157e-07
1.354801404787918828e-07
1.341953460047835948e-07
1.329201065641609898e-07
1.316547184583982494e-07
1.303998885199532595e-07
1.291561577811205315e-07
1.279233552773819464e-07
1.267024766396972529e-07
1.254935112345958580e-07
1.242976223906397609e-07
1.231149569518355664e-07
1.219457318612168341e-07
1.207901657487582273e-07
1.196492125186342664e-07
1.185234082391405683e-07
1.174126192662128219e-07
1.163171493536161051e-07
1.152372453813785070e-07
1.141742355745551595e-07
1.131271946564568142e-07
1.120963728668274715e-07
1.110821841221832527e-07
1.100853967025892029e-07
1.091051610858642046e-07
1.081412607507750566e-07
1.071953061945629250e-07
1.062657216133207684e-07
1.053529324815090032e-07
1.044565319093327893e-07
1.035769085609544502e-07
1.027136148527377060e-07
1.018659437439504128e-07
1.010344789743397924e-07
1.002186723450834663e-07
9.941758748650551755e-08
9.863137096354435116e-08
9.785989052621707656e-08
9.710197131358053617e-08
9.635756634254682960e-08
9.562691668112296237e-08
9.490865391519888151e-08
9.420253928415129252e-08
9.350886074159148229e-08
9.282619476095656166e-08
9.215419338054387618e-08
9.149292893032351111e-08
9.084148850413187750e-08
9.019923790148390308e-08
8.956638774884810117e-08
8.894219573248284115e-08
8.832578425553011050e-08
8.771748134703306625e-08
8.711654541935840448e-08
8.652216705412280708e-08
8.593451198954648665e-08
8.535296614593233438e-08
8.477725953706721433e-08
8.420688507430190282e-08
8.364207297070409720e-08
8.308207188514062394e-08
8.252650717450550951e-08
8.197558920591019924e-08
8.142886884059235197e-08
8.088594298288783558e-08
8.034695665536721599e-08
7.981169264717246081e-08
7.927994078647725152e-08
7.875145274816007515e-08
7.822655113048831281e-08
7.770471042399772087e-08
7.718615314846494348e-08
7.667064552604692151e-08
7.615835749634612410e-08
7.564910646156200931e-08
7.514276143588752864e-08
7.463973881814964110e-08
7.413956354482517446e-08
7.364285500993556066e-08
7.314913734349111298e-08
7.265898285202542881e-08
7.217203087375018849e-08
7.168845495337902457e-08
7.120843399423920731e-08
7.073175917510861701e-08
7.025911629541642979e-08
6.978981828329003004e-08
6.932469132809169839e-08
6.886303930007229582e-08
6.840578805502884122e-08
6.795221897081935656e-08
6.750319502626960021e-08
6.705801565652190209e-08
6.661724865043032011e-08
6.618059488271134987e-08
6.574841682212529604e-08
6.532060561438619261e-08
6.489712062208705654e-08
6.447810122498578042e-08
6.406348932467542777e-08
6.365346322595043892e-08
6.324771583635491585e-08
6.284663123802685110e-08
6.244985863474626223e-08
6.205764164209547661e-08
6.166961513641093916e-08
6.128618579436527876e-08
6.090693766722865828e-08
6.053206898508883314e-08
6.016124503593680930e-08
5.979484335955173505e-08
5.943245993632674678e-08
5.907421084712999627e-08
5.871981899263601228e-08
5.836953403226391136e-08
5.802308260642026426e-08
5.768040768423644911e-08
5.734129808255640314e-08
5.700587781999583910e-08
5.667407038447305665e-08
5.634564143393312117e-08
5.602047399332854376e-08
5.569870885099063018e-08
5.538029072372332352e-08
5.506487378938154854e-08
5.475248006815298595e-08
5.444305889331861779e-08
5.413680058177966909e-08
5.383317620915656144e-08
5.353230477196357049e-08
5.323395557205565962e-08
5.293832732581116589e-08
5.264523577495617883e-08
5.235457504526835385e-08
5.206617894566573353e-08
5.178019550851752399e-08
5.149665968258013899e-08
5.121515810442416371e-08
5.093588661238443618e-08
5.065862002921347334e-08
5.038356059943922972e-08
5.011050815612206205e-08
4.983936940687906800e-08
4.957010871983293210e-08
4.930273465323602034e-08
4.903744186065747478e-08
4.877374998140851048e-08
4.851199885961708803e-08
4.825190516656700451e-08
4.799356567936494235e-08
4.773711727204764001e-08
4.748219170736132959e-08
4.722913763490165819e-08
4.697762837664133885e-08
4.672793338644226017e-08
4.647982240046496775e-08
4.623332063366585464e-08
4.598849440373022064e-08
4.574524374848973474e-08
4.550381585090311916e-08
4.526382432744101812e-08
4.502553918148812902e-08
4.478880942034804125e-08
4.455362894749539286e-08
4.432031540589460197e-08
4.408838729382727072e-08
4.385821998591960459e-08
4.362955041803410887e-08
4.340241677229563777e-08
4.317714464391086946e-08
4.295324966340342145e-08
4.273111363793672347e-08
4.251045511061514855e-08
4.229133548504898577e-08
4.207404027216038419e-08
4.185813334797025627e-08
4.164394643382093535e-08
4.143122382497427420e-08
4.122006463130498638e-08
4.101066921257559661e-08
4.080266387729566753e-08
4.059629288474344513e-08
4.039138362940464688e-08
4.018802629214198507e-08
3.998634280126386078e-08
3.978604174043600106e-08
3.958727451344246469e-08
3.938996520169558079e-08
3.919413299182081774e-08
3.899988938027596396e-08
3.880703467542007745e-08
3.861556775453524619e-08
3.842560349504567826e-08
3.823699524243197520e-08
3.804981415906812238e-08
3.786409719471555201e-08
3.767963490625682889e-08
3.749660901880979526e-08
3.731479015365835389e-08
3.713430654911337270e-08
3.695528579470442031e-08
3.677740537991729142e-08
3.660079369652257909e-08
3.642542512492530612e-08
3.625126738196308921e-08
3.607838341006567003e-08
3.590672501249579420e-08
3.573615275229140418e-08
3.556683965014256239e-08
3.539855676296529347e-08
3.523141959033646022e-08
3.506556533922958967e-08
3.490069747323677361e-08
3.473687954495712230e-08
3.457420394735894838e-08
3.441251781261189739e-08
3.425185886656906965e-08
3.409238005805643943e-08
3.393377504876265021e-08
3.377622574449837128e-08
3.361959471406254766e-08
3.346397743521762866e-08
3.330938643787931483e-08
3.315576489451595341e-08
3.300300796166207486e-08
3.285128518178553493e-08
3.270037509758395808e-08
3.255040367272486572e-08
3.240147604771482138e-08
3.225339098076476181e-08
3.210611457331051120e-08
3.195985170099839081e-08
3.181434199010986400e-08
3.166969872518222990e-08
3.152604763674510566e-08
3.138317865882537066e-08
3.124108917768262433e-08
3.109997701572773076e-08
3.095958194904232556e-08
3.082001573294714054e-08
3.068139916781039561e-08
3.054353409077527928e-08
3.040642267626584748e-08
3.027024677946913731e-08
3.013475582794419572e-08
3.000006992197943767e-08
2.986629421591356073e-08
2.973325975369155309e-08
2.960094391278313849e-08
2.946950173053982270e-08
2.933872520745998191e-08
2.920874929833930408e-08
2.907958974753970388e-08
2.895120001701608114e-08
2.882349245026357455e-08
2.869659308902204584e-08
2.857038658404347213e-08
2.844493859495856037e-08
2.832020990470727366e-08
2.819632885411622569e-08
2.807306240695741218e-08
2.795051364128365503e-08
2.782875570210784856e-08
2.770765037080721139e-08
2.758721779479743173e-08
2.746761832594173788e-08
2.734865146819993007e-08
2.723032242467084691e-08
2.711276939028918939e-08
2.699579132942857849e-08
2.687953625209280837e-08
2.676396394003515854e-08
2.664911578733433929e-08
2.653483977150209357e-08
2.642121656359467451e-08
2.630830220070154853e-08
2.619598363041455085e-08
2.608427072329396103e-08
2.597331077861205099e-08
2.586292634343048879e-08
2.575312146873200679e-08
2.564399972474755261e-08
2.553542159572727340e-08
2.542748708335234968e-08
2.532011685797020559e-08
2.521348395005844206e-08
2.510733153985405744e-08
2.500174405699466551e-08
2.489683786127005125e-08
2.479239028337609325e-08
2.468856203725813675e-08
2.458531262567631008e-08
2.448269373874778842e-08
2.438054300298237156e-08
2.427893479604074065e-08
2.417796277334146893e-08
2.407744050202584565e-08
2.397746864400498360e-08
2.387809941500160107e-08
2.377928335503962853e-08
2.368092677544760380e-08
2.358307826590396285e-08
2.348583277342402924e-08
2.338901550723601570e-08
2.329271117083920280e-08
2.319698219972499568e-08
2.310177776543657837e-08
2.300700338658837139e-08
2.291270921241215417e-08
2.281899425184009607e-08
2.272567136030664539e-08
2.263285337131864830e-08
2.254055066378603661e-08
2.244877528481795770e-08
2.235739371958880262e-08
2.226647423227321388e-08
2.217611110532939915e-08
2.208610503452824634e-08
2.199661480830259180e-08
2.190756146124488187e-08
2.181906609842288546e-08
2.173093741242198408e-08
2.164323995612706927e-08
2.155605355350668426e-08
2.146924910234581824e-08
2.138291466130893248e-08
2.129696954396399502e-08
2.121157015538716536e-08
2.112655076920181943e-08
2.104193037758347661e-08
2.095774624036229118e-08
2.087402523723339479e-08
2.079066845769166636e-08
2.070772486597248872e-08
2.062525184211519804e-08
2.054322209126151549e-08
2.046153260989814719e-08
2.038023842974296744e-08
2.029943257386247990e-08
2.021894021002681676e-08
2.013889506799218054e-08
2.005920295196158156e-08
1.998000667035603529e-08
1.990115274425395237e-08
1.982266425879547554e-08
1.974456027392079482e-08
1.966689665464106987e-08
1.958954386920004958e-08
1.951259108099437179e-08
1.943601949325669202e-08
1.935990213863831072e-08
1.928408377627503008e-08
1.920861492153737587e-08
1.913356097700013404e-08
1.905885120832089865e-08
1.898449397588666781e-08
1.891047133234807405e-08
1.883686948965459596e-08
1.876364896525805933e-08
1.869071687951648596e-08
1.861813064349503626e-08
1.854595340178520248e-08
1.847406755592132085e-08
1.840255284239592383e-08
1.833133567360790256e-08
1.826053375530813376e-08
1.819007953344511573e-08
1.811990683411826166e-08
1.805005620342351945e-08
1.798060219950488237e-08
1.791142011520542654e-08
1.784258757888752240e-08
1.777403809152307768e-08
1.770587998551842129e-08
1.763805864781013050e-08
1.757049828405155696e-08
1.750324755345454774e-08
1.743636779606100186e-08
1.736975842515930890e-08
1.730346715767268452e-08
1.723745329438775292e-08
1.717180452141623419e-08
1.710649133255373988e-08
1.704142244332960233e-08
1.697664716411205489e-08
1.691220731567337960e-08
1.684806057586077118e-08
1.678418105452124242e-08
1.672060357609430230e-08
1.665732071614705808e-08
1.659440400637860408e-08
1.653172328608252229e-08
1.646931093737575722e-08
1.640717897945578175e-08
1.634539472223123355e-08
1.628380708698687582e-08
1.622255294252067064e-08
1.616153479204392872e-08
1.610086801931112431e-08
1.604046212998608478e-08
1.598029048834879690e-08
1.592038277776679056e-08
1.586080327159175974e-08
1.580145058132860960e-08
1.574236594297128715e-08
1.568352984900616552e-08
1.562498774006778217e-08
1.556676198628110359e-08
1.550874567705891675e-08
1.545097703861694324e-08
1.539346161376351694e-08
1.533626710148743941e-08
1.527924786476075460e-08
1.522253492883775520e-08
1.516602995629395812e-08
1.510983730435374643e-08
1.505390618658448394e-08
1.499817574897156168e-08
1.494268571485689265e-08
1.488746552760592943e-08
1.483250483400328287e-08
1.477773346510755916e-08
1.472323974028411689e-08
1.466895764864394435e-08
1.461498157149036780e-08
1.456122595448055007e-08
1.450767137562747174e-08
1.445434630108778830e-08
1.440129384841847492e-08
1.434845866226261207e-08
1.429582703397693720e-08
1.424344374664871470e-08
1.419127487038258585e-08
1.413939845499620287e-08
1.408772194423979714e-08
1.403624221875688969e-08
1.398498101104186332e-08
1.393398172098212778e-08
1.388318638476285749e-08
1.383258413681661160e-08
1.378222269996145548e-08
1.373206080807190106e-08
1.368217829410897547e-08
1.363249298592573618e-08
1.358298926068013154e-08
1.353369405117077808e-08
1.348463614674585026e-08
1.343579583519348419e-08
1.338711656722706788e-08
1.333868592715522645e-08
1.329042884757584674e-08
1.324243025719740544e-08
1.319464425139326658e-08
1.314702054470004632e-08
1.309959144883273845e-08
1.305237276191885426e-08
1.300540027827623521e-08
1.295856057139029687e-08
1.291196135198507316e-08
1.286551571597620143e-08
1.281931141841151893e-08
1.277333456264624117e-08
1.272751185172714216e-08
1.268187403308622713e-08
1.263641631334581321e-08
1.259120428854635166e-08
1.254614264796939265e-08
1.250126452209360755e-08
1.245658152661885334e-08
1.241207620406956653e-08
1.236781339632630433e-08
1.232372247060679463e-08
1.227978385033202818e-08
1.223602408792051666e-08
1.219245638774796702e-08
1.214910964836557830e-08
1.210588154945560313e-08
1.206287082539464703e-08
1.201999885779139276e-08
1.197733806821960396e-08
1.193489637722311272e-08
1.189259210788699015e-08
1.185045194739359148e-08
1.180847687663195123e-08
1.176671147732147644e-08
1.172510948539021122e-08
1.168364120817561201e-08
1.164238561205910860e-08
1.160126268370335591e-08
1.156035097684690529e-08
1.151962754009671857e-08
1.147903581491499578e-08
1.143860463896496520e-08
1.139832716098321628e-08
1.135826430902971507e-08
1.131833731128463861e-08
1.127855034436785729e-08
1.123895669936697193e-08
1.119949623167602219e-08
1.116023758562584590e-08
1.112115508848922981e-08
1.108219612016982238e-08
1.104338971176143480e-08
1.100472974734077711e-08
1.096627549509875688e-08
1.092795074547981728e-08
1.088975599067626850e-08
1.085174814790543322e-08
1.081386422618343265e-08
1.077617001518908375e-08
1.073864785622834128e-08
1.070124316418755694e-08
1.066398471481368691e-08
1.062686552004688918e-08
1.058993375847278993e-08
1.055314030761603089e-08
1.051645791640357393e-08
1.047996663466195419e-08
1.044357841266428112e-08
1.040737055250866011e-08
1.037134211616445306e-08
1.033542730324672042e-08
1.029964234087405600e-08
1.026399632752960702e-08
1.022850177564264296e-08
1.019318273758359239e-08
1.015795279264693400e-08
1.012288723740361953e-08
1.008794516335479025e-08
1.005314409474387968e-08
1.001852695936361753e-08
9.984039662235785157e-09
9.949661828741582664e-09
9.915415211495876350e-09
9.881297514145683296e-09
9.847359654042704719e-09
9.813528046338745087e-09
9.779809220639063818e-09
9.746255708349596343e-09
9.712801394109587542e-09
9.679509690157022734e-09
9.646377738459552920e-09
9.613348128075201423e-09
9.580436379828010187e-09
9.547650632685699445e-09
9.515000086828235198e-09
9.482513784743274127e-09
9.450106732296575013e-09
9.417840895931129272e-09
9.385700773477652461e-09
9.353677753749744972e-09
9.321816251459198731e-09
9.290087724386524207e-09
9.258453746673156473e-09
9.226940379878894165e-09
9.195543107931513975e-09
9.164287307766818119e-09
9.133169871211470370e-09
9.102130816699027625e-09
9.071236586511322862e-09
9.040447931964669992e-09
9.009778017115972914e-09
8.979266565410696056e-09
8.948874730698810983e-09
8.918572115166392506e-09
8.888384309100156366e-09
8.858305795090079733e-09
8.828367988886483918e-09
8.798555941465148593e-09
8.768819444170772352e-09
8.739221631116766993e-09
8.709723761333079505e-09
8.680338112063803106e-09
8.651102745667540300e-09
8.621983618650931736e-09
8.592947745709675855e-09
8.564022273380874876e-09
8.535202327801090364e-09
8.506506762266183984e-09
8.477944898046633351e-09
8.449449980320448042e-09
8.421080160819866194e-09
8.392817797743415821e-09
8.364655041927847994e-09
8.336629278524860777e-09
8.308722513504209259e-09
8.280900717285220646e-09
8.253176866225270613e-09
8.225555094891867687e-09
8.198040445391802131e-09
8.170666915906296594e-09
8.143364667985413003e-09
8.116155610114109057e-09
8.089076903810617795e-09
8.062068992888091497e-09
8.035185850037429263e-09
8.008441112517758584e-09
7.981778262679333358e-09
7.955199277210841366e-09
7.928717505894532395e-09
7.902327250401201932e-09
7.876072641755768451e-09
7.849911148281848044e-09
7.823817548634620961e-09
7.797845599741784152e-09
7.771958999277833485e-09
7.746168017674504761e-09
7.720503858234333140e-09
7.694944438476087051e-09
7.669459902742656363e-09
7.644064691256660825e-09
7.618762502404025744e-09
7.593556293669710070e-09
7.568478251519282391e-09
7.543468305216669627e-09
7.518533818606448146e-09
7.493727738103557126e-09
7.468981054645540942e-09
7.444342768983170131e-09
7.419827985273628480e-09
7.395401540128376938e-09
7.371042936848393146e-09
7.346773864397833200e-09
7.322592468127760314e-09
7.298505437764525588e-09
7.274539256704461980e-09
7.250631004771668004e-09
7.226802599966677759e-09
7.203090147009794856e-09
7.179434081730791751e-09
7.155884243971500267e-09
7.132454605144521537e-09
7.109103922141688764e-09
7.085817483419330337e-09
7.062616671261026930e-09
7.039498584874328666e-09
7.016470905331904635e-09
6.993558644851541401e-09
6.970700861705292012e-09
6.947918063663370113e-09
6.925247681519931814e-09
6.902629956951166949e-09
6.880112496405708028e-09
6.857706513192710218e-09
6.835380554460019925e-09
6.813114148003754624e-09
6.790930056906042689e-09
6.768824193341852328e-09
6.746801304628470411e-09
6.724890256482495765e-09
6.703037437531714782e-09
6.681245878646275615e-09
6.659565645335569315e-09
6.637941392434061796e-09
6.616399843755133353e-09
6.594964594359060797e-09
6.573613224030221931e-09
6.552325774473087349e-09
6.531107424790439382e-09
6.509966493557255780e-09
6.488894461361086335e-09
6.467929798595554394e-09
6.447039143769286684e-09
6.426197580014897907e-09
6.405443627322771630e-09
6.384770419258377860e-09
6.364155710682805119e-09
6.343631842297284740e-09
6.323213426949059601e-09
6.302857341431249550e-09
6.282556238305938310e-09
6.262328820286207326e-09
6.242172499909719165e-09
6.222091195183345012e-09
6.202113471810911928e-09
6.182185326107236969e-09
6.154728370781244255e-09
6.134983494247318378e-09
6.115290158932654293e-09
6.095670526374906594e-09
6.076142404048635517e-09
6.026234887823253797e-09
6.006958306429172371e-09
5.987742969338828787e-09
5.968594592738504190e-09
5.934162145331060895e-09
5.915215892358855095e-09
5.896361026843959305e-09
5.877546286512012675e-09
5.827854609915768976e-09
5.809306886563152725e-09
5.790801565733247370e-09
5.772371254139491763e-09
5.754033189625911472e-09
5.720228376775188018e-09
5.702065485029365724e-09
5.683961543389782965e-09
5.665921806044097861e-09
5.616640630332236129e-09
5.598850750586677630e-09
5.581144153612274679e-09
5.563475749685991686e-09
5.545864928319291373e-09
5.512625143134408281e-09
5.495194592436743286e-09
5.477833995970445406e-09
5.460560427963289492e-09
5.411688191986795141e-09
5.394638888406604998e-09
5.377644758497469596e-09
5.360710782694172698e-09
5.327885825534223231e-09
5.311128700147265488e-09
5.294456473844587140e-09
5.277823976953516785e-09
5.261239890109660623e-09
5.212713856196298993e-09
5.196362284955024306e-09
5.180073288952359474e-09
5.163858278799009625e-09
5.131588745017533491e-09
5.115544393213054681e-09
5.099545851943968070e-09
5.083606701288395602e-09
5.035234900870567583e-09
5.019516100060055018e-09
5.003880074999085051e-09
4.988290876313122150e-09
4.972742142379662090e-09
4.940948690932357185e-09
4.925572784795165554e-09
4.910237154605727707e-09
4.894974554556418841e-09
4.846942729188851570e-09
4.831910240471512336e-09
4.816920276634521333e-09
4.801983239135995328e-09
4.770561368880081635e-09
4.755778296364542207e-09
4.741054450750127966e-09
4.726404565049893986e-09
4.711787853901378807e-09
4.664013175620206049e-09
4.649616790604128763e-09
4.635257174314345344e-09
4.620952310327071355e-09
4.589994683127769609e-09
4.575876310103695386e-09
4.561791944500566235e-09
4.547745093416395292e-09
4.500085851739628490e-09
4.486259180914722628e-09
4.472466080350023415e-09
4.458743694521839841e-09
4.445077317308901645e-09
4.414547677771094245e-09
4.401009038372127320e-09
4.387530494533462978e-09
4.374083535467737948e-09
4.326673285322126427e-09
4.313457947379538845e-09
4.300296401646886633e-09
4.287168492627091595e-09
4.256952099690636224e-09
4.243968287276880695e-09
4.231027887151604313e-09
4.218120674366905858e-09
4.170798002877921714e-09
4.158124142289222289e-09
4.145476228555980875e-09
4.132866486768682109e-09
4.120313996574748321e-09
4.090491372413701145e-09
4.078074270805887699e-09
4.065712028808462210e-09
4.053404853897865275e-09
4.006297731519733165e-09
3.994168958534738044e-09
3.982085426294561685e-09
3.970044921918228604e-09
3.940502241894704177e-09
3.928606105830867420e-09
3.916762952450990890e-09
3.904944270447535479e-09
3.893157165317337825e-09
3.846245410583392758e-09
3.834658053946721346e-09
3.823107798870306375e-09
3.811608113195538800e-09
3.782466783150077269e-09
3.771111129213541992e-09
3.759784367367256830e-09
3.748497673654183879e-09
3.701612875577860194e-09
3.690514692080365355e-09
3.679450444219047993e-09
3.668450578467428901e-09
3.639546007566878958e-09
3.628657039906856781e-09
3.617806711649080055e-09
3.606999289052903836e-09
3.596215529676731982e-09
3.549499409448008991e-09
3.538930853096423405e-09
3.528399800102200516e-09
3.517894869837825988e-09
3.489313975971947813e-09
3.478935506249101990e-09
3.468590462136635951e-09
3.458268814362828653e-09
3.411562053473976579e-09
3.401454555570889659e-09
3.391368247931827513e-09
3.381307593833725297e-09
3.352955092328629453e-09
3.343026019455422580e-09
3.333122520584017038e-09
3.323262417597200365e-09
3.313453233501588797e-09
3.266896495618646476e-09
3.257255958044441401e-09
3.247642645214716091e-09
3.238065151790453810e-09
3.210017157670021442e-09
3.200551972074275289e-09
3.191136308580788135e-09
3.181756791298168932e-09
3.135168692363651019e-09
3.125950122188573968e-09
3.116770184343797701e-09
3.107617079350266056e-09
3.079763412493514671e-09
3.070735261383441030e-09
3.061755911036512482e-09
3.052795871491348381e-09
3.043859515877396145e-09
2.997385420265191617e-09
2.988625066190045811e-09
2.979891716624692349e-09
2.971179078739189915e-09
2.943618402132180991e-09
2.935046790415167826e-09
2.926492132124609753e-09
2.917956081574774905e-09
2.871442162464847542e-09
2.863086494534454153e-09
2.854752909969879694e-09
2.846453879020942973e-09
2.819081330553485241e-09
2.810910246778545355e-09
2.802759646778757938e-09
2.794626157666391300e-09
2.748062755144597467e-09
2.740106649687052065e-09
2.732168645056635969e-09
2.724262894143649310e-09
2.716399268293460328e-09
2.689271733127679718e-09
2.681499547451732972e-09
2.673756726588515858e-09
2.666042720986812974e-09
2.619553129227226987e-09
2.612002635073703787e-09
2.604485721902907006e-09
2.597010266597630026e-09
2.570038596592325570e-09
2.562653845754049680e-09
2.555291248544503084e-09
2.547952942071873962e-09
2.501396691403289581e-09
2.494216435262844122e-09
2.487076898904966210e-09
2.479964924318742427e-09
2.453135142095534625e-09
2.446111767969507931e-09
2.439117273036002024e-09
2.432145179885000136e-09
2.425186554316393990e-09
2.378694116014421641e-09
2.371922104075174835e-09
2.365172698108747115e-09
2.358438070280444275e-09
2.331826255728024163e-09
2.325192515993278942e-09
2.318578772536353484e-09
2.311980197382234103e-09
2.265395838594834102e-09
2.258974178739132847e-09
2.252574134599724120e-09
2.246183358736233737e-09
2.219697218811696030e-09
2.213411455564743583e-09
2.207143369672923490e-09
2.200890038775238758e-09
2.154215135885706507e-09
2.148140751698221049e-09
2.142084862014112670e-09
2.136043519960723359e-09
2.130014123640631069e-09
2.103736710743832696e-09
2.097810160299598724e-09
2.091897885558947624e-09
2.086001015151578475e-09
2.039372123645431378e-09
2.033648337092934898e-09
2.027933599362040629e-09
2.022233713756604913e-09
1.996065738568884236e-09
1.990468008122243430e-09
1.984882362341495241e-09
1.979318435427883060e-09
1.932579060236836605e-09
1.927182784658994644e-09
1.921799193854440417e-09
1.916428197920746714e-09
1.890364786051472486e-09
1.885089058531074989e-09
1.879828093040689960e-09
1.874579535200044997e-09
1.827718938368617030e-09
1.822636817882074274e-09
1.817565971523053332e-09
1.812505166366604166e-09
1.786536730170009425e-09
1.781574455152983926e-09
1.776621639823912974e-09
1.771688732439517173e-09
1.766773914701923664e-09
1.719935107959160234e-09
1.715174229651264797e-09
1.710429176240662560e-09
1.705693394491887204e-09
1.679892178047161268e-09
1.675251038264674399e-09
1.670619527236539440e-09
1.666005072180310864e-09
1.619028916956004803e-09
1.614568752819189884e-09
1.610115683001716027e-09
1.605677277646771518e-09
1.579957854988043363e-09
1.575610540917271363e-09
1.571274537839855522e-09
1.566958169701412460e-09
1.519847006862158586e-09
1.515682191118363819e-09
1.511527612776848371e-09
1.507385865236412549e-09
1.481742240777304459e-09
1.477684239671789701e-09
1.473642030013138147e-09
1.469607755681683971e-09
1.422352621173485197e-09
1.418470377416861772e-09
1.414599417126010755e-09
1.410734714766843801e-09
1.385159029504876592e-09
1.381383945924344077e-09
1.377618644802028080e-09
1.373866538831865492e-09
1.326464673955286840e-09
1.322865068591339089e-09
1.319273479654544486e-09
1.315692641034040706e-09
1.312123039523314539e-09
1.286684093461441258e-09
1.283194318034414968e-09
1.279719469681659871e-09
1.276252050767812045e-09
1.228830466597588189e-09
1.225507483765826162e-09
1.222195185524205586e-09
1.218888722437486820e-09
1.193504697557077688e-09
1.190282967000191814e-09
1.187071677620495807e-09
1.183870737149933644e-09
1.136292545030742660e-09
1.133237098040772275e-09
1.130191056484861007e-09
1.127152466780735088e-09
1.101824193787627225e-09
1.098864286725429718e-09
1.095913391720945540e-09
1.092976301016326568e-09
1.045232040867337447e-09
1.042433469991884570e-09
1.039641936345006405e-09
1.036858934720542600e-09
1.011570274743493916e-09
1.008863384155740643e-09
1.006167307617874996e-09
1.003480892645907348e-09
9.555677075262352872e-10
9.530227357526493298e-10
9.504851366468653482e-10
9.479565963105358821e-10
9.227120788150423409e-10
9.202599914868681541e-10
9.178119356968783603e-10
9.153735485963718062e-10
8.672933516548022605e-10
8.649949894276853421e-10
8.626986161445131122e-10
8.604120523349536059e-10
8.352014937145932899e-10
8.329900082541535071e-10
8.307807692574960229e-10
8.285819024425659480e-10
7.803259302799732350e-10
7.782656667113892954e-10
7.762095136408012825e-10
7.741632707707190534e-10
7.489858384185941332e-10
7.470148375562483639e-10
7.450466131612403052e-10
7.430881975664060074e-10
6.946538269548770317e-10
6.928282319513362801e-10
6.910097387829603295e-10
6.891955939590021742e-10
6.640420959581149698e-10
6.623000008709121813e-10
6.605616855742352967e-10
6.588303668321797877e-10
6.571007823492798928e-10
6.086141688761691512e-10
6.070224684729069023e-10
6.054340940737630507e-10
6.038501723017155339e-10
5.787893610044072297e-10
5.772796008213095665e-10
5.757761179569120029e-10
5.742753696444314078e-10
5.256069122041885866e-10
5.242387234648746352e-10
5.228734709269671575e-10
5.215147364102795524e-10
4.964699455844353690e-10
4.951783351902326883e-10
4.938921620339188844e-10
4.926097885767517074e-10
4.437496933167988426e-10
4.425970180598185219e-10
4.414478196651796928e-10
4.403048097236455152e-10
4.152715521776456915e-10
4.141956268248084883e-10
4.131258241585892568e-10
4.120601189159572033e-10
3.630115803080194447e-10
3.620762890991630081e-10
3.611440263354788046e-10
3.602131081172794769e-10
3.351899247076515563e-10
3.343272980873018841e-10
3.334680643681777871e-10
3.326088306490475897e-10
2.833637823304211375e-10
2.826357635693620990e-10
2.819091476342345996e-10
2.811825316991100987e-10
2.561626898144104096e-10
2.555053781503169015e-10
2.548501180187248692e-10
2.541948578871327851e-10
2.047529242061204050e-10
2.042311684063889277e-10
2.037105665759641195e-10
2.031899647455347617e-10
1.781762416072174100e-10
1.777223058899125562e-10
1.772686391997415983e-10
1.768149725095721656e-10
1.271759125451544549e-10
1.268516809186244669e-10
1.265274492920921784e-10
1.262032176655606654e-10
1.011870431706134790e-10
1.009275839343906659e-10
1.006681246981663277e-10
1.004086654619427520e-10
5.365646131465313751e-11
5.351857846880907724e-11
5.338069562296501697e-11
1.583041166451596511e-11
1.578980104123320163e-11
1.574919041795044139e-11
1.570857979466748727e-11
0.000000000000000000e+00
0.000000000000000000e+00
0.000000000000000000e+00
0.000000000000000000e+00
0.000000000000000000e+00
0.000000000000000000e+00
0.000000000000000000e+00
0.000000000000000000e+00
0.000000000000000000e+00
0.000000000000000000e+00
0.000000000000000000e+00
0.000000000000000000e+00
0.000000000000000000e+00
0.000000000000000000e+00
0.000000000000000000e+00
0.000000000000000000e+00
0.000000000000000000e+00
0.000000000000000000e+00
0.000000000000000000e+00
0.000000000000000000e+00
0.000000000000000000e+00
0.000000000000000000e+00
0.000000000000000000e+00
0.000000000000000000e+00
0.000000000000000000e+00
0.000000000000000000e+00
0.000000000000000000e+00
0.000000000000000000e+00
0.000000000000000000e+00
0.000000000000000000e+00
0.000000000000000000e+00
0.000000000000000000e+00
0.000000000000000000e+00
0.000000000000000000e+00
0.000000000000000000e+00
0.000000000000000000e+00
0.000000000000000000e+00
0.000000000000000000e+00
0.000000000000000000e+00
0.000000000000000000e+00
0.000000000000000000e+00
0.000000000000000000e+00
0.000000000000000000e+00
0.000000000000000000e+00
0.000000000000000000e+00
0.000000000000000000e+00
0.000000000000000000e+00
0.000000000000000000e+00
0.000000000000000000e+00
0.000000000000000000e+00
0.000000000000000000e+00
0.000000000000000000e+00
0.000000000000000000e+00
0.000000000000000000e+00
0.000000000000000000e+00
0.000000000000000000e+00
0.000000000000000000e+00
0.000000000000000000e+00
0.000000000000000000e+00
0.000000000000000000e+00
0.000000000000000000e+00
0.000000000000000000e+00
0.000000000000000000e+00
0.000000000000000000e+00
0.000000000000000000e+00
0.000000000000000000e+00
0.000000000000000000e+00
0.000000000000000000e+00
0.000000000000000000e+00
0.000000000000000000e+00
0.000000000000000000e+00
0.000000000000000000e+00
0.000000000000000000e+00
0.000000000000000000e+00
0.000000000000000000e+00
0.000000000000000000e+00
0.000000000000000000e+00
0.000000000000000000e+00
0.000000000000000000e+00
0.000000000000000000e+00
0.000000000000000000e+00
0.000000000000000000e+00
0.000000000000000000e+00
0.000000000000000000e+00
0.000000000000000000e+00
0.000000000000000000e+00
0.000000000000000000e+00
0.000000000000000000e+00
0.000000000000000000e+00
0.000000000000000000e+00
0.000000000000000000e+00
0.000000000000000000e+00
0.000000000000000000e+00
0.000000000000000000e+00
0.000000000000000000e+00
0.000000000000000000e+00
0.000000000000000000e+00
0.000000000000000000e+00
0.000000000000000000e+00
0.000000000000000000e+00
0.000000000000000000e+00
0.000000000000000000e+00
0.000000000000000000e+00
0.000000000000000000e+00
0.000000000000000000e+00
0.000000000000000000e+00
0.000000000000000000e+00
0.000000000000000000e+00
0.000000000000000000e+00
0.000000000000000000e+00
0.000000000000000000e+00
0.000000000000000000e+00
0.000000000000000000e+00
0.000000000000000000e+00
0.000000000000000000e+00
0.000000000000000000e+00
0.000000000000000000e+00
0.000000000000000000e+00
0.000000000000000000e+00
0.000000000000000000e+00
0.000000000000000000e+00
0.000000000000000000e+00
0.000000000000000000e+00
0.000000000000000000e+00
0.000000000000000000e+00
0.000000000000000000e+00
0.000000000000000000e+00
0.000000000000000000e+00
0.000000000000000000e+00
0.000000000000000000e+00
0.000000000000000000e+00
0.000000000000000000e+00
0.000000000000000000e+00
0.000000000000000000e+00
0.000000000000000000e+00
0.000000000000000000e+00
0.000000000000000000e+00
0.000000000000000000e+00
0.000000000000000000e+00
0.000000000000000000e+00
0.000000000000000000e+00
0.000000000000000000e+00
0.000000000000000000e+00
0.000000000000000000e+00
0.000000000000000000e+00
0.000000000000000000e+00
0.000000000000000000e+00
0.000000000000000000e+00
0.000000000000000000e+00
0.000000000000000000e+00
0.000000000000000000e+00
0.000000000000000000e+00
0.000000000000000000e+00
0.000000000000000000e+00
0.000000000000000000e+00
0.000000000000000000e+00
0.000000000000000000e+00
0.000000000000000000e+00
0.000000000000000000e+00
0.000000000000000000e+00
0.000000000000000000e+00
0.000000000000000000e+00
0.000000000000000000e+00
0.000000000000000000e+00
0.000000000000000000e+00
0.000000000000000000e+00
0.000000000000000000e+00
0.000000000000000000e+00
0.000000000000000000e+00
0.000000000000000000e+00
0.000000000000000000e+00
0.000000000000000000e+00
0.000000000000000000e+00
0.000000000000000000e+00
0.000000000000000000e+00
0.000000000000000000e+00
0.000000000000000000e+00
0.000000000000000000e+00
0.000000000000000000e+00
0.000000000000000000e+00
0.000000000000000000e+00
0.000000000000000000e+00
0.000000000000000000e+00
0.000000000000000000e+00
0.000000000000000000e+00
0.000000000000000000e+00
0.000000000000000000e+00
0.000000000000000000e+00
0.000000000000000000e+00
0.000000000000000000e+00
0.000000000000000000e+00
0.000000000000000000e+00
0.000000000000000000e+00
0.000000000000000000e+00
0.000000000000000000e+00
0.000000000000000000e+00
0.000000000000000000e+00
0.000000000000000000e+00
0.000000000000000000e+00
0.000000000000000000e+00
0.000000000000000000e+00
0.000000000000000000e+00
0.000000000000000000e+00
0.000000000000000000e+00
0.000000000000000000e+00
0.000000000000000000e+00
0.000000000000000000e+00
0.000000000000000000e+00
0.000000000000000000e+00
0.000000000000000000e+00
0.000000000000000000e+00
0.000000000000000000e+00
0.000000000000000000e+00
0.000000000000000000e+00
0.000000000000000000e+00
0.000000000000000000e+00
0.000000000000000000e+00
0.000000000000000000e+00
0.000000000000000000e+00
0.000000000000000000e+00
0.000000000000000000e+00
0.000000000000000000e+00
0.000000000000000000e+00
0.000000000000000000e+00
0.000000000000000000e+00
0.000000000000000000e+00
0.000000000000000000e+00
0.000000000000000000e+00
0.000000000000000000e+00
0.000000000000000000e+00
0.000000000000000000e+00
0.000000000000000000e+00
0.000000000000000000e+00
0.000000000000000000e+00
0.000000000000000000e+00
0.000000000000000000e+00
0.000000000000000000e+00
0.000000000000000000e+00
0.000000000000000000e+00
0.000000000000000000e+00
0.000000000000000000e+00
0.000000000000000000e+00
0.000000000000000000e+00
0.000000000000000000e+00
0.000000000000000000e+00
0.000000000000000000e+00
0.000000000000000000e+00
0.000000000000000000e+00
0.000000000000000000e+00
0.000000000000000000e+00
0.000000000000000000e+00
0.000000000000000000e+00
0.000000000000000000e+00
0.000000000000000000e+00
0.000000000000000000e+00
0.000000000000000000e+00
0.000000000000000000e+00
0.000000000000000000e+00
0.000000000000000000e+00
0.000000000000000000e+00
0.000000000000000000e+00
0.000000000000000000e+00
0.000000000000000000e+00
0.000000000000000000e+00
0.000000000000000000e+00
0.000000000000000000e+00
0.000000000000000000e+00
0.000000000000000000e+00
0.000000000000000000e+00
0.000000000000000000e+00
0.000000000000000000e+00
0.000000000000000000e+00
0.000000000000000000e+00
0.000000000000000000e+00
0.000000000000000000e+00
0.000000000000000000e+00
0.000000000000000000e+00
0.000000000000000000e+00
0.000000000000000000e+00
0.000000000000000000e+00
0.000000000000000000e+00
0.000000000000000000e+00
0.000000000000000000e+00
0.000000000000000000e+00
0.000000000000000000e+00
0.000000000000000000e+00
0.000000000000000000e+00
0.000000000000000000e+00
0.000000000000000000e+00
0.000000000000000000e+00
0.000000000000000000e+00
0.000000000000000000e+00
0.000000000000000000e+00
0.000000000000000000e+00
0.000000000000000000e+00
0.000000000000000000e+00
0.000000000000000000e+00
0.000000000000000000e+00
0.000000000000000000e+00
0.000000000000000000e+00
0.000000000000000000e+00
0.000000000000000000e+00
0.000000000000000000e+00
0.000000000000000000e+00
0.000000000000000000e+00
0.000000000000000000e+00
0.000000000000000000e+00
0.000000000000000000e+00
0.000000000000000000e+00
0.000000000000000000e+00
0.000000000000000000e+00
0.000000000000000000e+00
0.000000000000000000e+00
0.000000000000000000e+00
0.000000000000000000e+00
0.000000000000000000e+00
0.000000000000000000e+00
0.000000000000000000e+00
0.000000000000000000e+00
0.000000000000000000e+00
0.000000000000000000e+00
0.000000000000000000e+00
0.000000000000000000e+00
0.000000000000000000e+00
0.000000000000000000e+00
0.000000000000000000e+00
0.000000000000000000e+00
0.000000000000000000e+00
0.000000000000000000e+00
0.000000000000000000e+00
0.000000000000000000e+00
0.000000000000000000e+00
0.000000000000000000e+00
0.000000000000000000e+00
0.000000000000000000e+00
0.000000000000000000e+00
0.000000000000000000e+00
0.000000000000000000e+00
0.000000000000000000e+00
0.000000000000000000e+00
0.000000000000000000e+00
0.000000000000000000e+00
0.000000000000000000e+00
0.000000000000000000e+00
0.000000000000000000e+00
0.000000000000000000e+00
0.000000000000000000e+00
0.000000000000000000e+00
0.000000000000000000e+00
0.000000000000000000e+00
0.000000000000000000e+00
0.000000000000000000e+00
0.000000000000000000e+00
0.000000000000000000e+00
0.000000000000000000e+00
0.000000000000000000e+00
0.000000000000000000e+00
0.000000000000000000e+00
0.000000000000000000e+00
0.000000000000000000e+00
0.000000000000000000e+00
0.000000000000000000e+00
0.000000000000000000e+00
0.000000000000000000e+00
0.000000000000000000e+00
0.000000000000000000e+00
0.000000000000000000e+00
0.000000000000000000e+00
0.000000000000000000e+00
0.000000000000000000e+00
0.000000000000000000e+00
0.000000000000000000e+00
0.000000000000000000e+00
0.000000000000000000e+00
0.000000000000000000e+00
0.000000000000000000e+00
0.000000000000000000e+00
0.000000000000000000e+00
0.000000000000000000e+00
0.000000000000000000e+00
0.000000000000000000e+00
0.000000000000000000e+00
0.000000000000000000e+00
0.000000000000000000e+00
0.000000000000000000e+00
0.000000000000000000e+00
0.000000000000000000e+00
0.000000000000000000e+00
0.000000000000000000e+00
0.000000000000000000e+00
0.000000000000000000e+00
0.000000000000000000e+00
0.000000000000000000e+00
0.000000000000000000e+00
0.000000000000000000e+00
0.000000000000000000e+00
0.000000000000000000e+00
0.000000000000000000e+00
0.000000000000000000e+00
0.000000000000000000e+00
0.000000000000000000e+00
0.000000000000000000e+00
0.000000000000000000e+00
0.000000000000000000e+00
0.000000000000000000e+00
0.000000000000000000e+00
0.000000000000000000e+00
0.000000000000000000e+00
0.000000000000000000e+00
0.000000000000000000e+00
0.000000000000000000e+00
0.000000000000000000e+00
0.000000000000000000e+00
0.000000000000000000e+00
0.000000000000000000e+00
0.000000000000000000e+00
0.000000000000000000e+00
0.000000000000000000e+00
0.000000000000000000e+00
0.000000000000000000e+00
0.000000000000000000e+00
0.000000000000000000e+00
0.000000000000000000e+00
0.000000000000000000e+00
0.000000000000000000e+00
0.000000000000000000e+00
0.000000000000000000e+00
0.000000000000000000e+00
0.000000000000000000e+00
0.000000000000000000e+00
0.000000000000000000e+00
0.000000000000000000e+00
0.000000000000000000e+00
0.000000000000000000e+00
0.000000000000000000e+00
0.000000000000000000e+00
0.000000000000000000e+00
0.000000000000000000e+00
0.000000000000000000e+00
0.000000000000000000e+00
0.000000000000000000e+00
0.000000000000000000e+00
0.000000000000000000e+00
0.000000000000000000e+00
0.000000000000000000e+00
0.000000000000000000e+00
0.000000000000000000e+00
0.000000000000000000e+00
0.000000000000000000e+00
0.000000000000000000e+00
0.000000000000000000e+00
0.000000000000000000e+00
0.000000000000000000e+00
0.000000000000000000e+00
0.000000000000000000e+00
0.000000000000000000e+00
0.000000000000000000e+00
0.000000000000000000e+00
0.000000000000000000e+00
0.000000000000000000e+00
0.000000000000000000e+00
0.000000000000000000e+00
0.000000000000000000e+00
0.000000000000000000e+00
0.000000000000000000e+00
0.000000000000000000e+00
0.000000000000000000e+00
0.000000000000000000e+00
0.000000000000000000e+00
0.000000000000000000e+00
0.000000000000000000e+00
0.000000000000000000e+00
0.000000000000000000e+00
0.000000000000000000e+00
0.000000000000000000e+00
0.000000000000000000e+00
0.000000000000000000e+00
0.000000000000000000e+00
0.000000000000000000e+00
0.000000000000000000e+00
0.000000000000000000e+00
0.000000000000000000e+00
0.000000000000000000e+00
0.000000000000000000e+00
0.000000000000000000e+00
0.000000000000000000e+00
0.000000000000000000e+00
0.000000000000000000e+00
0.000000000000000000e+00
0.000000000000000000e+00
0.000000000000000000e+00
0.000000000000000000e+00
0.000000000000000000e+00
0.000000000000000000e+00
0.000000000000000000e+00
0.000000000000000000e+00
0.000000000000000000e+00
0.000000000000000000e+00
0.000000000000000000e+00
0.000000000000000000e+00
0.000000000000000000e+00
0.000000000000000000e+00
0.000000000000000000e+00
0.000000000000000000e+00
0.000000000000000000e+00
0.000000000000000000e+00
0.000000000000000000e+00
0.000000000000000000e+00
0.000000000000000000e+00
0.000000000000000000e+00
0.000000000000000000e+00
0.000000000000000000e+00
0.000000000000000000e+00
0.000000000000000000e+00
0.000000000000000000e+00
0.000000000000000000e+00
0.000000000000000000e+00
0.000000000000000000e+00
0.000000000000000000e+00
0.000000000000000000e+00
0.000000000000000000e+00
0.000000000000000000e+00
0.000000000000000000e+00
0.000000000000000000e+00
0.000000000000000000e+00
0.000000000000000000e+00
0.000000000000000000e+00
0.000000000000000000e+00
0.000000000000000000e+00
0.000000000000000000e+00
0.000000000000000000e+00
0.000000000000000000e+00
0.000000000000000000e+00
0.000000000000000000e+00
0.000000000000000000e+00
0.000000000000000000e+00
0.000000000000000000e+00
0.000000000000000000e+00
0.000000000000000000e+00
0.000000000000000000e+00
0.000000000000000000e+00
0.000000000000000000e+00
0.000000000000000000e+00
0.000000000000000000e+00
0.000000000000000000e+00
0.000000000000000000e+00
0.000000000000000000e+00
0.000000000000000000e+00
0.000000000000000000e+00
0.000000000000000000e+00
0.000000000000000000e+00
0.000000000000000000e+00
0.000000000000000000e+00
0.000000000000000000e+00
0.000000000000000000e+00
0.000000000000000000e+00
0.000000000000000000e+00
0.000000000000000000e+00
0.000000000000000000e+00
0.000000000000000000e+00
0.000000000000000000e+00
0.000000000000000000e+00
0.000000000000000000e+00
0.000000000000000000e+00
0.000000000000000000e+00
0.000000000000000000e+00
0.000000000000000000e+00
0.000000000000000000e+00
0.000000000000000000e+00
0.000000000000000000e+00
0.000000000000000000e+00
0.000000000000000000e+00
0.000000000000000000e+00
0.000000000000000000e+00
0.000000000000000000e+00
0.000000000000000000e+00
0.000000000000000000e+00
0.000000000000000000e+00
0.000000000000000000e+00
0.000000000000000000e+00
0.000000000000000000e+00
0.000000000000000000e+00
0.000000000000000000e+00
0.000000000000000000e+00
0.000000000000000000e+00
0.000000000000000000e+00
0.000000000000000000e+00
0.000000000000000000e+00
0.000000000000000000e+00
0.000000000000000000e+00
0.000000000000000000e+00
0.000000000000000000e+00
0.000000000000000000e+00
0.000000000000000000e+00
0.000000000000000000e+00
0.000000000000000000e+00
0.000000000000000000e+00
0.000000000000000000e+00
0.000000000000000000e+00
0.000000000000000000e+00
0.000000000000000000e+00
0.000000000000000000e+00
0.000000000000000000e+00
0.000000000000000000e+00
0.000000000000000000e+00
0.000000000000000000e+00
0.000000000000000000e+00
0.000000000000000000e+00
0.000000000000000000e+00
0.000000000000000000e+00
0.000000000000000000e+00
0.000000000000000000e+00
0.000000000000000000e+00
0.000000000000000000e+00
0.000000000000000000e+00
0.000000000000000000e+00
0.000000000000000000e+00
0.000000000000000000e+00
0.000000000000000000e+00
0.000000000000000000e+00
0.000000000000000000e+00
0.000000000000000000e+00
0.000000000000000000e+00
0.000000000000000000e+00
0.000000000000000000e+00
0.000000000000000000e+00
0.000000000000000000e+00
0.000000000000000000e+00
0.000000000000000000e+00
0.000000000000000000e+00
0.000000000000000000e+00
0.000000000000000000e+00
0.000000000000000000e+00
0.000000000000000000e+00
0.000000000000000000e+00
0.000000000000000000e+00
0.000000000000000000e+00
0.000000000000000000e+00
0.000000000000000000e+00
0.000000000000000000e+00
0.000000000000000000e+00
0.000000000000000000e+00
0.000000000000000000e+00
0.000000000000000000e+00
0.000000000000000000e+00
0.000000000000000000e+00
0.000000000000000000e+00
0.000000000000000000e+00
0.000000000000000000e+00
0.000000000000000000e+00
0.000000000000000000e+00
0.000000000000000000e+00
0.000000000000000000e+00
0.000000000000000000e+00
0.000000000000000000e+00
0.000000000000000000e+00
0.000000000000000000e+00
0.000000000000000000e+00
0.000000000000000000e+00
0.000000000000000000e+00
0.000000000000000000e+00
0.000000000000000000e+00
0.000000000000000000e+00
0.000000000000000000e+00
0.000000000000000000e+00
0.000000000000000000e+00
0.000000000000000000e+00
0.000000000000000000e+00
0.000000000000000000e+00
0.000000000000000000e+00
0.000000000000000000e+00
0.000000000000000000e+00
0.000000000000000000e+00
0.000000000000000000e+00
0.000000000000000000e+00
0.000000000000000000e+00
0.000000000000000000e+00
0.000000000000000000e+00
0.000000000000000000e+00
0.000000000000000000e+00
0.000000000000000000e+00
0.000000000000000000e+00
0.000000000000000000e+00
0.000000000000000000e+00
0.000000000000000000e+00
0.000000000000000000e+00
0.000000000000000000e+00
0.000000000000000000e+00
0.000000000000000000e+00
0.000000000000000000e+00
0.000000000000000000e+00
0.000000000000000000e+00
0.000000000000000000e+00
0.000000000000000000e+00
0.000000000000000000e+00
0.000000000000000000e+00
0.000000000000000000e+00
0.000000000000000000e+00
0.000000000000000000e+00
0.000000000000000000e+00
0.000000000000000000e+00
0.000000000000000000e+00
0.000000000000000000e+00
0.000000000000000000e+00
0.000000000000000000e+00
0.000000000000000000e+00
0.000000000000000000e+00
0.000000000000000000e+00
0.000000000000000000e+00
0.000000000000000000e+00
0.000000000000000000e+00
0.000000000000000000e+00
0.000000000000000000e+00
0.000000000000000000e+00
0.000000000000000000e+00
0.000000000000000000e+00
0.000000000000000000e+00
0.000000000000000000e+00
0.000000000000000000e+00
0.000000000000000000e+00
0.000000000000000000e+00
0.000000000000000000e+00
0.000000000000000000e+00
0.000000000000000000e+00
0.000000000000000000e+00
0.000000000000000000e+00
0.000000000000000000e+00
0.000000000000000000e+00
0.000000000000000000e+00
0.000000000000000000e+00
0.000000000000000000e+00
0.000000000000000000e+00
0.000000000000000000e+00
0.000000000000000000e+00
0.000000000000000000e+00
0.000000000000000000e+00
0.000000000000000000e+00
0.000000000000000000e+00
0.000000000000000000e+00
0.000000000000000000e+00
0.000000000000000000e+00
0.000000000000000000e+00
0.000000000000000000e+00
0.000000000000000000e+00
0.000000000000000000e+00
0.000000000000000000e+00
0.000000000000000000e+00
0.000000000000000000e+00
0.000000000000000000e+00
0.000000000000000000e+00
0.000000000000000000e+00
0.000000000000000000e+00
0.000000000000000000e+00
0.000000000000000000e+00
