1.530979477401531704e-07
1.638195052445140049e-07
1.739710061090263604e-07
1.835757986367164505e-07
1.926561301934042470e-07
2.012333471100727529e-07
2.093270940566690477e-07
2.169568752147830692e-07
2.241405627350617506e-07
2.308954055387518557e-07
2.372385064371943409e-07
2.431856013333527543e-07
2.487517079886903127e-07
2.539512513145036569e-07
2.587979769760405961e-07
2.633050902066809326e-07
2.674849246100583592e-07
2.713499774868116728e-07
2.749110700942390146e-07
2.781797077467226100e-07
2.811665604050326640e-07
2.838820613587946697e-07
2.863358339697628136e-07
2.885372641132656589e-07
2.904964300195346254e-07
2.922221878205019144e-07
2.937229876762452126e-07
2.950080615580885154e-07
2.960854593514346495e-07
2.969629337260007590e-07
2.976489520368343182e-07
2.981506758647309791e-07
2.984758647807684365e-07
2.986314729645289776e-07
2.986248752033422353e-07
2.984626179738334130e-07
2.981516496484447022e-07
2.976982227121800954e-07
2.971091357571799342e-07
2.963899057713135439e-07
2.955477117780880432e-07
2.945870965461965901e-07
2.935151636516268673e-07
2.923368022279939283e-07
2.910580689036966389e-07
2.896842692823945492e-07
2.882202488690173920e-07
2.866723337061433148e-07
2.850447118529671075e-07
2.833428403557666228e-07
2.815717512856947353e-07
2.797356994721473393e-07
2.778399255978098056e-07
2.758884226755423498e-07
2.738858364132266733e-07
2.718367680960628070e-07
2.697444911053288292e-07
2.676136461507947772e-07
2.654483157001704708e-07
2.632513873027773072e-07
2.610270928206513533e-07
2.587792311030299724e-07
2.565104003910117237e-07
2.542243445902615179e-07
2.519245701111561895e-07
2.496134479635135102e-07
2.472941324198172092e-07
2.449698703367494435e-07
2.426431147718488479e-07
2.403161464337365809e-07
2.379917011383177855e-07
2.356723760323989127e-07
2.333601874880870226e-07
2.310571569533451236e-07
2.287656296569469511e-07
2.264874703525816128e-07
2.242242815687325931e-07
2.219778550920701331e-07
2.197501365836467117e-07
2.175422575603708550e-07
2.153557230495687260e-07
2.131921272676358406e-07
2.110528724036410734e-07
2.089384303249741554e-07
2.068501405452855407e-07
2.047894295076916063e-07
2.027570432991901332e-07
2.007532492092163978e-07
1.987792754336645647e-07
1.968356510083997158e-07
1.949229738476623845e-07
1.930419607264778212e-07
1.911925701030287851e-07
1.893753064043324595e-07
1.875911316183074502e-07
1.858397526597783699e-07
1.841212943010229024e-07
1.824361953270730632e-07
1.807840807340064706e-07
1.791656199755592637e-07
1.775805074668296544e-07
1.760284072537569233e-07
1.745097281591619492e-07
1.730235298004021293e-07
1.715704514795924257e-07
1.701496973861828986e-07
1.687612033517839335e-07
1.674047437347872413e-07
1.660794107821576014e-07
1.647855609220809889e-07
1.635220496925089839e-07
1.622893538024727557e-07
1.610860606678772434e-07
1.599123166206379192e-07
1.587670180616415197e-07
1.576500665670760248e-07
1.565606956166746347e-07
1.554984020485088717e-07
1.544626181666575064e-07
1.534525343255520258e-07
1.524677599994368178e-07
1.515073140011189658e-07
1.505707849922091958e-07
1.496572463417276277e-07
1.487663366266776153e-07
1.478971400387094544e-07
1.470491655665373764e-07
1.462214562873855828e-07
1.454132828719678473e-07
1.446240056537122389e-07
1.438527902481995698e-07
1.430992355799535149e-07
1.423621632664008056e-07
1.416414605305436843e-07
1.409355686777865332e-07
1.402445426476711724e-07
1.395669374259558538e-07
1.389027129483116682e-07
1.382506342492851125e-07
1.376104438130767910e-07
1.369811079314028470e-07
1.363619291561750556e-07
1.357524685846413710e-07
1.351516047208150170e-07
1.345592264955976341e-07
1.339741694206441155e-07
1.333962952481051587e-07
1.328245888873532120e-07
1.322585190835172059e-07
1.316976293720382282e-07
1.311409234462511636e-07
1.305882979894678337e-07
1.300388151034634147e-07
1.294922142914528019e-07
1.289479028078496659e-07
1.284051983659708230e-07
1.278639069079312967e-07
1.273231320194984441e-07
1.267827118229056786e-07
1.262421546026875291e-07
1.257009523366649244e-07
1.251589504437657424e-07
1.246154298772142157e-07
1.240702461175316093e-07
1.235229683807851207e-07
1.229731729159548939e-07
1.224208019753600543e-07
1.218653804057330318e-07
1.213067756412448567e-07
1.207447866700050249e-07
1.201789767047887979e-07
1.196093393489426422e-07
1.190355863959599524e-07
1.184575438260565974e-07
1.178752520839331723e-07
1.172884045268426554e-07
1.166970394822089600e-07
1.161011238207453969e-07
1.155003444740128315e-07
1.148948944582850024e-07
1.142846900484854044e-07
1.136696072838185476e-07
1.130499244430193928e-07
1.124255755835081170e-07
1.117965112024499715e-07
1.111629651924678618e-07
1.105248641023669774e-07
1.098822775563367089e-07
1.092355278792927837e-07
1.085845641871006139e-07
1.079295770499440157e-07
1.072709205428249247e-07
1.066085617546519152e-07
1.059427068119924284e-07
1.052736673332675913e-07
1.046014019110516413e-07
1.039262071697417731e-07
1.032485256569904360e-07
1.025683668343293058e-07
1.018859846976225274e-07
1.012019065168803477e-07
1.005161391344204357e-07
9.982890021649951166e-08
9.914068981667331206e-08
9.845156133592119279e-08
9.776165949904526930e-08
9.707164870930992058e-08
9.638168265529536013e-08
9.569182202159110509e-08
9.500267781811902765e-08
9.431451362657809224e-08
9.362734856353254213e-08
9.294163734699004401e-08
9.225778541843715349e-08
9.157578432125791439e-08
9.089590846225607396e-08
9.021882017872312231e-08
8.954457332793171555e-08
8.887324727569121210e-08
8.820548398579851008e-08
8.754147488747603259e-08
8.688123269939018454e-08
8.622510291449321107e-08
8.557358752221117094e-08
8.492664652598853738e-08
8.428432563080612517e-08
8.364737578127643451e-08
8.301582419937551891e-08
8.238966093947589574e-08
8.176912969206382323e-08
8.115485196491592865e-08
8.054667504263061123e-08
7.994458126261791419e-08
7.934914918513153364e-08
7.876050503932331003e-08
7.817855977211783606e-08
7.760336421836480961e-08
7.703565374375456507e-08
7.647514019956999503e-08
7.592179200291028249e-08
7.537577313519650023e-08
7.483769827083731700e-08
7.430715817755359950e-08
7.378419034105332478e-08
7.326903355600844718e-08
7.276207517547257032e-08
7.226291703380323863e-08
7.177158145919868068e-08
7.128841484897168899e-08
7.081353484149953747e-08
7.034653298778184213e-08
6.988744838717584149e-08
6.943662502517052824e-08
6.899409514483908978e-08
6.855943963999038405e-08
6.813270393418920968e-08
6.771420406876262987e-08
6.730391550898306520e-08
6.690138906072006595e-08
6.650665588488214510e-08
6.611999173482428871e-08
6.574133850729237454e-08
6.537022932844935285e-08
6.500661276068729842e-08
6.465066942296584073e-08
6.430255796561534754e-08
6.396157743454833803e-08
6.362776686784940786e-08
6.330112170857435530e-08
6.298200493813253424e-08
6.266966310258128807e-08
6.236403480701919623e-08
6.206510834083119676e-08
6.177320422838940333e-08
6.148765363326010840e-08
6.120826368519629359e-08
6.093500338563396433e-08
6.066810137503747608e-08
6.040723374305571331e-08
6.015185904489353992e-08
5.990201052276767753e-08
5.965767182409820830e-08
5.941901062499435173e-08
5.918525783054019944e-08
5.895634776486780338e-08
5.873230448601985244e-08
5.851318361592194454e-08
5.829856569979513084e-08
5.808807646602709997e-08
5.788170434877983181e-08
5.767944008044908283e-08
5.748130608165053697e-08
5.728661590005449834e-08
5.709527664716683269e-08
5.690728057328111470e-08
5.672272196870756733e-08
5.654117664860969543e-08
5.636221117929394199e-08
5.618585685676807368e-08
5.601210956628529688e-08
5.584092591586252968e-08
5.567176739530075298e-08
5.550447475605727177e-08
5.533905345782192716e-08
5.517547460564083426e-08
5.501362457933991509e-08
5.485297748001753259e-08
5.469347901695985875e-08
5.453514923750908014e-08
5.437794829206545263e-08
5.422162370984422508e-08
5.406579014215059297e-08
5.391042096187444770e-08
5.375552614906266745e-08
5.360106811389837621e-08
5.344677370138356652e-08
5.329237665257373622e-08
5.313788136718477334e-08
5.298328195386694205e-08
5.282853683918860864e-08
5.267337785672870408e-08
5.251761388376026265e-08
5.236125338696506245e-08
5.220429367923528984e-08
5.204668559938203171e-08
5.188819260217280462e-08
5.172868355728118163e-08
5.156816994361084306e-08
5.140663899496200594e-08
5.124407450361076024e-08
5.108028860944212853e-08
5.091522543391744784e-08
5.074888850754428344e-08
5.058127040497224381e-08
5.041238272455229845e-08
5.024204757494556228e-08
5.007027030786586177e-08
4.989704654032995507e-08
4.972239159274937075e-08
4.954627808474024161e-08
4.936864977034576804e-08
4.918947008749526971e-08
4.900883651638194954e-08
4.882671759167645245e-08
4.864314070717314920e-08
4.845805049615357120e-08
4.827145453856544670e-08
4.808345958584028465e-08
4.789408590468196586e-08
4.770332467169781319e-08
4.751118853384481931e-08
4.731763279441176234e-08
4.712280711179944115e-08
4.692679770160781805e-08
4.672957195436396727e-08
4.653116281104041985e-08
4.633152873540220645e-08
4.613079255502449075e-08
4.592913907914617808e-08
4.572657907273966695e-08
4.552311942455412037e-08
4.531874298715985848e-08
4.511351254157473414e-08
4.490761957712012340e-08
4.470117695996462831e-08
4.449418108529947626e-08
4.428662070574033035e-08
4.407852133106439909e-08
4.386998400096634874e-08
4.366124836231808773e-08
4.345235819764803033e-08
4.324329978475156575e-08
4.303409416335561464e-08
4.282474523306428132e-08
4.261546940650120502e-08
4.240644053921995395e-08
4.219768464417618986e-08
4.198919948177964175e-08
4.178098170836076890e-08
4.157309276228208698e-08
4.136574799535101372e-08
4.115908150959891088e-08
4.095309377039308462e-08
4.074779093981409200e-08
4.054315545191140121e-08
4.033927893925167817e-08
4.013637494481855631e-08
3.993454811988611987e-08
3.973379902237224689e-08
3.953412354559487018e-08
3.933551222876525444e-08
3.913805391602114358e-08
3.894196188498564452e-08
3.874727776986202049e-08
3.855402126606043950e-08
3.836217011812056852e-08
3.817175239860894006e-08
3.798275545928923068e-08
3.779549614347930921e-08
3.760990622336963620e-08
3.742597835500246009e-08
3.724375218029799671e-08
3.706318842852726854e-08
3.688432485318877771e-08
3.670734690361150246e-08
3.653232108282162319e-08
3.635919318434935593e-08
3.618793469879908286e-08
3.601855751653771878e-08
3.585111513318276371e-08
3.568563809824016812e-08
3.552229384227351162e-08
3.536095607341554242e-08
3.520163350662934352e-08
3.504429261577079061e-08
3.488897124874328488e-08
3.473564446178442278e-08
3.458458107550217808e-08
3.443557835146826399e-08
3.428857856763302964e-08
3.414359240979772306e-08
3.400064461314974683e-08
3.385973460297763668e-08
3.372092008781829377e-08
3.358428117528095326e-08
3.344962685510671805e-08
3.331694873111610771e-08
3.318626139395656959e-08
3.305752230320724613e-08
3.293079379323807244e-08
3.280615966261620322e-08
3.268350468373889572e-08
3.256268217900706241e-08
3.244371173513426321e-08
3.232658203436496840e-08
3.221128287099527138e-08
3.209786784284008908e-08
3.198642215565424345e-08
3.187667363307851926e-08
3.176857637282604031e-08
3.166212411791619349e-08
3.155731949162161683e-08
3.145418820363196020e-08
3.135274719580412474e-08
3.125299534905792037e-08
3.115470194747704967e-08
3.105780421730089249e-08
3.096232508385981265e-08
3.086824474541660873e-08
3.077561682013515838e-08
3.068439744863685976e-08
3.059459296987927972e-08
3.050597000890312926e-08
3.041848056843617002e-08
3.033214609419955657e-08
3.024694729729792937e-08
3.016291743990993623e-08
3.008004374260555646e-08
2.999828921225981713e-08
2.991744474497435614e-08
2.983746677167666184e-08
2.975835188103799175e-08
2.968011725818469100e-08
2.960273836448234327e-08
2.952624714389845874e-08
2.945059669018192097e-08
2.937557079374339441e-08
2.930111680513237079e-08
2.922724056688702523e-08
2.915392731873603381e-08
2.908119024276334696e-08
2.900902825244422785e-08
2.893740899097332968e-08
2.886619496816779493e-08
2.879529707325706998e-08
2.872470526123515781e-08
2.865442500177610187e-08
2.858446380091522109e-08
2.851480915060666298e-08
2.844544283089532142e-08
2.837629500636340138e-08
2.830724403316177828e-08
2.823827199555220864e-08
2.816937884500704665e-08
2.810057113523207593e-08
2.803184467526073942e-08
2.796319384128171163e-08
2.789457974916620874e-08
2.782589916661371144e-08
2.775710699577397663e-08
2.768820179372554155e-08
2.761918224412871838e-08
2.755005342422070762e-08
2.748081258185792692e-08
2.741144693841086125e-08
2.734191045994149633e-08
2.727214686276281016e-08
2.720214762796515512e-08
2.713191212371645050e-08
2.706144070083188871e-08
2.699073310290009447e-08
2.691978940342866154e-08
2.684859159108349915e-08
2.677710875060334512e-08
2.670532447871594382e-08
2.663323707126679166e-08
2.656084600284995414e-08
2.648815139242076636e-08
2.641515267471015979e-08
2.634184727125765204e-08
2.626822773540151587e-08
2.619429603832953910e-08
2.612006483239582305e-08
2.604553442319503863e-08
2.597070459705098520e-08
2.589557397643235605e-08
2.582014174326438435e-08
2.574440898753532796e-08
2.566838252220165978e-08
2.559209065899856544e-08
2.551556064005399162e-08
2.543879341367797473e-08
2.536178882599856581e-08
2.528454645395512070e-08
2.520706512541095325e-08
2.512934657619280315e-08
2.505140653997241387e-08
2.497328637000108078e-08
2.489502816535970549e-08
2.481663499073761789e-08
2.473810701935085539e-08
2.465944666966128932e-08
2.458065145698053330e-08
2.450172097776216611e-08
2.442267479836795143e-08
2.434355852037551918e-08
2.426443774138186444e-08
2.418531965426565593e-08
2.410620046806546854e-08
2.402708026344976547e-08
2.394795822710782737e-08
2.386883756186264731e-08
2.378972389307765594e-08
2.371068159578093297e-08
2.363175649830140736e-08
2.355296860083712245e-08
2.347432579775101197e-08
2.339582032495655241e-08
2.331745209513166801e-08
2.323922147218642907e-08
2.316113760432699064e-08
2.308323527430523854e-08
2.300557007340616112e-08
2.292817223240998249e-08
2.285105619250318467e-08
2.277421468459372462e-08
2.269764421284046517e-08
2.262134800420702368e-08
2.254533012088529342e-08
2.246959886439264889e-08
2.239421446281542147e-08
2.231920854109506555e-08
2.224459933693692770e-08
2.217037360569960130e-08
2.209653624978360079e-08
2.202309473487157235e-08
2.195004444615016887e-08
2.187737932105802796e-08
2.180511360576922960e-08
2.173333922949737551e-08
2.166204116609363731e-08
2.159120588001435591e-08
2.152085141109794832e-08
2.145096414215918703e-08
2.138154243443333078e-08
2.131260162428720968e-08
2.124413389603831062e-08
2.117615306924120422e-08
2.110872705123690018e-08
2.104183744121709822e-08
2.097547148165091780e-08
2.090962800527386585e-08
2.084431192778528437e-08
2.077951226611850659e-08
2.071524403961103146e-08
2.065150337908293736e-08
2.058829509377567622e-08
2.052567886661714100e-08
2.046361948448385851e-08
2.040208977533407813e-08
2.034110466060401646e-08
2.028065066941179161e-08
2.022073092225152389e-08
2.016135478998861480e-08
2.010250673056356726e-08
2.004419554162148359e-08
1.998649095887662530e-08
1.992932366273192172e-08
1.987267176554877446e-08
1.981652579628275199e-08
1.976089148495028343e-08
1.970577208950172448e-08
1.965115541488988793e-08
1.959705644590820454e-08
1.954348966022403156e-08
1.949046317569148112e-08
1.943795077706255553e-08
1.938589889504462719e-08
1.933431082078894412e-08
1.928318396750566261e-08
1.923252646192839739e-08
1.918233644269726064e-08
1.913259979550979710e-08
1.908333539977499092e-08
1.903454317232257113e-08
1.898622423333772861e-08
1.893831030039384573e-08
1.889078445614233402e-08
1.884365958050907759e-08
1.879691696998150259e-08
1.875056500002894198e-08
1.870459513110462416e-08
1.865901529565748883e-08
1.861384060883794766e-08
1.856906386597436348e-08
1.852464325023624118e-08
1.848052906902970501e-08
1.843672117447975299e-08
1.839321804181244604e-08
1.835001994960899944e-08
1.830712455596354100e-08
1.826453915146863562e-08
1.822225516368814549e-08
1.818026850236467038e-08
1.813859703924937769e-08
1.809717581933812248e-08
1.805596474477573325e-08
1.801496400561901271e-08
1.797418141988297109e-08
1.793361575882764114e-08
1.789326341756898011e-08
1.785312398817118252e-08
1.781320284386602702e-08
1.777349051700159130e-08
1.773398519499792676e-08
1.769464270146235032e-08
1.765543060398964087e-08
1.761635083702914680e-08
1.757740418224999343e-08
1.753859567658089319e-08
1.749991961121285214e-08
1.746137683300606914e-08
1.742297043131240964e-08
1.738469408533634752e-08
1.734654498418431030e-08
1.730848823485013365e-08
1.727049651289588429e-08
1.723257144448033237e-08
1.719471883872612051e-08
1.715693415516078718e-08
1.711921560774209806e-08
1.708156782406237455e-08
1.704398740464623007e-08
1.700647311270068049e-08
1.696902814536786416e-08
1.693162515206647366e-08
1.689424398662218725e-08
1.685688649949399564e-08
1.681954938666631475e-08
1.678223313407650358e-08
1.674494031441257121e-08
1.670766773273819539e-08
1.667041663484525148e-08
1.663318900367323263e-08
1.659598477487459764e-08
1.655880092187046743e-08
1.652162097578179835e-08
1.648444033242249584e-08
1.644726157282442918e-08
1.641008335697035188e-08
1.637290750744230517e-08
1.633573194954988264e-08
1.629855715555844810e-08
1.626138416722619014e-08
1.622421440447333228e-08
1.618705683806267572e-08
1.614990306338375457e-08
1.611274986537085932e-08
1.607559932303636875e-08
1.603844790461861581e-08
1.600129801446278103e-08
1.596414845046103578e-08
1.592700093573407299e-08
1.588985320260132904e-08
1.585270617207810357e-08
1.581557206954360861e-08
1.577845628361628402e-08
1.574136233799125061e-08
1.570428779160287796e-08
1.566723167309257900e-08
1.563019855473450515e-08
1.559318385246785955e-08
1.555618799551453786e-08
1.551921524939500820e-08
1.548226037167332521e-08
1.544532744413604019e-08
1.540843276803242109e-08
1.537157984292068674e-08
1.533478314988897668e-08
1.529803448290393547e-08
1.526133453345696685e-08
1.522468841166281215e-08
1.518808987666181100e-08
1.515154333369674473e-08
1.511504894461620390e-08
1.507860151006954348e-08
1.504220968494844188e-08
1.500588800570917035e-08
1.496964165109613686e-08
1.493348668653264606e-08
1.489741521924371770e-08
1.486142487760472150e-08
1.482552303028646377e-08
1.478970691004263567e-08
1.475397250578734811e-08
1.471832882065591462e-08
1.468276409302265454e-08
1.464728886952021572e-08
1.461191972939917651e-08
1.457665779647023723e-08
1.454152066154107935e-08
1.450650350837542309e-08
1.447160018107320473e-08
1.443681497162198529e-08
1.440215364081605920e-08
1.436760905688619121e-08
1.433317703841095251e-08
1.429887344775762227e-08
1.426468497183602996e-08
1.423061872844087264e-08
1.419670713634430171e-08
1.416293714745912928e-08
1.412930560283112008e-08
1.409581926034720269e-08
1.406247898290093691e-08
1.402927756550738264e-08
1.399621528194220472e-08
1.396330529280511561e-08
1.393053497536227306e-08
1.389790114081592337e-08
1.386542183719202974e-08
1.383309900742703202e-08
1.380093762577421890e-08
1.376893623565214144e-08
1.373709433592502258e-08
1.370540213965708180e-08
1.367386670877777042e-08
1.364249198352459243e-08
1.361127197702458461e-08
1.358020011525252139e-08
1.354929471003835362e-08
1.351854625823824602e-08
1.348794543043238886e-08
1.345753282796643100e-08
1.342728213063118695e-08
1.339718235357770357e-08
1.336724585164794194e-08
1.333746033793094608e-08
1.330782652808343699e-08
1.327835586269087623e-08
1.324903879175272724e-08
1.321986937545959269e-08
1.319086775727403985e-08
1.316201595756639307e-08
1.313331986729793257e-08
1.310480243653743828e-08
1.307643689568595307e-08
1.304821389006093273e-08
1.302013698032086115e-08
1.299220731959382558e-08
1.296441462097557910e-08
1.293677290557890049e-08
1.290927489096477724e-08
1.288191361115415971e-08
1.285470817612219044e-08
1.282764212931949707e-08
1.280071876465170175e-08
1.277395822034091622e-08
1.274733230347213030e-08
1.272083066198754115e-08
1.269445884086539907e-08
1.266820715658475840e-08
1.264207985161062467e-08
1.261608120529476459e-08
1.259020806245857572e-08
1.256445090578101046e-08
1.253882839630840596e-08
1.251333177138390591e-08
1.248795091313684735e-08
1.246271183121193287e-08
1.243759029602286635e-08
1.241256881472464530e-08
1.238765301508181707e-08
1.236283189275342198e-08
1.233811262027544473e-08
1.231349647595999753e-08
1.228897309328249247e-08
1.226455903638401175e-08
1.224024283125970498e-08
1.221602034372158735e-08
1.219190700767368610e-08
1.216789353059570286e-08
1.214398250133930844e-08
1.212016021438863813e-08
1.209641170330803437e-08
1.207274017458035584e-08
1.204914957949471765e-08
1.202563088770969529e-08
1.200219357641323704e-08
1.197883400687862482e-08
1.195554498986592762e-08
1.193234193410755381e-08
1.190921488579376687e-08
1.188615983475143183e-08
1.186319339680040139e-08
1.184029990201946067e-08
1.181746584879638402e-08
1.179469066480168789e-08
1.177197188076050400e-08
1.174931287839340581e-08
1.172671077007411109e-08
1.170416598150899788e-08
1.168167999802429289e-08
1.165925247304771748e-08
1.163688239355238601e-08
1.161457053186277933e-08
1.159231671434579887e-08
1.157013018322926267e-08
1.154799740001515336e-08
1.152590956900536981e-08
1.150386795170547609e-08
1.148186875019692378e-08
1.145991457448464351e-08
1.143800598167138312e-08
1.141614003643950239e-08
1.139432028529779984e-08
1.137254568381660780e-08
1.135081393420372189e-08
1.132912774424405735e-08
1.130748685881128715e-08
1.128590103872252890e-08
1.126435993207943039e-08
1.124285715698007934e-08
1.122139333583118244e-08
1.119996563216807794e-08
1.117857671347850221e-08
1.115722502635758000e-08
1.113591089746767852e-08
1.111463493074557547e-08
1.109339701000582282e-08
1.107219766789208287e-08
1.105103617050552939e-08
1.102991144182357035e-08
1.100883674844765786e-08
1.098780421156838157e-08
1.096681135535862667e-08
1.094585529729932916e-08
1.092493810585059753e-08
1.090405826778635097e-08
1.088321468312209547e-08
1.086240976586544890e-08
1.084164260199304434e-08
1.082091090720277723e-08
1.080021886478768173e-08
1.077956389408273986e-08
1.075894796805386509e-08
1.073837610068555642e-08
1.071785047830393505e-08
1.069736969590804189e-08
1.067692802922727928e-08
1.065653074468302617e-08
1.063617226635738368e-08
1.061585607358914314e-08
1.059558218944810382e-08
1.057534843095332082e-08
1.055515827195529007e-08
1.053500933085820869e-08
1.051490120927941812e-08
1.049483545871984718e-08
1.047481013423883545e-08
1.045484043047392311e-08
1.043491774846151674e-08
1.041504564564697504e-08
1.039521777019160005e-08
1.037543826957751734e-08
1.035570692799241175e-08
1.033602000139489167e-08
1.031638274518215099e-08
1.029679080898766210e-08
1.027724692204626677e-08
1.025775031496332315e-08
1.023829752810725572e-08
1.021889530357994018e-08
1.019954048365378889e-08
1.018024807563510936e-08
1.016100755881451012e-08
1.014182236391688983e-08
1.012268964541536987e-08
1.010360995237144534e-08
1.008458466965097885e-08
1.006560880590593389e-08
1.004669029884081997e-08
1.002782279876350920e-08
1.000900893058245710e-08
9.990248940390210608e-09
9.971538203723105117e-09
9.952884966445399846e-09
9.934284226749395849e-09
9.915750632484468737e-09
9.897273133337549458e-09
9.878853849581417709e-09
9.860489890611232976e-09
9.842182497028123687e-09
9.823933377467353053e-09
9.805736977685518332e-09
9.787600200376108740e-09
9.769516249578162322e-09
9.751492267807715963e-09
9.733524373411425956e-09
9.715610776294566149e-09
9.697755605837787534e-09
9.679953831645398886e-09
9.662220741240032396e-09
9.644545792480452251e-09
9.626933348795901513e-09
9.609372818300490872e-09
9.591871168306365818e-09
9.574422894461446156e-09
9.557032075664589030e-09
9.539698959757365147e-09
9.522418994919132811e-09
9.505198566855030209e-09
9.488029351429322356e-09
9.470922056843526635e-09
9.453868446655818043e-09
9.436873300419360430e-09
9.419937201668850926e-09
9.403064135938278319e-09
9.386248840801636996e-09
9.369485392963780291e-09
9.352778433876998296e-09
9.336122568202119514e-09
9.319522755050577194e-09
9.302971807092794100e-09
9.286479554146116500e-09
9.270036582269533831e-09
9.253650638619900585e-09
9.237317964438288569e-09
9.221037411329316134e-09
9.204812063763027265e-09
9.188637027354314125e-09
9.172524416816857551e-09
9.156465978607956980e-09
9.140462196931204150e-09
9.124503883079770429e-09
9.108597161837613499e-09
9.092735078436699136e-09
9.076925421273833196e-09
9.061160430455551750e-09
9.045446568535183746e-09
9.029780934772444624e-09
9.014163597351560962e-09
8.998595886617045141e-09
8.983073768180198643e-09
8.967603343807995350e-09
8.952178308879536003e-09
8.936810704620083403e-09
8.921491725207217949e-09
8.906220645208009206e-09
8.890989145596643659e-09
8.875803298983149886e-09
8.860656630208206289e-09
8.845555941735355767e-09
8.830494281714279929e-09
8.815478065535083085e-09
8.800503264461540912e-09
8.785572156672356615e-09
8.770683915224993456e-09
8.755836644894857150e-09
8.741034055640774972e-09
8.726271416631599793e-09
8.711559046568278854e-09
8.696891147517474744e-09
8.682264402811199283e-09
8.667673633303383777e-09
8.653120820974152336e-09
8.638602737271975435e-09
8.624123174313346592e-09
8.609677504198468129e-09
8.595271292551699154e-09
8.580898594513813902e-09
8.566565644610553915e-09
8.552267266287415629e-09
8.538007317717575861e-09
8.523783869289620784e-09
8.509596891335321448e-09
8.495448888266476225e-09
8.481343123212395446e-09
8.467273507110454618e-09
8.453237527210335471e-09
8.439232598922795802e-09
8.425260535597315314e-09
8.411319721777889749e-09
8.397411890732249850e-09
8.383536723527094877e-09
8.369693178573212679e-09
8.355882592203061202e-09
8.342102747732992435e-09
8.328356768651116841e-09
8.314640652434054167e-09
8.300959329329428622e-09
8.287307932406263519e-09
8.273696186566592752e-09
8.260118649880149587e-09
8.246573626361016000e-09
8.233057127497981654e-09
8.219570819012929007e-09
8.206113066557321577e-09
8.192685198435152834e-09
8.179285653231995709e-09
8.165916546653967568e-09
8.152575300513831917e-09
8.139265192289736474e-09
8.125981813242738349e-09
8.112730735832520923e-09
8.099505486106761384e-09
8.086313618741900436e-09
8.073148840575384544e-09
8.060021602262684055e-09
8.046924914683033319e-09
8.033859287180519466e-09
8.020819703407509245e-09
8.007809074151436348e-09
7.994824575125327495e-09
7.981868945197445963e-09
7.968939563585787932e-09
7.956039083983426996e-09
7.943165077412230373e-09
7.930320473964609463e-09
7.917501153679392797e-09
7.904712348343826027e-09
7.891948086063919577e-09
7.879214792011517718e-09
7.866507164186486114e-09
7.853834681822852252e-09
7.841191491577184146e-09
7.828578757484354050e-09
7.815991875394145556e-09
7.803433414239614450e-09
7.790901510455778126e-09
7.778397687273233635e-09
7.765920783813869822e-09
7.753472368082334485e-09
7.741050078692948139e-09
7.728656312872960776e-09
7.716288522255203778e-09
7.703949465752791485e-09
7.691636211021195820e-09
7.679351922573115518e-09
7.667093828567503237e-09
7.654867274767208231e-09
7.642672512599680445e-09
7.630506952000835553e-09
7.618370483979642126e-09
7.606259810291435930e-09
7.594177948633786830e-09
7.582121444330108193e-09
7.570094224305500778e-09
7.558091956790487058e-09
7.546119418423162033e-09
7.534171569549933110e-09
7.522253849520822687e-09
7.510360872304681165e-09
7.498498527710185366e-09
7.486660519286773562e-09
7.474853093789331347e-09
7.463071150970508586e-09
7.451324283331724182e-09
7.439605354937643614e-09
7.427916587221295634e-09
7.416252997423010237e-09
7.404617325636322740e-09
7.393007974517678500e-09
7.381426763964765451e-09
7.369872253328243707e-09
7.358344802417996506e-09
7.346844160661906781e-09
7.335370340965302339e-09
7.323923611293003475e-09
7.312503491961033230e-09
7.301110717017925105e-09
7.289744514591620568e-09
7.278406825305154493e-09
7.267095988770498573e-09
7.255819179546578818e-09
7.244569538041365302e-09
7.233349525125690405e-09
7.222153712461821964e-09
7.210985749862266594e-09
7.199842848077950209e-09
7.188727553018884045e-09
7.177638503971588161e-09
7.166576374489474013e-09
7.155540160740851260e-09
7.144530425122773527e-09
7.133547159524586840e-09
7.122589896087637823e-09
7.111659637101172298e-09
7.100755492598294413e-09
7.089879436372734342e-09
7.079028792739701902e-09
7.068211615057660480e-09
7.057420744323458206e-09
7.046658103037379455e-09
7.035919191636480215e-09
7.025206235233612204e-09
7.014518894391443253e-09
7.003856788799863726e-09
6.993220601239730486e-09
6.982608150185378178e-09
6.972022749349412655e-09
6.961460066366251993e-09
6.950925766935327760e-09
6.940414012930046507e-09
6.929931296735669309e-09
6.919470539374318329e-09
6.909038688772792479e-09
6.898629374954086509e-09
6.888250269737803839e-09
6.877898606773808059e-09
6.867572500279657425e-09
6.857271633076765147e-09
6.846992290351577626e-09
6.836738484428767972e-09
6.826505807810837539e-09
6.816299268380458509e-09
6.806113793488710242e-09
6.795953834019084262e-09
6.785816160222397743e-09
6.775703359808309327e-09
6.765612770888730606e-09
6.755546210697414353e-09
6.745502664388182171e-09
6.735482465350424426e-09
6.725487097321195037e-09
6.715515071181221512e-09
6.705572642836879821e-09
6.695653463436351704e-09
6.685758952116364299e-09
6.675884925410828171e-09
6.666033047395308884e-09
6.656203937727054920e-09
6.646395125534171960e-09
6.636609576356486215e-09
6.626843374051723951e-09
6.617101857581311320e-09
6.607379871300456991e-09
6.597682133563434197e-09
6.588004256375531492e-09
6.578349656343916979e-09
6.568715284127728557e-09
6.559103402358824706e-09
6.549513020326092661e-09
6.539945506345995817e-09
6.530405182177672104e-09
6.520886722305414486e-09
6.511390757499410535e-09
6.501913785693294963e-09
6.492457238612695529e-09
6.483021913603495957e-09
6.473605350094802869e-09
6.464210222604386122e-09
6.454833050990119758e-09
6.445478560755259899e-09
6.436142348080090215e-09
6.426828490004966723e-09
6.417533015258846895e-09
6.408258589818570424e-09
6.399003284332296068e-09
6.389768170500602124e-09
6.380554358521275936e-09
6.371360614269109165e-09
6.362192559138895220e-09
6.353044930594695354e-09
6.343917949937618088e-09
6.334809294862251090e-09
6.325719258072091347e-09
6.316648821868284830e-09
6.307594963794524694e-09
6.298562033439115436e-09
6.289545738866914458e-09
6.280549796405897475e-09
6.271571673622880146e-09
6.262612186138807943e-09
6.253671483999559659e-09
6.244748242752646133e-09
6.235846190596516660e-09
6.226960584042871993e-09
6.218096848402593564e-09
6.209249313260357474e-09
6.200423596541099899e-09
6.191619388244178186e-09
6.182834094569654305e-09
6.174068706567438483e-09
6.165318868565115948e-09
6.156587203444951727e-09
6.147872535167518974e-09
6.139176375840985402e-09
6.130497990747166001e-09
6.121835029185795384e-09
6.113191768193774500e-09
6.104564222893383940e-09
6.095956337715820913e-09
6.087364291231701545e-09
6.078790297858562930e-09
6.070232872137841883e-09
6.061693028228112164e-09
6.053172461154538884e-09
6.044668419547847739e-09
6.036186674735689937e-09
6.027723269599982314e-09
6.019277971523634196e-09
6.010850916790050508e-09
6.002438519780516960e-09
5.994044880266878593e-09
5.985665930186243371e-09
5.977304559358946268e-09
5.968960736032536988e-09
5.960632326242207978e-09
5.952321761740422708e-09
5.944026208672010401e-09
5.935749863559155204e-09
5.927488550355436328e-09
5.919244706842236373e-09
5.911016310065580561e-09
5.902804608297590735e-09
5.894611478898391210e-09
5.886434125842514454e-09
5.878277895407876890e-09
5.870139129153943755e-09
5.862017720601549901e-09
5.853913729108945299e-09
5.845824059950233375e-09
5.837751719673132797e-09
5.829693700762133505e-09
5.821653448811965480e-09
5.813629366528417059e-09
5.805619122917742160e-09
5.797627251153091758e-09
5.789649592514699572e-09
5.781689940407540162e-09
5.773744603605330162e-09
5.765814974705891281e-09
5.757902260805450864e-09
5.750004260624882582e-09
5.742125830890000158e-09
5.734260841714373205e-09
5.726414110921726307e-09
5.718586401916822623e-09
5.710774537317634507e-09
5.702980415482709493e-09
5.695200003060661675e-09
5.687435438555191657e-09
5.679687024605032984e-09
5.671951609316340578e-09
5.664233984001200773e-09
5.656529443334986774e-09
5.648841768520926134e-09
5.641168688214843350e-09
5.633509890990848683e-09
5.625868174142165697e-09
5.618240573115436484e-09
5.610630447929699513e-09
5.603033273414697650e-09
5.595451499995607474e-09
5.587885529887477346e-09
5.580335041031090990e-09
5.572804489948705261e-09
5.565289326579989119e-09
5.557789951768257461e-09
5.550306633405125922e-09
5.542836343025525268e-09
5.535381558624934125e-09
5.527941033198657464e-09
5.520515702775312295e-09
5.513105324811648864e-09
5.505707972396371868e-09
5.498326925350195420e-09
5.490959717848456308e-09
5.483607029916349348e-09
5.476269112716038563e-09
5.468944910349350313e-09
5.461638521577793867e-09
5.454344290395892248e-09
5.447065366640235276e-09
5.439800196928852335e-09
5.432550542259086241e-09
5.425320193768020540e-09
5.418104279192143748e-09
5.410903240978684902e-09
5.403717332788838118e-09
5.396543759793192706e-09
5.389384962307950153e-09
5.382239608516114843e-09
5.375108697021234169e-09
5.367991911778063002e-09
5.360887583543492083e-09
5.353798610417353638e-09
5.346722691088774939e-09
5.339660284030055947e-09
5.332612612433921151e-09
5.325577882490609179e-09
5.318559570129394449e-09
5.311552685591510025e-09
5.304559608258834702e-09
5.297581491440737324e-09
5.290616975056388844e-09
5.283669957544790674e-09
5.276737331747552236e-09
5.269818770409001942e-09
5.262915137996021088e-09
5.256022711562413987e-09
5.249144222544894476e-09
5.242279644278503071e-09
5.235425941507036731e-09
5.228587287777197941e-09
5.221760129160613023e-09
5.214946698944735346e-09
5.208146837037615629e-09
5.201358378902041129e-09
5.194585512428181661e-09
5.187823967419349190e-09
5.181075233231958962e-09
5.174339915667927122e-09
5.167616995350832879e-09
5.160909993534978965e-09
5.154213515210609462e-09
5.147530875579289242e-09
5.140865665403746314e-09
5.134213618151917823e-09
5.127574936985323703e-09
5.120948986044060451e-09
5.114333815162279389e-09
5.107732488797622078e-09
5.101141980683573534e-09
5.094565120477738465e-09
5.088000533207278975e-09
5.081446916467550831e-09
5.074906905019279895e-09
5.068378388542421207e-09
5.061861502366503964e-09
5.055358688147193969e-09
5.048867218588148880e-09
5.042388929361992271e-09
5.035921128881048369e-09
5.029465889019162003e-09
5.023025252841258190e-09
5.016595313859854094e-09
5.010178894603002007e-09
5.003777690820047121e-09
4.997388677373688486e-09
4.991012972603109584e-09
4.984648341444774540e-09
4.978294279961761736e-09
4.971953399050138399e-09
4.965621952020401740e-09
4.959304066177226739e-09
4.952997505385903443e-09
4.946701122237272006e-09
4.940417633910699187e-09
4.934144887588874136e-09
4.927883015519527364e-09
4.921634691696370107e-09
4.915396752424353467e-09
4.909170888893240147e-09
4.902955144243220705e-09
4.896751162608206215e-09
4.890561677247896641e-09
4.884381287276640388e-09
4.878213051102916298e-09
4.872060242655282916e-09
4.865919102631912734e-09
4.859789471994955058e-09
4.853671616348547702e-09
4.847563256057149522e-09
4.841466253004509280e-09
4.835381029468178435e-09
4.829305412443406505e-09
4.823242036754097753e-09
4.817187968359348717e-09
4.811145629266115072e-09
4.805114618976236264e-09
4.799093237073917837e-09
4.793084726148014621e-09
4.787085392083193366e-09
4.781096214752661163e-09
4.775120551771861526e-09
4.769154349799649368e-09
4.763199286959063411e-09
4.757254415918693060e-09
4.751321240657112103e-09
4.745402140844885371e-09
4.739494335422991333e-09
4.733597579585440078e-09
4.727712895751742336e-09
4.721837464384757206e-09
4.715972636656463560e-09
4.710118780882445179e-09
4.704273630728427003e-09
4.698439856831261694e-09
4.692616999593620795e-09
4.686802880059337383e-09
4.681000462160254805e-09
4.675207655286426617e-09
4.669424371011156767e-09
4.663653543445559807e-09
4.657891867312771625e-09
4.652140291512066591e-09
4.646399017387864728e-09
4.640668066900731827e-09
4.634949108687663866e-09
4.629238231123617955e-09
4.623538594796823749e-09
4.617853148162464492e-09
4.612177521441620511e-09
4.606512482640545734e-09
4.600858722964042346e-09
4.595213473276305910e-09
4.589578696060075654e-09
4.583954039842875679e-09
4.578337829621831411e-09
4.572732140385704194e-09
4.567137116896811253e-09
4.561550237491820118e-09
4.555974545147001385e-09
4.550407862710634664e-09
4.544850325143462252e-09
4.539304635378081819e-09
4.533767504433669656e-09
4.528239718799717155e-09
4.522722376352148103e-09
4.517214684131383471e-09
4.511717694380434667e-09
4.506228826514261331e-09
4.500750724682940448e-09
4.495285561603420718e-09
4.489830217643772863e-09
4.484384694266656519e-09
4.478950209903284007e-09
4.473524138220929626e-09
4.468107089082241718e-09
4.462700386908682727e-09
4.457301256044041531e-09
4.451912963659098102e-09
4.446533974301469107e-09
4.441162925984614690e-09
4.435802106042776651e-09
4.430450820371780536e-09
4.425107806865990709e-09
4.419775750595233898e-09
4.414451397644315164e-09
4.409135826905094402e-09
4.403832569933262400e-09
4.398536247619708829e-09
4.393248699589815922e-09
4.387972606962809864e-09
4.382704796089427194e-09
4.377446748257359799e-09
4.372201106079578769e-09
4.366964957946667803e-09
4.361737908571007721e-09
4.356520638590510834e-09
4.351310791737202065e-09
4.346110504432730365e-09
4.340919605690927150e-09
4.335736044474297999e-09
4.330561625291271476e-09
4.325397138349212249e-09
4.320239711176542117e-09
4.315092472930445598e-09
4.309953270191690710e-09
4.304822060036264119e-09
4.299701798593378236e-09
4.294588893539012399e-09
4.289483864804811545e-09
4.284389640529389778e-09
4.279303266715155965e-09
4.274225334251040932e-09
4.269156600469700782e-09
4.264096686773714089e-09
4.259046986739889841e-09
4.254007580143603362e-09
4.248977102922097249e-09
4.243955826108978927e-09
4.238943353032410292e-09
4.233938036502463977e-09
4.228941570251901563e-09
4.223954362909673630e-09
4.218973921643234870e-09
4.214002230130217185e-09
4.209039892873943396e-09
4.204084334884163074e-09
4.199138416931811778e-09
4.194200090648600218e-09
4.189269403648325757e-09
4.184349195963971638e-09
4.179435676972582632e-09
4.174529681523417995e-09
4.169634611102687451e-09
4.164746235309846136e-09
4.159865508736207491e-09
4.154994848723143157e-09
4.150131855837401784e-09
4.145277470721831386e-09
4.140434223275610536e-09
4.135599450378226162e-09
4.130772789832031480e-09
4.125954988483622328e-09
4.121143978840959536e-09
4.116341562148890116e-09
4.111547377162820797e-09
4.106759642473878466e-09
4.101981033705705629e-09
4.097210481146218206e-09
4.092446609982760173e-09
4.087691398797473784e-09
4.082944441041801613e-09
4.078204449604846734e-09
4.073473407619006606e-09
4.068749269006467464e-09
4.064033247363905956e-09
4.059326397822674483e-09
4.054625387386138656e-09
4.049932923800746512e-09
4.045250293483617915e-09
4.040573207932433796e-09
4.035904864834473457e-09
4.031247231147216355e-09
4.026597568375804256e-09
4.021955827619475806e-09
4.017322917255929771e-09
4.012697165191687624e-09
4.008077912016588655e-09
4.003466400755355817e-09
3.998863466576526022e-09
3.994266336324507251e-09
3.989677015007810094e-09
3.985096131025316164e-09
3.980521140034678651e-09
3.975954711716278794e-09
3.971395208345990864e-09
3.966842378627246394e-09
3.962298858723084747e-09
3.957761016852694592e-09
3.953230320276048559e-09
3.948709504663701732e-09
3.944193657738780999e-09
3.939685127667733748e-09
3.935186697496983847e-09
3.930693169043751146e-09
3.926207785906541342e-09
3.921732739877601739e-09
3.917264938446193185e-09
3.912804588313085855e-09
3.908352648719551780e-09
3.903907368212272945e-09
3.899468296945306632e-09
3.895036593556337035e-09
3.890613037691807887e-09
3.886194971656276779e-09
3.881784285798680695e-09
3.877381707783516270e-09
3.872984664902707014e-09
3.868595646068378204e-09
3.864213430496163213e-09
3.859837564919539718e-09
3.855470120743639756e-09
3.851108331778237474e-09
3.846753759598021218e-09
3.842407738276599007e-09
3.838066604380263708e-09
3.833733417504040911e-09
3.829408548850560023e-09
3.825088742228400420e-09
3.820777046393576906e-09
3.816474115184264804e-09
3.812178776637096295e-09
3.807890792034862831e-09
3.803610008756565666e-09
3.799336534392018739e-09
3.795068590208057360e-09
3.790808156170409089e-09
3.786554615531204948e-09
3.782306225151493970e-09
3.778066014925022793e-09
3.773832426168445072e-09
3.769604429940170829e-09
3.765383639257232508e-09
3.761170020318632284e-09
3.756962593253734770e-09
3.752761082739367446e-09
3.748568005430853273e-09
3.744380602701582669e-09
3.740198796304252561e-09
3.736026101572532765e-09
3.731858510801433122e-09
3.727696920952828718e-09
3.723544169221821889e-09
3.719396556082235815e-09
3.715255714200157178e-09
3.711124689922185370e-09
3.706999891931206422e-09
3.702881850075776473e-09
3.698771360263040847e-09
3.694666816245958582e-09
3.690567735545929637e-09
3.686475364616858422e-09
3.682390092879600511e-09
3.678309737977748924e-09
3.674236315887141017e-09
3.670169599384473638e-09
3.666108040642489199e-09
3.662053445471040612e-09
3.658005489717553633e-09
3.653963238943761933e-09
3.649926997915066765e-09
3.645897953413817155e-09
3.641874793770630439e-09
3.637856942435339360e-09
3.633847188541114698e-09
3.629842664254131377e-09
3.625843637124216898e-09
3.621852926360700073e-09
3.617867087862390039e-09
3.613887580282894727e-09
3.609917370761552877e-09
3.605953035709012400e-09
3.601995038461368788e-09
3.598044199100654300e-09
3.594099108532938307e-09
3.590159110376774052e-09
3.586225750006748369e-09
3.582298743236144070e-09
3.578376400789892441e-09
3.574461118364680168e-09
3.570551886432197326e-09
3.566647575191956294e-09
3.562749768520115087e-09
3.558858386244583388e-09
3.554972483472866995e-09
3.551091867577353674e-09
3.547219077246880411e-09
3.543350760032861658e-09
3.539487791798394075e-09
3.535633356254363849e-09
3.531782460827931048e-09
3.527937652123639600e-09
3.524101082820942846e-09
3.520268126826402081e-09
3.516442182981354659e-09
3.512623575568538313e-09
3.508811567176655727e-09
3.505006044123019948e-09
3.501206244741725956e-09
3.497412856083901309e-09
3.493624389813820764e-09
3.489841650909893427e-09
3.486065074591423876e-09
3.482294214959968839e-09
3.478528143222006592e-09
3.474768082676240006e-09
3.471014505684372946e-09
3.467265261279665509e-09
3.463522415772794473e-09
3.459785336824095899e-09
3.456053382543385618e-09
3.452327323772649864e-09
3.448607139916512892e-09
3.444892637171454092e-09
3.441182801263231731e-09
3.437480362386873038e-09
3.433782479438904769e-09
3.430089532294722131e-09
3.426404420580607501e-09
3.422723074352264323e-09
3.419047947015065680e-09
3.415380803924781025e-09
3.411719196934159321e-09
3.408063501042612146e-09
3.404413654003268538e-09
3.400769678497246769e-09
3.397130143142053039e-09
3.393496277539860519e-09
3.389868110766694330e-09
3.386244974204314720e-09
3.382626690013570179e-09
3.379014152728395256e-09
3.375407590066813701e-09
3.371805126150718101e-09
3.368208715590433723e-09
3.364617721886701872e-09
3.361031586421978328e-09
3.357450878252542506e-09
3.353875970964025693e-09
3.350306193978881403e-09
3.346740640317961529e-09
3.343182657725811961e-09
3.339628361115640112e-09
3.336078858221172299e-09
3.332537096836289402e-09
3.328998455122510231e-09
3.325466030464688138e-09
3.321940420153257974e-09
3.318420583978177817e-09
3.314906602374291082e-09
3.311397618330560624e-09
3.307894482113784721e-09
3.304396024376265554e-09
3.300902220568897613e-09
3.297413761501851753e-09
3.293931155603039786e-09
3.290452263642581730e-09
3.286978972742208699e-09
3.283511194841098620e-09
3.280047407824547561e-09
3.276589236306960421e-09
3.273136486157070257e-09
3.269688303134283276e-09
3.266244611833612241e-09
3.262807737398612192e-09
3.259374284542910381e-09
3.255945931346628919e-09
3.252524030447953266e-09
3.249105673752886290e-09
3.245693151116792632e-09
3.242285256425319500e-09
3.238883026860797816e-09
3.235485543793485802e-09
3.232092819191550377e-09
3.228707801091032442e-09
3.225327443962239221e-09
3.221952195524989181e-09
3.218582477037051608e-09
3.215217854120999052e-09
3.211857155599559486e-09
3.208501670235954127e-09
3.205151221037199182e-09
3.201805377600353412e-09
3.198463828943353733e-09
3.195127311808130088e-09
3.191796398129257188e-09
3.188468990583461876e-09
3.185146989631488493e-09
3.181830140565490616e-09
3.178517612355550860e-09
3.175209216666878698e-09
3.171907393066614765e-09
3.168608875381484877e-09
3.165314964058352265e-09
3.162027639234891353e-09
3.158743172427067910e-09
3.155464446526281437e-09
3.152190365130368133e-09
3.148921234469447327e-09
3.145656847563697395e-09
3.142396912702083401e-09
3.139144303543189797e-09
3.135896100908116404e-09
3.132652729051478913e-09
3.129414550821236962e-09
3.126181292608185062e-09
3.122951708072560215e-09
3.119726878692666372e-09
3.116506882136718553e-09
3.113291646396016896e-09
3.110080047817594892e-09
3.106873297365147124e-09
3.103671705205449269e-09
3.100473564597184347e-09
3.097280513074172779e-09
3.094092329315902869e-09
3.090908176473828506e-09
3.087728080871219475e-09
3.084554079663808613e-09
3.081383059910788102e-09
3.078217146458043292e-09
3.075055873373918277e-09
3.071899034304266300e-09
3.068746837380197985e-09
3.065598215350976716e-09
3.062456061277342658e-09
3.059316689978180711e-09
3.056182478746143882e-09
3.053054259575907676e-09
3.049930851596561871e-09
3.046812461170384824e-09
3.043698141595708879e-09
3.040589170428405490e-09
3.037484117847048102e-09
3.034382691871850799e-09
3.031286040937122762e-09
3.028194068198104287e-09
3.025105091770981238e-09
3.022021400267803347e-09
3.018941917422497551e-09
3.015866913207176451e-09
3.012795341666790546e-09
3.009728633039487574e-09
3.006666302102142606e-09
3.003607942401120088e-09
3.000553331216884518e-09
2.997504504450420527e-09
2.994458696583063731e-09
2.991416925676748148e-09
2.988381078508636603e-09
2.985347857195706985e-09
2.982319753354561097e-09
2.979295245763047701e-09
2.976276171711171248e-09
2.973260483231711311e-09
2.970249073357303128e-09
2.967244057179851028e-09
2.964243146627652744e-09
2.961246936642542034e-09
2.958254742663008117e-09
2.955267399218720332e-09
2.952283889707402874e-09
2.949303873470244574e-09
2.946328281615257801e-09
2.943357256112229876e-09
2.940388943397689706e-09
2.937425802418458732e-09
2.934466544172004113e-09
2.931511614108200659e-09
2.928559879014624766e-09
2.925612751080169915e-09
2.922669870043913612e-09
2.919730715819533936e-09
2.916795017266258076e-09
2.913865045432753333e-09
2.910937692368419231e-09
2.908014492755969465e-09
2.905096343851279374e-09
2.902181312503339541e-09
2.899270924832118259e-09
2.896363603435249677e-09
2.893462146725922270e-09
2.890563074182739498e-09
2.887668769156070136e-09
2.884779530788945651e-09
2.881895094515370919e-09
2.879014791897956408e-09
2.876138306003861174e-09
2.873266726569249443e-09
2.870398608746914580e-09
2.867533644580170194e-09
2.864673233226951004e-09
2.861816666143405846e-09
2.858963812774167768e-09
2.856114356199741971e-09
2.853268972162303654e-09
2.850428033405233088e-09
2.847589927939696565e-09
2.844756034251640833e-09
2.841926542921387085e-09
2.839100397213497320e-09
2.836277754138714399e-09
2.833459641993806271e-09
2.830645040368026067e-09
2.827834473135984394e-09
2.825026578043975290e-09
2.822224847202982329e-09
2.819424777261784394e-09
2.816629523650287198e-09
2.813838181945478791e-09
2.811050676025923922e-09
2.808266856420163246e-09
2.805486569108247828e-09
2.802712278803614306e-09
2.799941507655443466e-09
2.797174979089176564e-09
2.794411948639897805e-09
2.791653450163308030e-09
2.788898300981120198e-09
2.786146122052019644e-09
2.783398145119917234e-09
2.780654000370573959e-09
2.777912857995872791e-09
2.775175389936605565e-09
2.772441668363802201e-09
2.769712223765792169e-09
2.766985341049646391e-09
2.764262561080447553e-09
2.761543809162710593e-09
2.758828221553070898e-09
2.756115953081659452e-09
2.753408053821505057e-09
2.750703337534055080e-09
2.748002519988136658e-09
2.745304137948827267e-09
2.742611693430188324e-09
2.739920720508479593e-09
2.737234451216402839e-09
2.734551493356210115e-09
2.731872674297467670e-09
2.729196921848944272e-09
2.726524755900173921e-09
2.723857988260161737e-09
2.721194788899314006e-09
2.718535677126856996e-09
2.715879813742949791e-09
2.713228396239424820e-09
2.710580064885793387e-09
2.707934539748657174e-09
2.705293049935544031e-09
2.702655009649342994e-09
2.700020555626993433e-09
2.697388839868752215e-09
2.694760986063435030e-09
2.692136910505467178e-09
2.689515556377786132e-09
2.686897762530499190e-09
2.684284044540135025e-09
2.681673398435184543e-09
2.679066053385708476e-09
2.676461744886080993e-09
2.673862229997965875e-09
2.671264929631898813e-09
2.668671196826870669e-09
2.666081552166379446e-09
2.663494969355523199e-09
2.660911901785989909e-09
2.658331362214399434e-09
2.655756281968826665e-09
2.653182925408295766e-09
2.650613865374657357e-09
2.648047955499441170e-09
2.645487400049073038e-09
2.642929856898868336e-09
2.640375932241908236e-09
2.637825544652168573e-09
2.635278776344274008e-09
2.632735150793392202e-09
2.630194273822268217e-09
2.627657083841651987e-09
2.625123406297692834e-09
2.622592339182230035e-09
2.620064648471406191e-09
2.617540255068898808e-09
2.615019772744294872e-09
2.612501551810082838e-09
2.609986865129636980e-09
2.607476102034499286e-09
2.604968077694058762e-09
2.602463053784561268e-09
2.599961386180663066e-09
2.597463706076469383e-09
2.594968426711662610e-09
2.592476285686858955e-09
2.589988467814787423e-09
2.587503075545111358e-09
2.585021275171342425e-09
2.582541773135323352e-09
2.580067458231054430e-09
2.577594736156217435e-09
2.575126131495747591e-09
2.572660430870257013e-09
2.570199853243210190e-09
2.567742133179765244e-09
2.565287923974478537e-09
2.562836851277909303e-09
2.560389427551826866e-09
2.557944957175634944e-09
2.555502907460338439e-09
2.553064527386782163e-09
2.550629288499373033e-09
2.548196972626099813e-09
2.545767347659317892e-09
2.543341112345155688e-09
2.540918329034078198e-09
