1.657350080089280158e-07
1.702276554583701058e-07
1.757693895872175803e-07
1.807299003103866065e-07
1.851749737449633299e-07
1.891598587543161870e-07
1.927316841163321668e-07
1.959311844497644250e-07
1.987190339124117227e-07
2.013496180593354293e-07
2.036142408143997686e-07
2.056483647619862202e-07
2.074109572362593329e-07
2.090100851081264366e-07
2.103722129191349071e-07
2.115812617360037239e-07
2.126032876398081070e-07
2.134800451399107128e-07
2.141562838308132685e-07
2.147447444748368030e-07
2.152765829241945204e-07
2.156279974627661467e-07
2.158679373867578055e-07
2.160403028659770554e-07
2.160893854519749184e-07
2.160641766059738273e-07
2.159749405730676785e-07
2.157612796189907420e-07
2.154821587820570375e-07
2.151925480192013252e-07
2.148720730015053828e-07
2.144484758839771014e-07
2.139564131734125023e-07
2.134348745029115961e-07
2.128725254047782525e-07
2.122265649616950745e-07
2.115341354388164895e-07
2.108385926859240267e-07
2.101521152509672149e-07
2.094462423879299321e-07
2.086703640802012868e-07
2.078460347495434368e-07
2.070042450594367062e-07
2.061557314412524040e-07
2.052854170857688941e-07
2.043653322921414821e-07
2.034162995552316314e-07
2.024653634939011529e-07
2.015262387135149756e-07
2.005958894075896596e-07
1.996507966845520896e-07
1.986594505404912705e-07
1.976364265192722452e-07
1.966049122556176071e-07
1.955804780315929477e-07
1.945691917656549763e-07
1.935655755350438405e-07
1.925503985851405523e-07
1.915002150094139770e-07
1.904262429539603401e-07
1.893466991994823485e-07
1.882752426906285662e-07
1.872199215653149336e-07
1.861820397734149332e-07
1.851549409658097702e-07
1.841227073347924554e-07
1.830671982110797479e-07
1.819954481732026404e-07
1.809195854968940493e-07
1.798486796715808040e-07
1.787881280428430724e-07
1.777390007198145287e-07
1.766973426687448538e-07
1.756534319139435139e-07
1.745964496542735781e-07
1.735321216652261236e-07
1.724694024525402526e-07
1.714151654697099643e-07
1.703738291647543430e-07
1.693469600212656371e-07
1.683328520544411584e-07
1.673260822228025723e-07
1.663170412163075013e-07
1.652958902241806347e-07
1.642669423303061086e-07
1.632376403690973729e-07
1.622142839672354127e-07
1.612018277007992446e-07
1.602036677898185512e-07
1.592214170845013542e-07
1.582546680973912097e-07
1.573007438357060597e-07
1.563544361881134362e-07
1.554077316201946004e-07
1.544527806008374571e-07
1.534923788685980127e-07
1.525317525142583516e-07
1.515754390720558322e-07
1.506271775215595012e-07
1.496897926773766143e-07
1.487650738585871607e-07
1.478536477298046577e-07
1.469548452057607422e-07
1.460665623113116929e-07
1.451851148887647544e-07
1.443050870444221586e-07
1.434213190513155754e-07
1.425357774798812074e-07
1.416520436952481642e-07
1.407732517419533716e-07
1.399020256408057188e-07
1.390404138275799313e-07
1.381898206841502362e-07
1.373509351126762395e-07
1.365236561034514508e-07
1.357070152470264788e-07
1.348990961412177035e-07
1.340969506436129460e-07
1.332965119201853649e-07
1.324940254046522357e-07
1.316908990513682754e-07
1.308897382985720517e-07
1.300928838059731026e-07
1.293023771435290643e-07
1.285199250635123912e-07
1.277468623337385397e-07
1.269841131098268283e-07
1.262321508243682281e-07
1.254909565708700253e-07
1.247599759603514787e-07
1.240380744284615239e-07
1.233234909709911130e-07
1.226137902856528563e-07
1.219058132979990715e-07
1.211967152773976737e-07
1.204874244805666192e-07
1.197797636801106179e-07
1.190754024486000325e-07
1.183758389383879606e-07
1.176823809831036120e-07
1.169961265112867999e-07
1.163179432626271460e-07
1.156484477972724991e-07
1.149879837886702479e-07
1.143365995904054310e-07
1.136940250675004230e-07
1.130596476826392952e-07
1.124324878277816257e-07
1.118111733916293889e-07
1.111939135534111317e-07
1.105784717934475127e-07
1.099628743279072157e-07
1.093477374128708375e-07
1.087342962224576802e-07
1.081236950419629797e-07
1.075169775607821648e-07
1.069150768415193443e-07
1.063188049611988713e-07
1.057288423204975101e-07
1.051457266169169713e-07
1.045698414778144701e-07
1.040014047492103719e-07
1.034404564362909000e-07
1.028868462915253120e-07
1.023402210463150563e-07
1.018000112820942234e-07
1.012654179367995976e-07
1.007353984426286301e-07
1.002086524910041835e-07
9.968360742066444578e-08
9.915889774614496219e-08
9.863492174724247448e-08
9.811250181634600525e-08
9.759240650561575915e-08
9.707534538736540673e-08
9.656196376097130233e-08
9.605283720457505089e-08
9.554846596984643374e-08
9.504926921807281717e-08
9.455557909584217297e-08
9.406763464858583465e-08
9.358557557024805252e-08
9.310943578734861673e-08
9.263913687570553223e-08
9.217448130808397486e-08
9.171514553103838027e-08
9.126067286921423915e-08
9.081046625537637067e-08
9.036378078442990388e-08
8.991971608970108290e-08
8.947720853974398007e-08
8.903534715612141133e-08
8.859438897567326736e-08
8.815487229277206429e-08
8.771730274669522515e-08
8.728215056895156925e-08
8.684984775716001293e-08
8.642078517473766033e-08
8.599530957565366866e-08
8.557372055350625178e-08
8.515626741417948460e-08
8.474314597133670294e-08
8.433449526400763782e-08
8.393039419552580098e-08
8.353085809307359133e-08
8.313583518709118928e-08
8.274520300980686737e-08
8.235876471214520766e-08
8.197624529827028536e-08
8.159728777702030893e-08
8.122144922949133217e-08
8.084819679202622401e-08
8.047690355386602194e-08
8.010684436872083411e-08
7.973740652893745140e-08
7.936876109508738341e-08
7.900126896799267983e-08
7.863527208276889288e-08
7.827109195985930990e-08
7.790902822127774432e-08
7.754935707174320070e-08
7.719232974438955719e-08
7.683817091073436196e-08
7.648707705458910623e-08
7.613921480959525544e-08
7.579471926006870588e-08
7.545369220483664385e-08
7.511620038374959361e-08
7.478227366655253878e-08
7.445190320379804890e-08
7.412503953948518997e-08
7.380159068510719037e-08
7.348142015479161453e-08
7.316434496121600248e-08
7.285013357198274092e-08
7.253850382613634895e-08
7.222912081050641461e-08
7.192159469555984196e-08
7.161547853044555212e-08
7.131026599691515238e-08
7.100553317927288948e-08
7.070138692062206085e-08
7.039806342682529835e-08
7.009578802058622892e-08
6.979477439110110313e-08
6.949522382752799155e-08
6.919732443614228541e-08
6.890125034104571586e-08
6.860716086829670178e-08
6.831519971332991539e-08
6.802549409153279628e-08
6.773815387184674430e-08
6.745327069326065564e-08
6.717091706406477094e-08
6.689114544373251282e-08
6.661398730729783178e-08
6.633945219209630698e-08
6.606752672673726937e-08
6.579817364217511417e-08
6.553133076474712321e-08
6.526690999104610982e-08
6.500479624449504766e-08
6.474484641349197000e-08
6.448688827099253894e-08
6.423071937539817400e-08
6.397610595261757644e-08
6.372278175916924745e-08
6.347044692619290281e-08
6.321876678423748806e-08
6.296746420919950874e-08
6.271660979690018009e-08
6.246635924107979463e-08
6.221686206275076454e-08
6.196826122384568473e-08
6.172069273337427626e-08
6.147428524603457641e-08
6.122915965322256397e-08
6.098542866638612862e-08
6.074319639266771862e-08
6.050255790278113894e-08
6.026359879106711179e-08
6.002639472767305878e-08
5.979101100280162372e-08
5.955750206297336235e-08
5.932591103924842245e-08
5.909626926735215074e-08
5.886859579964982744e-08
5.864289690891545155e-08
5.841916558383946672e-08
5.819738101622072126e-08
5.797750807978731411e-08
5.775949680059173933e-08
5.754328181892490145e-08
5.732878184269446737e-08
5.711589909221212032e-08
5.690451873633518171e-08
5.669450831990716640e-08
5.648571718244255834e-08
5.627797586800085551e-08
5.607109552619458848e-08
5.586486730427676532e-08
5.565906173025227516e-08
5.545349009852129161e-08
5.524819625010725884e-08
5.504328126683741334e-08
5.483884284183681851e-08
5.463497508590822673e-08
5.443176833053815617e-08
5.422930892750653099e-08
5.402767904507819947e-08
5.382695646075351309e-08
5.362721435055632103e-08
5.342852107483682106e-08
5.323093996056713162e-08
5.303452908010733052e-08
5.283934102641989106e-08
5.264542268471010900e-08
5.245281500047052399e-08
5.226155274390665733e-08
5.207166427072265876e-08
5.188317127924376082e-08
5.169608856385389495e-08
5.151042376472610910e-08
5.132617711382344637e-08
5.114334117714826837e-08
5.096190059321755051e-08
5.078183180774240427e-08
5.060310280448885730e-08
5.042567283229844421e-08
5.024949212824594337e-08
5.007450163691211097e-08
4.990063272574935658e-08
4.972780689651788063e-08
4.955593549277033702e-08
4.938491940336257451e-08
4.921464876196844717e-08
4.904500264257615504e-08
4.887584875094444270e-08
4.870704311199573304e-08
4.853846819984901766e-08
4.837015149249627674e-08
4.820215609604331279e-08
4.803454307064388078e-08
4.786737132908056873e-08
4.770069753377486236e-08
4.753457599221718234e-08
4.736905855080774202e-08
4.720419448709872322e-08
4.704003040042902164e-08
4.687661010094174175e-08
4.671397449697567954e-08
4.655216148082143608e-08
4.639120581283273879e-08
4.623113900388402342e-08
4.607198919616483375e-08
4.591378104230197324e-08
4.575653558280001157e-08
4.560027012179105392e-08
4.544499810108446887e-08
4.529072897250743607e-08
4.513746806852682435e-08
4.498521647114364552e-08
4.483397087905032946e-08
4.468372347304188721e-08
4.453446177967180343e-08
4.438616853314308929e-08
4.423882153542564850e-08
4.409239351459051977e-08
4.394685198135167186e-08
4.380215908380644413e-08
4.365827146036505044e-08
4.351514009086019310e-08
4.337271014582733050e-08
4.323092083394656559e-08
4.308970524763673860e-08
4.294899020679272431e-08
4.280869610065645760e-08
4.266873672781254874e-08
4.252904225262726882e-08
4.238963030802934693e-08
4.225053986998944685e-08
4.211180855540601359e-08
4.197347256514985821e-08
4.183556662632584590e-08
4.169812393374765743e-08
4.156117609062130274e-08
4.142475304843356830e-08
4.128888304604107714e-08
4.115359254795585880e-08
4.101890618182339238e-08
4.088484667508898032e-08
4.075143479084827724e-08
4.061868926287801662e-08
4.048662672984254134e-08
4.035526166867233963e-08
4.022460632711027194e-08
4.009467065542145201e-08
3.996546223726257345e-08
3.983698621970667171e-08
3.970924524241926491e-08
3.958223936598145307e-08
3.945596599935627662e-08
3.933041982649391370e-08
3.920559273207167966e-08
3.908147372636477876e-08
3.895804886924363932e-08
3.883530119329376229e-08
3.871321062605378875e-08
3.859175391136802095e-08
3.847090452984889034e-08
3.835063261844552128e-08
3.823090488911426126e-08
3.811168454658683634e-08
3.799293120523232704e-08
3.787460080500859695e-08
3.775664552649923686e-08
3.763901370503173617e-08
3.752166383855889070e-08
3.740460784273494348e-08
3.728787055611275922e-08
3.717147587382506094e-08
3.705544671361969925e-08
3.693980498147624238e-08
3.682457153680180933e-08
3.670976615720449819e-08
3.659540750284204732e-08
3.648151308034402872e-08
3.636809920630531028e-08
3.625518097034915262e-08
3.614277219775757122e-08
3.603088541166723699e-08
3.591953179482889662e-08
3.580872115092810940e-08
3.569846186546567904e-08
3.558876086619544460e-08
3.547962358311761744e-08
3.537105390802567873e-08
3.526305415360479296e-08
3.515562501207978520e-08
3.504876551341063068e-08
3.494247298303360387e-08
3.483674299914592311e-08
3.473156934953207761e-08
3.462694398792964649e-08
3.452285698993287602e-08
3.441929650843181818e-08
3.431624872858504511e-08
3.421369782232417947e-08
3.411162590238793099e-08
3.401001297588391881e-08
3.390883689737613550e-08
3.380807332149611390e-08
3.370769565507582466e-08
3.360767500880027317e-08
3.350798014837784999e-08
3.340857744522646978e-08
3.330944001306349002e-08
3.321057584896659666e-08
3.311200134347321268e-08
3.301373223010107372e-08
3.291578356449961064e-08
3.281816970336798096e-08
3.272090428313902162e-08
3.262400019842791171e-08
3.252746958024460574e-08
3.243132377396903807e-08
3.233557331708806631e-08
3.224022791669314767e-08
3.214529642673770953e-08
3.205078682505326768e-08
3.195670619012327343e-08
3.186306067761353132e-08
3.176985549665843305e-08
3.167709488590179685e-08
3.158478208929136574e-08
3.149291933162592583e-08
3.140150779385413157e-08
3.131054758812389297e-08
3.122003773258141819e-08
3.112997612591883974e-08
3.104035952166942465e-08
3.095118350224936972e-08
3.086244245274523537e-08
3.077412953444581380e-08
3.068623665811766378e-08
3.059875445702310772e-08
3.051167225967983074e-08
3.042497806236091054e-08
3.033865850133439111e-08
3.025269882484145430e-08
3.016708286481187210e-08
3.008179300831609784e-08
2.999681016875278542e-08
2.991211375677069745e-08
2.982768165092416861e-08
2.974349622665935259e-08
2.965956288690028163e-08
2.957589253699057409e-08
2.949249560819597961e-08
2.940938204435412408e-08
2.932656128838787241e-08
2.924404226868166709e-08
2.916183338532047549e-08
2.907994249619061775e-08
2.899837690294213456e-08
2.891714333681189090e-08
2.883624794430713099e-08
2.875569627274878983e-08
2.867549325567404500e-08
2.859564319809762572e-08
2.851614976163120759e-08
2.843701594946052546e-08
2.835824409117948687e-08
2.827983582748087196e-08
2.820179209470301155e-08
2.812411310923191357e-08
2.804679835175830542e-08
2.796984655138902968e-08
2.789325566961227030e-08
2.781702288411607014e-08
2.774114457245956396e-08
2.766561629559637446e-08
2.759043278124975762e-08
2.751558790713875300e-08
2.744107468405492539e-08
2.736688523878917166e-08
2.729301079690794105e-08
2.721944166537843215e-08
2.714616721504215773e-08
2.707317586293637448e-08
2.700045505446280207e-08
2.692799124540313169e-08
2.685576988378069897e-08
2.678377539156790086e-08
2.671199538150151819e-08
2.664043359385938988e-08
2.656909761334287911e-08
2.649799468714381010e-08
2.642713171630906647e-08
2.635651524702366935e-08
2.628615146181215642e-08
2.621604617065792453e-08
2.614620480204021163e-08
2.607663239388852274e-08
2.600733358445396063e-08
2.593831260309749769e-08
2.586957326099461983e-08
2.580111894175609757e-08
2.573295259196473542e-08
2.566507671162753708e-08
2.559749334454327986e-08
2.553020406858492592e-08
2.546320998589678749e-08
2.539651171300600948e-08
2.533010937084806837e-08
2.526400257470616809e-08
2.519819042406392763e-08
2.513267149237137011e-08
2.506744381672367748e-08
2.500250488745256177e-08
2.493785163762985595e-08
2.487348043248309287e-08
2.480938705872271796e-08
2.474556671378070448e-08
2.468201399496017721e-08
2.461872288849579005e-08
2.455568675852463576e-08
2.449289833596723780e-08
2.443034970731841266e-08
2.436803230334771799e-08
2.430593688770914245e-08
2.424405354545973294e-08
2.418237167148692757e-08
2.412088283538670100e-08
2.405958955749481460e-08
2.399849694693739321e-08
2.393760985850833798e-08
2.387693288680213756e-08
2.381647036029550005e-08
2.375622633537771619e-08
2.369620459032949592e-08
2.363640861925013918e-08
2.357684162593291201e-08
2.351750651768831680e-08
2.345840589911527346e-08
2.339954206581983735e-08
2.334091699808146413e-08
2.328253235446649052e-08
2.322438946538872512e-08
2.316648932661704348e-08
2.310883259272962992e-08
2.305141957051490271e-08
2.299425021231877170e-08
2.293732410933818547e-08
2.288064048486067020e-08
2.282419818744981730e-08
2.276799568407643183e-08
2.271203105319521933e-08
2.265630197776684577e-08
2.260080573822515525e-08
2.254553920538940350e-08
2.249049883332132165e-08
2.243568065212681848e-08
2.238108026070222520e-08
2.232669281942472536e-08
2.227251304278702951e-08
2.221853519197596031e-08
2.216475306739478290e-08
2.211116000112920409e-08
2.205774884935673628e-08
2.200451198469937299e-08
2.195144128851927494e-08
2.189853033138212459e-08
2.184578104267094127e-08
2.179319733719878896e-08
2.174078295112889513e-08
2.168854143810132462e-08
2.163647616532802540e-08
2.158459030965606093e-08
2.153288685359899285e-08
2.148136858133626490e-08
2.143003807468055853e-08
2.137889770901291152e-08
2.132794964918560972e-08
2.127719584539265323e-08
2.122663802900778727e-08
2.117627770838987591e-08
2.112611616465568154e-08
2.107615444741977224e-08
2.102639337050159667e-08
2.097683350759954456e-08
2.092747518793190006e-08
2.087831849184462189e-08
2.082936324638582780e-08
2.078060902084685432e-08
2.073205512226984216e-08
2.068370059092171823e-08
2.063554419573444192e-08
2.058758442971150571e-08
2.053981950530044531e-08
2.049224734973140889e-08
2.044486560032161339e-08
2.039767159974554563e-08
2.035066239127086851e-08
2.030383471395991653e-08
2.025718499783667132e-08
2.021070935901913464e-08
2.016440359481693993e-08
2.011826317879415272e-08
2.007228325579718726e-08
2.002645863694764737e-08
1.998078519221820217e-08
1.993526410597270656e-08
1.988989779862237563e-08
1.984468854299888806e-08
1.979963846149811823e-08
1.975474952320221941e-08
1.971002354098003138e-08
1.966546216856567046e-08
1.962106689761532825e-08
1.957683905474212688e-08
1.953277979852905075e-08
1.948889011651980240e-08
1.944517082218759918e-08
1.940162255188177493e-08
1.935824576175219679e-08
1.931504072465132822e-08
1.927200752701401104e-08
1.922914606571476477e-08
1.918645604490262306e-08
1.914393697281343101e-08
1.910158815855949441e-08
1.905940870889658066e-08
1.901739752496815245e-08
1.897555329902679441e-08
1.893387451113276979e-08
1.889235942582963125e-08
1.885100608879682276e-08
1.880981232347920975e-08
1.876877572769349123e-08
1.872789367021139133e-08
1.868716328731956733e-08
1.864658147935624743e-08
1.860614490722440970e-08
1.856584998888153198e-08
1.852569289580581012e-08
1.848566954943878172e-08
1.844577561760431237e-08
1.840600651090380874e-08
1.836635737908773121e-08
1.832682434275997135e-08
1.828740825232605720e-08
1.824811107801024353e-08
1.820893468664538589e-08
1.816988083975785874e-08
1.813095119163876211e-08
1.809214728740130452e-08
1.805347056102433551e-08
1.801492233338200477e-08
1.797650381025952122e-08
1.793821608035494943e-08
1.790006011326695044e-08
1.786203675746860949e-08
1.782414673826705276e-08
1.778639065574904840e-08
1.774876898271241634e-08
1.771128206258323061e-08
1.767393010731884363e-08
1.763671319529657388e-08
1.759963126918812970e-08
1.756268413381967314e-08
1.752587145401749426e-08
1.748919275243924945e-08
1.745264740739077037e-08
1.741623465062829473e-08
1.737995356514625773e-08
1.734380308295038293e-08
1.730778198281626761e-08
1.727188888803320461e-08
1.723612226413336979e-08
1.720048041660625574e-08
1.716496148859830901e-08
1.712956345859775086e-08
1.709428413810458477e-08
1.705912116928563872e-08
1.702407202261474131e-08
1.698913399449786968e-08
1.695430420488330227e-08
1.691957959485675668e-08
1.688495772266411689e-08
1.685043919122534388e-08
1.681602531141662402e-08
1.678171731082168487e-08
1.674751633231372971e-08
1.671342343262775030e-08
1.667943958092324093e-08
1.664556565733733719e-08
1.661180245152827327e-08
1.657815066120917130e-08
1.654461089067215584e-08
1.651118364930273097e-08
1.647786935008440643e-08
1.644466830809355978e-08
1.641158073898450809e-08
1.637860675746472286e-08
1.634574637576024125e-08
1.631299950207115444e-08
1.628036593901723603e-08
1.624784538207361109e-08
1.621543741799650247e-08
1.618314152323895821e-08
1.615095706235663628e-08
1.611888328640348781e-08
1.608691933131744790e-08
1.605506421629600181e-08
1.602331684216167609e-08
1.599167598971737188e-08
1.596014031809156367e-08
1.592870836307329385e-08
1.589737853543698644e-08
1.586614911925697391e-08
1.583501827021183654e-08
1.580398401387840187e-08
1.577304424401543767e-08
1.574219672083704469e-08
1.571143906927562374e-08
1.568076877723454265e-08
1.565018319383027489e-08
1.561968019189639034e-08
1.558926018637865313e-08
1.555892418796079602e-08
1.552867314458575596e-08
1.549850794044273849e-08
1.546842939494771433e-08
1.543843826171748379e-08
1.540853522753716348e-08
1.537872091132115482e-08
1.534899586306757780e-08
1.531936056280606747e-08
1.528981541953904565e-08
1.526036077017635857e-08
1.523099687846327398e-08
1.520172393390189060e-08
1.517254205066582419e-08
1.514345126650826956e-08
1.511445154166336911e-08
1.508554275774084804e-08
1.505672471661395273e-08
1.502799713930063274e-08
1.499935966483799611e-08
1.497081184914995869e-08
1.494235316390810726e-08
1.491398299538581278e-08
1.488570064330543519e-08
1.485750531967874347e-08
1.482939614764050340e-08
1.480137216027512342e-08
1.477343229943647973e-08
1.474557541456080123e-08
1.471780026147263265e-08
1.469010550118389074e-08
1.466248969868593902e-08
1.463495132173469442e-08
1.460748873962876233e-08
1.458010022198055068e-08
1.455278393748037606e-08
1.452553795265354209e-08
1.449836072540208732e-08
1.447125260752655821e-08
1.444421439328334208e-08
1.441724682868157974e-08
1.439035061074311184e-08
1.436352638675791375e-08
1.433677475353494288e-08
1.431009625664853746e-08
1.428349138968019962e-08
1.425696059345586867e-08
1.423050425527857712e-08
1.420412270815658854e-08
1.417781623002689176e-08
1.415158504297412227e-08
1.412542931244486147e-08
1.409934914645730357e-08
1.407334459480633512e-08
1.404741564826389113e-08
1.402156223777473544e-08
1.399578423364751108e-08
1.397008144474116354e-08
1.394445361764662583e-08
1.391890043586385983e-08
1.389342151897412971e-08
1.386801642180759026e-08
1.384268463360615195e-08
1.381742557718155337e-08
1.379223860806873359e-08
1.376712301367440192e-08
1.374207801242086793e-08
1.371710275288502748e-08
1.369219631293261732e-08
1.366735769884760912e-08
1.364258584445681917e-08
1.361787961024965081e-08
1.359323778249303606e-08
1.356865907234148853e-08
1.354414211494232063e-08
1.351968546853595893e-08
1.349528797687046693e-08
1.347094987184717013e-08
1.344667170660625395e-08
1.342245399502830717e-08
1.339829721117007233e-08
1.337420178869686246e-08
1.335016812031177174e-08
1.332619655718153936e-08
1.330228740835917747e-08
1.327844094020326553e-08
1.325465737579396745e-08
1.323093689434571020e-08
1.320727963061656525e-08
1.318368567431429319e-08
1.316015506949905481e-08
1.313668781398277706e-08
1.311328385872517887e-08
1.308994310722642534e-08
1.306666541491643187e-08
1.304345058854078848e-08
1.302029838554329755e-08
1.299720851344514833e-08
1.297418062922065863e-08
1.295121433866965813e-08
1.292830919578642566e-08
1.290546470212521855e-08
1.288268030616239394e-08
1.285995540265508071e-08
1.283728933199640552e-08
1.281468137956729416e-08
1.279213077508479717e-08
1.276963669194696283e-08
1.274719824657423423e-08
1.272481449774736738e-08
1.270248444594188659e-08
1.268020703265900289e-08
1.265798113975307156e-08
1.263580558875552582e-08
1.261367914019530490e-08
1.259160083809052702e-08
1.256957105714151425e-08
1.254759048827762923e-08
1.252565979617340777e-08
1.250377961886396625e-08
1.248195056735824667e-08
1.246017322525008957e-08
1.243844814832713642e-08
1.241677586417752676e-08
1.239515687179441815e-08
1.237359164117832409e-08
1.235208061293722679e-08
1.233062419788450943e-08
1.230922277663466013e-08
1.228787669919679206e-08
1.226658628456589709e-08
1.224535182031194382e-08
1.222417356216666781e-08
1.220305173360820941e-08
1.218198652544344549e-08
1.216097809538813404e-08
1.214002656764475430e-08
1.211913203247817299e-08
1.209829454578895648e-08
1.207751412868451895e-08
1.205679076704792144e-08
1.203612441110445569e-08
1.201551497498592835e-08
1.199496233629266396e-08
1.197446633565322972e-08
1.195402677628187076e-08
1.193364342353361930e-08
1.191331600445716547e-08
1.189304420734536240e-08
1.187282768128344831e-08
1.185266603569495578e-08
1.183255883988530162e-08
1.181250562258302585e-08
1.179250587147874774e-08
1.177255916875327457e-08
1.175266560325070271e-08
1.173282537024866802e-08
1.171303863626945892e-08
1.169330553872030031e-08
1.167362618553176981e-08
1.165400065479433788e-08
1.163442899439302198e-08
1.161491122164013829e-08
1.159544732290620040e-08
1.157603725324887596e-08
1.155668093604006710e-08
1.153737826259109842e-08
1.151812909177594942e-08
1.149893324965265892e-08
1.147979052908271274e-08
1.146070068934859352e-08
1.144166345576936663e-08
1.142267851931435053e-08
1.140374553621484967e-08
1.138486412757396189e-08
1.136603387897443522e-08
1.134725434008458250e-08
1.132852502426227363e-08
1.130984540815693097e-08
1.129121493130961072e-08
1.127263299575110728e-08
1.125409896559809386e-08
1.123561216664730110e-08
1.121717188596773356e-08
1.119877737149088277e-08
1.118042783159899976e-08
1.116212243471135585e-08
1.114386030886852151e-08
1.112564054131468156e-08
1.110746217807791537e-08
1.108932422354850360e-08
1.107122564005523297e-08
1.105316534743968613e-08
1.103514249030297820e-08
1.101715724941170252e-08
1.099921005375609287e-08
1.098130131483889653e-08
1.096343142644461892e-08
1.094560076440758888e-08
1.092780968637878959e-08
1.091005853159153492e-08
1.089234762062592475e-08
1.087467725517211250e-08
1.085704771779236334e-08
1.083945927168189804e-08
1.082191216042856891e-08
1.080440660777125688e-08
1.078694281735713202e-08
1.076952097249764190e-08
1.075214123592331210e-08
1.073480374953731916e-08
1.071750863416784427e-08
1.070025598931918956e-08
1.068304589292169160e-08
1.066587840108037428e-08
1.064875354782240398e-08
1.063167134484328572e-08
1.061463178125182686e-08
1.059763482331387155e-08
1.058068041419478289e-08
1.056376847370069090e-08
1.054689889801847985e-08
1.053007155945453987e-08
1.051328630617227103e-08
1.049654296192830378e-08
1.047984132580751654e-08
1.046318117195672664e-08
1.044656224931718665e-08
1.042998428135577388e-08
1.041344696579492582e-08
1.039694997434131334e-08
1.038049295241323668e-08
1.036407561823334071e-08
1.034769806379836849e-08
1.033136046203841101e-08
1.031506296802544785e-08
1.029880571876472558e-08
1.028258883298506913e-08
1.026641241092823199e-08
1.025027653413719588e-08
1.023418126524348937e-08
1.021812664775345761e-08
1.020211270583355114e-08
1.018613944409454582e-08
1.017020684737479509e-08
1.015431488052241014e-08
1.013846348817645572e-08
1.012265259454707898e-08
1.010688210319462736e-08
1.009115189680775743e-08
1.007546183698044851e-08
1.005981176398805343e-08
1.004420149656225245e-08
1.002863083166500136e-08
1.001309954426142080e-08
9.997607387091658122e-09
9.982154090441683974e-09
9.966739361913058134e-09
9.951362886191634925e-09
9.936024324815221412e-09
9.920723315940176819e-09
9.905459474106979610e-09
9.890232390004692776e-09
9.875041630234414997e-09
9.859886737071646538e-09
9.844767228227588084e-09
9.829682596609400645e-09
9.814632310079360331e-09
9.799615811212980820e-09
9.784632517056029053e-09
9.769681818880518530e-09
9.754763231922661026e-09
9.739876849656929637e-09
9.725022901642587220e-09
9.710201604528121011e-09
9.695413161900230877e-09
9.680657764132094616e-09
9.665935588230913601e-09
9.651246797684768569e-09
9.636591542308732587e-09
9.621969958090294162e-09
9.607382167034029263e-09
9.592828277005578514e-09
9.578308381574904741e-09
9.563822559858806054e-09
9.549370876362727480e-09
9.534953380821828136e-09
9.520570108041345299e-09
9.506221077736205735e-09
9.491906294369932278e-09
9.477625746992796015e-09
9.463379409079248827e-09
9.449167238364626356e-09
9.434989176681116436e-09
9.420845149792974783e-09
9.406735067231022708e-09
9.392658822126406963e-09
9.378616291043595297e-09
9.364607333812663921e-09
9.350631793360815713e-09
9.336689495543175458e-09
9.322780248972822434e-09
9.308903844850073561e-09
9.295060056791058500e-09
9.281248640655485750e-09
9.267469334373704009e-09
9.253721857772989272e-09
9.240005912403094099e-09
9.226321181361019329e-09
9.212667329115062835e-09
9.199044081530948863e-09
9.185451468659723897e-09
9.171889588097066750e-09
9.158358525236893512e-09
9.144858353140517431e-09
9.131389132405201641e-09
9.117950911032131208e-09
9.104543724293814429e-09
9.091167594600865385e-09
9.077822531368228996e-09
9.064508530880788975e-09
9.051225576158406700e-09
9.037973636820352931e-09
9.024752668949140638e-09
9.011562614953798672e-09
8.998403403432486987e-09
8.985274949034587434e-09
8.972177152322144393e-09
8.959109899630721408e-09
8.946073062929667231e-09
8.933066499681769730e-09
8.920090052702317554e-09
8.907143550017548025e-09
8.894226804722496145e-09
8.881339614838244730e-09
8.868481763168554160e-09
8.855653017155899865e-09
8.842853128736892730e-09
8.830081834197087398e-09
8.817338854025188370e-09
8.804623892766653934e-09
8.791936638876646607e-09
8.779276764572426067e-09
8.766643925685086952e-09
8.754037761510687857e-09
8.741457894660788073e-09
8.728903930912332497e-09
8.716375459056936020e-09
8.703872050749555796e-09
8.691393373799756744e-09
8.678939535567113697e-09
8.666510748139054884e-09
8.654107215599435572e-09
8.641729133938539164e-09
8.629376690962714335e-09
8.617050066203596922e-09
8.604749430826948001e-09
8.592474947541055217e-09
8.580226770504790006e-09
8.568005045235201590e-09
8.555809908514755294e-09
8.543641488298139063e-09
8.531499903618684527e-09
8.519385264494361226e-09
8.507297671833395307e-09
8.495237217339446499e-09
8.483203983416414516e-09
8.471198043072808703e-09
8.459219459825720642e-09
8.447268287604393090e-09
8.435344570653370360e-09
8.423448343435240088e-09
8.411579630532966352e-09
8.399738446551815840e-09
8.387924796020853869e-09
8.376138673294049980e-09
8.364380062450943473e-09
8.352648937196925130e-09
8.340945260763080533e-09
8.329268985805618134e-09
8.317620054304896974e-09
8.305998397464024267e-09
8.294403935607021190e-09
8.282836578076614798e-09
8.271296223131551820e-09
8.259782757843540225e-09
8.248296057993747424e-09
8.236835987968868332e-09
8.225402434474891209e-09
8.213995408813880896e-09
8.202614946955387628e-09
8.191261075861581847e-09
8.179933813399164429e-09
8.168633168250919569e-09
8.157359139826903709e-09
8.146111718175263885e-09
8.134890883892687157e-09
8.123696608034509236e-09
8.112528852024399594e-09
8.101387567563737213e-09
8.090272696540592595e-09
8.079184170938322644e-09
8.068121912743836342e-09
8.057085833855445173e-09
8.046075835990379364e-09
8.035091810591907089e-09
8.024133638736094662e-09
8.013201191038192861e-09
8.002294327558631157e-09
7.991412897708672798e-09
7.980556740155661277e-09
7.969725682727906137e-09
7.958919542319188279e-09
7.948138124792906275e-09
7.937381224885810738e-09
7.926648626111384669e-09
7.915940100662853218e-09
7.905255409315779856e-09
7.894594301330328375e-09
7.883956514353096395e-09
7.873341774318609737e-09
7.862749795350408165e-09
7.852180279661755586e-09
7.841632917455979680e-09
7.831107386826406203e-09
7.820603353655930989e-09
7.810120471516181673e-09
7.799658457228355679e-09
7.789217319755325523e-09
7.778797136643726802e-09
7.768397978797089420e-09
7.758019910410690488e-09
7.747662988906152472e-09
7.737327264865753462e-09
7.727012781966500883e-09
7.716719576913917342e-09
7.706447679375581624e-09
7.696197111914376874e-09
7.685967889921495588e-09
7.675760021549168314e-09
7.665573507643119401e-09
7.655408341674774578e-09
7.645264509673160834e-09
7.635141990156584603e-09
7.625040754064007210e-09
7.614960764686165537e-09
7.604901977596416421e-09
7.594864340581309727e-09
7.584847793570900036e-09
7.574852268568772127e-09
7.564877689581810039e-09
7.554923972549674956e-09
7.544991025274034943e-09
7.535078747347491938e-09
7.525187030082270504e-09
7.515315756438588958e-09
7.505464800952805495e-09
7.495634029665241720e-09
7.485823300047764637e-09
7.476032460931079129e-09
7.466261352431745812e-09
7.456509805878920956e-09
7.446777643740820960e-09
7.437064679550913846e-09
7.427370717833821254e-09
7.417695554030952418e-09
7.408039034685087722e-09
7.398401239691972988e-09
7.388782304170456161e-09
7.379182358541600671e-09
7.369601528481015835e-09
7.360039934871003635e-09
7.350497693752512758e-09
7.340974916276891631e-09
7.331471708657466926e-09
7.321988172120920227e-09
7.312524402858462866e-09
7.303080491976838708e-09
7.293656525449112696e-09
7.284252584065283203e-09
7.274868743382689247e-09
7.265505073676227452e-09
7.256161639888374623e-09
7.246838501579018417e-09
7.237535712875081211e-09
7.228253322419972756e-09
7.218991373322814516e-09
7.209749903107499408e-09
7.200528943661533990e-09
7.191328521184692876e-09
7.182148656137477116e-09
7.172989363189372389e-09
7.163850651166907030e-09
7.154732523001522275e-09
7.145634975677234893e-09
7.136558000178104597e-09
7.127501581435499630e-09
7.118465698275173741e-09
7.109450323364134731e-09
7.100455423157309492e-09
7.091480957844022116e-09
7.082526881294261901e-09
7.073593141004756956e-09
7.064679678044836066e-09
7.055786427002106910e-09
7.046913323536931160e-09
7.038060327344368505e-09
7.029227399605542517e-09
7.020414495374064331e-09
7.011621563524023656e-09
7.002848546697787896e-09
6.994095381253617620e-09
6.985361997213076910e-09
6.976648318208256748e-09
6.967954261428804858e-09
6.959279737568762801e-09
6.950624650773198771e-09
6.941988898584662532e-09
6.933372371889431093e-09
6.924774954863564945e-09
6.916196524918770750e-09
6.907636952648058880e-09
6.899096101771223117e-09
6.890573829080102800e-09
6.882069984383666311e-09
6.873584410452878653e-09
6.865116942965392022e-09
6.856667410450030407e-09
6.848235634231069048e-09
6.839821428372326954e-09
6.831424599621051799e-09
6.823044947351619525e-09
6.814682263509017227e-09
6.806336332552138269e-09
6.798006931396882185e-09
6.789693829359035374e-09
6.781396788096976436e-09
6.773115561554163955e-09
6.764849895901425769e-09
6.756599529479055495e-09
6.748364192738697299e-09
6.740143608185040423e-09
6.731937490317298630e-09
6.723745545570499412e-09
6.715567537174064827e-09
6.707403481415384622e-09
6.699253455587824101e-09
6.691117533431629813e-09
6.682995785101019351e-09
6.674888277131107353e-09
6.666795072404761211e-09
6.658716230119279750e-09
6.650651805752984228e-09
6.642601851031681958e-09
6.634566413894983511e-09
6.626545538462519001e-09
6.618539265000020381e-09
6.610547629885277987e-09
6.602570665573978812e-09
6.594608400565410773e-09
6.586660859368047025e-09
6.578728062465010353e-09
6.570810026279391140e-09
6.562906763139475171e-09
6.555018281243805186e-09
6.547144584626151431e-09
6.539285673120325875e-09
6.531441542324899651e-09
6.523612183567764986e-09
6.515797583870591243e-09
6.507997725913142838e-09
6.500212587997480515e-09
6.492442144012022001e-09
6.484686363395482723e-09
6.476945211100685004e-09
6.469218647558251448e-09
6.461506628640147782e-09
6.453809105623121476e-09
6.446126025151991465e-09
6.438457329202826204e-09
6.430802955045974485e-09
6.423162835208992858e-09
6.415536897439416712e-09
6.407925082263364494e-09
6.400327396149342274e-09
6.392743859409315103e-09
6.385174488674873337e-09
6.377619296866228245e-09
6.370078293161076938e-09
6.362551482963383738e-09
6.355038867872026733e-09
6.347540445649347534e-09
6.340056210189592687e-09
6.332586151487226860e-09
6.325130255605160014e-09
6.317688504642837253e-09
6.310260876704231896e-09
6.302847345865737638e-09
6.295447882143909331e-09
6.288062451463141731e-09
6.280691015623201000e-09
6.273333532266655303e-09
6.265989954846194550e-09
6.258660232591838479e-09
6.251344310478018177e-09
6.244042129190570740e-09
6.236753625093593329e-09
6.229478730196199598e-09
6.222217372119160333e-09
6.214969474061429936e-09
6.207734954766558748e-09
6.200513728488985447e-09
6.193305704960226866e-09
6.186110789354949521e-09
6.178928882256919554e-09
6.171759879624843482e-09
6.164603672758103888e-09
6.157460148262356163e-09
6.150329188015038371e-09
6.143210669130740516e-09
6.136104463926481975e-09
6.129010439886852455e-09
6.121928489564690276e-09
6.114858621036670483e-09
6.107800869262700719e-09
6.100755266296344049e-09
6.093721841260417959e-09
6.086700620322491616e-09
6.079691626670311980e-09
6.072694880487133973e-09
6.065710398926971237e-09
6.058738196089763340e-09
6.051778282996449519e-09
6.044830667563963009e-09
6.037895354580138520e-09
6.030972345678526239e-09
6.024061639313135528e-09
6.017163230733076046e-09
6.010277111957121944e-09
6.003403271748183419e-09
5.996541695587700511e-09
5.989692365649936809e-09
5.982855260776203679e-09
5.976030356448978607e-09
5.969217624765948272e-09
5.962417034413967247e-09
5.955628550642915783e-09
5.948852135239484799e-09
5.942087746500858306e-09
5.935335339208323864e-09
5.928594864600788736e-09
5.921866270348195137e-09
5.915149500524876741e-09
5.908444495582791119e-09
5.901751192324699234e-09
5.895069523877224169e-09
5.888399419663849469e-09
5.881740805377806645e-09
5.875093602954891534e-09
5.868457730546171475e-09
5.861833102490629624e-09
5.855219649774625402e-09
5.848617381920417174e-09
5.842026326297634628e-09
5.835446507729200322e-09
5.828877948470651827e-09
5.822320668189392730e-09
5.815774683943874976e-09
5.809240010162702636e-09
5.802716658623681896e-09
5.796204638432790827e-09
5.789703956003067245e-09
5.783214615033455228e-09
5.776736616487549879e-09
5.770269958572288328e-09
5.763814636716574557e-09
5.757370643549813235e-09
5.750937968880393101e-09
5.744516599674089270e-09
5.738106520032390280e-09
5.731707711170770537e-09
5.725320151396865154e-09
5.718943816088599297e-09
5.712578677672237292e-09
5.706224705600342397e-09
5.699881866329692734e-09
5.693550123299114506e-09
5.687229436907227527e-09
5.680919764490145258e-09
5.674621060299084688e-09
5.668333275477907546e-09
5.662056358040594527e-09
5.655790252848635128e-09
5.649534901588367041e-09
5.643290242748211316e-09
5.637056211595864504e-09
5.630832740155404788e-09
5.624619757184317031e-09
5.618417188150464078e-09
5.612224955208966223e-09
5.606042995671169812e-09
5.599871317857931127e-09
5.593709946302755465e-09
5.587558903342048055e-09
5.581418209097748232e-09
5.575287881459894944e-09
5.569167936069150085e-09
5.563058386299241587e-09
5.556959243239365150e-09
5.550870515676536342e-09
5.544792210077855025e-09
5.538724330572744957e-09
5.532666878935117294e-09
5.526619854565477851e-09
5.520583254472984724e-09
5.514557073257432297e-09
5.508541303091198026e-09
5.502535933701115602e-09
5.496540952350289386e-09
5.490556343819864175e-09
5.484582090390718867e-09
5.478618171825120425e-09
5.472664565348298426e-09
5.466721245629982391e-09
5.460788184765864666e-09
5.454865352259007060e-09
5.448952715001198671e-09
5.443050237254240101e-09
5.437157880631187131e-09
5.431275604077507553e-09
5.425403363852212348e-09
5.419541113508901672e-09
5.413688803876762862e-09
5.407846383041503923e-09
5.402013796326241518e-09
5.396190986272301285e-09
5.390377892619990842e-09
5.384574452289291745e-09
5.378780599360496841e-09
5.372996280482300404e-09
5.367221501460053669e-09
5.361456281525002776e-09
5.355700637973065026e-09
5.349954586149996709e-09
5.344218139436537765e-09
5.338491309233473731e-09
5.332774104946677008e-09
5.327066533972086911e-09
5.321368601680654988e-09
5.315680311403217535e-09
5.310001664415354884e-09
5.304332659922170456e-09
5.298673295043044164e-09
5.293023564796323781e-09
5.287383462083974953e-09
5.281752977676187364e-09
5.276132100195916389e-09
5.270520816103399096e-09
5.264919109680597460e-09
5.259326963015616766e-09
5.253744355987057832e-09
5.248171266248327041e-09
5.242607669211901723e-09
5.237053538033536784e-09
5.231508843596438267e-09
5.225973554495366591e-09
5.220447637020712499e-09
5.214931055142513446e-09
5.209423770494414569e-09
5.203925742357596563e-09
5.198436927644643183e-09
5.192957280883359107e-09
5.187486754200545615e-09
5.182025297305723328e-09
5.176572857474805323e-09
5.171129379533715639e-09
5.165694805841970577e-09
5.160269076276201258e-09
5.154852141846982492e-09
5.149444005862521396e-09
5.144044683504136544e-09
5.138654188250119768e-09
5.133272531863089393e-09
5.127899724377270682e-09
5.122535774085772971e-09
5.117180687527795663e-09
5.111834469475812725e-09
5.106497122922714158e-09
5.101168649068906951e-09
5.095849047309373004e-09
5.090538315220692326e-09
5.085236448548018246e-09
5.079943441192030290e-09
5.074659285195820896e-09
5.069383970731765564e-09
5.064117486088341744e-09
5.058859817656908828e-09
5.053610949918446793e-09
5.048370865430258448e-09
5.043139544812628659e-09
5.037916966735445537e-09
5.032703107904775291e-09
5.027497943049406482e-09
5.022301444907343821e-09
5.017113584212264738e-09
5.011934329679941213e-09
5.006763647994614458e-09
5.001601503795326581e-09
4.996447859662222480e-09
4.991302676102796309e-09
4.986165911538108990e-09
4.981037522288961072e-09
4.975917462562023383e-09
4.970805684435923032e-09
4.965702137847302931e-09
4.960606770576819283e-09
4.955519528235111771e-09
4.950440366323442649e-09
4.945369286685802644e-09
4.940306301695834337e-09
4.935251422231702284e-09
4.930204657665268526e-09
4.925166015851254870e-09
4.920135503116354715e-09
4.915113124248317569e-09
4.910098882485002974e-09
4.905092779503404644e-09
4.900094815408629938e-09
4.895104988722854517e-09
4.890123296374248050e-09
4.885149733685851945e-09
4.880184294364443841e-09
4.875226970489345857e-09
4.870277752501220428e-09
4.865336629190820651e-09
4.860403587687709194e-09
4.855478613448951566e-09
4.850561690247756444e-09
4.845652800162111037e-09
4.840751923563353593e-09
4.835859039104734308e-09
4.830974123709930759e-09
4.826097152561533546e-09
4.821228099089497196e-09
4.816366934959561291e-09
4.811513630061625269e-09
4.806668152498110821e-09
4.801830468572266387e-09
4.797000542776458408e-09
4.792178337780410481e-09
4.787363814419425953e-09
4.782556931682562551e-09
4.777757646700779711e-09
4.772965914735051166e-09
4.768181689164439480e-09
4.763404921474144944e-09
4.758635571987083804e-09
4.753873642292864759e-09
4.749119143374277475e-09
4.744372084906945395e-09
4.739632475250096055e-09
4.734900321437312377e-09
4.730175629167250052e-09
4.725458402794326789e-09
4.720748645319390069e-09
4.716046358380353459e-09
4.711351542242803146e-09
4.706664195790584625e-09
4.701984316516350504e-09
4.697311900512092598e-09
4.692646942459640100e-09
4.687989435621123848e-09
4.683339371829429004e-09
4.678696741478605548e-09
4.674061533514253960e-09
4.669433735423891048e-09
4.664813333227275238e-09
4.660200311466718645e-09
4.655594653197353626e-09
4.650996339977389430e-09
4.646405351858326647e-09
4.641821667375150153e-09
4.637245263536498901e-09
4.632676115814794342e-09
4.628114198136349828e-09
4.623559482871451065e-09
4.619011940824412571e-09
4.614471541223592781e-09
4.609938251711390951e-09
4.605412038334216766e-09
4.600892865532426862e-09
4.596380696130233220e-09
4.591875491325588404e-09
4.587377210680034397e-09
4.582885812108525805e-09
4.578401261216527969e-09
4.573923559510326859e-09
4.569452716658676183e-09
4.564988741182167388e-09
4.560531640445315199e-09
4.556081420648634055e-09
4.551638086820677323e-09
4.547201642810057485e-09
4.542772091277447304e-09
4.538349433687559479e-09
4.533933670301086596e-09
4.529524800166646875e-09
4.525122821112681104e-09
4.520727729739330554e-09
4.516339521410310757e-09
4.511958190244738136e-09
4.507583729108948357e-09
4.503216129608281604e-09
4.498855382078854608e-09
4.494501475579307044e-09
4.490154397882510695e-09
4.485814135467276144e-09
4.481480673510027196e-09
4.477153995876443048e-09
4.472834085113093012e-09
4.468520922439036496e-09
4.464214487737399819e-09
4.459914759546942286e-09
4.455621715053575924e-09
4.451335330081887712e-09
4.447055579086615487e-09
4.442782435144114743e-09
4.438515869943794007e-09
4.434255853779535322e-09
4.430002355541079157e-09
4.425755342705391956e-09
4.421514781328014651e-09
4.417280636034377266e-09
4.413052870011101944e-09
4.408831453331598142e-09
4.404616388106028418e-09
4.400407683742892298e-09
4.396205348646755087e-09
4.392009390211481531e-09
4.387819814813441360e-09
4.383636627804698278e-09
4.379459833506174970e-09
4.375289435200811494e-09
4.371125435126693891e-09
4.366967834470162941e-09
4.362816633358908032e-09
4.358671830855043662e-09
4.354533424948157811e-09
4.350401412548354524e-09
4.346275789479256790e-09
4.342156550471014386e-09
4.338043689153272015e-09
4.333937198048129169e-09
4.329837068563076835e-09
4.325743290983916004e-09
4.321655854467652187e-09
4.317574747035376698e-09
4.313499955565127261e-09
4.309431465784723798e-09
4.305369262264590151e-09
4.301313328410549348e-09
4.297263646456614714e-09
4.293220197457739641e-09
4.289182961282559899e-09
4.285151916606123551e-09
4.281127040902579499e-09
4.277108310437871001e-09
4.273095700262388652e-09
4.269089184203615092e-09
4.265088734858752347e-09
4.261094323587311946e-09
4.257105920503712479e-09
4.253123494469825048e-09
4.249147019419517646e-09
4.245176493462771081e-09
4.241211920085297986e-09
4.237253301839355869e-09
4.233300640337703732e-09
4.229353936247537187e-09
4.225413189284407846e-09
4.221478398206124520e-09
4.217549560806633740e-09
4.213626673909900269e-09
4.209709733363737995e-09
4.205798734033670593e-09
4.201893669796730151e-09
4.197994533535263245e-09
4.194101317130722947e-09
4.190214011457426091e-09
4.186332606376307234e-09
4.182457090728657728e-09
4.178587452329836660e-09
4.174723677962972707e-09
4.170865753372645294e-09
4.167013663258557497e-09
4.163167391269175021e-09
4.159326919995367663e-09
4.155492230964018512e-09
4.151663304631624059e-09
4.147840120377876097e-09
4.144022656499222948e-09
4.140210890202420764e-09
4.136404797598056703e-09
4.132604353694070452e-09
4.128809532389240174e-09
4.125020306466667640e-09
4.121236647587237708e-09
4.117458526283059609e-09
4.113685911950897479e-09
4.109918772845577729e-09
4.106157076073380699e-09
4.102400787585418249e-09
4.098649881422635251e-09
4.094904367629398201e-09
4.091164264782080136e-09
4.087429590774021283e-09
4.083700362810892714e-09
4.079976597406067436e-09
4.076258310375950138e-09
4.072545516835321812e-09
4.068838231192650470e-09
4.065136467145405990e-09
4.061440237675348498e-09
4.057749555043810128e-09
4.054064430786966859e-09
4.050384875711088843e-09
4.046710899887789905e-09
4.043042512649247271e-09
4.039379722583427904e-09
4.035722537529290031e-09
4.032070964571968126e-09
4.028425010037960369e-09
4.024784679490284684e-09
4.021149977723637241e-09
4.017520908759527816e-09
4.013897475841411000e-09
4.010279681429787636e-09
4.006667527197320322e-09
4.003061014023910852e-09
3.999460141991773536e-09
3.995864910380499408e-09
3.992275317662106376e-09
3.988691361496065393e-09
3.985113038724332400e-09
3.981540345366347200e-09
3.977973276614036455e-09
3.974411826826789394e-09
3.970855989526433516e-09
3.967305757392182172e-09
3.963761122255586282e-09
3.960222075095456270e-09
3.956688599455617013e-09
3.953160651593313461e-09
3.949638180003679072e-09
3.946121131961684760e-09
3.942609453515583495e-09
3.939103089480335864e-09
3.935601983431025722e-09
3.932106077696252665e-09
3.928615313351514591e-09
3.925129630212572881e-09
3.921648966828789461e-09
3.918173260476466342e-09
3.914702447152157866e-09
3.911236461565963926e-09
3.907775237134814085e-09
3.904318705975726056e-09
3.900866798899060868e-09
3.897419445401749090e-09
3.893976573660504634e-09
3.890538110525023680e-09
3.887103981511166226e-09
3.883674110794116133e-09
3.880248421201537028e-09
3.876826834206692646e-09
3.873409269921572133e-09
3.869995647089976469e-09
3.866585883080606544e-09
3.863179893880125601e-09
3.859777594086206776e-09
3.856378896900558314e-09
3.852983714121946303e-09
3.849591956139183485e-09
3.846203531924113118e-09
3.842818349024568835e-09
3.839436313557326239e-09
3.836057330201025551e-09
3.832681302189089283e-09
3.829308131302614279e-09
3.825937717863252169e-09
3.822569997819773553e-09
3.819205054657126278e-09
3.815843009223006396e-09
3.812483982793009664e-09
3.809128097071092285e-09
3.805775474190025022e-09
3.802426236711853120e-09
3.799080507628358695e-09
3.795738410361509066e-09
3.792400068763919150e-09
3.789065607119302275e-09
3.785735150142931747e-09
3.782408822982088355e-09
3.779086751216511184e-09
3.775769060858861662e-09
3.772455878355161970e-09
3.769147330585255775e-09
3.765843544863256568e-09
3.762544648937992686e-09
3.759250770993461429e-09
3.755962039649274917e-09
3.752678583961109246e-09
3.749400533421149511e-09
3.746128017958538966e-09
3.742861167939817430e-09
3.739600114169377061e-09
3.736344987889894147e-09
3.733095920782782401e-09
3.729853044968628883e-09
3.726616493007639851e-09
3.723386397900077102e-09
3.720162893086706713e-09
3.716946112449225454e-09
3.713736190310714913e-09
3.710533261436066661e-09
3.707337461032426040e-09
3.704148924749628913e-09
3.700967788680635517e-09
3.697794189361965566e-09
3.694628220841883770e-09
3.691469805164046596e-09
3.688318819900801662e-09
3.685175140897784353e-09
3.682038642265838751e-09
3.678909196372915398e-09
3.675786673835955827e-09
3.672670943512748559e-09
3.669561872493779715e-09
3.666459326094055512e-09
3.663363167844905726e-09
3.660273259485776412e-09
3.657189460955996556e-09
3.654111630386528608e-09
3.651039624091702048e-09
3.647973296560921314e-09
3.644912500450369600e-09
3.641857086574671282e-09
3.638806903898562213e-09
3.635761799528518652e-09
3.632721618704377931e-09
3.629686204790941737e-09
3.626655399269553763e-09
3.623629041729665774e-09
3.620606969860375963e-09
3.617589019441961514e-09
3.614575024337377260e-09
3.611564816483744812e-09
3.608558225883821856e-09
3.605555080597449095e-09
3.602555206732982321e-09
3.599558428438699243e-09
3.596564567894194745e-09
3.593573445301754217e-09
3.590584878877703727e-09
3.587598684843748201e-09
3.584614677418282717e-09
3.581632668807692218e-09
3.578652469197630551e-09
3.575673930799311503e-09
3.572697080729948528e-09
3.569721990109727915e-09
3.566748730186940586e-09
3.563777372337553207e-09
3.560807988064777633e-09
3.557840648998633338e-09
3.554875426895514381e-09
3.551912393637748518e-09
3.548951621233160042e-09
3.545993181814625581e-09
3.543037147639628252e-09
3.540083591089815945e-09
3.537132584670546786e-09
3.534184201010443289e-09
3.531238512860936166e-09
3.528295593095811441e-09
3.525355514710753853e-09
3.522418350822884871e-09
3.519484174670306505e-09
3.516553059611630228e-09
3.513625079125522438e-09
3.510700306810225523e-09
3.507778816383097945e-09
3.504860681680134066e-09
3.501945976655497615e-09
3.499034775381040682e-09
3.496127152045828507e-09
3.493223180955656816e-09
3.490322936532571230e-09
3.487426493314385018e-09
3.484533925954184033e-09
3.481645309219848184e-09
3.478760717993555129e-09
3.475880227271288516e-09
3.473003912162340022e-09
3.470131847888816349e-09
3.467264109785137546e-09
3.464400773297534488e-09
3.461541898752395129e-09
3.458687485416886663e-09
3.455837516761168982e-09
3.452991975625047753e-09
3.450150844214666520e-09
3.447314104099204599e-09
3.444481736207560501e-09
3.441653720825025422e-09
3.438830037589953426e-09
3.436010665490431221e-09
3.433195582860917732e-09
3.430384767378896506e-09
3.427578196061518182e-09
