7.385717579386274760e-06
7.640862857436413633e-06
7.882496104991460294e-06
8.111153549696291051e-06
8.327352878465035113e-06
8.531592947834002738e-06
8.724330876611059135e-06
8.906025177256149649e-06
9.077097691913425164e-06
9.237961246700931336e-06
9.389015314457307672e-06
9.530640676943882296e-06
9.663194299194465892e-06
9.787016016281027036e-06
9.902429661589523251e-06
1.000974075742507035e-05
1.010924184479487634e-05
1.020122430039293043e-05
1.028595252185536214e-05
1.036369444175051019e-05
1.043471386021179477e-05
1.049925928778136737e-05
1.055756028039912304e-05
1.060984669399752478e-05
1.065635516744944907e-05
1.069729322136853803e-05
1.073286639899473649e-05
1.076329172407772033e-05
1.078875098054886083e-05
1.080943957256963578e-05
1.082555453295200656e-05
1.083726428470071819e-05
1.084475652586336424e-05
1.084819729479018209e-05
1.084775829310701831e-05
1.084359863905430717e-05
1.083588405011864839e-05
1.082475740454179802e-05
1.081039324772808542e-05
1.079290619244217497e-05
1.077248019228545341e-05
1.074923331475372705e-05
1.072331465825671611e-05
1.069486286458869197e-05
1.066401384340687589e-05
1.063090623447779487e-05
1.059564714188322713e-05
1.055838721495830850e-05
1.051923507438152733e-05
1.047831412389931330e-05
1.043575036784086671e-05
1.039164319293884681e-05
1.034611936873512368e-05
1.029927503819679973e-05
1.025121323966067432e-05
1.020205264603769940e-05
1.015187019119325409e-05
1.010077010968746953e-05
1.004885667715074467e-05
9.996200901107147010e-06
9.942898594997697984e-06
9.889044022946602008e-06
9.834704276138229735e-06
9.779961914193443772e-06
9.724904013990414345e-06
9.669593445038680152e-06
9.614096549553299780e-06
9.558492606707871906e-06
9.502845483066184423e-06
9.447205660942534789e-06
9.391637357995316960e-06
9.336205404311649029e-06
9.280957064877767382e-06
9.225939178110487477e-06
9.171206396534484012e-06
9.116807143031716170e-06
9.062779675938717420e-06
9.009166226451997275e-06
8.956009207684509704e-06
8.903343072976475169e-06
8.851199201440418190e-06
8.799615242663049361e-06
8.748620195560594427e-06
8.698233570025839178e-06
8.648484513677453896e-06
8.599400237546155941e-06
8.551002737514708075e-06
8.503306785491721172e-06
8.456327914174900521e-06
8.410080087107968361e-06
8.364586504844302633e-06
8.319862136476180358e-06
8.275897159223161208e-06
8.232712823551651809e-06
8.190320241714114217e-06
8.148718788238545207e-06
8.107923064033836143e-06
8.067920640159084424e-06
8.028713835172069020e-06
7.990319796004484820e-06
7.952721069713249372e-06
7.915930100804920391e-06
7.879932384320481148e-06
7.844719604615439743e-06
7.810301733865748812e-06
7.776655678961701687e-06
7.743795150727962839e-06
7.711692057374821066e-06
7.680347142924500976e-06
7.649746614518394862e-06
7.619881352777589584e-06
7.590748120028246090e-06
7.562319882008767974e-06
7.534601448582568081e-06
7.507557027809926965e-06
7.481201424893478013e-06
7.455494237520689128e-06
7.430446527019033620e-06
7.406017071701069367e-06
7.382214867690022744e-06
7.359002490162676601e-06
7.336387542921549494e-06
7.314328208023607915e-06
7.292830265157800403e-06
7.271856447607290307e-06
7.251411864942071300e-06
7.231458783652009768e-06
7.212003603645227547e-06
7.192999222581889114e-06
7.174452040779609303e-06
7.156324563370919800e-06
7.138620505186495360e-06
7.121305080223911161e-06
7.104377492418314203e-06
7.087802457800009118e-06
7.071572737776270837e-06
7.055664763539178218e-06
7.040063516206986000e-06
7.024757462214782274e-06
7.009720164162953757e-06
6.994949025062502563e-06
6.980408692456250792e-06
6.966097683433947110e-06
6.951986980040864562e-06
6.938070032234295492e-06
6.924328717698226004e-06
6.910744796621914501e-06
6.897312023029021154e-06
6.884001959102604999e-06
6.870811919636425901e-06
6.857717069386023813e-06
6.844709630048260840e-06
6.831777785905504220e-06
6.818903067409107023e-06
6.806081569734593025e-06
6.793290730233245636e-06
6.780525504884481019e-06
6.767771415395023969e-06
6.755015038980231671e-06
6.742252761157017749e-06
6.729467910472180596e-06
6.716656728137501554e-06
6.703807309848036072e-06
6.690908988736453390e-06
6.677958655725566624e-06
6.664941943839612645e-06
6.651856508660523062e-06
6.638696370880331324e-06
6.625452370618451094e-06
6.612123908993385510e-06
6.598699946672154992e-06
6.585177952106155812e-06
6.571556563560730712e-06
6.557825619967398019e-06
6.543988352683482360e-06
6.530041832336085172e-06
6.515980457553570444e-06
6.501807072387601831e-06
6.487516791900135732e-06
6.473108577136717046e-06
6.458585891671474406e-06
6.443943545641274382e-06
6.429186090321483247e-06
6.414316922475944337e-06
6.399332525559409368e-06
6.384238092148763032e-06
6.369036000523633720e-06
6.353722995020618819e-06
6.338308167126601387e-06
6.322794442466285503e-06
6.307180347255735668e-06
6.291476917719581428e-06
6.275687629626011370e-06
6.259811995926616112e-06
6.243860228198430796e-06
6.227835607784123810e-06
6.211737574267464519e-06
6.195579203716741991e-06
6.179365597512164513e-06
6.163097306021519388e-06
6.146786476203188620e-06
6.130440758062031226e-06
6.114060220517577524e-06
6.097654869997841821e-06
6.081233262992733693e-06
6.064795881082332163e-06
6.048351233066868168e-06
6.031912868457454007e-06
6.015481636345011053e-06
5.999063186436882603e-06
5.982672433972768815e-06
5.966312017017349589e-06
5.949983889376610434e-06
5.933702875245966498e-06
5.917473299827275385e-06
5.901295485625818616e-06
5.885181674434168137e-06
5.869142614862765794e-06
5.853178619087909922e-06
5.837294490845412702e-06
5.821506439095698882e-06
5.805814851720720159e-06
5.790220532278386273e-06
5.774737456723876351e-06
5.759371312437160040e-06
5.744121092061527254e-06
5.728991961341217558e-06
5.713999537919321453e-06
5.699141607653118350e-06
5.684418920900820567e-06
5.669843128339229149e-06
5.655421325842016239e-06
5.641150321684327215e-06
5.627031616612248962e-06
5.613083759462118039e-06
5.599300629916555258e-06
5.585682078711815301e-06
5.572232741924061976e-06
5.558967380346207240e-06
5.545876370448090767e-06
5.532960375351835621e-06
5.520228607493820428e-06
5.507688939424033604e-06
5.495331910243947667e-06
5.483159022802171625e-06
5.471180586844043670e-06
5.459396937211404166e-06
5.447801922835793398e-06
5.436395231541446661e-06
5.425189952216955771e-06
5.414180514894355848e-06
5.403359745681392895e-06
5.392729048775808034e-06
5.382301752477428973e-06
5.372069197045777638e-06
5.362024380677145667e-06
5.352168862521709717e-06
5.342513784685183707e-06
5.333049897325322978e-06
5.323770799779985438e-06
5.314676561668020277e-06
5.305775654725778565e-06
5.297062206272360885e-06
5.288525456155296155e-06
5.280166439566639404e-06
5.271992484554208508e-06
5.263999534159508292e-06
5.256174063690199083e-06
5.248515623943714394e-06
5.241028432037949720e-06
5.233715714237472046e-06
5.226559164578403815e-06
5.219558341913451704e-06
5.212715068986201417e-06
5.206036664148283935e-06
5.199503388126555987e-06
5.193112013385949446e-06
5.186863908698333978e-06
5.180762797015698120e-06
5.174799344283552900e-06
5.168961741207317243e-06
5.163250361865254327e-06
5.157667333490072677e-06
5.152212062839348147e-06
5.146867612396835408e-06
5.141633089976262328e-06
5.136508750881643190e-06
5.131497804921116136e-06
5.126585959985331155e-06
5.121766635357192119e-06
5.117039905470856833e-06
5.112406527141300367e-06
5.107863962175041237e-06
5.103396914213484226e-06
5.099003682492604955e-06
5.094684332630568623e-06
5.090439801354133741e-06
5.086260589746816228e-06
5.082136584047119332e-06
5.078068296236383081e-06
5.074056497202757135e-06
5.070098969788290289e-06
5.066183465014288952e-06
5.062306247726570579e-06
5.058467643109101634e-06
5.054666972810113440e-06
5.050900824917067136e-06
5.047157341686405730e-06
5.043435253704696414e-06
5.039734921288326781e-06
5.036055373107357776e-06
5.032390645218133996e-06
5.028732206968888762e-06
5.025079489940832524e-06
5.021432763552511389e-06
5.017790814284259575e-06
5.014147524864624982e-06
5.010496977341679617e-06
5.006839214907730713e-06
5.003174210304500779e-06
4.999500598933263442e-06
4.995812625639172801e-06
4.992106049093609264e-06
4.988381120064283532e-06
4.984637686633684203e-06
4.980874478581643963e-06
4.977086436735265775e-06
4.973271022247179049e-06
4.969428666316040515e-06
4.965558743208167978e-06
4.961661039507128033e-06
4.957731038932844292e-06
4.953768442052466479e-06
4.949773161449434805e-06
4.945744966577096030e-06
4.941684009054571329e-06
4.937586559586317909e-06
4.933453259797401295e-06
4.929284133889500117e-06
4.925079424705956621e-06
4.920838810791641580e-06
4.916560952359226977e-06
4.912245361620825034e-06
4.907894720996664241e-06
4.903508386586798454e-06
4.899086900267674000e-06
4.894629515798787780e-06
4.890135758188629470e-06
4.885609349722029730e-06
4.881050675798921961e-06
4.876459963188447417e-06
4.871836583313347902e-06
4.867180405516289165e-06
4.862494567970529415e-06
4.857782056087742045e-06
4.853042322506106372e-06
4.848275685249311884e-06
4.843481902887201025e-06
4.838662725293148081e-06
4.833823720550649194e-06
4.828965085702411528e-06
4.824087361106810328e-06
4.819189937896300386e-06
4.814274250063954575e-06
4.809344600038311149e-06
4.804404532315937396e-06
4.799454098064050615e-06
4.794493199138563583e-06
4.789522002533589708e-06
4.784542913361723533e-06
4.779561493951389015e-06
4.774579220152539198e-06
4.769596531540051534e-06
4.764612972058751186e-06
4.759629175134150308e-06
4.754649491373728971e-06
4.749678290279672752e-06
4.744716746609436017e-06
4.739764815335878926e-06
4.734822699612046777e-06
4.729890603038240283e-06
4.724974964025824232e-06
4.720077665911608732e-06
4.715200074210003429e-06
4.710341679112005417e-06
4.705503023796264912e-06
4.700684211679444254e-06
4.695892172097073564e-06
4.691127626621452738e-06
4.686391750789403863e-06
4.681684418426590796e-06
4.677005582517100476e-06
4.672355464223994218e-06
4.667741299469901057e-06
4.663162802145144225e-06
4.658620135817471969e-06
4.654114035140038504e-06
4.649643995170560198e-06
4.645210757612863876e-06
4.640818914962079820e-06
4.636470643751574784e-06
4.632163998750018392e-06
4.627898746510236222e-06
4.623676012062431517e-06
4.619495384335074134e-06
4.615360360239510516e-06
4.611273726755772758e-06
4.607233486476928084e-06
4.603239476444002683e-06
4.599291502013567815e-06
4.595389468768820036e-06
4.591536248102184560e-06
4.587734808187992383e-06
4.583982209456371839e-06
4.580277620856465220e-06
4.576621487410011443e-06
4.573013961736176048e-06
4.569454623748184493e-06
4.565947998966872469e-06
4.562492545098672034e-06
4.559085050142142167e-06
4.555726020492834480e-06
4.552414590175075370e-06
4.549150864734464868e-06
4.545937382586191097e-06
4.542776308102258025e-06
4.539662382830145697e-06
4.536594148315871562e-06
4.533572663855362387e-06
4.530597740533708828e-06
4.527669384847118265e-06
4.524788827333601055e-06
4.521957037534850457e-06
4.519167776607663838e-06
4.516421279082996814e-06
4.513717731631901537e-06
4.511056613592922161e-06
4.508438577758277840e-06
4.505865566694319845e-06
4.503334122708999237e-06
4.500840585756134783e-06
4.498384376769753965e-06
4.495965896932908304e-06
4.493584845784633334e-06
4.491241850952789526e-06
4.488937958104327531e-06
4.486669307805162740e-06
4.484431907741795474e-06
4.482226261736131259e-06
4.480051931624914553e-06
4.477909311648124560e-06
4.475798367240021287e-06
4.473719967223458462e-06
4.471669907454801740e-06
4.469644713374930071e-06
4.467644679267000224e-06
4.465669724873531681e-06
4.463719755714569609e-06
4.461795291660136148e-06
4.459896006802267657e-06
4.458018319938875448e-06
4.456159014994002882e-06
4.454317868562467021e-06
4.452495269237431624e-06
4.450690871147968220e-06
4.448904688058162304e-06
4.447136737253698139e-06
4.445384054064310766e-06
4.443642650772976462e-06
4.441912790894037140e-06
4.440194100857916104e-06
4.438486806312264350e-06
4.436791153146629040e-06
4.435106328489697045e-06
4.433431044082416455e-06
4.431761678180233973e-06
4.430097660315753269e-06
4.428438858691304201e-06
4.426785319042240173e-06
4.425137229294913623e-06
4.423494264718760424e-06
4.421855525636786973e-06
4.420218472675619453e-06
4.418581582432134007e-06
4.416944782614912925e-06
4.415308089980901328e-06
4.413671706072386850e-06
4.412035443662351171e-06
4.410398730835133404e-06
4.408760362261143682e-06
4.407118341168871321e-06
4.405472437544624683e-06
4.403822593381816392e-06
4.402168779484200776e-06
4.400511025552727241e-06
4.398849297634847511e-06
4.397182899143838819e-06
4.395510851224819664e-06
4.393832407982365625e-06
4.392147496961228422e-06
4.390456101475773787e-06
4.388758248456347864e-06
4.387053925656596584e-06
4.385343067850835087e-06
4.383625086591960404e-06
4.381899706950266697e-06
4.380166877101103573e-06
4.378426599977653802e-06
4.376678861824618163e-06
4.374923642893205804e-06
4.373160881912686244e-06
4.371390560943735989e-06
4.369612572269896807e-06
4.367827520699558383e-06
4.366035681574951930e-06
4.364237031903008106e-06
4.362431554949459401e-06
4.360619249689587379e-06
4.358800078858907667e-06
4.356974075236958356e-06
4.355141768573370076e-06
4.353304082634385838e-06
4.351461458333496695e-06
4.349613898478112884e-06
4.347761394769867019e-06
4.345903950548369454e-06
4.344041551749313186e-06
4.342174261148269123e-06
4.340302820985159708e-06
4.338428452365672720e-06
4.336551850595222491e-06
4.334673038380322033e-06
4.332792002095086904e-06
4.330908718271917034e-06
4.329023186299008148e-06
4.327135452556348922e-06
4.325246455661268630e-06
4.323357464076568226e-06
4.321469440174310213e-06
4.319582454709711323e-06
4.317696503031428195e-06
4.315811658345647865e-06
4.313927957375378729e-06
4.312045307805463633e-06
4.310164371318649001e-06
4.308286476792946898e-06
4.306412879900906566e-06
4.304543721714060344e-06
4.302678935092953224e-06
4.300818553708474702e-06
4.298962610229927458e-06
4.297111193792612095e-06
4.295264292613627772e-06
4.293423364431215045e-06
4.291589458592487056e-06
4.289763072146776277e-06
4.287944104882937786e-06
4.286132546751947183e-06
4.284328616933473763e-06
4.282532241509523812e-06
4.280743295425703066e-06
4.278962225265693596e-06
4.277191004413977482e-06
4.275429817078754398e-06
4.273678513037170065e-06
4.271937210585668868e-06
4.270206062661709307e-06
4.268484799229083768e-06
4.266773550182260675e-06
4.265072585629973993e-06
4.263382567413134065e-06
4.261704511938839623e-06
4.260038302952722440e-06
4.258383845635179331e-06
4.256741184866256088e-06
4.255110213093042991e-06
4.253491084657651066e-06
4.251883570259167743e-06
4.250287928598514359e-06
4.248705210898146860e-06
4.247135939719974185e-06
4.245579254780988072e-06
4.244035286037032953e-06
4.242504080132407359e-06
4.240985467193638125e-06
4.239479646074919947e-06
4.237986362392249303e-06
4.236505910078320540e-06
4.235039053726306403e-06
4.233586130653689085e-06
4.232146013244735392e-06
4.230718677273429740e-06
4.229303962689911802e-06
4.227902065380996240e-06
4.226512806319665338e-06
4.225136248912695566e-06
4.223772577692562996e-06
4.222421794499505152e-06
4.221084792315241961e-06
4.219760464773722640e-06
4.218447913067925033e-06
4.217147330051583660e-06
4.215858400029825326e-06
4.214581341044682078e-06
4.213316122412799600e-06
4.212062582284354765e-06
4.210821311533145724e-06
4.209593027521450118e-06
4.208376104428194581e-06
4.207169642668486790e-06
4.205973430348268201e-06
4.204787914621516305e-06
4.203612705117318832e-06
4.202448175849772825e-06
4.201294060243550731e-06
4.200150374597396046e-06
4.199017553811102220e-06
4.197895398719149294e-06
4.196781997243710875e-06
4.195677312089381653e-06
4.194581298282499213e-06
4.193493825712239198e-06
4.192414934927789117e-06
4.191344561126839978e-06
4.190282698130547316e-06
4.189229813443736945e-06
4.188185777516123808e-06
4.187149444205800529e-06
4.186119718003208761e-06
4.185096471977124050e-06
4.184079662939791962e-06
4.183069377641768070e-06
4.182065596692525964e-06
4.181068386784155963e-06
4.180077634122882438e-06
4.179093199056851937e-06
4.178115489374700729e-06
4.177143084360442382e-06
4.176174967219957798e-06
4.175211202695742740e-06
4.174251938340877327e-06
4.173297086109158981e-06
4.172346604094520326e-06
4.171400569663292274e-06
4.170459019504573952e-06
4.169521726513738073e-06
4.168588738844874504e-06
4.167659097326398314e-06
4.166731953952634695e-06
4.165807373522009840e-06
4.164885482203244910e-06
4.163966202633622437e-06
4.163049469190959744e-06
4.162135413278485755e-06
4.161223976054768950e-06
4.160315043395637487e-06
4.159408681318817252e-06
4.158504099139329105e-06
4.157600628236223898e-06
4.156698400595484984e-06
4.155797362741881056e-06
4.154897488975992034e-06
4.153998812206906312e-06
4.153101348629505051e-06
4.152205029432357124e-06
4.151309887201512038e-06
4.150416037364318765e-06
4.149522924009803958e-06
4.148630191061604187e-06
4.147737736825579927e-06
4.146845527222940262e-06
4.145953642184891160e-06
4.145062026616570130e-06
4.144170694166035247e-06
4.143279680428934710e-06
4.142388940680706637e-06
4.141498581806619214e-06
4.140608632972668029e-06
4.139718739885115382e-06
4.138828798096202341e-06
4.137938832336198447e-06
4.137048853904594367e-06
4.136158873699605687e-06
4.135268839408150629e-06
4.134378777467619948e-06
4.133488717518658545e-06
4.132598679996042996e-06
4.131708943746595712e-06
4.130819428058474149e-06
4.129930005519906648e-06
4.129040787303680393e-06
4.128151646499584968e-06
4.127262639016345153e-06
4.126373787426145548e-06
4.125485051460702721e-06
4.124596449980948437e-06
4.123707970996407115e-06
4.122819884564876390e-06
4.121932419529004526e-06
4.121045613152010426e-06
4.120159572376680897e-06
4.119274160984843476e-06
4.118389483484953783e-06
4.117505522066343311e-06
4.116622199004917299e-06
4.115739667675509877e-06
4.114857781634749801e-06
4.113976607946728166e-06
4.113096602957045388e-06
4.112217793326403988e-06
4.111340559825182234e-06
4.110464792190123369e-06
4.109590432743890196e-06
4.108717621420663257e-06
4.107846318954464219e-06
4.106976417360484649e-06
4.106108108836442215e-06
4.105241226204601165e-06
4.104375850147224805e-06
4.103512483092029538e-06
4.102651094043022033e-06
4.101792127920864764e-06
4.100935476849469365e-06
4.100081015444811081e-06
4.099228895221744717e-06
4.098379158476777487e-06
4.097531663798479671e-06
4.096686432142980015e-06
4.095843657174117891e-06
4.095003104940403088e-06
4.094165193558611412e-06
4.093330296057766001e-06
4.092498434212014281e-06
4.091669550031152190e-06
4.090843690066461336e-06
4.090020955101944342e-06
4.089201175242923421e-06
4.088384452186021599e-06
4.087570819540479620e-06
4.086760170950679846e-06
4.085952703484355026e-06
4.085148200480096161e-06
4.084347502866834625e-06
4.083550442925820322e-06
4.082756720324050902e-06
4.081966716665099603e-06
4.081180176867783637e-06
4.080397090633104786e-06
4.079617624106875503e-06
4.078841683904601043e-06
4.078069279146944142e-06
4.077300409455733388e-06
4.076535092935796584e-06
4.075773708604266453e-06
4.075016177162724849e-06
4.074262692750360104e-06
4.073512817973661256e-06
4.072766641210058882e-06
4.072024320372872649e-06
4.071285598584341715e-06
4.070550576424934310e-06
4.069819475317966009e-06
4.069092072438487538e-06
4.068368212125213677e-06
4.067648443205558268e-06
4.066932579180531196e-06
4.066220728926926728e-06
4.065512751807714168e-06
4.064808331112238080e-06
4.064107438389967045e-06
4.063410163912811458e-06
4.062716684029140515e-06
4.062026609310539741e-06
4.061340321653488059e-06
4.060657601911754496e-06
4.059978526154508460e-06
4.059303132378238505e-06
4.058631632588708185e-06
4.057963964784131521e-06
4.057299675479129990e-06
4.056638681503063317e-06
4.055980872201773273e-06
4.055326320711445553e-06
4.054675220477657774e-06
4.054027183520374365e-06
4.053382603964883727e-06
4.052741259141555325e-06
4.052103123150251072e-06
4.051468447323993999e-06
4.050837131945870201e-06
4.050209205130568464e-06
4.049584279097083091e-06
4.048962021672153558e-06
4.048342526600145028e-06
4.047725889578561208e-06
4.047111965434218591e-06
4.046500747507250326e-06
4.045892426204488086e-06
4.045286905981054184e-06
4.044683936806610592e-06
4.044084009234161276e-06
4.043486922128035922e-06
4.042892605559167146e-06
4.042300873031437121e-06
4.041711284319141313e-06
4.041123829431261833e-06
4.040538697729203657e-06
4.039955622562426092e-06
4.039374802678964347e-06
4.038796233846774153e-06
4.038219687237381501e-06
4.037645554967042236e-06
4.037073588438922491e-06
4.036503666190425478e-06
4.035936315074030144e-06
4.035371036691162694e-06
4.034807402554992354e-06
4.034245526361978292e-06
4.033685253738289794e-06
4.033126633058509568e-06
4.032569762333298512e-06
4.032014453706659594e-06
4.031460902562556203e-06
4.030909044114553590e-06
4.030358726867819113e-06
4.029810208132623037e-06
4.029263434595121781e-06
4.028718413625100839e-06
4.028174896105541387e-06
4.027632661422952335e-06
4.027091698863841584e-06
4.026551914284205357e-06
4.026013479072645308e-06
4.025476281858789421e-06
4.024940282915806522e-06
4.024405618347754255e-06
4.023872195586057610e-06
4.023339969335585686e-06
4.022809122443488345e-06
4.022279606305902074e-06
4.021751456565216891e-06
4.021224497372012595e-06
4.020698518385567090e-06
4.020173532993178510e-06
4.019649543254858934e-06
4.019126570562728684e-06
4.018604600888342436e-06
4.018083589697491174e-06
4.017563624446451215e-06
4.017044647519162268e-06
4.016526627978531981e-06
4.016009706678179913e-06
4.015493898290703002e-06
4.014979255743795216e-06
4.014465644976031567e-06
4.013952906420615465e-06
4.013441081817589051e-06
4.012930086900201440e-06
4.012420053183943064e-06
4.011910891911621207e-06
4.011402586200461462e-06
4.010895209235291235e-06
4.010388722612367687e-06
4.009883068935852315e-06
4.009378372636063295e-06
4.008874656550569965e-06
4.008372106873550858e-06
4.007870568915489466e-06
4.007369927442378862e-06
4.006870253917258864e-06
4.006371461129048018e-06
4.005873619601427448e-06
4.005376676474093131e-06
4.004880671918584631e-06
4.004385609328552155e-06
4.003891447829888897e-06
4.003398259702880863e-06
4.002905997617791824e-06
4.002414646673289525e-06
4.001924507524881570e-06
4.001435451172749284e-06
4.000947541267457082e-06
4.000460599200522317e-06
3.999974734544404874e-06
3.999489920590195044e-06
3.999006108312977705e-06
3.998523378745008482e-06
3.998041645942955898e-06
3.997560992162845064e-06
3.997081380463553212e-06
3.996602746192045658e-06
3.996125234913948980e-06
3.995648810138084310e-06
3.995173783925567054e-06
3.994699961772921185e-06
3.994227298301011308e-06
3.993755822292961414e-06
3.993285473557324474e-06
3.992816357428597886e-06
3.992348354166625512e-06
3.991881561776041613e-06
3.991415940165902658e-06
3.990951454870042458e-06
3.990488195030576841e-06
3.990026040151667532e-06
3.989565152848190523e-06
3.989105575070293629e-06
3.988647417537582773e-06
3.988190606575465086e-06
3.987735033354716521e-06
3.987280836500876279e-06
3.986827837951704794e-06
3.986376240901848537e-06
3.985925852080890375e-06
3.985476795315839949e-06
3.985029050279477771e-06
3.984582553086103082e-06
3.984137413339326248e-06
3.983693476834812931e-06
3.983250964654361797e-06
3.982809809495734201e-06
3.982370213331649427e-06
3.981932024704505319e-06
3.981495157984046481e-06
3.981059661608106958e-06
3.980625482127619443e-06
3.980192713706767423e-06
3.979761183447950733e-06
3.979331125850592494e-06
3.978902325051048979e-06
3.978474931842316578e-06
3.978048901556694729e-06
3.977624149495365277e-06
3.977200827604281293e-06
3.976778787929715227e-06
3.976358442753609844e-06
3.975939472831688472e-06
3.975521952274129825e-06
3.975105660463896285e-06
3.974690711628508727e-06
3.974277051990482297e-06
3.973864734423065379e-06
3.973453777203794947e-06
3.973044066261542055e-06
3.972635746775668466e-06
3.972228648265890849e-06
3.971822994573919039e-06
3.971418621951424143e-06
3.971015607756959614e-06
3.970614015038118451e-06
3.970213865503609704e-06
3.969815092956045868e-06
3.969417493841322558e-06
3.969021213819766328e-06
3.968626102923473889e-06
3.968232297259669093e-06
3.967839622128346129e-06
3.967448299548850554e-06
3.967058110123485097e-06
3.966669232951027262e-06
3.966281595611923580e-06
3.965895170528661703e-06
3.965510023738286644e-06
3.965126051978137665e-06
3.964743521009471660e-06
3.964362261036687439e-06
3.963982262706006094e-06
3.963603313901286357e-06
3.963225543315676929e-06
3.962848793689173807e-06
3.962473234534511529e-06
3.962098700354396558e-06
3.961725327042634327e-06
3.961353036941955047e-06
3.960981888222103271e-06
3.960611864667155845e-06
3.960242900390453372e-06
3.959875108985468520e-06
3.959508355833404060e-06
3.959142932042356110e-06
3.958778637483825658e-06
3.958415444334139875e-06
3.958053168810745851e-06
3.957691914901639811e-06
3.957331548020641224e-06
3.956972228226498335e-06
3.956613791617508299e-06
3.956256384555901685e-06
3.955899877239273232e-06
3.955544402792170195e-06
3.955189891225436671e-06
3.954836335167986124e-06
3.954483771801881537e-06
3.954132145145431325e-06
3.953781626472006781e-06
3.953432152778472277e-06
3.953083649083280895e-06
3.952735938829286759e-06
3.952389103027687408e-06
3.952043085790938122e-06
3.951697928403044432e-06
3.951353563186517697e-06
3.951010077200449475e-06
3.950667366503679380e-06
3.950325555606680314e-06
3.949984512469628967e-06
3.949644380789543870e-06
3.949305038112449015e-06
3.948966581524439194e-06
3.948629000922035955e-06
3.948292414762445453e-06
3.947956675094912376e-06
3.947621743641611262e-06
3.947287513279638831e-06
3.946954056866095276e-06
3.946621305570456501e-06
3.946289326608046253e-06
3.945958057269908528e-06
3.945627560378459394e-06
3.945297799061739709e-06
3.944968793280118146e-06
3.944640539170963529e-06
3.944313010565447061e-06
3.943986255408118753e-06
3.943660226412899303e-06
3.943335070235108773e-06
3.943010750594146618e-06
3.942687218162864500e-06
3.942364357035041675e-06
3.942042186380405933e-06
3.941720694860038917e-06
3.941399884554447516e-06
3.941079782220561430e-06
3.940760374064155193e-06
3.940441640471158542e-06
3.940123611404033839e-06
3.939806242363202162e-06
3.939489593912700850e-06
3.939173591663524885e-06
3.938858326613851887e-06
3.938543719695821843e-06
3.938229961433933700e-06
3.937916967944818933e-06
3.937604723274191852e-06
3.937293105839114309e-06
3.936982160912633360e-06
3.936671858176093196e-06
3.936362216521986029e-06
3.936053246136555594e-06
3.935744946371395630e-06
3.935437292222444204e-06
3.935130312066880530e-06
3.934823969039620837e-06
3.934518310133078101e-06
3.934213280480021468e-06
3.933908945604587008e-06
3.933605253114274289e-06
3.933302346506700968e-06
3.933000192727609913e-06
3.932698763292877222e-06
3.932397984887396741e-06
3.932097853424879938e-06
3.931798405207236166e-06
3.931499587709551722e-06
3.931201445490870625e-06
3.930903928528978623e-06
3.930607094143964059e-06
3.930310880636068337e-06
3.930015359518451908e-06
3.929720463399278677e-06
3.929426248541085014e-06
3.929132669878691677e-06
3.928839771467026793e-06
3.928547565012722664e-06
3.928256187506613513e-06
3.927965483412792785e-06
3.927675513456351817e-06
3.927386124580812120e-06
3.927097455835441129e-06
3.926809373025204574e-06
3.926521995199969095e-06
3.926235217075661163e-06
3.925949133157855817e-06
3.925663665459957706e-06
3.925378899051181481e-06
3.925094745768138404e-06
3.924811296682750477e-06
3.924528451412960163e-06
3.924246308630269069e-06
3.923964793015786698e-06
3.923684047671414704e-06
3.923404036149870009e-06
3.923124725471552964e-06
3.922846076168786361e-06
3.922568054835794395e-06
3.922290710777034237e-06
3.922013953806605757e-06
3.921737894204752957e-06
3.921462404655882230e-06
3.921187637550106163e-06
3.920913440769407950e-06
3.920639951371919430e-06
3.920367050730177438e-06
3.920094861615983379e-06
3.919823251833964815e-06
3.919552359507757503e-06
3.919282063633198367e-06
3.919012552945560546e-06
3.918743738735773803e-06
3.918475615216862459e-06
3.918208108501257373e-06
3.917941228206422198e-06
3.917675001408790849e-06
3.917409348887590150e-06
3.917144370526563073e-06
3.916879945666087358e-06
3.916616227051411095e-06
3.916353061636718246e-06
3.916090580354134101e-06
3.915828676029277800e-06
3.915567463290567523e-06
3.915306815662888268e-06
3.915046848893470155e-06
3.914787471553863153e-06
3.914528817767911802e-06
3.914270855061398660e-06
3.914013543160854761e-06
3.913756872554854812e-06
3.913500744555010758e-06
3.913245264543861165e-06
3.912990315449393515e-06
3.912736015535902207e-06
3.912482251060942656e-06
3.912229113474463433e-06
3.911976547391831230e-06
3.911724610514993786e-06
3.911473236073453484e-06
3.911222468091783331e-06
3.910972280650339767e-06
3.910722684461366363e-06
3.910473692916298162e-06
3.910225316631972332e-06
3.909977683756804757e-06
3.909730639253947141e-06
3.909484227138771174e-06
3.909238312554681903e-06
3.908992972501409299e-06
3.908748158934127356e-06
3.908503909824898736e-06
3.908260224023089321e-06
3.908017047275654384e-06
3.907774461715114859e-06
3.907532364720810159e-06
3.907290889226456944e-06
3.907049907790644180e-06
3.906809543190382525e-06
3.906569672606832292e-06
3.906330401635583704e-06
3.906091648332948272e-06
3.905853518461720520e-06
3.905616015511036681e-06
3.905379081203161431e-06
3.905142724760647096e-06
3.904906822702655391e-06
3.904671470783227778e-06
3.904436584568769903e-06
3.904202215369187696e-06
3.903968371403662820e-06
3.903735032307416651e-06
3.903502216016404036e-06
3.903269863838086602e-06
3.903038067543373188e-06
3.902806724694691074e-06
3.902575970778332211e-06
3.902345665905192610e-06
3.902115930571843229e-06
3.901886662448257428e-06
3.901657984376046528e-06
3.901429871174621001e-06
3.901202291999628439e-06
3.900975242052743240e-06
3.900748615543783761e-06
3.900522495084820332e-06
3.900296806474840965e-06
3.900071601490109297e-06
3.899846892623709084e-06
3.899622633167456028e-06
3.899398864500120861e-06
3.899175515120048380e-06
3.898952697158665469e-06
3.898730305205100312e-06
3.898508443926861835e-06
3.898287005111734436e-06
3.898066069547199852e-06
3.897845582275348118e-06
3.897625604371040119e-06
3.897406210232443231e-06
3.897187299639942201e-06
3.896968902378861931e-06
3.896750898960285571e-06
3.896533346219331909e-06
3.896316232448549561e-06
3.896099547446494788e-06
3.895883323616304567e-06
3.895667489578429422e-06
3.895452147010519690e-06
3.895237200209344026e-06
3.895022733649759147e-06
3.894808680786673912e-06
3.894595066002338283e-06
3.894381894976109867e-06
3.894169141492099563e-06
3.893956888281285033e-06
3.893745046420338212e-06
3.893533776829824405e-06
3.893322963879628502e-06
3.893112601007798967e-06
3.892902685900587377e-06
3.892693144495761318e-06
3.892484065825319794e-06
3.892275351830764025e-06
3.892067056184540002e-06
3.891859203604591244e-06
3.891651746265097196e-06
3.891444718857074025e-06
3.891238054490869447e-06
3.891031861297994611e-06
3.890826048457331429e-06
3.890620687706210164e-06
3.890415701422246078e-06
3.890211131625855147e-06
3.890006980695974296e-06
3.889803261639575395e-06
3.889600094832422177e-06
3.889397345839625205e-06
3.889195039005164646e-06
3.888993110178037164e-06
3.888791572818886322e-06
3.888590463128744932e-06
3.888389707209743935e-06
3.888189363754625838e-06
3.887989403693363040e-06
3.887789862214446861e-06
3.887590721108008096e-06
3.887391926681301610e-06
3.887193582116285380e-06
3.886995601988765106e-06
3.886798057264709485e-06
3.886600867380297521e-06
3.886404072270689833e-06
3.886207692797477822e-06
3.886011706875222675e-06
3.885816260448974296e-06
3.885621209754390280e-06
3.885426569822062654e-06
3.885232323019800374e-06
3.885038425055917744e-06
3.884844954958064430e-06
3.884651814798620948e-06
3.884459071220323548e-06
3.884266735397447712e-06
3.884074738004867322e-06
3.883883154730924927e-06
3.883691909752926694e-06
3.883501090561754471e-06
3.883310623980030507e-06
3.883120533504104016e-06
3.882930829456668964e-06
3.882741481432318123e-06
3.882552595601113857e-06
3.882364044555651810e-06
3.882175945318929246e-06
3.881988259821097784e-06
3.881800976152938560e-06
3.881614115330277508e-06
3.881427577511500533e-06
3.881241412265300968e-06
3.881055617515633247e-06
3.880870149383021953e-06
3.880685087131859917e-06
3.880500338445073153e-06
3.880315976165901006e-06
3.880131978547103748e-06
3.879948323051630856e-06
3.879765059237944355e-06
3.879582123889840021e-06
3.879399605750992771e-06
3.879217402930118703e-06
3.879035562270056636e-06
3.878854094204818452e-06
3.878672989083203179e-06
3.878492381802720847e-06
3.878312132390555201e-06
3.878132246878330451e-06
3.877952744131710733e-06
3.877773552001432487e-06
3.877594733646557400e-06
3.877416238808794664e-06
3.877238107287827908e-06
3.877060327808036700e-06
3.876882855712425282e-06
3.876705757145371293e-06
3.876528994126971934e-06
3.876352576227201109e-06
3.876176520005638487e-06
3.876000774459416570e-06
3.875825441045320158e-06
3.875650405877692568e-06
3.875475723911435107e-06
3.875301376221023819e-06
3.875127393321269556e-06
3.874953880907932656e-06
3.874780711609195159e-06
3.874607885669779281e-06
3.874435423226345815e-06
3.874263255541776375e-06
3.874091441177277719e-06
3.873919940526975828e-06
3.873748771237584970e-06
3.873577942041635362e-06
3.873407406766414913e-06
3.873237218319609823e-06
3.873067359728961736e-06
3.872897813584522421e-06
3.872728624372967097e-06
3.872559732281627473e-06
3.872391215221386012e-06
3.872222980482502886e-06
3.872055061084506031e-06
3.871887523813768155e-06
3.871720301326970364e-06
3.871553486592817563e-06
3.871387005329361225e-06
3.871220869742874670e-06
3.871055099152966473e-06
3.870889603514092404e-06
3.870724411716076347e-06
3.870559551897023314e-06
3.870394957934559038e-06
3.870230696812189596e-06
3.870066728222860318e-06
3.869903080345709880e-06
3.869739747343580131e-06
3.869576688525734194e-06
3.869413977127117568e-06
3.869251544267140577e-06
3.869089403201249665e-06
3.868927618236450462e-06
3.868766114840200593e-06
3.868604949485798553e-06
3.868444051595753755e-06
3.868283477095207324e-06
3.868123331812462466e-06
3.867963494448199851e-06
3.867803963731486352e-06
3.867644745545381681e-06
3.867485789610948601e-06
3.867327147291119846e-06
3.867168786223728575e-06
3.867010703891166711e-06
3.866852935826023393e-06
3.866695415281714436e-06
3.866538207194193692e-06
3.866381307803422615e-06
3.866224651724687605e-06
3.866068336840036079e-06
3.865912284565625520e-06
3.865756515893309982e-06
3.865601041899488595e-06
3.865445852724231985e-06
3.865291008460965138e-06
3.865136402598226519e-06
3.864982095477097455e-06
3.864828192018332782e-06
3.864674581598233580e-06
3.864521265811279231e-06
3.864368231252379676e-06
3.864215447650591624e-06
3.864062961366304255e-06
3.863910740184062766e-06
3.863758780768836710e-06
3.863607119734589155e-06
3.863455687831422367e-06
3.863304559077888966e-06
3.863153716694483107e-06
3.863003106588729561e-06
3.862852813310052741e-06
3.862702767088816345e-06
3.862552979229539875e-06
3.862403502319667549e-06
3.862254282251238681e-06
3.862105358126341741e-06
3.861956666991730497e-06
3.861808271876155697e-06
3.861660260402891289e-06
3.861512516072704525e-06
3.861365036378807327e-06
3.861217861063523949e-06
3.861070918134293618e-06
3.860924234297915237e-06
3.860777830171174131e-06
3.860631645507164636e-06
3.860485730270493450e-06
3.860340092580905650e-06
3.860194683806087579e-06
3.860049564049550691e-06
3.859904670079711187e-06
3.859760048032545338e-06
3.859615690688477085e-06
3.859471569286881327e-06
3.859327753688023506e-06
3.859184149977846420e-06
3.859040791839445308e-06
3.858897755809941401e-06
3.858754952496195577e-06
3.858612432948886953e-06
3.858470222101074077e-06
3.858328297220022337e-06
3.858186650596950100e-06
3.858045230767128215e-06
3.857904039190662758e-06
3.857763118852328575e-06
3.857622434125262605e-06
3.857481983473529841e-06
3.857341801626691531e-06
3.857201820723889955e-06
3.857062120946434497e-06
3.856922666799488279e-06
3.856783427260583109e-06
3.856644466898755106e-06
3.856505729200214210e-06
3.856367216093287676e-06
3.856229012798343188e-06
3.856091010397257201e-06
3.855953238269154038e-06
3.855815745916145161e-06
3.855678500501587214e-06
3.855541541203052854e-06
3.855404844945252944e-06
3.855268419670963663e-06
3.855132273237761531e-06
3.854996328454508308e-06
3.854860603592738046e-06
3.854725139082113435e-06
3.854589894904782264e-06
3.854454876181494074e-06
3.854320111295157410e-06
3.854185534865918946e-06
3.854051231322296767e-06
3.853917157740482072e-06
3.853783288463860440e-06
3.853649679881174457e-06
3.853516290600807293e-06
3.853383116372127388e-06
3.853250230023961825e-06
3.853117528154678018e-06
3.852985045386024319e-06
3.852852859181460062e-06
3.852720877105451158e-06
3.852589137320944227e-06
3.852457700116850143e-06
3.852326512942896728e-06
3.852195556879961900e-06
3.852064833743309263e-06
3.851934309317083571e-06
3.851804022343546074e-06
3.851673964778223278e-06
3.851544094466734171e-06
3.851414451399739512e-06
3.851285060684449518e-06
3.851155845387353559e-06
3.851026884006574419e-06
3.850898126383384083e-06
3.850769583641443579e-06
3.850641286315713825e-06
3.850513194053229270e-06
3.850385313970874241e-06
3.850257662798541321e-06
3.850130234993929611e-06
3.850003043521305274e-06
3.849876035632407263e-06
3.849749272262690088e-06
3.849622818302586356e-06
3.849496563131873368e-06
3.849370543211944924e-06
3.849244788552794640e-06
3.849119201844158759e-06
3.848993817030161817e-06
3.848868665994517320e-06
3.848743710779083590e-06
3.848618955551774337e-06
3.848494430338908889e-06
3.848370077440455495e-06
3.848245960813051383e-06
3.848122056859347976e-06
3.847998333945154972e-06
3.847874831429194883e-06
3.847751548295260258e-06
3.847628457525625883e-06
3.847505596440930180e-06
3.847382915124726201e-06
3.847260448833276376e-06
3.847138235308263957e-06
3.847016175838755412e-06
3.846894341882330586e-06
3.846772817445743600e-06
3.846651473474164379e-06
3.846530347924676654e-06
3.846409476986221843e-06
3.846288762885282860e-06
3.846168242012967556e-06
3.846047941634466907e-06
3.845927828219323549e-06
3.845807901877363775e-06
3.845688195314314377e-06
3.845568659161482593e-06
3.845449334344191077e-06
3.845330218355662762e-06
3.845211276017594438e-06
3.845092536599718666e-06
3.844974012218645244e-06
3.844855673383153507e-06
3.844737528238459662e-06
3.844619585061704446e-06
3.844501845520587314e-06
3.844384309919216809e-06
3.844266950733048093e-06
3.844149810389897968e-06
3.844032923133302717e-06
3.843916229145176422e-06
3.843799761390752209e-06
3.843683510990920808e-06
3.843567431802646777e-06
3.843451526631742000e-06
3.843335826882762758e-06
3.843220321131730801e-06
3.843104972889116435e-06
3.842989818452502369e-06
3.842874882069946526e-06
3.842760092081554394e-06
3.842645504650510462e-06
3.842531117669391675e-06
3.842416886946897601e-06
3.842302878717609806e-06
3.842189033652462447e-06
3.842075360953459679e-06
3.841961932668191463e-06
3.841848641514393740e-06
3.841735525462447810e-06
3.841622669504240148e-06
3.841509948991311949e-06
3.841397415631410354e-06
3.841285166848388778e-06
3.841173089599268888e-06
3.841061195811769595e-06
3.840949532419400359e-06
3.840838008890248093e-06
3.840726655684518821e-06
3.840615501748624158e-06
3.840504519078125124e-06
3.840393689975013678e-06
3.840283057719183646e-06
3.840172604617172165e-06
3.840062301436281497e-06
3.839952200063655277e-06
3.839842267900433474e-06
3.839732492878199921e-06
3.839622932266392936e-06
3.839513519149299570e-06
3.839404268414404788e-06
3.839295249766897541e-06
3.839186364007692437e-06
3.839077637160638417e-06
3.838969153006071766e-06
3.838860803258772807e-06
3.838752625812378268e-06
3.838644719974367502e-06
3.838536975461108376e-06
3.838429403391849722e-06
3.838322051970300597e-06
3.838214832106347913e-06
3.838107773444217823e-06
3.838000904533154969e-06
3.837894200127069612e-06
3.837787639641265425e-06
3.837681252426375931e-06
3.837575062659980826e-06
3.837469001323641753e-06
3.837363123394524281e-06
3.837257422613035446e-06
3.837151861393825480e-06
3.837046499245696382e-06
3.836941282877764246e-06
3.836836226171676809e-06
3.836731377488755630e-06
3.836626652303138212e-06
3.836522098441686111e-06
3.836417760986960532e-06
3.836313532741368525e-06
3.836209501545419187e-06
3.836105704209440693e-06
3.836002053269247131e-06
3.835898598106089375e-06
3.835795322262716110e-06
3.835692198321782989e-06
3.835589221065114741e-06
3.835486412228903246e-06
3.835383771345074709e-06
3.835281257299518926e-06
3.835178930135427596e-06
3.835076762192362996e-06
3.834974717136093842e-06
3.834872864843358671e-06
3.834771170783969156e-06
3.834669614066775837e-06
3.834568219183789748e-06
3.834467004243755371e-06
3.834365932559898688e-06
3.834264995972279518e-06
3.834164273342946658e-06
3.834063675211063569e-06
3.833963213481156552e-06
3.833862972407752113e-06
3.833762851507378306e-06
3.833662883913570311e-06
3.833563165684265532e-06
3.833463582266809496e-06
3.833364164657886711e-06
3.833264942785085499e-06
3.833165841240938588e-06
3.833066879813649273e-06
3.832968084612267001e-06
3.832869446060821722e-06
3.832770929709017257e-06
3.832672580404044684e-06
3.832574388617676968e-06
3.832476315284056625e-06
3.832378417372891741e-06
3.832280672616550952e-06
3.832183055663777758e-06
3.832085593400072143e-06
3.831988299158414558e-06
3.831891142514226876e-06
3.831794111228508121e-06
3.831697284405789749e-06
3.831600572829184099e-06
3.831503989442035620e-06
3.831407619531100742e-06
3.831311355205599314e-06
3.831215239057583588e-06
3.831119362789553482e-06
3.831023607638268142e-06
3.830928019202413902e-06
3.830832606561804485e-06
3.830737317719142160e-06
3.830642161313138928e-06
3.830547158769015462e-06
3.830452306959152580e-06
3.830357567914565737e-06
3.830262994096072809e-06
3.830168564634271907e-06
3.830074252814447758e-06
3.829980095515487386e-06
3.829886089300955252e-06
3.829792217282087580e-06
3.829698473831499860e-06
3.829604905545376608e-06
3.829511453409247642e-06
3.829418135120523000e-06
3.829324998831011490e-06
3.829231962348532261e-06
3.829139082238306367e-06
3.829046366708619239e-06
3.828953762688244636e-06
3.828861325743349428e-06
3.828769044689934195e-06
3.828676936802638738e-06
3.828584987493649882e-06
3.828493161287628597e-06
3.828401512613464494e-06
3.828309971802333438e-06
3.828218559928102601e-06
3.828127302552795693e-06
3.828036178219081020e-06
3.827945165871705806e-06
3.827854298199562062e-06
3.827763581684815059e-06
3.827672968556002580e-06
3.827582510505515059e-06
3.827492192577128268e-06
3.827401988058024290e-06
3.827311922772910386e-06
3.827222012370088369e-06
3.827132219347631898e-06
3.827042543978975067e-06
3.826953055259940453e-06
3.826863654822650492e-06
3.826774387200046193e-06
3.826685306603036625e-06
3.826596305812210963e-06
3.826507470292184768e-06
3.826418804515497830e-06
3.826330275660577202e-06
3.826241908006450025e-06
3.826153657636296891e-06
3.826065568095590340e-06
3.825977584922414098e-06
3.825889721497217190e-06
3.825802005886493923e-06
3.825714415772000173e-06
3.825626930611147314e-06
3.825539583345703116e-06
3.825452377335639756e-06
3.825365268962695768e-06
3.825278309949057661e-06
3.825191481554810116e-06
3.825104761543302846e-06
3.825018168160409889e-06
3.824931730060081014e-06
3.824845396381790918e-06
3.824759178333662518e-06
3.824673132622150293e-06
3.824587169770658658e-06
3.824501348234426315e-06
3.824415672321258699e-06
3.824330100401949624e-06
3.824244678598215563e-06
3.824159378827333058e-06
3.824074262769955032e-06
3.823989272813085757e-06
3.823904397348426683e-06
3.823819690857022627e-06
3.823735075753405090e-06
3.823650573441910301e-06
3.823566204250715743e-06
3.823481964835703154e-06
3.823397818235859736e-06
3.823313811798488333e-06
3.823229927620460862e-06
3.823146154049424588e-06
3.823062493197576444e-06
3.822978966531561249e-06
3.822895566289350342e-06
3.822812262153769372e-06
3.822729097364572125e-06
3.822646050881023968e-06
3.822563123142037047e-06
3.822480301877634388e-06
3.822397632504812911e-06
3.822315063812256238e-06
3.822232592480176281e-06
3.822150304164059854e-06
3.822068081689306041e-06
3.821986000964813761e-06
3.821904090332054707e-06
3.821822289553238985e-06
3.821740636586892823e-06
3.821659086596347832e-06
3.821577685622878614e-06
3.821496376211096860e-06
3.821415176397778054e-06
3.821334105495267465e-06
3.821253150613549837e-06
3.821172285407711779e-06
3.821091555093683222e-06
3.821010941441644792e-06
3.820930419056445046e-06
3.820850020415349896e-06
3.820769747560159368e-06
3.820689588236388721e-06
3.820609523165253826e-06
3.820529592423142801e-06
3.820449769297496921e-06
3.820370059001565958e-06
3.820290453265503821e-06
3.820210988322143482e-06
3.820131619982428297e-06
3.820052342922722312e-06
3.819973242129170811e-06
3.819894198699414556e-06
3.819815299554433841e-06
3.819736546434145302e-06
3.819657910336389005e-06
3.819579410302541836e-06
3.819501004880185246e-06
3.819422749981679479e-06
3.819344577378346992e-06
3.819266505822097939e-06
3.819188554540758100e-06
3.819110720647340187e-06
3.819032968954567524e-06
3.818955342158995903e-06
3.818877824963464404e-06
3.818800415500518644e-06
3.818723099041028162e-06
3.818645898742440903e-06
3.818568820293934973e-06
3.818491827200796835e-06
3.818414950909970844e-06
3.818338196667771551e-06
3.818261536962766188e-06
3.818184968970829172e-06
3.818108557578844887e-06
3.818032209514489469e-06
3.817955985940039300e-06
3.817879877780443521e-06
3.817803868814802658e-06
3.817727983633386108e-06
3.817652185442690309e-06
3.817576571120411151e-06
3.817501039498559717e-06
3.817425631251786034e-06
3.817350340376055453e-06
3.817275152275413117e-06
3.817200061868934432e-06
3.817125062081034705e-06
3.817050183493693656e-06
3.816975406473925080e-06
3.816900710557776351e-06
3.816826130732561689e-06
3.816751660647437271e-06
3.816677266750603047e-06
3.816602989366688775e-06
3.816528822217903836e-06
3.816454758237501480e-06
3.816380775755181367e-06
3.816306912135112634e-06
3.816233150752482218e-06
3.816159489263747312e-06
3.816085908486527996e-06
3.816012478480815842e-06
3.815939109038066143e-06
3.815865846444046172e-06
3.815792715938962174e-06
3.815719658778492419e-06
3.815646726284969657e-06
3.815573877537141227e-06
3.815501200362763299e-06
3.815428603622866129e-06
3.815356118587133791e-06
3.815283750755973782e-06
3.815211475765914857e-06
3.815139294328929716e-06
3.815067199352847065e-06
3.814995219473825595e-06
3.814923335988435084e-06
3.814851527847037736e-06
3.814779833270830626e-06
3.814708239719386785e-06
3.814636725420689073e-06
3.814565311838121236e-06
3.814494004642026753e-06
3.814422799891856311e-06
3.814351670293847246e-06
3.814280648882899447e-06
3.814209735317318128e-06
3.814138906970471411e-06
3.814068160754084795e-06
3.813997555445045885e-06
3.813927005003297547e-06
3.813856573583112240e-06
3.813786226903963330e-06
3.813715998288875737e-06
3.813645853446533745e-06
3.813575793402431672e-06
3.813505901965339852e-06
3.813436079027966378e-06
3.813366383471787520e-06
3.813296765919038792e-06
3.813227275686249704e-06
3.813157854886701172e-06
3.813088519068073002e-06
3.813019287678838397e-06
3.812950154093676321e-06
3.812881092358314813e-06
3.812812128992206874e-06
3.812743257308008327e-06
3.812674501112802001e-06
3.812605801908125946e-06
3.812537212788268994e-06
3.812468718053445820e-06
3.812400305723571397e-06
3.812331980784852127e-06
3.812263766061358612e-06
3.812195631873332510e-06
3.812127591379679686e-06
3.812059626262377531e-06
3.811991794309600045e-06
3.811924018168111867e-06
3.811856336594517482e-06
3.811788775655785314e-06
3.811721280899817049e-06
3.811653898135172185e-06
3.811586586517052102e-06
3.811519436173408442e-06
3.811452349963927409e-06
3.811385379299883178e-06
3.811318491625763050e-06
3.811251712501728533e-06
3.811185004225541427e-06
3.811118377522561186e-06
3.811051846457557718e-06
3.810985410989764597e-06
3.810919039258433077e-06
3.810852763652663104e-06
3.810786575277768053e-06
3.810720493082218849e-06
3.810654465500368716e-06
3.810588541968665428e-06
3.810522707442139423e-06
3.810456952391815310e-06
3.810391277716233685e-06
3.810325706040812630e-06
3.810260213278669769e-06
3.810194809323410813e-06
3.810129472132423360e-06
3.810064267155828895e-06
3.809999108843985419e-06
3.809934050280770456e-06
3.809869083983968440e-06
3.809804205822587830e-06
3.809739414204239296e-06
3.809674693050734015e-06
3.809610127082757570e-06
3.809545621921671280e-06
3.809481230713324566e-06
3.809416907182125561e-06
3.809352703318876100e-06
3.809288558173099543e-06
3.809224491340502055e-06
3.809160514809295097e-06
3.809096624007802991e-06
3.809032814764372801e-06
3.808969075512237696e-06
3.808905427236790562e-06
3.808841870391473547e-06
3.808778374206850919e-06
3.808714968950853073e-06
3.808651652717464447e-06
3.808588423982913003e-06
3.808525259379225417e-06
3.808462183150776287e-06
3.808399204956752414e-06
3.808336293428552369e-06
3.808273460317231519e-06
3.808210724697432276e-06
3.808148067810951031e-06
3.808085491652396638e-06
3.808022974501548871e-06
3.807960592938590846e-06
3.807898250556335689e-06
3.807836016498025287e-06
3.807773847729433740e-06
3.807711823088395713e-06
3.807649855522523491e-06
3.807587990024251008e-06
3.807526199969960541e-06
3.807464508227791270e-06
3.807402879859816079e-06
3.807341322742574862e-06
3.807279855033853617e-06
3.807218469911163214e-06
3.807157149785856880e-06
3.807095908036394382e-06
3.807034747152909860e-06
3.806973678272196317e-06
3.806912658311294237e-06
3.806851733992520661e-06
3.806790892240033166e-06
3.806730131356983353e-06
3.806669429227983867e-06
3.806608814432642516e-06
3.806548290985811613e-06
3.806487830952592738e-06
3.806427444930750419e-06
3.806367151231933343e-06
3.806306934205810627e-06
3.806246790997032088e-06
3.806186705838402558e-06
3.806126746913379878e-06
3.806066828244838495e-06
3.806007010923261550e-06
3.805947251759959910e-06
3.805887633844552185e-06
3.805828066833377935e-06
3.805768602170628305e-06
3.805709200091115082e-06
3.805649904713203234e-06
3.805590661265057720e-06
3.805531487312468977e-06
