2.299911764995716980e-06
2.459455445156471095e-06
2.610236621919667906e-06
2.752617362953105825e-06
2.886940746291071062e-06
3.013538311118645372e-06
3.132721860320969352e-06
3.244793697697585575e-06
3.350038722446282359e-06
3.448731343152444748e-06
3.541135005142224134e-06
3.627493349110316206e-06
3.708044140422790922e-06
3.783009862307480180e-06
3.852603041973894436e-06
3.917030849001738461e-06
3.976485763118356850e-06
4.031158269557354212e-06
4.081228265748247231e-06
4.126870236958017408e-06
4.168256139123384537e-06
4.205542796217251704e-06
4.238892943882977323e-06
4.268456048581900304e-06
4.294381026306830393e-06
4.316810838282696018e-06
4.335875294396118154e-06
4.351718589577987937e-06
4.364467421607185166e-06
4.374246922869734425e-06
4.381176910441715792e-06
4.385380953752690650e-06
4.386974983054999627e-06
4.386070345356804715e-06
4.382778543580723648e-06
4.377207312395746123e-06
4.369461504218791530e-06
4.359645240651621960e-06
4.347860430513263157e-06
4.334200004096196215e-06
4.318769290490729634e-06
4.301652829459061074e-06
4.282950897282701036e-06
4.262749610356586510e-06
4.241135232595065044e-06
4.218197096397169686e-06
4.194013827631182130e-06
4.168671524209840595e-06
4.142245173696324806e-06
4.114815651401047333e-06
4.086456200572258111e-06
4.057235219186673198e-06
4.027230563013498497e-06
3.996505268222722898e-06
3.965126951092782707e-06
3.933163314890708084e-06
3.900671433977485138e-06
3.867714309156398244e-06
3.834351586813324857e-06
3.800634156721774457e-06
3.766619799787121884e-06
3.732362730394432910e-06
3.697906336796178254e-06
3.663302350017854596e-06
3.628599325803650316e-06
3.593835383198964578e-06
3.559054536659673263e-06
3.524301520094314876e-06
3.489610482740186649e-06
3.455014956855604495e-06
3.420556171383836215e-06
3.386265379352966643e-06
3.352171210798160233e-06
3.318299649054503558e-06
3.284685201377223234e-06
3.251354539598653090e-06
3.218323566665817343e-06
3.185619964248383560e-06
3.153264233585466324e-06
3.121280837679074705e-06
3.089678307221120084e-06
3.058477758194821834e-06
3.027695993186438738e-06
2.997346342436498367e-06
2.967437720203078468e-06
2.937982287015115606e-06
2.908998821887803476e-06
2.880484306261626691e-06
2.852447605596358413e-06
2.824905554753121426e-06
2.797851658477625053e-06
2.771295940667818282e-06
2.745244926986528380e-06
2.719691174151228780e-06
2.694643737960913295e-06
2.670102682473617468e-06
2.646068224582360026e-06
2.622535420695411548e-06
2.599502530207145636e-06
2.576969012781377189e-06
2.554936383888393820e-06
2.533395526862498747e-06
2.512339933198609722e-06
2.491763669579288203e-06
2.471668958995024673e-06
2.452045843066754612e-06
2.432882732015175940e-06
2.414180735001042911e-06
2.395922862995084918e-06
2.378109848553686256e-06
2.360728092854723958e-06
2.343770276513354136e-06
2.327224849699831502e-06
2.311086286901715493e-06
2.295341927675485072e-06
2.279982202670597049e-06
2.265000703820638582e-06
2.250379528567523874e-06
2.236115554722187445e-06
2.222191213438895920e-06
2.208602742624543132e-06
2.195333792581407382e-06
2.182376933865263773e-06
2.169716225037333447e-06
2.157345084022427884e-06
2.145247495922111659e-06
2.133418508063124696e-06
2.121841239412552421e-06
2.110507324525089115e-06
2.099403537600189532e-06
2.088517584610370500e-06
2.077843980141929808e-06
2.067366098625187338e-06
2.057076141902195463e-06
2.046961670272416096e-06
2.037011848793850218e-06
2.027216904034965688e-06
2.017565122448641450e-06
2.008048604938835016e-06
1.998656856513760431e-06
1.989379547314114110e-06
1.980205357872790757e-06
1.971126665368570420e-06
1.962133934730027083e-06
1.953218135116004577e-06
1.944371871106875332e-06
1.935585035507184878e-06
1.926851170410157740e-06
1.918160215773067388e-06
1.909505194662981251e-06
1.900881771350973532e-06
1.892277379653917981e-06
1.883690928884716576e-06
1.875112974830711365e-06
1.866538584005407282e-06
1.857963698926793450e-06
1.849377179022991166e-06
1.840778703707115337e-06
1.832162005185088488e-06
1.823523337524379510e-06
1.814861170284838488e-06
1.806164807855973898e-06
1.797436691662785858e-06
1.788670784720187249e-06
1.779865888175192488e-06
1.771017485718253732e-06
1.762124197205839631e-06
1.753184913898248808e-06
1.744199667417452907e-06
1.735161942395176589e-06
1.726075012307531690e-06
1.716936561071883226e-06
1.707746007329927482e-06
1.698502463684226078e-06
1.689207622134657248e-06
1.679861828658498894e-06
1.670464846510202560e-06
1.661016992146012890e-06
1.651519836358348666e-06
1.641974840591105237e-06
1.632382858337818446e-06
1.622745419023147135e-06
1.613064570841742248e-06
1.603344419155650402e-06
1.593584347670305398e-06
1.583787099427118992e-06
1.573958285937280780e-06
1.564096284583340424e-06
1.554204038158693652e-06
1.544290150777415132e-06
1.534351539580482633e-06
1.524391853052181417e-06
1.514420324617090702e-06
1.504434457144429388e-06
1.494437318059898033e-06
1.484437430879012006e-06
1.474433658022493949e-06
1.464429731994220455e-06
1.454432536618221259e-06
1.444442253073312557e-06
1.434466174668794237e-06
1.424505842896168157e-06
1.414564398858761178e-06
1.404646878530103790e-06
1.394754671594575170e-06
1.384896582531376335e-06
1.375070162377242160e-06
1.365276143123936000e-06
1.355532542496057089e-06
1.345830464917260942e-06
1.336174164795621538e-06
1.326573189287157060e-06
1.317023980251591452e-06
1.307535557165291595e-06
1.298104793832720241e-06
1.288743945738801302e-06
1.279446739633872462e-06
1.270214161146794777e-06
1.261063066088370466e-06
1.251981821233576594e-06
1.242984613956153643e-06
1.234063341902933175e-06
1.225231075329213651e-06
1.216481591124198693e-06
1.207814482906409871e-06
1.199244527324054842e-06
1.190760024842757268e-06
1.182372789482087291e-06
1.174074971477647871e-06
1.165882042009786834e-06
1.157785868285015509e-06
1.149786091448883028e-06
1.141890016319033922e-06
1.134096254206924684e-06
1.126405756639418657e-06
1.118813222228478123e-06
1.111333627501311329e-06
1.103953278746035983e-06
1.096682819826318180e-06
1.089512343518832134e-06
1.082456644041812374e-06
1.075502853962398188e-06
1.068661211125238097e-06
1.061920534996610178e-06
1.055291354318467087e-06
1.048768761455220803e-06
1.042351755689234494e-06
1.036037590116619811e-06
1.029832193528734554e-06
1.023731675004359530e-06
1.017733606908928133e-06
1.011837404254070014e-06
1.006046493875882436e-06
1.000357374899516110e-06
9.947675442214114390e-07
9.892757519340135104e-07
9.838835773547330027e-07
9.785896001881010382e-07
9.733896991122543943e-07
9.682820594497799380e-07
9.632675093586228831e-07
9.583458573912373267e-07
9.535141923664227266e-07
9.487672213462440095e-07
9.441071518138121992e-07
9.395321722050203945e-07
9.350413287547899345e-07
9.306283319489417013e-07
9.262964174614376644e-07
9.220393813533421706e-07
9.178586616002986039e-07
9.137489356384539305e-07
9.097127851016624318e-07
9.057443853848149370e-07
9.018417009080010621e-07
8.980058045680274990e-07
8.942318068095097261e-07
8.905161821390895101e-07
8.868633624742496259e-07
8.832665132459362785e-07
8.797231547620240307e-07
8.762314634044685738e-07
8.727904562359357685e-07
8.693976614017888892e-07
8.660518640562727807e-07
8.627500420958504201e-07
8.594887138467162816e-07
8.562700673012075716e-07
8.530897945132320510e-07
8.499454839215006266e-07
8.468336641889792147e-07
8.437559767225508089e-07
8.407077795436564560e-07
8.376912140953143300e-07
8.347005930928060751e-07
8.317324605165718578e-07
8.287922804001939086e-07
8.258714847387295208e-07
8.229722439168340741e-07
8.200905578412589774e-07
8.172268072429584084e-07
8.143790888960574583e-07
8.115466548687681533e-07
8.087273208273148497e-07
8.059174026423071008e-07
8.031197934849124900e-07
8.003297839206940301e-07
7.975502796854081001e-07
7.947778038809116693e-07
7.920076923965787628e-07
7.892447580939389646e-07
7.864843007423963400e-07
7.837286788424771404e-07
7.809746343567260325e-07
7.782199399681424924e-07
7.754678074645990876e-07
7.727142568284203202e-07
7.699613318925482143e-07
7.672063111115382094e-07
7.644483136501356531e-07
7.616893155227444147e-07
7.589263803431364660e-07
7.561609637232691669e-07
7.533910542855690156e-07
7.506168870916193363e-07
7.478390253663862870e-07
7.450560947051795404e-07
7.422686213083264143e-07
7.394754063170972787e-07
7.366789045485650041e-07
7.338772485295212976e-07
7.310701171644071846e-07
7.282583635114538745e-07
7.254406164009137443e-07
7.226203548084678632e-07
7.197945936309643189e-07
7.169638064481387401e-07
7.141291348815522776e-07
7.112894031317542447e-07
7.084469502970980981e-07
7.056011359894565145e-07
7.027501934077128785e-07
6.998982927377791556e-07
6.970417344387480751e-07
6.941825013103990412e-07
6.913247265049863956e-07
6.884638882973100805e-07
6.856031416729648280e-07
6.827402863325039113e-07
6.798761561378755261e-07
6.770166657228792344e-07
6.741565313092026133e-07
6.712956015537517728e-07
6.684397122294960427e-07
6.655833714863759078e-07
6.627295046063945992e-07
6.598825529446104510e-07
6.570371096259258564e-07
6.541975372281445993e-07
6.513605825266990337e-07
6.485286579400885127e-07
6.457065840520584060e-07
6.428901379915959832e-07
6.400783166542930658e-07
6.372786049688279385e-07
6.344832414642905273e-07
6.316947343010892770e-07
6.289226252642240292e-07
6.261568624078731934e-07
6.233993059029024502e-07
6.206559010903633350e-07
6.179208560854206243e-07
6.151967367757304234e-07
6.124896405375128858e-07
6.097921868676596802e-07
6.071079489251267471e-07
6.044372190019588712e-07
6.017792065795540883e-07
5.991362047829468029e-07
5.965108949880047991e-07
5.938981234602827972e-07
5.913023225490381933e-07
5.887209312374381409e-07
5.861552538659652864e-07
5.836072326932675496e-07
5.810779719296698631e-07
5.785636736877377045e-07
5.760679582540030525e-07
5.735884798357392763e-07
5.711265877732636966e-07
5.686836734691836366e-07
5.662611693383943691e-07
5.638553039587250174e-07
5.614682808121294380e-07
5.591002838862699928e-07
5.567507207388814218e-07
5.544205437855519295e-07
5.521120541913751019e-07
5.498213151625317937e-07
5.475485407502039001e-07
5.452984202064921057e-07
5.430661300468805164e-07
5.408530605402993000e-07
5.386620177403325163e-07
5.364884214872161021e-07
5.343349304408085296e-07
5.322028567769935381e-07
5.300893023834135530e-07
5.279941028863267617e-07
5.259202496514180900e-07
5.238654073905787043e-07
5.218304120830620828e-07
5.198147266242443678e-07
5.178175101489830710e-07
5.158394118507580125e-07
5.138815959961361655e-07
5.119419807570624305e-07
5.100207322490349048e-07
5.081175923456082094e-07
5.062340473539318340e-07
5.043684665189827546e-07
5.025198069316408584e-07
5.006895495668245194e-07
4.988762437372827902e-07
4.970812736746066989e-07
4.953025484582207632e-07
4.935402082689000036e-07
4.917951253959589922e-07
4.900672373410555163e-07
4.883532724177292926e-07
4.866546777319228162e-07
4.849738831524522039e-07
4.833069394021973607e-07
4.816561942837596347e-07
4.800183142114725798e-07
4.783972262464386689e-07
4.767883044173156219e-07
4.751935225791481102e-07
4.736128656049554644e-07
4.720444471121111849e-07
4.704908919952443661e-07
4.689485654109814543e-07
4.674195730276459102e-07
4.659018067441736564e-07
4.643965950097643701e-07
4.629028086059187365e-07
4.614195463096099241e-07
4.599488292577280117e-07
4.584879956310984186e-07
4.570381516506880478e-07
4.555978629902411816e-07
4.541684400823855500e-07
4.527484423290244300e-07
4.513371950484519847e-07
4.499366819205975950e-07
4.485442355973461914e-07
4.471612568903066349e-07
4.457861044429022245e-07
4.444199091572429772e-07
4.430618690961017659e-07
4.417105386314736456e-07
4.403688060523036246e-07
4.390330061676336766e-07
4.377057560427802232e-07
4.363845330586809335e-07
4.350703545176406850e-07
4.337634931260206679e-07
4.324619563642891216e-07
4.311685095852972851e-07
4.298799713954069799e-07
4.285977449814687048e-07
4.273215781426187466e-07
4.260506004413228394e-07
4.247866234912548759e-07
4.235269589261485884e-07
4.222735480266820554e-07
4.210246072076368692e-07
4.197799997469808999e-07
4.185421026314862921e-07
4.173080452560975245e-07
4.160795884430399926e-07
4.148549363762482740e-07
4.136350368839951715e-07
4.124199022491058236e-07
4.112084156827833676e-07
4.100010967271784707e-07
4.087991895424255833e-07
4.076005255284848949e-07
4.064061558895726619e-07
4.052155853212354423e-07
4.040297000341319560e-07
4.028464301831270452e-07
4.016661619041949326e-07
4.004920384525055304e-07
3.993208152855113510e-07
3.981536606223883123e-07
3.969892352720242481e-07
3.958293456705989203e-07
3.946730167481894515e-07
3.935195691337240205e-07
3.923683011288167607e-07
3.912239919364895827e-07
3.900813368425818275e-07
3.889426216146907699e-07
3.878063681663301493e-07
3.866752330866036509e-07
3.855461000200490538e-07
3.844205510284108458e-07
3.832967662609232245e-07
3.821801463367172474e-07
3.810648766100286335e-07
3.799531591322114491e-07
3.788442145983036376e-07
3.777404355005409210e-07
3.766381665111206782e-07
3.755396152240759151e-07
3.744431080961820284e-07
3.733537380311650934e-07
3.722657714185888557e-07
3.711812740561180850e-07
3.700997734654668747e-07
3.690237686488344523e-07
3.679490842303040978e-07
3.668783312387472420e-07
3.658097972189155820e-07
3.647481417120852596e-07
3.636881622691918345e-07
3.626316894502324199e-07
3.615779625448398661e-07
3.605300834512772866e-07
3.594836135455911967e-07
3.584412113122436325e-07
3.574013498260024764e-07
3.563674715153479132e-07
3.553362630442690660e-07
3.543085438048225523e-07
3.532834560688043680e-07
3.522641274291921183e-07
3.512469413737151116e-07
3.502335581505914692e-07
3.492232313589362670e-07
3.482173709898975138e-07
3.472159888486596871e-07
3.462174387224007409e-07
3.452224751225970028e-07
3.442316016401884976e-07
3.432451500667845135e-07
3.422612499164283714e-07
3.412810180261629250e-07
3.403046135495793297e-07
3.393332115546853584e-07
3.383648041641819610e-07
3.373999692586357239e-07
3.364382795325942707e-07
3.354822650417644892e-07
3.345281601521012440e-07
3.335786584941707233e-07
3.326323439284881457e-07
3.316900990501991059e-07
3.307521907462129684e-07
3.298174518704705501e-07
3.288865040170743838e-07
3.279590456650181763e-07
3.270365736269102651e-07
3.261166809795132794e-07
3.252008291960449980e-07
3.242890008386047308e-07
3.233806892513266787e-07
3.224766130551950578e-07
3.215754863043742837e-07
3.206787860672973768e-07
3.197856423684489565e-07
3.188964020506894175e-07
3.180107223869215255e-07
3.171284301790634572e-07
3.162507023373560655e-07
3.153759072030587167e-07
3.145054810908134668e-07
3.136380148864543803e-07
3.127747934415545532e-07
3.119151863266468316e-07
3.110590627060232626e-07
3.102068540375497045e-07
3.093578107329277712e-07
3.085133264285533510e-07
3.076715133253770500e-07
3.068340615701367281e-07
3.059995399606902988e-07
3.051693247887124080e-07
3.043422519890370650e-07
3.035188871569188290e-07
3.026993473558418674e-07
3.018829019193294747e-07
3.010706971019360965e-07
3.002613976483174316e-07
2.994561235778786737e-07
2.986535505003104965e-07
2.978558367542152137e-07
2.970605372614674012e-07
2.962689922875599977e-07
2.954812496843120689e-07
2.946968189404272334e-07
2.939156356441824487e-07
2.931382448304879313e-07
2.923642236275357657e-07
2.915930979820052026e-07
2.908264278640443601e-07
2.900622037246499631e-07
2.893016075060540466e-07
2.885443816648456086e-07
2.877907316841004585e-07
2.870398321973528343e-07
2.862932353906020838e-07
2.855492495609166408e-07
2.848089725077681382e-07
2.840717821925985443e-07
2.833380983493603047e-07
2.826072514678427612e-07
2.818799039950920291e-07
2.811561383534024520e-07
2.804352046502690018e-07
2.797171064101941310e-07
2.790031164834024682e-07
2.782922077652621315e-07
2.775838001420265092e-07
2.768797413056327165e-07
2.761778328717312096e-07
2.754793014990716881e-07
2.747841353233111466e-07
2.740919823201030990e-07
2.734025793690065000e-07
2.727162814023394111e-07
2.720338498676369914e-07
2.713542306029417651e-07
2.706770209085847955e-07
2.700040135988424547e-07
2.693328655683770082e-07
2.686651326642227560e-07
2.680008280367410635e-07
2.673389329089297218e-07
2.666797314349217524e-07
2.660236401913900241e-07
2.653714935194472060e-07
2.647217519394970256e-07
2.640745661173582160e-07
2.634309832811912111e-07
2.627893950139447713e-07
2.621512243089559504e-07
2.615162732579456282e-07
2.608834628628040150e-07
2.602532109503078780e-07
2.596258013243323741e-07
2.590025083303452005e-07
2.583812612763631171e-07
2.577623828350697830e-07
2.571469445138922703e-07
2.565334067803686505e-07
2.559231627635590283e-07
2.553158746020055865e-07
2.547105311448290314e-07
2.541077363382601557e-07
2.535071192592458450e-07
2.529107581061374134e-07
2.523162948856671543e-07
2.517238778363086782e-07
2.511347602155668756e-07
2.505473261200142634e-07
2.499631024788610496e-07
2.493814348208333058e-07
2.488016263894129948e-07
2.482243531273175188e-07
2.476488224823392978e-07
2.470770115576430520e-07
2.465075674844343590e-07
2.459398842395480578e-07
2.453750080704711703e-07
2.448118438687070331e-07
2.442513748492964191e-07
2.436935233644808200e-07
2.431377258724241344e-07
2.425838842931439678e-07
2.420318976122604050e-07
2.414821676842728020e-07
2.409358560703625916e-07
2.403909373447159478e-07
2.398478879916366966e-07
2.393073373429101366e-07
2.387684139900941389e-07
2.382323114985889792e-07
2.376980505028750547e-07
2.371653138696764047e-07
2.366346734689609090e-07
2.361056686741550812e-07
2.355792047506307182e-07
2.350549279698781978e-07
2.345321085836247523e-07
2.340112409525538639e-07
2.334921347974504910e-07
2.329748128172010421e-07
2.324600101819375567e-07
2.319465265641955504e-07
2.314347690896588775e-07
2.309245406963186913e-07
2.304160009840035383e-07
2.299097324243532952e-07
2.294052285378978325e-07
2.289021168593505710e-07
2.284007557133061313e-07
2.279008797473594650e-07
2.274027385854478557e-07
2.269067973390501758e-07
2.264118886191506377e-07
2.259187342941810682e-07
2.254267728873571064e-07
2.249365498151435626e-07
2.244480420231126631e-07
2.239612057199454262e-07
2.234756035013009101e-07
2.229915054655150607e-07
2.225088484020262174e-07
2.220275918425308679e-07
2.215484173733975046e-07
2.210699885690231713e-07
2.205932934376865402e-07
2.201176411056574414e-07
2.196436010291625633e-07
2.191708655994999142e-07
2.186997551275849242e-07
2.182298442542320745e-07
2.177610772546401814e-07
2.172938807109642527e-07
2.168277504451708254e-07
2.163635826871407184e-07
2.159001298039123916e-07
2.154381078270280847e-07
2.149772675926482495e-07
2.145177628645237003e-07
2.140595804546568566e-07
2.136026794799617009e-07
2.131472006720345708e-07
2.126926071886721830e-07
2.122396467632952565e-07
2.117875366622847130e-07
2.113370833022229620e-07
2.108877516187168299e-07
2.104393562691631323e-07
2.099925208646473405e-07
2.095464662818969444e-07
2.091020930157758118e-07
2.086586465250657471e-07
2.082167262459836912e-07
2.077757501804180577e-07
2.073359835241482915e-07
2.068975449773011794e-07
2.064599576299586920e-07
2.060241791848642591e-07
2.055890812530268515e-07
2.051553452868503749e-07
2.047227525654297500e-07
2.042912085361950691e-07
2.038610790348662288e-07
2.034320799007144148e-07
2.030044624506179719e-07
2.025777334461419017e-07
2.021525181083631175e-07
2.017281638196729366e-07
2.013049832130060548e-07
2.008833693532925733e-07
2.004626182318405182e-07
2.000432713427722807e-07
1.996248860274000063e-07
1.992076798646293616e-07
1.987919060003409050e-07
1.983773816146525907e-07
1.979641731179761822e-07
1.975517667147140321e-07
1.971410923928991123e-07
1.967311474837213458e-07
1.963225092463922455e-07
1.959153455230520284e-07
1.955092370829994019e-07
1.951044233458752603e-07
1.947006468637939596e-07
1.942979892818121467e-07
1.938969141434062098e-07
1.934971426509059237e-07
1.930986229545817589e-07
1.927009261060285096e-07
1.923050267995464427e-07
1.919098714511594049e-07
1.915159754976773790e-07
1.911236574544238964e-07
1.907324617526043064e-07
1.903424577397159786e-07
1.899536467672547201e-07
1.895657878219132189e-07
1.891795383671111159e-07
1.887948647811650717e-07
1.884112891252567126e-07
1.880286281125937831e-07
1.876476887206602045e-07
1.872677110181066166e-07
1.868887440483063663e-07
1.865115139287895233e-07
1.861354319200119500e-07
1.857604986316147046e-07
1.853868015513055389e-07
1.850140423655867109e-07
1.846427402833226783e-07
1.842731983720169518e-07
1.839048624424178885e-07
1.835374760931276897e-07
1.831712649630344247e-07
1.828067694105591852e-07
1.824429221830746005e-07
1.820806684677395487e-07
1.817196783648635302e-07
1.813600716066795368e-07
1.810014520351963290e-07
1.806440315965052906e-07
1.802875750641007267e-07
1.799327885188844153e-07
1.795795915786152962e-07
1.792273563769421438e-07
1.788760138458216246e-07
1.785263517465866148e-07
1.781776814354930199e-07
1.778300130723096334e-07
1.774839513236390441e-07
1.771389932451440768e-07
1.767952161649563630e-07
1.764525240120136460e-07
1.761109112808378791e-07
1.757702990797942269e-07
1.754314854734838903e-07
1.750938616028261138e-07
1.747572130665754524e-07
1.744214735523651064e-07
1.740873922240024239e-07
1.737540668583063038e-07
1.734218587642019829e-07
1.730911593794173367e-07
1.727615100032031524e-07
1.724328647477665118e-07
1.721053269746916216e-07
1.717787163828050473e-07
1.714531514466133269e-07
1.711292089335621374e-07
1.708063610049115870e-07
1.704844385814782522e-07
1.701633394376595667e-07
1.698437849323155391e-07
1.695249627860212158e-07
1.692071700604556752e-07
1.688907809236086128e-07
1.685753100145726181e-07
1.682607972477892236e-07
1.679473125689200901e-07
1.676346785373532831e-07
1.673229896056238542e-07
1.670126704492768983e-07
1.667034621334563297e-07
1.663950935203004122e-07
1.660875096482459517e-07
1.657811317536157145e-07
1.654756767271236362e-07
1.651709993763635393e-07
1.648676223903329484e-07
1.645650413174073938e-07
1.642634410894578543e-07
1.639627064217423791e-07
1.636627829077001248e-07
1.633636946872104112e-07
1.630656882584957602e-07
1.627687910316956051e-07
1.624727240047701783e-07
1.621774162455042517e-07
1.618828746521520940e-07
1.615895851176063257e-07
1.612967920622717760e-07
1.610049665994856763e-07
1.607142901132846601e-07
1.604242897228750933e-07
1.601349905180651907e-07
1.598466515159262526e-07
1.595588979386659276e-07
1.592720653087036418e-07
1.589861889011513236e-07
1.587011990147244965e-07
1.584169868590433290e-07
1.581333919911822512e-07
1.578506959646498054e-07
1.575688511875758053e-07
1.572875592583721940e-07
1.570073303515973978e-07
1.567278615712815807e-07
1.564490161849598667e-07
1.561709454162292523e-07
1.558936072115180335e-07
1.556168386998122991e-07
1.553409844316459081e-07
1.550659197221378508e-07
1.547916501951005679e-07
1.545180891241362117e-07
1.542450520408203367e-07
1.539729485843822926e-07
1.537014678192520477e-07
1.534305297363190223e-07
1.531606232907718919e-07
1.528913233553263470e-07
1.526226026508957864e-07
1.523546336538574310e-07
1.520872979240127798e-07
1.518204932798362143e-07
1.515545413113665706e-07
1.512893109823203732e-07
1.510248284223187447e-07
1.507610151385970736e-07
1.504976794149495582e-07
1.502351890781243822e-07
1.499733108431666937e-07
1.497118904647983272e-07
1.494514131665549690e-07
1.491916149525287629e-07
1.489322877198925428e-07
1.486736527545883074e-07
1.484156759697286435e-07
1.481581203774483708e-07
1.479013909577397901e-07
1.476453362826072199e-07
1.473900117183384787e-07
1.471353418598487078e-07
1.468811283649616861e-07
1.466275516130105754e-07
1.463748163212878353e-07
1.461223872411601970e-07
1.458706845926085375e-07
1.456199128484449261e-07
1.453695348183786046e-07
1.451196816595573445e-07
1.448705704877276352e-07
1.446219016330028832e-07
1.443738290268939923e-07
1.441264768186712757e-07
1.438798849276400615e-07
1.436339450675694725e-07
1.433884870374302069e-07
1.431434838948134986e-07
1.428993810994075951e-07
1.426556714561501134e-07
1.424124503458413648e-07
1.421701498970766792e-07
1.419283437485211350e-07
1.416871015072409283e-07
1.414464490142654864e-07
1.412063995877147555e-07
1.409667552651731459e-07
1.407278275812384511e-07
1.404896403292624593e-07
1.402521372560809280e-07
1.400152047335365664e-07
1.397787267874872019e-07
1.395427737395662952e-07
1.393077311652336248e-07
1.390729428506282766e-07
1.388387602150408266e-07
1.386055045743825619e-07
1.383726485259468557e-07
1.381403735320024100e-07
1.379086867687629936e-07
1.376775452629377022e-07
1.374468250268557358e-07
1.372168380400106850e-07
1.369876234717748170e-07
1.367590203742842258e-07
1.365309606839925588e-07
1.363033247636246174e-07
1.360762749994609946e-07
1.358500771813898857e-07
1.356241255401463468e-07
1.353987949774415054e-07
1.351743359579603697e-07
1.349502734577442396e-07
1.347268148378428511e-07
1.345038918409607529e-07
1.342815278032259011e-07
1.340595713681619470e-07
1.338382910842316104e-07
1.336178110369580080e-07
1.333979198639825647e-07
1.331785469644034955e-07
1.329596102403878269e-07
1.327411830246953905e-07
1.325236487609428177e-07
1.323063782659953331e-07
1.320896504694772634e-07
1.318737345810044573e-07
1.316582387795213937e-07
1.314434015815139196e-07
1.312290180614934827e-07
1.310152233742395913e-07
1.308018498040814852e-07
1.305890124263987641e-07
1.303769280861726656e-07
1.301655501750922827e-07
1.299546676821714417e-07
1.297442395238845777e-07
1.295342100137304516e-07
1.293250327011645947e-07
1.291162655970521217e-07
1.289078850601813849e-07
1.287002148399747968e-07
1.284931999026051296e-07
1.282866757597902493e-07
1.280806146178171463e-07
1.278751160662240757e-07
1.276700729978601345e-07
1.274654646635076678e-07
1.272615168819520753e-07
1.270582942132867670e-07
1.268555874977295484e-07
1.266533717905404406e-07
1.264515540620068051e-07
1.262502001282063178e-07
1.260497073724834430e-07
1.258494597032434415e-07
1.256496894164470840e-07
1.254506469471922796e-07
1.252520513564168680e-07
1.250540142354323582e-07
1.248563839135410241e-07
1.246593181186634862e-07
1.244626539223970216e-07
1.242664197563721724e-07
1.240708327570203432e-07
1.238758970755358709e-07
1.236814292743053751e-07
1.234874284366349130e-07
1.232938088882402370e-07
1.231006619650741877e-07
1.229082867959021836e-07
1.227161172919529334e-07
1.225244420150870939e-07
1.223334603372601592e-07
1.221428610668176474e-07
1.219527840186757174e-07
1.217631020822642395e-07
1.215739518372302431e-07
1.213851621579338756e-07
1.211967882526871817e-07
1.210090185505157838e-07
1.208218492098030496e-07
1.206351425952851007e-07
1.204488817521468215e-07
1.202629771496552028e-07
1.200774759823236433e-07
1.198927314625769254e-07
1.197082011944790990e-07
1.195240821589503235e-07
1.193406103237095470e-07
1.191575856244118875e-07
1.189749926879366173e-07
1.187927511987618203e-07
1.186110332851634783e-07
1.184296465156702788e-07
1.182486339863121309e-07
1.180681814948418659e-07
1.178882605224071666e-07
1.177088145114050480e-07
1.175297906762990970e-07
1.173511092907246715e-07
1.171727508340421017e-07
1.169950645111499369e-07
1.168177057250673591e-07
1.166406297961576301e-07
1.164640608789371140e-07
1.162881393014985884e-07
1.161124689206812755e-07
1.159371796852428932e-07
1.157623160447024907e-07
1.155878841246961590e-07
1.154137385425478361e-07
1.152400200260821806e-07
1.150667843004494731e-07
1.148940582472901125e-07
1.147217305457723518e-07
1.145497898434707293e-07
1.143781574498125525e-07
1.142068761656505394e-07
1.140362449988153101e-07
1.138657873284828348e-07
1.136956697440906160e-07
1.135261166955523584e-07
1.133570060322020577e-07
1.131882116583873993e-07
1.130197093004639794e-07
1.128516861192448710e-07
1.126839691860788168e-07
1.125165407722357689e-07
1.123495764252102292e-07
1.121830335481302072e-07
1.120169965074793046e-07
1.118513190725208757e-07
1.116859728259767564e-07
1.115208952660375898e-07
1.113562183809606166e-07
1.111921041485317941e-07
1.110281402587295869e-07
1.108645260620884364e-07
1.107014571760451009e-07
1.105387679990330856e-07
1.103763917480707900e-07
1.102142878062918063e-07
1.100526275618458442e-07
1.098912597723685689e-07
1.097301592662699933e-07
1.095694966109870127e-07
1.094092331293380221e-07
1.092494353794119089e-07
1.090899888703082634e-07
1.089308511157431214e-07
1.087719696381204198e-07
1.086134165368321391e-07
1.084554545587278333e-07
1.082976355328670846e-07
1.081400975661639906e-07
1.079830512625290289e-07
1.078264491987688572e-07
1.076700884324481173e-07
1.075140120909449048e-07
1.073583092175690782e-07
1.072029553936063963e-07
1.070478386493949893e-07
1.068930575546382042e-07
1.067386908392285586e-07
1.065847709097242618e-07
1.064311865080656034e-07
1.062779209229719472e-07
1.061249150045519832e-07
1.059721761099074689e-07
1.058199565410170725e-07
1.056679771100153519e-07
1.055162137932332741e-07
1.053648271667061941e-07
1.052139741087823801e-07
1.050633035644392838e-07
1.049130004343011563e-07
1.047629584204531555e-07
1.046132853687587714e-07
1.044638582939408700e-07
1.043146801311984108e-07
1.041659152363813428e-07
1.040175346549531940e-07
1.038695669495973250e-07
1.037219012851319816e-07
1.035745049952116735e-07
1.034273448516005401e-07
1.032804877699376781e-07
1.031341722278311146e-07
1.029879854150781269e-07
1.028420422256802247e-07
1.026965219105169608e-07
1.025514563767530049e-07
1.024065656626767246e-07
1.022620085281979887e-07
1.021177277655628474e-07
1.019737941585199572e-07
1.018300852468600596e-07
1.016866285538009569e-07
1.015435704267470849e-07
1.014009125085378103e-07
1.012585972583204329e-07
1.011165765821877959e-07
1.009748075852925177e-07
1.008332523407592384e-07
1.006920217607462131e-07
1.005513019936460438e-07
1.004106951622070910e-07
1.002703246051822847e-07
1.001303574424085859e-07
9.999081916509948353e-08
9.985144464982906034e-08
9.971240099489109287e-08
9.957360997898107946e-08
9.943516156842164747e-08
9.929693331333137143e-08
9.915893174952821453e-08
9.902130699279231773e-08
9.888405836409079854e-08
9.874716152068324186e-08
9.861053029122228644e-08
9.847415753722478304e-08
9.833801429198955625e-08
9.820212645369574331e-08
9.806673839235858153e-08
9.793148858680113440e-08
9.779644422949545773e-08
9.766174793374222779e-08
9.752750773380359115e-08
9.739341716204818386e-08
9.725967342186555716e-08
9.712613836515226724e-08
9.699292799924926801e-08
9.685994697426066862e-08
9.672718202096090392e-08
9.659473558635909106e-08
9.646264349564204074e-08
9.633090928012978829e-08
9.619945647074986283e-08
9.606827089065338090e-08
9.593729352176891878e-08
9.580650656278077385e-08
9.567615213993149531e-08
9.554610408924496044e-08
9.541617997651273262e-08
9.528652707935998884e-08
9.515725986546022465e-08
9.502831236592142532e-08
9.489957121111461254e-08
9.477108641450064470e-08
9.464285515898445713e-08
9.451493270365054625e-08
9.438719670257026679e-08
9.425967318979296848e-08
9.413250341323208774e-08
9.400565023093278876e-08
9.387913645826001160e-08
9.375286478669034869e-08
9.362684302935586715e-08
9.350101112305085669e-08
9.337539175813453946e-08
9.325021350833101715e-08
9.312523595207873138e-08
9.300040032886970768e-08
9.287585770936100441e-08
9.275169927099993521e-08
9.262778247987013544e-08
9.250409870710919621e-08
9.238062513321072897e-08
9.225741469385285860e-08
9.213448463194710688e-08
9.201174053313106042e-08
9.188919361003862948e-08
9.176698005079903814e-08
9.164507316488626364e-08
9.152348427194833234e-08
9.140211666416467235e-08
9.128099178458706022e-08
9.116005606059157049e-08
9.103931574692022067e-08
9.091898052879795930e-08
9.079885308548805827e-08
9.067885216902062700e-08
9.055912012247111312e-08
9.043973603447584544e-08
9.032063215211878637e-08
9.020171006479199481e-08
9.008300811176614557e-08
8.996453788312429311e-08
8.984634933085718840e-08
8.972832080002904152e-08
8.961048168088975491e-08
8.949295017439273823e-08
8.937570216574131579e-08
8.925875671871245230e-08
8.914204641680303593e-08
8.902556765163570456e-08
8.890926522180026308e-08
8.879311503627044050e-08
8.867729726330252027e-08
8.856181073508000192e-08
8.844641030097550413e-08
8.833119423235750993e-08
8.821627861823872378e-08
8.810174685817124073e-08
8.798731012336097042e-08
8.787314321240649300e-08
8.775913521557284827e-08
8.764540219654412624e-08
8.753186853002938792e-08
8.741849518239241646e-08
8.730534070916461293e-08
8.719247281343201952e-08
8.707988988774001786e-08
8.696755679498121658e-08
8.685544078451729726e-08
8.674352044531540079e-08
8.663176932568524051e-08
8.652019454820284571e-08
8.640898705183106657e-08
8.629796075547609394e-08
8.618704385010574447e-08
8.607635813195567382e-08
8.596597490327074882e-08
8.585587741985538727e-08
8.574589600682475514e-08
8.563614436812588520e-08
8.552658112083552087e-08
8.541726684352367842e-08
8.530811403361765432e-08
8.519913148221406307e-08
8.509036791614303788e-08
8.498185931782759778e-08
8.487364504210459715e-08
8.476564703212747938e-08
8.465784411449695669e-08
8.455022778393747853e-08
8.444277686276383658e-08
8.433549534169731559e-08
8.422856684641802118e-08
8.412179018737106939e-08
8.401512282011835037e-08
8.390867726232240470e-08
8.380251642299732577e-08
8.369662951315078636e-08
8.359084751211646211e-08
8.348529451407014936e-08
8.337990641335783477e-08
8.327475488972002353e-08
8.316976461388911425e-08
8.306492401021178811e-08
8.296028235885048470e-08
8.285589846980945611e-08
8.275176847397299969e-08
8.264786449374454071e-08
8.254415219983906379e-08
8.244061816195253490e-08
8.233723001995825872e-08
8.223398688982273155e-08
8.213105684193778007e-08
8.202834775911925189e-08
8.192571967403041338e-08
8.182325372583840985e-08
8.172104086674354342e-08
8.161915719354594144e-08
8.151735030560796573e-08
8.141577153610853565e-08
8.131431751720140914e-08
8.121308522734855781e-08
8.111204866795414886e-08
8.101114587916412948e-08
8.091038754310459745e-08
8.080988263429392811e-08
8.070960287722331737e-08
8.060956394879692303e-08
8.050971308342889606e-08
8.041004315899896380e-08
8.031051307754154238e-08
8.021111626229183861e-08
8.011190778588090378e-08
8.001303875823744651e-08
7.991425240766567911e-08
7.981557942491872306e-08
7.971711471257675205e-08
7.961890943379989753e-08
7.952093254874152610e-08
7.942304971578119675e-08
7.932538325375435890e-08
7.922785624199728015e-08
7.913053985242606320e-08
7.903338041485509097e-08
7.893635448741498471e-08
7.883948315327519160e-08
7.874284849256421416e-08
7.864643164984918617e-08
7.855025363440159469e-08
7.845423683256118229e-08
7.835839219346650588e-08
7.826268258699203445e-08
7.816708493221877421e-08
7.807169636916355551e-08
7.797662903407544880e-08
7.788161534447727684e-08
7.778672324632908720e-08
7.769202887807094838e-08
7.759759119293150324e-08
7.750335662114525811e-08
7.740921995009421420e-08
7.731528689995758377e-08
7.722148764903720265e-08
7.712788785974834237e-08
7.703443890447876223e-08
7.694111275575679252e-08
7.684793089577512585e-08
7.675498239559727735e-08
7.666223545947559706e-08
7.656971425463030476e-08
7.647735344154767479e-08
7.638515916563381186e-08
7.629308802720952581e-08
7.620113300385062626e-08
7.610934818752857005e-08
7.601787431121044545e-08
7.592649050169183607e-08
7.583519749631285784e-08
7.574407713294028042e-08
7.565317930178347597e-08
7.556253800286235398e-08
7.547195734609163240e-08
7.538158799326907318e-08
7.529131874876992340e-08
7.520123854942822825e-08
7.511133227252347055e-08
7.502153436894580564e-08
7.493186212966179310e-08
7.484239775548193403e-08
7.475312077620235115e-08
7.466406667518618884e-08
7.457517088084096934e-08
7.448642691100886224e-08
7.439782769470840176e-08
7.430934884918795687e-08
7.422098527628255830e-08
7.413286068932037675e-08
7.404495817017474789e-08
7.395710726353439243e-08
7.386937283960528627e-08
7.378182895729435270e-08
7.369453569175013570e-08
7.360738601610555319e-08
7.352034577724245506e-08
7.343347034140225830e-08
7.334672714495046253e-08
7.326016317166757638e-08
7.317373432616561898e-08
7.308741916960651154e-08
7.300122215726899540e-08
7.291524134896648558e-08
7.282944246933722232e-08
7.274384577380524132e-08
7.265840070011102901e-08
7.257309560705677189e-08
7.248791897985044042e-08
7.240286229453689292e-08
7.231791830015309282e-08
7.223322574354120902e-08
7.214870415018019026e-08
7.206424043856676650e-08
7.197989012058143788e-08
7.189572924603044090e-08
7.181181800121273576e-08
7.172802141950491455e-08
7.164434349321573410e-08
7.156080971394217744e-08
7.147740762134046865e-08
7.139417489805321562e-08
7.131107026520449203e-08
7.122807043407301557e-08
7.114518410593655640e-08
7.106250293867432776e-08
7.097999262222607698e-08
7.089767365440830688e-08
7.081549909479169477e-08
7.073345840220432652e-08
7.065154452976877938e-08
7.056973927246459395e-08
7.048803343205061136e-08
7.040654469924121253e-08
7.032526848367687833e-08
7.024403365066086951e-08
7.016289939232125131e-08
7.008193080596675445e-08
7.000117280168544480e-08
6.992058848440551207e-08
6.984006473037323281e-08
6.975972634238598636e-08
6.967946584236205432e-08
6.959937356131519801e-08
6.951942825812603079e-08
6.943957448967294464e-08
6.935982689078205124e-08
6.928024388133296778e-08
6.920082126371706214e-08
6.912158329700626429e-08
6.904249854031664957e-08
6.896354289494271984e-08
6.888472304580362306e-08
6.880600151640626684e-08
6.872737382334848367e-08
6.864888429922013015e-08
6.857064037039827330e-08
6.849248446026670293e-08
6.841439601665739280e-08
6.833641894414666912e-08
6.825862137543700841e-08
6.818105269174217203e-08
6.810355933386829381e-08
6.802618629970486324e-08
6.794893111408879633e-08
6.787179944602397802e-08
6.779481915201264657e-08
6.771795348369015695e-08
6.764118249039105006e-08
6.756450869828476199e-08
6.748801437524664648e-08
6.741166841657696606e-08
6.733550204947018668e-08
6.725946522208645326e-08
6.718355176562248029e-08
6.710776459027195451e-08
6.703207426820394802e-08
6.695645952695260828e-08
6.688099806665530679e-08
6.680577638682376490e-08
6.673061184345560504e-08
6.665551749061476393e-08
6.658053848277340049e-08
6.650572422910699834e-08
6.643113546039634880e-08
6.635660816251191066e-08
6.628220087571432501e-08
6.620790196755308760e-08
6.613372083788179376e-08
6.605968120306547333e-08
6.598575317356905170e-08
6.591191192384330735e-08
6.583816429193314418e-08
6.576458617568168810e-08
6.569114253015145115e-08
6.561786964224884913e-08
6.554472492026842204e-08
6.547169831262500656e-08
6.539879516127773304e-08
6.532597678124191738e-08
6.525323916097546384e-08
6.518062221745152749e-08
6.510822638067912135e-08
6.503592914721471801e-08
6.496368447883991815e-08
6.489152958877778482e-08
6.481952947557144538e-08
6.474772395482971471e-08
6.467603462145180160e-08
6.460440451346604929e-08
6.453293216627462331e-08
6.446152400020705216e-08
6.439025488976305070e-08
6.431911910389248532e-08
6.424805873553463141e-08
6.417709140619902277e-08
6.410623771585419007e-08
6.403553360331399195e-08
6.396497427576712931e-08
6.389456963701670218e-08
6.382427646421943581e-08
6.375408458263160282e-08
6.368399240395971418e-08
6.361399196701615372e-08
6.354406738454388681e-08
6.347429588615833996e-08
6.340473344880823081e-08
6.333519915264287925e-08
6.326573361400583534e-08
6.319638135531995639e-08
6.312717380554699301e-08
6.305817174518757792e-08
6.298921745831727435e-08
6.292036957336096829e-08
6.285162572902859406e-08
6.278297974053921747e-08
6.271446080482523197e-08
6.264605059401539146e-08
6.257771455159808689e-08
6.250946456788483180e-08
6.244134444379843954e-08
6.237336065274601668e-08
6.230551124688879777e-08
6.223781127224085651e-08
6.217021294144572267e-08
6.210271729107441796e-08
6.203530634797328194e-08
6.196798195049546741e-08
6.190072896589872074e-08
6.183363424768824167e-08
6.176673019166443131e-08
6.169984945319389895e-08
6.163303815364421845e-08
6.156633440333612951e-08
6.149976790633671826e-08
6.143339854118345119e-08
6.136707614033650533e-08
6.130084967837763200e-08
6.123473112747584701e-08
6.116869510777791686e-08
6.110278197282861699e-08
6.103697772121157812e-08
6.097124188690900638e-08
6.090559051851607378e-08
6.084004948796489439e-08
6.077464182937663279e-08
6.070936187264153634e-08
6.064422317706635990e-08
6.057918514751020420e-08
6.051423996858794744e-08
6.044938909063150207e-08
6.038461630427687070e-08
6.031990215101144458e-08
6.025531726522129318e-08
6.019093214007686029e-08
6.012659914650146287e-08
6.006231637997657824e-08
5.999811074523366326e-08
5.993403999073852724e-08
5.987013108208043553e-08
5.980633521363998393e-08
5.974257757713101572e-08
5.967896086806238153e-08
5.961539613709824016e-08
5.955193825683256198e-08
5.948860745128443840e-08
5.942534932657365852e-08
5.936216514568774333e-08
5.929905302602457858e-08
5.923608173651867714e-08
5.917321747135164973e-08
5.911049565374601768e-08
5.904787792018085729e-08
5.898535624877416831e-08
5.892293190714166639e-08
5.886057473440859776e-08
5.879830153283530166e-08
5.873609399294633397e-08
5.867402884222724842e-08
5.861213395589599901e-08
5.855026041798721627e-08
5.848844644019116150e-08
5.842672326632491195e-08
5.836512658255251509e-08
5.830369985319985384e-08
5.824233904952905238e-08
5.818103453727946459e-08
5.811986169265580502e-08
5.805873770434661050e-08
5.799771893063670425e-08
5.793681841230568764e-08
5.787597816400064106e-08
5.781521136006329960e-08
5.775451413163076025e-08
5.769395721195786182e-08
5.763350392689603980e-08
5.757317982223559078e-08
5.751295542385342973e-08
5.745282399940480897e-08
5.739278523625237569e-08
5.733280939915801292e-08
5.727290960546334633e-08
5.721306927686168844e-08
5.715336461880289007e-08
5.709383064991380252e-08
5.703431744379842428e-08
5.697485905420734620e-08
5.691547784051477755e-08
5.685622042466852481e-08
5.679711766638574409e-08
5.673809965552191142e-08
5.667911968952207103e-08
5.662027045716603551e-08
5.656146537863934331e-08
5.650275755839331342e-08
5.644415834338418869e-08
5.638562955103749260e-08
5.632716310709237506e-08
5.626876369545929948e-08
5.621048691185928491e-08
5.615230934501266736e-08
5.609423879039871205e-08
5.603629463044613367e-08
5.597843256626091314e-08
5.592064745278223445e-08
5.586294218248732923e-08
5.580530402057973753e-08
5.574771670112355413e-08
5.569023068349016002e-08
5.563290765964227279e-08
5.557565853871029192e-08
5.551844041025786280e-08
5.546128488500837308e-08
5.540423268539078343e-08
5.534729088483393561e-08
5.529050608335549650e-08
5.523374614063191597e-08
5.517707010728671594e-08
5.512047983518612317e-08
5.506394884777386210e-08
5.500752125142102587e-08
5.495119079655034727e-08
5.489491415395801404e-08
5.483870584607278330e-08
5.478255942957851305e-08
5.472653700475198613e-08
5.467060600286960912e-08
5.461479409431726777e-08
5.455907129103677373e-08
5.450343258712593035e-08
5.444787263900034959e-08
5.439237515541441782e-08
5.433694875453635591e-08
5.428157193531499739e-08
5.422630025070492587e-08
5.417118912873581926e-08
5.411612140336902918e-08
5.406109046731543466e-08
5.400612111300631453e-08
5.395125334159416252e-08
5.389649366437838200e-08
5.384187706729096133e-08
5.378728158349660287e-08
5.373277159367810552e-08
5.367833887602818323e-08
5.362396499907027848e-08
5.356968779370891325e-08
5.351550093172377505e-08
5.346136482543090219e-08
5.340729238862629003e-08
5.335327803770480209e-08
5.329938466149091915e-08
5.324557589066174095e-08
5.319187462154022703e-08
5.313827048900954663e-08
5.308474459033333893e-08
5.303128794382351036e-08
5.297790069918839629e-08
5.292457529247673712e-08
5.287129404894023210e-08
5.281810386184744758e-08
5.276505755332000914e-08
5.271208638031612248e-08
5.265913962837584203e-08
5.260624658419359482e-08
5.255343960757620215e-08
5.250073156623041292e-08
5.244817034793798241e-08
5.239564905544166682e-08
5.234317283568900176e-08
5.229080855964184804e-08
5.223847889907742538e-08
5.218623285068648763e-08
5.213407960075012814e-08
5.208198751532319370e-08
5.202994564403222614e-08
5.197796634656356317e-08
5.192607362319248492e-08
5.187427590397747359e-08
5.182257046596948252e-08
5.177096896498180594e-08
5.171943537403632052e-08
5.166797682488285251e-08
5.161659678988409934e-08
5.156526115322603603e-08
5.151398780890159497e-08
5.146276119585576454e-08
5.141163651675767566e-08
5.136066581241162189e-08
5.130971763574342405e-08
5.125880549981408800e-08
5.120794783686036346e-08
5.115718324497705734e-08
5.110651462788594897e-08
5.105597866546796447e-08
5.100546158502056051e-08
5.095501047975133366e-08
5.090464535822191406e-08
5.085432142929429021e-08
5.080407816187435018e-08
5.075392916862800033e-08
5.070382868279001627e-08
5.065378078079342313e-08
5.060378411344705835e-08
5.055387984381727441e-08
5.050405995248492522e-08
5.045433229253649630e-08
5.040470400274582801e-08
5.035513798359426311e-08
5.030563782436682274e-08
5.025621514001427077e-08
5.020683532842418534e-08
5.015751708083461709e-08
5.010824229009634908e-08
5.005906235943668254e-08
5.001002646363266621e-08
4.996101599762019308e-08
4.991203760264218290e-08
4.986311102436173317e-08
4.981426900626764176e-08
4.976551240653334428e-08
4.971689315741315555e-08
4.966829738245300837e-08
4.961974907207157148e-08
4.957130028726277093e-08
4.952288096969239809e-08
4.947453758832355436e-08
4.942627746550447350e-08
4.937807233589771495e-08
4.932991445970500808e-08
4.928181179424250570e-08
4.923377638599851647e-08
4.918583449718459784e-08
4.913797249142461116e-08
4.909020324117046994e-08
4.904250266861314429e-08
4.899487297104221219e-08
4.894730625752013784e-08
4.889979194758441108e-08
4.885233261329762627e-08
4.880491050102937551e-08
4.875756238764267443e-08
4.871033195601148533e-08
4.866318597783630772e-08
4.861605380933884660e-08
4.856896737060347924e-08
4.852193814370851253e-08
4.847499963013683885e-08
4.842816738070677226e-08
4.838141816090580235e-08
4.833468579365435156e-08
4.828803441071754731e-08
4.824143400889200732e-08
4.819488616711337264e-08
4.814841376318670896e-08
4.810202100095173377e-08
4.805566915180601973e-08
4.800936359284744871e-08
4.796310440080829867e-08
4.791693187796900523e-08
4.787083605392944258e-08
4.782482007925833066e-08
4.777889289858902293e-08
4.773302281597311107e-08
4.768721759955758278e-08
4.764147771328243414e-08
4.759577850265561574e-08
4.755013347168126013e-08
4.750452401008965928e-08
4.745899428588881971e-08
4.741357987070592173e-08
4.736822899462404195e-08
4.732289423552992425e-08
4.727760351353372623e-08
4.723237055467559591e-08
4.718722165987117601e-08
4.714217666485863585e-08
4.709720797430404614e-08
4.705225431820595748e-08
4.700737580324853282e-08
4.696254893721475503e-08
4.691776817968042658e-08
4.687305856767930828e-08
4.682842785011125818e-08
4.678383617808612737e-08
4.673928854389502095e-08
4.669478776503546338e-08
4.665035792353015583e-08
4.660600533410355545e-08
4.656172625962837892e-08
4.651753339353633810e-08
4.647339849454075183e-08
4.642932608690284381e-08
4.638530919649941209e-08
4.634134304179812258e-08
4.629742703344560683e-08
4.625354707849367930e-08
4.620972314150610758e-08
4.616599708772648135e-08
4.612236975555138668e-08
4.607875394010665058e-08
4.603517317497747271e-08
4.599163763832843553e-08
4.594818022410137963e-08
4.590479836414126553e-08
4.586152988153234383e-08
4.581827833643308548e-08
4.577506648629678796e-08
4.573194371264334224e-08
4.568884185788020202e-08
4.564580522411927113e-08
4.560283596254196848e-08
4.555992487986212574e-08
4.551704950616737670e-08
4.547422245688961680e-08
4.543143649008997936e-08
4.538874023331878567e-08
4.534610457300258319e-08
4.530354029942533837e-08
4.526106210543659400e-08
4.521863191771356616e-08
4.517625582732114613e-08
4.513394184764344302e-08
4.509166117965343042e-08
4.504942914856297113e-08
4.500722791758736079e-08
4.496510077723492910e-08
4.492307604511874756e-08
4.488111487821473801e-08
4.483916606054193336e-08
4.479725613117066485e-08
4.475539127343371827e-08
4.471360568043635227e-08
4.467189877061107231e-08
4.463028624277670423e-08
4.458868455798348501e-08
4.454713144171958277e-08
4.450565459386675424e-08
4.446420074959179691e-08
4.442280854258235827e-08
4.438148163788054440e-08
4.434020775201117837e-08
4.429896813523119385e-08
4.425777430591170516e-08
4.421661953822285900e-08
4.417554919224798743e-08
4.413453541094995087e-08
4.409359130525006379e-08
4.405272702708307758e-08
4.401190696289293987e-08
4.397114153440105291e-08
4.393043229424443838e-08
4.388975649248566110e-08
4.384912915869333909e-08
4.380853218634943392e-08
4.376799410392211824e-08
4.372754612184050841e-08
4.368718067719557919e-08
4.364682509143573177e-08
4.360650112239820416e-08
4.356621700006142395e-08
4.352600253553410872e-08
4.348585167876354444e-08
4.344581068548087749e-08
4.340578960044463684e-08
4.336579417412920165e-08
4.332588067889439436e-08
4.328598792914683623e-08
4.324614942605811521e-08
4.320637059082031244e-08
4.316665363400389359e-08
4.312696965554770258e-08
4.308732390512058844e-08
4.304771672966626035e-08
4.300817152336193345e-08
4.296869247456844662e-08
4.292927467038416800e-08
4.288992876722994240e-08
4.285064021218532878e-08
4.281140489311439343e-08
4.277221002715702265e-08
4.273306905229131601e-08
4.269396258426205141e-08
4.265489549179584921e-08
4.261585933706897987e-08
4.257689433170204348e-08
4.253803213066053345e-08
4.249920506750551306e-08
4.246039191350756349e-08
4.242161675171616192e-08
4.238288345605408839e-08
4.234422287766320362e-08
4.230563190671349900e-08
4.226712827377356710e-08
4.222863428188952375e-08
4.219017799099402121e-08
4.215179837300551768e-08
4.211343449604502699e-08
4.207512581770510118e-08
4.203687377967182862e-08
4.199867682174074233e-08
4.196051016778841603e-08
4.192238088778160311e-08
4.188428481768881188e-08
4.184625702164136969e-08
4.180828947268362836e-08
4.177037968539689366e-08
4.173253732832412029e-08
4.169474763519253423e-08
4.165701054781700050e-08
4.161931244511453381e-08
4.158166443765987920e-08
4.154404734650974682e-08
4.150646705709719515e-08
4.146891514111457232e-08
4.143143268655393381e-08
4.139404375978195983e-08
4.135669793773901596e-08
4.131936361902859950e-08
4.128206290742898241e-08
4.124479940722594740e-08
4.120760217268816019e-08
4.117046529077853940e-08
4.113342244933371756e-08
4.109639416258252747e-08
4.105939168662186706e-08
