4.707100585834292097e-07
5.006000666888441946e-07
5.283918063892803766e-07
5.541887853055176914e-07
5.780899053941020202e-07
6.001894933161898721e-07
6.205758506202792589e-07
6.393319362513404866e-07
6.565361184005194510e-07
6.722614454056687614e-07
6.865750871890160010e-07
6.995431643470496400e-07
7.112281601180092051e-07
7.216899460717095596e-07
7.309856548433062345e-07
7.391690750104914563e-07
7.462935102377307236e-07
7.524080723809472907e-07
7.575618621915905875e-07
7.618000592216683713e-07
7.651679949392046815e-07
7.677079685150623894e-07
7.694606383935703063e-07
7.704676653759403171e-07
7.707671557538348275e-07
7.703951639740656479e-07
7.693899927534634478e-07
7.677856790537363167e-07
7.656150219862058475e-07
7.629138892070675992e-07
7.597132603014565229e-07
7.560453352030318542e-07
7.519409775412374757e-07
7.474302313694646617e-07
7.425421743334899759e-07
7.373049124224546603e-07
7.317465476109833860e-07
7.258925012531958464e-07
7.197696977441758887e-07
7.134021107341896827e-07
7.068132691474031226e-07
7.000279576843108800e-07
6.930657675798531285e-07
6.859506995114171779e-07
6.787006877576364679e-07
6.713377991282663428e-07
6.638794336152286641e-07
6.563439276249832244e-07
6.487496393686424994e-07
6.411109251780075955e-07
6.334457411500544873e-07
6.257676452396762887e-07
6.180901512676228288e-07
6.104284607890695491e-07
6.027928737825456348e-07
5.951959485090260922e-07
5.876499732629294088e-07
5.801629204547313643e-07
5.727453801965541143e-07
5.654075322956996512e-07
5.581553547476586692e-07
5.509970697032881269e-07
5.439408594171435878e-07
5.369911343891083314e-07
5.301538030946705933e-07
5.234354722954682463e-07
5.168393871112895555e-07
5.103689342027614576e-07
5.040288094712630476e-07
4.978209690814687552e-07
4.917473704017833898e-07
4.858110812635425864e-07
4.800142333752453606e-07
4.743565258276425247e-07
4.688382686758120383e-07
4.634607382582231548e-07
4.582245338503223091e-07
4.531284454702225112e-07
4.481710457817345433e-07
4.433522507614922732e-07
4.386713603331238241e-07
4.341260177895627556e-07
4.297135296134683148e-07
4.254332682546471823e-07
4.212834506563350124e-07
4.172598284690739589e-07
4.133594952285591467e-07
4.095823746046166983e-07
4.059242783732656402e-07
4.023803689956480464e-07
3.989490834369681686e-07
3.956269032028934995e-07
3.924099489381765788e-07
3.892956702734965506e-07
3.862786480367709785e-07
3.833557242705535596e-07
3.805249357009056060e-07
3.777802242391531920e-07
3.751188538858719572e-07
3.725363391219702367e-07
3.700284977917052178e-07
3.675933454363314822e-07
3.652245924569611117e-07
3.629196497424756442e-07
3.606737958016139438e-07
3.584835054237310643e-07
3.563459252618694729e-07
3.542557590282081213e-07
3.522102242302746622e-07
3.502046655434642077e-07
3.482366205757957605e-07
3.463018328527814412e-07
3.443973741051353079e-07
3.425192460927924499e-07
3.406641305517161087e-07
3.388290771442937674e-07
3.370111052934490685e-07
3.352072734059254550e-07
3.334144879650452204e-07
3.316298150237016524e-07
3.298505908534701082e-07
3.280745346276834770e-07
3.262994066007141973e-07
3.245227181041285227e-07
3.227423990398176529e-07
3.209560395081043747e-07
3.191620377505326918e-07
3.173587325827008945e-07
3.155448599141996182e-07
3.137186482327820167e-07
3.118788241401509514e-07
3.100240417467947114e-07
3.081531753691820558e-07
3.062658902200860222e-07
3.043611091207716052e-07
3.024387321950225133e-07
3.004974716953471956e-07
2.985376900173128869e-07
2.965583443437491888e-07
2.945599945939638449e-07
2.925426643880610243e-07
2.905066135565967525e-07
2.884521795093427573e-07
2.863791256053324165e-07
2.842885845308139075e-07
2.821804376978869623e-07
2.800560746493978006e-07
2.779162123806308911e-07
2.757616550379581376e-07
2.735935250609860335e-07
2.714122819629503414e-07
2.692194562858751119e-07
2.670160027562214010e-07
2.648033115612735533e-07
2.625827562673441432e-07
2.603556553837690800e-07
2.581232101389047034e-07
2.558868813869319680e-07
2.536479955484996039e-07
2.514079534073909105e-07
2.491685271163831780e-07
2.469308561376130322e-07
2.446969428740952649e-07
2.424679799970675765e-07
2.402450103911846452e-07
2.380303111643469551e-07
2.358246516110493699e-07
2.336296271888657471e-07
2.314473316849734728e-07
2.292781252326181439e-07
2.271242653372302840e-07
2.249869839209831251e-07
2.228666490715795023e-07
2.207657080571984467e-07
2.186847501084855402e-07
2.166241884292111705e-07
2.145871053297623124e-07
2.125732159772625881e-07
2.105833850557711315e-07
2.086197864972112675e-07
2.066820459816206611e-07
2.047711780260654387e-07
2.028891478866189940e-07
2.010347878141001688e-07
1.992100268966793583e-07
1.974162570527153121e-07
1.956520083726583257e-07
1.939192779614234265e-07
1.922188673523495094e-07
1.905491752438710763e-07
1.889119272217678545e-07
1.873079334230788427e-07
1.857355548353713018e-07
1.841959667171833518e-07
1.826904200731831089e-07
1.812173911609692310e-07
1.797768424625922128e-07
1.783701220218047400e-07
1.769959453214651677e-07
1.756531346829214529e-07
1.743442039154306041e-07
1.730669214135459977e-07
1.718206122806696702e-07
1.706066086931026236e-07
1.694240147103583249e-07
1.682711979705994752e-07
1.671486723773307694e-07
1.660567485326956341e-07
1.649928294818019379e-07
1.639573149358316640e-07
1.629504531080150067e-07
1.619706927505937557e-07
1.610166438881592759e-07
1.600894247541458067e-07
1.591876221316536306e-07
1.583096138395690436e-07
1.574553646764417819e-07
1.566245737383450949e-07
1.558155952792642584e-07
1.550272942028500544e-07
1.542602545243560913e-07
1.535128758211444997e-07
1.527838542607315906e-07
1.520729197689047311e-07
1.513796872551007001e-07
1.507025562855475917e-07
1.500403757449271184e-07
1.493931298831110297e-07
1.487597641210254514e-07
1.481388152856884548e-07
1.475298584457505716e-07
1.469324222220380708e-07
1.463451946972005945e-07
1.457674070599450030e-07
1.451983272068853581e-07
1.446375003040576045e-07
1.440836631686781445e-07
1.435360758055814078e-07
1.429940970694506642e-07
1.424571368123038355e-07
1.419241481641427578e-07
1.413946026481713582e-07
1.408678663505970796e-07
1.403433648798238674e-07
1.398203431874582024e-07
1.392982207488975215e-07
1.387764869976224226e-07
1.382545690020396697e-07
1.377319719287854235e-07
1.372080312629778693e-07
1.366824169494499305e-07
1.361546024857475106e-07
1.356243333518949023e-07
1.350910123700360498e-07
1.345544485141416261e-07
1.340142648797749558e-07
1.334703390799388160e-07
1.329221553940283025e-07
1.323695949436974818e-07
1.318124605428346073e-07
1.312506485596367681e-07
1.306839202674197977e-07
1.301120234614881117e-07
1.295350252765854133e-07
1.289529151807534025e-07
1.283656940745401711e-07
1.277731637940195351e-07
1.271754140337430582e-07
1.265726294559918579e-07
1.259648672868800245e-07
1.253521452120898697e-07
1.247345038327324456e-07
1.241121564826754285e-07
1.234852454369963005e-07
1.228540394264463659e-07
1.222185262594889588e-07
1.215790737597068478e-07
1.209358627753010828e-07
1.202892082768939714e-07
1.196393668779746449e-07
1.189865955471124163e-07
1.183311927169847736e-07
1.176733930639369127e-07
1.170136561840059312e-07
1.163521847974506968e-07
1.156892800703589450e-07
1.150251751869921967e-07
1.143603447447936652e-07
1.136951973116262402e-07
1.130299155186943992e-07
1.123648277105011178e-07
1.117001568403136444e-07
1.110366994783010661e-07
1.103746316299384878e-07
1.097142235423258285e-07
1.090556229538667107e-07
1.083993096291314842e-07
1.077458641957935588e-07
1.070954091987197479e-07
1.064482053143047211e-07
1.058043207748445198e-07
1.051644356057745159e-07
1.045289006588957102e-07
1.038978324080651710e-07
1.032713662512924173e-07
1.026495965937597857e-07
1.020334018030255324e-07
1.014229242099715366e-07
1.008182062026229495e-07
1.002192526550782943e-07
9.962624284546338122e-08
9.903991525963479040e-08
9.846030095578959463e-08
9.788739589294686959e-08
9.732116104091070215e-08
9.676175532561133776e-08
9.620977723568105217e-08
9.566523494857471945e-08
9.512806406499182932e-08
9.459819383739489990e-08
9.407570946053351213e-08
9.356114880210919900e-08
9.305448580878933663e-08
9.255556123316062272e-08
9.206418748483832359e-08
9.158040566892950348e-08
9.110465225569140299e-08
9.063695516412982743e-08
9.017699694387648676e-08
8.972456419844285016e-08
8.927959296392168580e-08
8.884249864746799024e-08
8.841324098326301249e-08
8.799157357401064139e-08
8.757715652450384515e-08
8.716989436287144742e-08
8.676999121639344846e-08
8.637745915074062089e-08
8.599209883853649689e-08
8.561356759291217653e-08
8.524164686787522811e-08
8.487635828614813789e-08
8.451775073373879247e-08
8.416571729701091828e-08
8.381978771433749406e-08
8.347977599936460466e-08
8.314554847121935458e-08
8.281717793026125309e-08
8.249458963640304092e-08
8.217742935186034803e-08
8.186533173089658591e-08
8.155817110049818913e-08
8.125589196889746812e-08
8.095845635650035429e-08
8.066571970124063276e-08
8.037716606844748739e-08
8.009261951593264745e-08
7.981197570096299121e-08
7.953508253400826562e-08
7.926187494534009883e-08
7.899206485839032640e-08
7.872530278938129960e-08
7.846151340533083343e-08
7.820050035165884319e-08
7.794214683540113111e-08
7.768638026824679820e-08
7.743283898066194753e-08
7.718132614887702486e-08
7.693173795136269928e-08
7.668390385500021111e-08
7.643772428976973698e-08
7.619314694549418749e-08
7.594979190296312638e-08
7.570754406723517803e-08
7.546632208357208122e-08
7.522595085948035320e-08
7.498639065644741648e-08
7.474750787711493895e-08
7.450904409559175419e-08
7.427093146195513812e-08
7.403312322593383091e-08
7.379547478200449968e-08
7.355798591833489812e-08
7.332052130924687985e-08
7.308287688517503297e-08
7.284504197589349026e-08
7.260697355849411614e-08
7.236859601960274583e-08
7.212991540164433003e-08
7.189081434487130935e-08
7.165117102105605695e-08
7.141098528268652773e-08
7.117022219622023067e-08
7.092889624899022447e-08
7.068699624079837924e-08
7.044445816957465842e-08
7.020123992267412881e-08
6.995731193326067520e-08
6.971269573890616307e-08
6.946747034947725112e-08
6.922159642510757173e-08
6.897512226661984587e-08
6.872802474341167402e-08
6.848028162787148565e-08
6.823191180480080421e-08
6.798297668463853293e-08
6.773357969489267216e-08
6.748375740635732247e-08
6.723346416669781077e-08
6.698273268635677165e-08
6.673158023699409129e-08
6.648008589607030609e-08
6.622840664302967384e-08
6.597653056830116345e-08
6.572452314565541972e-08
6.547239919593228351e-08
6.522020368182445778e-08
6.496795153395175322e-08
6.471583459260504386e-08
6.446395979412758459e-08
6.421234302129080147e-08
6.396100771386606527e-08
6.370999322551118700e-08
6.345937496541237220e-08
6.320918216901343930e-08
6.295964659556875952e-08
6.271072660720629862e-08
6.246253888267262598e-08
6.221509427147902443e-08
6.196840886888813150e-08
6.172247673948258777e-08
6.147756020298535283e-08
6.123368674532361663e-08
6.099088827015424730e-08
6.074916132281737058e-08
6.050866737183020467e-08
6.026935164273319084e-08
6.003117758175137036e-08
5.979439033556199962e-08
5.955909737947290969e-08
5.932527279084688036e-08
5.909284815997840766e-08
5.886202659283154012e-08
5.863269971835440811e-08
5.840488808679950596e-08
5.817870017117929510e-08
5.795435587837521905e-08
5.773169680130149230e-08
5.751072893668926442e-08
5.729154847513653676e-08
5.707410147912040260e-08
5.685839771429469482e-08
5.664447672864840685e-08
5.643258088507042249e-08
5.622252250955824560e-08
5.601428826484894540e-08
5.580799002285009280e-08
5.560352671595283239e-08
5.540088454933459242e-08
5.520013724615269649e-08
5.500141940138116860e-08
5.480463158104099564e-08
5.460969562919025708e-08
5.441670244771720529e-08
5.422557483950826572e-08
5.403615561408652012e-08
5.384873646773853834e-08
5.366314739757141046e-08
5.347944780104626348e-08
5.329758705502767003e-08
5.311754718873642139e-08
5.293919239239982174e-08
5.276257142527873190e-08
5.258768673652724882e-08
5.241456681837434564e-08
5.224309035817718812e-08
5.207342237196354840e-08
5.190531828348457256e-08
5.173876784923212879e-08
5.157379978570939761e-08
5.141037682623756298e-08
5.124840302820983290e-08
5.108801938684098268e-08
5.092910328331563517e-08
5.077160721634974111e-08
5.061549135343097038e-08
5.046067710665468025e-08
5.030711701464103993e-08
5.015484500593269322e-08
5.000384209261876952e-08
4.985401991443593851e-08
4.970549140594186519e-08
4.955802182560419445e-08
4.941162851310946445e-08
4.926627127958658673e-08
4.912191262656249993e-08
4.897854850274129116e-08
4.883614406261501896e-08
4.869473719869363288e-08
4.855423413196193070e-08
4.841457732992976990e-08
4.827567546318020811e-08
4.813755912936822781e-08
4.800020440920727989e-08
4.786355399344159041e-08
4.772765549095455169e-08
4.759246444640755485e-08
4.745793709761908170e-08
4.732399450322329191e-08
4.719057965269806267e-08
4.705771337424236488e-08
4.692536704976376750e-08
4.679352620342487830e-08
4.666221631225528859e-08
4.653139756617970413e-08
4.640103832389098484e-08
4.627106304677619157e-08
4.614144529733853716e-08
4.601218556071273416e-08
4.588328119039657035e-08
4.575473458926917106e-08
4.562655469977693672e-08
4.549873175355647529e-08
4.537122668544558596e-08
4.524398915332315877e-08
4.511699242664854044e-08
4.499023457584712669e-08
4.486373040959936220e-08
4.473749142640095154e-08
4.461152067300343915e-08
4.448584335447615319e-08
4.436040504923406955e-08
4.423518055646093160e-08
4.411013380564240630e-08
4.398528909467903594e-08
4.386063082565052627e-08
4.373619828549661618e-08
4.361201639371632475e-08
4.348807463528048331e-08
4.336438237112257543e-08
4.324089397764131053e-08
4.311759752142105803e-08
4.299450901674485654e-08
4.287159189354422817e-08
4.274891340257572465e-08
4.262651183050723000e-08
4.250437663023384735e-08
4.238251884572568585e-08
4.226090030896420595e-08
4.213954948818083227e-08
4.201841837332993067e-08
4.189755701182823618e-08
4.177694174263124144e-08
4.165662705496189398e-08
4.153666074712469061e-08
4.141699468185726517e-08
4.129768169528760803e-08
4.117867339453136285e-08
4.105998486197512454e-08
4.094162635075924537e-08
4.082355383588651836e-08
4.070585529164130273e-08
4.058852052444442592e-08
4.047161932955495097e-08
4.035510585928651971e-08
4.023898688107377472e-08
4.012327680601153534e-08
4.000793114108771491e-08
3.989301813184140390e-08
3.977845243662291789e-08
3.966437508997886153e-08
3.955074721868627481e-08
3.943760057885650973e-08
3.932492210499875806e-08
3.921269395527028468e-08
3.910096688386441103e-08
3.898965893588640951e-08
3.887887526789561352e-08
3.876850422957083874e-08
3.865869327657008147e-08
3.854937959948277243e-08
3.844058933050498800e-08
3.833232986249245433e-08
3.822456533868461201e-08
3.811735641670625341e-08
3.801060926563601054e-08
3.790443323063031834e-08
3.779870747933289662e-08
3.769357879052822411e-08
3.758897341613519158e-08
3.748493197138586979e-08
3.738143113861625105e-08
3.727846571953712189e-08
3.717606376720111609e-08
3.707416210370780603e-08
3.697282722195799320e-08
3.687196948776268614e-08
3.677169145450869193e-08
3.667193945920192157e-08
3.657279112556591330e-08
3.647416075489171489e-08
3.637609679937450459e-08
3.627855180945030974e-08
3.618153534177477667e-08
3.608505323590548736e-08
3.598906542871872142e-08
3.589361528202782876e-08
3.579866334136881321e-08
3.570427314443235666e-08
3.561037471159307979e-08
3.551704666961796679e-08
3.542417730036419641e-08
3.533184154819296765e-08
3.523994480076280496e-08
3.514856021817110802e-08
3.505762144095237912e-08
3.496719709163815659e-08
3.487723874121802964e-08
3.478777274531699612e-08
3.469877184160180675e-08
3.461024061430934860e-08
3.452215384500179086e-08
3.443449656149636241e-08
3.434727957325847460e-08
3.426046837010078333e-08
3.417409143377592665e-08
3.408812487422291040e-08
3.400259977343112246e-08
3.391748766204672691e-08
3.383281330735121795e-08
3.374852775709579434e-08
3.366463825943858940e-08
3.358109349263872428e-08
3.349793695545467927e-08
3.341511381481562367e-08
3.333267351373287064e-08
3.325058524016567160e-08
3.316887571181036485e-08
3.308751924559157203e-08
3.300654834987243864e-08
3.292588473374002333e-08
3.284555920761187503e-08
3.276551542579605564e-08
3.268580604596657556e-08
3.260637052705712574e-08
3.252725528760185403e-08
3.244844994934783835e-08
3.236996250919529138e-08
3.229178293852409161e-08
3.221392727659434037e-08
3.213633125268931761e-08
3.205902061212308563e-08
3.198194697770527997e-08
3.190515726213855932e-08
3.182859775042587558e-08
3.175231451680330200e-08
3.167629924543425963e-08
3.160056291813788791e-08
3.152508969530352973e-08
3.144990425308293900e-08
3.137495250947238379e-08
3.130024653302820006e-08
3.122574891223219356e-08
3.115149400291705984e-08
3.107743984644545572e-08
3.100363318384096032e-08
3.093005491893266767e-08
3.085673317463337224e-08
3.078364167587727541e-08
3.071080400271558753e-08
3.063818469631677361e-08
3.056578654212874235e-08
3.049358638985332165e-08
3.042160267663116512e-08
3.034981775235483540e-08
3.027823696555283199e-08
3.020687819456961684e-08
3.013574490653441490e-08
3.006484294325466664e-08
2.999416418987529591e-08
2.992372319052241758e-08
2.985346925004798068e-08
2.978343895248745738e-08
2.971358072030755959e-08
2.964395140825493331e-08
2.957448958828592929e-08
2.950525719694148754e-08
2.943622967072685413e-08
2.936744338103166983e-08
2.929886459296580135e-08
2.923052030804363640e-08
2.916237964746842309e-08
2.909444843275718572e-08
2.902671807312741017e-08
2.895918279547090174e-08
2.889185643720633460e-08
2.882471089790151610e-08
2.875779689652849992e-08
2.869109384253443649e-08
2.862463094465244332e-08
2.855836706515106236e-08
2.849234919703006436e-08
2.842652271279824640e-08
2.836091989906976353e-08
2.829550618325911061e-08
2.823030794063180905e-08
2.816531028866734674e-08
2.810050967061132717e-08
2.803593820107297621e-08
2.797157497569718954e-08
2.790746312655395357e-08
2.784355142545853838e-08
2.777988674468826704e-08
2.771641484269805542e-08
2.765317373755108182e-08
2.759012357267185897e-08
2.752729313530375228e-08
2.746466749037162394e-08
2.740224176919188021e-08
2.734004900413336961e-08
2.727806471086780023e-08
2.721633410445998509e-08
2.715480261302532582e-08
2.709351850757724704e-08
2.703243081445151215e-08
2.697156769038275591e-08
2.691090258654109045e-08
2.685045023504882720e-08
2.679021025590495324e-08
2.673016109704369143e-08
2.667035105699055977e-08
2.661074591751774903e-08
2.655137803480218701e-08
2.649221231597091187e-08
2.643327953698819564e-08
2.637455083521134690e-08
2.631603063082212806e-08
2.625772701658356005e-08
2.619960992890742403e-08
2.614172216501418180e-08
2.608400591630302254e-08
2.602652022046660363e-08
2.596923153603146320e-08
2.591216253723734303e-08
2.585530217511097508e-08
2.579864471623164191e-08
2.574222062682859467e-08
2.568597309168131147e-08
2.562994980946758082e-08
2.557409833075076135e-08
2.551845151419686505e-08
2.546299183856424390e-08
2.540771604624513397e-08
2.535265238899666530e-08
2.529778649947357139e-08
2.524313410932860663e-08
2.518866758677837290e-08
2.513441228255072028e-08
2.508034322377969276e-08
2.502645634241735538e-08
2.497277075060923860e-08
2.491924227379816320e-08
2.486592006959504607e-08
2.481275075269191143e-08
2.475977611798893943e-08
2.470697954352002267e-08
2.465436494151005309e-08
2.460195360606150274e-08
2.454971646860219140e-08
2.449768388555328619e-08
2.444581201230998503e-08
2.439411627020620067e-08
2.434259077854032789e-08
2.429122101593406938e-08
2.424003586242132758e-08
2.418899111794777902e-08
2.413813005568148350e-08
2.408743050373921286e-08
2.403690222302247531e-08
2.398655541800598043e-08
2.393637448881215259e-08
2.388638153644298752e-08
2.383653690947461599e-08
2.378685351263009617e-08
2.373732625126942942e-08
2.368794104055438686e-08
2.363872651232459535e-08
2.358963948925538776e-08
2.354072091052091769e-08
2.349195095795947557e-08
2.344333699757372220e-08
2.339489759442399451e-08
2.334660844127883857e-08
2.329849178566426434e-08
2.325051329862201595e-08
2.320267877295714593e-08
2.315499983374880139e-08
2.310744152553724248e-08
2.306004324082550234e-08
2.301276423081927057e-08
2.296562734946073926e-08
2.291863699750100304e-08
2.287179878486551968e-08
2.282511636058504725e-08
2.277857302213219127e-08
2.273217780300295524e-08
2.268593086538126541e-08
2.263980805284499384e-08
2.259383756922439280e-08
2.254797748146137593e-08
2.250225503246274002e-08
2.245666438936039871e-08
2.241119260185284800e-08
2.236586970997304505e-08
2.232067456660132942e-08
2.227562045081851775e-08
2.223070292375411118e-08
2.218592238476494713e-08
2.214129600804400184e-08
2.209678575775586344e-08
2.205240438966168932e-08
2.200815601204478638e-08
2.196401427978157858e-08
2.192001678921015597e-08
2.187612253044113442e-08
2.183234979991001157e-08
2.178871516966627708e-08
2.174521027594815837e-08
2.170184598037899653e-08
2.165860226164065669e-08
2.161548309004245154e-08
2.157251311187865702e-08
2.152964926254979541e-08
2.148691555278572376e-08
2.144429538034268621e-08
2.140178641437466204e-08
2.135941412582761037e-08
2.131713648763579761e-08
2.127498752054767388e-08
2.123295615223456956e-08
2.119105257789603784e-08
2.114928620367431467e-08
2.110763506743220585e-08
2.106610356588383042e-08
2.102471063053962574e-08
2.098342041349820293e-08
2.094225643272462048e-08
2.090119914974597893e-08
2.086025072397481926e-08
2.081943336004704260e-08
2.077870683002143787e-08
2.073810281919564908e-08
2.069761273274154414e-08
2.065724758480202909e-08
2.061701265083961494e-08
2.057688831684315621e-08
2.053687680938938434e-08
2.049700373977006401e-08
2.045722861488232841e-08
2.041757232663895019e-08
2.037802682683508986e-08
2.033858041049281214e-08
2.029926360911806150e-08
2.026003591971592001e-08
2.022091333659124433e-08
2.018192110574996206e-08
2.014303377139828277e-08
2.010427288111709305e-08
2.006561540030297208e-08
2.002707198630726016e-08
1.998866051771154544e-08
1.995034501340671913e-08
1.991213423520017101e-08
1.987404752527987375e-08
1.983604815767116484e-08
1.979815811033191807e-08
1.976037381586376207e-08
1.972268563841654705e-08
1.968511765123227332e-08
1.964764796193125424e-08
1.961028030561148070e-08
1.957304708795374832e-08
1.953590972847073583e-08
1.949888355412777010e-08
1.946197148575917091e-08
1.942515146472914496e-08
1.938844273196926853e-08
1.935183035355182904e-08
1.931531046333029526e-08
1.927890896098884964e-08
1.924258754410311448e-08
1.920636106894107301e-08
1.917025639616675035e-08
1.913424665657875057e-08
1.909834417907027303e-08
1.906254381996693250e-08
1.902684837569839997e-08
1.899126816243730545e-08
1.895578144778124198e-08
1.892038651871513917e-08
1.888510350246536377e-08
1.884989940252461916e-08
1.881479324674858247e-08
1.877979511662758691e-08
1.874487232749510381e-08
1.871004594563244736e-08
1.867532375795154820e-08
1.864069774275380856e-08
1.860617964799661803e-08
1.857174935634035046e-08
1.853741761185095701e-08
1.850319971214403655e-08
1.846906624384141229e-08
1.843501982858692091e-08
1.840107941770995276e-08
1.836721171429355321e-08
1.833343682099290400e-08
1.829976388279006822e-08
1.826616171194366071e-08
1.823264787783389270e-08
1.819923693751229745e-08
1.816591459414416800e-08
1.813268920299330972e-08
1.809955187738079682e-08
1.806650936448222905e-08
1.803356781301447504e-08
1.800071197233992837e-08
1.796793654682242004e-08
1.793525729364630239e-08
1.790265536843570524e-08
1.787013234637644157e-08
1.783770930147014376e-08
1.780535230758786119e-08
1.777307651051882833e-08
1.774090340087200932e-08
1.770880803569136605e-08
1.767679384722584603e-08
1.764488669859870852e-08
1.761305912612160036e-08
1.758131513272148817e-08
1.754967062154778285e-08
1.751809786581467822e-08
1.748660839752214136e-08
1.745520757642653687e-08
1.742387355143283194e-08
1.739262136363736267e-08
1.736145427283644745e-08
1.733035381617742001e-08
1.729934153279889871e-08
1.726840307252032283e-08
1.723755550928850787e-08
1.720679681727832192e-08
1.717610984181245432e-08
1.714550693788961357e-08
1.711499944372501653e-08
1.708456421073222558e-08
1.705420065801167468e-08
1.702392386261616249e-08
1.699371607822320677e-08
1.696357702901069950e-08
1.693352661038812383e-08
1.690353670214753283e-08
1.687362085293061339e-08
1.684379247859457101e-08
1.681403092113073486e-08
1.678434741935390032e-08
1.675475658729904402e-08
1.672523362249363247e-08
1.669578456006752199e-08
1.666642973557503783e-08
1.663713880208747292e-08
1.660791810398795776e-08
1.657878168034533895e-08
1.654970485969452900e-08
1.652069697460996790e-08
1.649177446094120542e-08
1.646290623261769342e-08
1.643410776711289173e-08
1.640539491771139819e-08
1.637674520834516366e-08
1.634816838707165601e-08
1.631968118679961439e-08
1.629125774151806886e-08
1.626290456893057752e-08
1.623464133796140538e-08
1.620643929680568894e-08
1.617830292927778973e-08
1.615024603243248593e-08
1.612224892771617730e-08
1.609431444535246608e-08
1.606645938375655895e-08
1.603865907623050626e-08
1.601092579605980761e-08
1.598326959113876631e-08
1.595567218977267485e-08
1.592815034568065098e-08
1.590070740171767424e-08
1.587332338081572923e-08
1.584601177186598152e-08
1.581878002652879423e-08
1.579161246909753878e-08
1.576450451028979108e-08
1.573746738732577388e-08
1.571049779540392603e-08
1.568358295148027470e-08
1.565673383373851047e-08
1.562995554860157166e-08
1.560322835954258715e-08
1.557656740632171678e-08
1.554997963301910491e-08
1.552345550288883305e-08
1.549699235413600210e-08
1.547060883792557371e-08
1.544428650191559101e-08
1.541802462526449875e-08
1.539184248731237045e-08
1.536571542992736679e-08
1.533964877865095901e-08
1.531365483315108929e-08
1.528770963368000303e-08
1.526182474015722321e-08
1.523601303843157136e-08
1.521024756053679593e-08
1.518454436332351012e-08
1.515891063396954654e-08
1.513332879075283826e-08
1.510781820282928225e-08
1.508237591390283951e-08
1.505698921737469414e-08
1.503167020175577287e-08
1.500641550913133672e-08
1.498122737046125788e-08
1.495609161364166858e-08
1.493101405092839957e-08
1.490600835270824536e-08
1.488104349397295858e-08
1.485614061096232287e-08
1.483130604852216048e-08
1.480651377441213426e-08
1.478177876984816180e-08
1.475711391594067630e-08
1.473249717606363358e-08
1.470794541802135971e-08
1.468346147527281506e-08
1.465902766411112767e-08
1.463465863687644497e-08
1.461035175646375004e-08
1.458610650727897589e-08
1.456191088853328785e-08
1.453777073833467856e-08
1.451369910775575312e-08
1.448966577121324984e-08
1.446569119701807292e-08
1.444178157081410610e-08
1.441791185760586418e-08
1.439409795759155629e-08
1.437034780456746866e-08
1.434664307986697454e-08
1.432300313308509991e-08
1.429942334947013422e-08
1.427589602477837874e-08
1.425242864921956766e-08
1.422901439873573965e-08
1.420566581265216187e-08
1.418236456033194124e-08
1.415911449927988439e-08
1.413592618585065669e-08
1.411278221407412783e-08
1.408968771833740683e-08
1.406665101989478636e-08
1.404366443669451162e-08
1.402072252495378038e-08
1.399783457921413331e-08
1.397500635832695321e-08
1.395222905063147880e-08
1.392949713360184979e-08
1.390683862457598753e-08
1.388422403652888717e-08
1.386165860367040288e-08
1.383916068668706139e-08
1.381670918486575183e-08
1.379430355883016722e-08
1.377195169563015570e-08
1.374965460763884069e-08
1.372739544046136074e-08
1.370518763693831890e-08
1.368303970528079407e-08
1.366092611644692672e-08
1.363886207131083819e-08
1.361685662547392798e-08
1.359489083730327499e-08
1.357298420322773992e-08
1.355112951828397210e-08
1.352932635198727550e-08
1.350757455474424159e-08
1.348586727681037518e-08
1.346422410500114652e-08
1.344262155737029768e-08
1.342106446994497701e-08
1.339956087538570550e-08
1.337810420690993684e-08
1.335668693453026875e-08
1.333531576520441564e-08
1.331400220759359910e-08
1.329272190638698180e-08
1.327148619949465848e-08
1.325031009565689724e-08
1.322917016598693063e-08
1.320808468952754810e-08
1.318705118589861270e-08
1.316606273937407877e-08
1.314512553106817577e-08
1.312423049051468645e-08
1.310339589767856103e-08
1.308259971906662747e-08
1.306184668910983855e-08
1.304114397980544118e-08
1.302048683633229519e-08
1.299986593913693320e-08
1.297928875734674045e-08
1.295876792267137043e-08
1.293827678712065758e-08
1.291782992753090242e-08
1.289743672327643381e-08
1.287707843507539970e-08
1.285677475423035460e-08
1.283651320856611342e-08
1.281630468753341368e-08
1.279613855970897906e-08
1.277601179021022167e-08
1.275594410270546518e-08
1.273591494827590832e-08
1.271592475844410902e-08
1.269597964193625557e-08
1.267608412619621029e-08
1.265621768110764898e-08
1.263639605745806337e-08
1.261662464520705750e-08
1.259688601426877487e-08
1.257718747874492673e-08
1.255753130017737416e-08
1.253792483478924657e-08
1.251835727800555180e-08
1.249882831642918817e-08
1.247935741977455016e-08
1.245991794395483328e-08
1.244052656314363770e-08
1.242117874169823249e-08
1.240187843766623177e-08
1.238261416950736832e-08
1.236338852063102204e-08
1.234421089308895623e-08
1.232506990035855331e-08
1.230596382877855602e-08
1.228689625531020038e-08
1.226787946177847772e-08
1.224888906722809716e-08
1.222993862842798042e-08
1.221103607430465258e-08
1.219216601070941398e-08
1.217334497725131390e-08
1.215455719196387561e-08
1.213582412069799829e-08
1.211712432766080900e-08
1.209846273115983954e-08
1.207985222996966069e-08
1.206127947339539263e-08
1.204274067406854203e-08
1.202424109769920847e-08
1.200578675014428755e-08
1.198736443611713126e-08
1.196897821280809191e-08
1.195062901341591146e-08
1.193232542027631447e-08
1.191404864811305028e-08
1.189580842696492785e-08
1.187761579445252365e-08
1.185945196713857827e-08
1.184133587410010928e-08
1.182325158490617747e-08
1.180521856965239011e-08
1.178721715405927520e-08
1.176925214915995459e-08
1.175133522258114874e-08
1.173345472186800604e-08
1.171560652959235080e-08
1.169779482202841432e-08
1.168002622656614559e-08
1.166228963854743394e-08
1.164458508092392746e-08
1.162691471281753062e-08
1.160929124101984533e-08
1.159169023787741520e-08
1.157412611430360263e-08
1.155660309738803633e-08
1.153911399742906300e-08
1.152166433267571810e-08
1.150424431016790271e-08
1.148687698071840112e-08
1.146953454685972709e-08
1.145223394814348563e-08
1.143496853084274539e-08
1.141774714805432036e-08
1.140055551603495034e-08
1.138339684017663303e-08
1.136627580310164199e-08
1.134919225874881520e-08
1.133213276606312318e-08
1.131510976904967518e-08
1.129812747543919999e-08
1.128117401165223300e-08
1.126424981367773355e-08
1.124735755156372246e-08
1.123051221908514930e-08
1.121369080083242930e-08
1.119690877365793542e-08
1.118016332230398782e-08
1.116345604936304220e-08
1.114678162493052422e-08
1.113013692865514449e-08
1.111353856894926897e-08
1.109697126335176378e-08
1.108043292965790207e-08
1.106392779458795494e-08
1.104746149599855296e-08
1.103102470512421771e-08
1.101461535822654976e-08
1.099823775419021653e-08
1.098190213262234128e-08
1.096558671780842203e-08
1.094930553529987052e-08
1.093305548644857185e-08
1.091684623424046816e-08
1.090066364460521138e-08
1.088451416168065151e-08
1.086840429969371813e-08
1.085232441738423720e-08
1.083628008255292967e-08
1.082026246373114727e-08
1.080428948861324011e-08
1.078834502663759752e-08
1.077242814423412143e-08
1.075654285661495244e-08
1.074069470618133574e-08
1.072487369152255630e-08
1.070907925877917200e-08
1.069331452217529728e-08
1.067759002197851948e-08
1.066188459350452062e-08
1.064621129624587324e-08
1.063056677398738021e-08
1.061496274288194701e-08
1.059938210411794384e-08
1.058383450660781903e-08
1.056832192274812440e-08
1.055284175777730791e-08
1.053739208642567621e-08
1.052196873335305368e-08
1.050658716004501762e-08
1.049123394307905632e-08
1.047590711013224531e-08
1.046060898103638610e-08
1.044534545519459366e-08
1.043011117132102824e-08
1.041489793083744196e-08
1.039971597457029012e-08
1.038456888967869665e-08
1.036944682103733898e-08
1.035434936358772465e-08
1.033927824218426255e-08
1.032424774086120840e-08
1.030923578984932484e-08
1.029426286017189754e-08
1.027931067070705996e-08
1.026440391147758578e-08
1.024951537036383605e-08
1.023466124356689135e-08
1.021983450230537723e-08
1.020504605116406648e-08
1.019028052977235511e-08
1.017554119284021472e-08
1.016082989128911433e-08
1.014615471243191085e-08
1.013149901811222804e-08
1.011687104348687742e-08
1.010226815756541739e-08
1.008770277516643688e-08
1.007315269677959990e-08
1.005863289589955789e-08
1.004413873975551290e-08
1.002968139463065037e-08
1.001524409938963905e-08
1.000083751150215239e-08
9.986460527636632441e-09
9.972116533833237823e-09
9.957796531691605584e-09
9.943503961703461944e-09
9.929243084916366996e-09
9.915013190224563833e-09
9.900807037122201740e-09
9.886625732948161466e-09
9.872472161230882425e-09
9.858351003845948846e-09
9.844247395019136694e-09
9.830171145118119131e-09
9.816120107330448370e-09
9.802102614939257708e-09
9.788100259562923617e-09
9.774126190491943564e-09
9.760177768703373183e-09
9.746262883557293342e-09
9.732367881886339927e-09
9.718501533003900071e-09
9.704663301387805668e-09
9.690856794728258414e-09
9.677072319537916186e-09
9.663315080518979823e-09
9.649585982796688811e-09
9.635888682567074607e-09
9.622212521705278807e-09
9.608560089924815016e-09
9.594932682317983023e-09
9.581338370550931136e-09
9.567760833399930104e-09
9.554208333613659729e-09
9.540678098869982769e-09
9.527182199072937384e-09
9.513700794510302317e-09
9.500245055060823564e-09
9.486811483652426557e-09
9.473413793725611131e-09
9.460030250146083955e-09
9.446680823230622360e-09
9.433348633962715221e-09
9.420056481130899281e-09
9.406778542254705099e-09
9.393531649206255719e-09
9.380305370873043329e-09
9.367113927511736349e-09
9.353943099764231003e-09
9.340793285666080999e-09
9.327667895858554063e-09
9.314571153993445167e-09
9.301497334564112217e-09
9.288440244066321524e-09
9.275408991252704006e-09
9.262404916638688904e-09
9.249424976473893606e-09
9.236461422116555308e-09
9.223521338033666971e-09
9.210608639578249601e-09
9.197721068183349214e-09
9.184854800007202323e-09
9.172012572876934711e-09
9.159197364421078745e-09
9.146409188338167231e-09
9.133641546905236072e-09
9.120898549983650942e-09
9.108180286488553081e-09
9.095492070832740826e-09
9.082822366665035537e-09
9.070173619814711455e-09
9.057547937378810160e-09
9.044950446348041452e-09
9.032372022081418247e-09
9.019811584548779208e-09
9.007274282776846245e-09
8.994764828594316850e-09
8.982275035186111538e-09
8.969803079783969223e-09
8.957352153134572138e-09
8.944929627244125626e-09
8.932527717355263021e-09
8.920148450595728835e-09
8.907790719075475335e-09
8.895459996470245594e-09
8.883153294817475332e-09
8.870867038278769951e-09
8.858603692503475040e-09
8.846364050479661866e-09
8.834153121462058672e-09
8.821959733758636988e-09
8.809786112367005731e-09
8.797634330339234216e-09
8.785509045839283068e-09
8.773402883693854359e-09
8.761312370507575212e-09
8.749244837486961527e-09
8.737202719252604782e-09
8.725181713723843269e-09
8.713175270787431395e-09
8.701190195869257592e-09
8.689228813133490092e-09
8.677292290761267132e-09
8.665372437803784957e-09
8.653476430005105982e-09
8.641601648627962268e-09
8.629756744292701498e-09
8.617925447517647561e-09
8.606120361141929871e-09
8.594333068727231938e-09
8.582575949845033814e-09
8.570836364281570463e-09
8.559114824287312470e-09
8.547413539144014485e-09
8.535736268689938089e-09
8.524081344630488794e-09
8.512439617118590354e-09
8.500819916964316295e-09
8.489218329252737007e-09
8.477644958088602189e-09
8.466082656083607562e-09
8.454541032992285213e-09
8.443017524306534069e-09
8.431523175489502776e-09
8.420041598491097146e-09
8.408585709307897497e-09
8.397145761732321171e-09
8.385733381029170999e-09
8.374339214843595626e-09
8.362965496722724406e-09
8.351610871107715421e-09
8.340278865529794169e-09
8.328972627701799814e-09
8.317682111706681904e-09
8.306409117387758115e-09
8.295155754387397416e-09
8.283926245665051222e-09
8.272714880001801071e-09
8.261516930802475207e-09
8.250340548377795873e-09
8.239183858698245922e-09
8.228050703833448350e-09
8.216927445820675839e-09
8.205825932042118111e-09
8.194740786998525700e-09
8.183684399223043487e-09
8.172637911523344101e-09
8.161618320432993637e-09
8.150612210054746084e-09
8.139633914265356198e-09
8.128671081059341328e-09
8.117728788754955902e-09
8.106803830606377224e-09
8.095900934733567048e-09
8.085022398420556320e-09
8.074158788816921154e-09
8.063311696084569592e-09
8.052483250616558190e-09
8.041677289852900829e-09
8.030889530297856097e-09
8.020113826229084829e-09
8.009359067586859311e-09
7.998621266328462799e-09
7.987907860367170125e-09
7.977203951674090037e-09
7.966519437112350012e-09
7.955850968382618260e-09
7.945208967880126621e-09
7.934579130356353302e-09
7.923970810386148565e-09
7.913378587030890975e-09
7.902808373103388415e-09
7.892258903485932931e-09
7.881724228477501267e-09
7.871210530118030648e-09
7.860713339833876314e-09
7.850241717351867073e-09
7.839784900855194223e-09
7.829343452871570357e-09
7.818919807053461377e-09
7.808514875637707715e-09
7.798131362274990800e-09
7.787759370394636170e-09
7.777404409603155598e-09
7.767065611853945253e-09
7.756749169511456732e-09
7.746448328460615710e-09
7.736159844180888041e-09
7.725888488323415925e-09
7.715635481432666243e-09
7.705405735110060407e-09
7.695185701123413895e-09
7.684989990160338320e-09
7.674805645537510470e-09
7.664649405152863942e-09
7.654503934961808077e-09
7.644378765789342272e-09
7.634267831697863889e-09
7.624177759136863894e-09
7.614109610914260814e-09
7.604054780044658874e-09
7.594014500913597524e-09
7.583991026458146854e-09
7.573987902088932114e-09
7.564002432674848371e-09
7.554027354759847677e-09
7.544070258190389698e-09
7.534127456959892639e-09
7.524207658325919546e-09
7.514299441754861169e-09
7.504405428820809629e-09
7.494526663188138314e-09
7.484667136402316522e-09
7.474826906263034579e-09
7.464997879122891422e-09
7.455190671961446718e-09
7.445394865817975469e-09
7.435626590743647576e-09
7.425867492386261288e-09
7.416128261618065589e-09
7.406402259174704657e-09
7.396696079478054222e-09
7.387010947973704876e-09
7.377338441095366797e-09
7.367679495100056451e-09
7.358036968620958711e-09
7.348413147262861041e-09
7.338806865387926001e-09
7.329210356432242339e-09
7.319630476623709665e-09
7.310064517863257810e-09
7.300519294315205498e-09
7.290987806590287722e-09
7.281467209468415546e-09
7.271962600738981015e-09
7.262473300652930326e-09
7.253006961944592497e-09
7.243547864190400052e-09
7.234112019637959027e-09
7.224686465528546148e-09
7.215282900823785471e-09
7.205893776894047338e-09
7.196518687934015956e-09
7.187161441132768871e-09
7.177818098580791073e-09
7.168497203723970163e-09
7.159188874724856588e-09
7.149893953646765137e-09
7.140614074670719945e-09
7.131348617568305144e-09
7.122103340772839844e-09
7.112870042071921831e-09
7.103646922603451614e-09
7.094441212818649754e-09
7.085250296720048344e-09
7.076078735551785388e-09
7.066914760891858339e-09
7.057766385634832629e-09
7.048630941627254452e-09
7.039515386885396206e-09
7.030413685904368660e-09
7.021324260610942634e-09
7.012252860802568244e-09
7.003192600339537055e-09
6.994158141739228049e-09
6.985130981322083675e-09
6.976121841764373791e-09
6.967124960333382321e-09
6.958144977274532918e-09
6.949185093626716646e-09
6.940236411622678084e-09
6.931300267960969602e-09
6.922378702036051967e-09
6.913472030807830229e-09
6.904583594578307607e-09
6.895705262375808656e-09
6.886838095170883587e-09
6.877986223657073705e-09
6.869150516841854866e-09
6.860331576990706214e-09
6.851519450737416383e-09
6.842723085236026180e-09
6.833938813071436956e-09
6.825174082276331867e-09
6.816421535518548187e-09
6.807681145605484463e-09
6.798957663879552118e-09
6.790244889767935701e-09
6.781556617876365707e-09
6.772875497791052738e-09
6.764210913220989475e-09
6.755558860062060130e-09
6.746921842355230562e-09
6.738304526841264733e-09
6.729698152623642641e-09
6.721103372519523285e-09
6.712522852213348766e-09
6.703955000853883385e-09
6.695405959629783671e-09
6.686867384943324813e-09
6.678337863300015028e-09
6.669824482597668206e-09
6.661323177738583341e-09
6.652840742947246943e-09
6.644365750323620942e-09
6.635903437270953965e-09
6.627453282888229768e-09
6.619018187862546853e-09
6.610600881325292330e-09
6.602190118036463523e-09
6.593800074403731551e-09
6.585418322066551688e-09
6.577055106674756235e-09
6.568705548408079727e-09
6.560366645086311341e-09
6.552044834683228062e-09
6.543732415219619977e-09
6.535440033099124245e-09
6.527159671203525051e-09
6.518891419396567745e-09
6.510634576189462659e-09
6.502390224564782219e-09
6.494162040059681730e-09
6.485947891465414389e-09
6.477741521305037224e-09
6.469548068895241297e-09
6.461366276328458312e-09
6.453200963331784394e-09
6.445049258798232924e-09
6.436903808683935573e-09
6.428773104080001035e-09
6.420653250832963798e-09
6.412551181275816527e-09
6.404460172873276131e-09
6.396379354463713903e-09
6.388315234434269353e-09
6.380259921071341690e-09
6.372225642923406049e-09
6.364199899729329106e-09
6.356186435724872526e-09
6.348187382999269724e-09
6.340199457546730946e-09
6.332230237734947867e-09
6.324271018529854497e-09
6.316323810192080205e-09
6.308387669616489424e-09
6.300463476304560862e-09
6.292554471676455641e-09
6.284658739592574940e-09
6.276770099029679152e-09
6.268894237246246379e-09
6.261029130185526986e-09
6.253179816996665740e-09
6.245343468294288037e-09
6.237512992067362354e-09
6.229696570519681934e-09
6.221890346123102919e-09
6.214100500299145764e-09
6.206322200820767075e-09
6.198552455415907384e-09
6.190800118078285193e-09
6.183055501654463962e-09
6.175329190629936837e-09
6.167613374522922553e-09
6.159907865037434454e-09
6.152217728905436252e-09
6.144535874402813120e-09
6.136872080363541626e-09
6.129220011387216111e-09
6.121578321749425196e-09
6.113946362796946926e-09
6.106326572783145711e-09
6.098720025159289566e-09
6.091127491549081008e-09
6.083543156227339943e-09
6.075967409059430607e-09
6.068405390938139938e-09
6.060854309859258716e-09
6.053319252798685891e-09
6.045790547104148452e-09
6.038272265286280316e-09
6.030764555066715933e-09
6.023268587231054414e-09
6.015790573800383532e-09
6.008317579001227142e-09
6.000859903117420665e-09
5.993411537905654088e-09
5.985974813441699884e-09
5.978557430249331271e-09
5.971144819403433709e-09
5.963746814059717933e-09
5.956358503117463230e-09
5.948982154884845757e-09
5.941622480424868383e-09
5.934271520415270073e-09
5.926931086213808655e-09
5.919600842442463064e-09
5.912281575575220844e-09
5.904975992618971834e-09
5.897682482555636677e-09
5.890395335318195546e-09
5.883119183058291777e-09
5.875853295256419814e-09
5.868601036574858352e-09
5.861361902615445730e-09
5.854127999919053874e-09
5.846905647343214040e-09
5.839692737314761140e-09
5.832491852933141257e-09
5.825306700047096563e-09
5.818126232871818478e-09
5.810961918333175472e-09
5.803805255485961265e-09
5.796660373930534292e-09
5.789533062339313039e-09
5.782410313325406711e-09
5.775302108035496289e-09
5.768202506304686222e-09
5.761114509921123575e-09
5.754042399851124917e-09
5.746978485488011863e-09
5.739924620769396329e-09
5.732880413593603995e-09
5.725846385506958688e-09
5.718825584754143588e-09
5.711816367173424576e-09
5.704813588223941417e-09
5.697819978176837672e-09
5.690837490516916696e-09
5.683866520869365940e-09
5.676909260284217610e-09
5.669957424244540639e-09
5.663015159816311828e-09
5.656082522988527278e-09
5.649159965052903277e-09
5.642254378667397663e-09
5.635353715768786303e-09
5.628465119304663580e-09
5.621586677654837000e-09
5.614717061640739998e-09
5.607866031226989561e-09
5.601020359473621664e-09
5.594184758092209162e-09
5.587361850343976645e-09
5.580546451762016127e-09
5.573746632440684690e-09
5.566957047077541806e-09
5.560176132912922370e-09
5.553403594866640971e-09
5.546641651812363368e-09
5.539889179430901447e-09
5.533151000882954893e-09
5.526420424684776110e-09
5.519696594596336798e-09
5.512984271827781210e-09
5.506279835465495811e-09
5.499588784452154450e-09
5.492907914745900999e-09
5.486231702294476297e-09
5.479567311459984681e-09
5.472911037153042395e-09
5.466266741853362620e-09
5.459634863336700835e-09
5.453007495784423728e-09
5.446395662126292407e-09
5.439790117968300493e-09
5.433195083502614638e-09
5.426616654963774154e-09
5.420042191707052077e-09
5.413479845286387543e-09
5.406926640854185563e-09
5.400382673630350560e-09
5.393853711955335569e-09
5.387332550321392582e-09
5.380820772930125144e-09
5.374316639128511490e-09
5.367822611538359095e-09
5.361338473395925510e-09
5.354866905949123892e-09
5.348402626205034097e-09
5.341944529817020181e-09
5.335497905582188021e-09
5.329058554506162085e-09
5.322632058385338407e-09
5.316215118631233476e-09
5.309802561407211069e-09
5.303401297647556353e-09
5.297007656528444576e-09
5.290624993962221371e-09
5.284255038064537926e-09
5.277889216569926121e-09
5.271537214958137504e-09
5.265191905606140789e-09
5.258855682097672920e-09
5.252536698155705205e-09
5.246221356166497175e-09
5.239915779872085674e-09
5.233621236811836755e-09
5.227333710971544066e-09
5.221060257417011161e-09
5.214796292808406848e-09
5.208539880036442031e-09
5.202291066649013421e-09
5.196051834198086516e-09
5.189821249657602398e-09
5.183602821947465145e-09
5.177392850843198267e-09
5.171188089951034400e-09
5.164992825132066869e-09
5.158805503768766503e-09
5.152629325244066684e-09
5.146464597866760187e-09
5.140304200284780312e-09
5.134151989367194911e-09
5.128008365248506162e-09
5.121872802733847102e-09
5.115752196633315058e-09
5.109636788047756268e-09
5.103528921409044066e-09
5.097433716663594164e-09
5.091344112905088323e-09
5.085266964669318194e-09
5.079200510612697223e-09
5.073139152591013253e-09
5.067090295423159850e-09
5.061047543215116432e-09
5.055014621256181092e-09
5.048995009019121929e-09
5.042981724411371269e-09
5.036977334617729575e-09
5.030979960956466212e-09
5.024991471275701689e-09
5.019011942711813182e-09
5.013044027080410868e-09
5.007082624645580457e-09
5.001126971134932355e-09
4.995181143209957315e-09
4.989241940978898345e-09
4.983314250528747021e-09
4.977396322613835255e-09
4.971482319102616440e-09
4.965577169629749964e-09
4.959679304654239833e-09
4.953789820217822026e-09
4.947914689798429458e-09
4.942043763520317139e-09
4.936180772620046330e-09
4.930329110609818060e-09
4.924483023144827105e-09
4.918649180637901252e-09
4.912825026939460549e-09
4.907005818383452909e-09
4.901198520028596063e-09
4.895397045538258253e-09
4.889604657487065652e-09
4.883825214327502537e-09
4.878051934833031277e-09
4.872287005465767341e-09
4.866528503734148970e-09
4.860778740931444673e-09
4.855036684234220834e-09
4.849306471272954727e-09
4.843582905278987706e-09
4.837864267153478238e-09
4.832154292554591387e-09
4.826451299659563496e-09
4.820758496000442509e-09
4.815076191591205229e-09
4.809397988593466117e-09
4.803726423805766690e-09
4.798063305136465375e-09
4.792407074474117750e-09
4.786763714994997032e-09
4.781126712993478580e-09
4.775494292590052528e-09
4.769875564562598128e-09
4.764261049287642986e-09
4.758655047604707312e-09
4.753063557527725751e-09
4.747475030759822278e-09
4.741894884510852738e-09
4.736324796600986151e-09
4.730759733931163604e-09
4.725206706281896443e-09
4.719663309457707293e-09
4.714125701935705627e-09
4.708594890965404394e-09
4.703071741958941400e-09
4.697555989836121648e-09
4.692050124429027605e-09
4.686553010196512141e-09
4.681061377703078164e-09
4.675574842921207635e-09
4.670098479804094767e-09
4.664627550746260320e-09
4.659167256778784104e-09
4.653715376596149742e-09
4.648266942057661956e-09
4.642826787267619936e-09
4.637393104808441438e-09
4.631966779291907142e-09
4.626553782672820115e-09
4.621144786235044082e-09
4.615741805727712250e-09
4.610350685126930822e-09
4.604963811029444887e-09
4.599586154357687813e-09
4.594220902009238830e-09
4.588858527825240922e-09
4.583505201902570980e-09
4.578160163413108639e-09
4.572820895631859995e-09
4.567493020298315371e-09
4.562173862172567963e-09
4.556860302934588671e-09
4.551553156939607590e-09
4.546253406330856121e-09
4.540960657368345194e-09
4.535677297887933028e-09
4.530402279052180278e-09
4.525132633373018782e-09
4.519867819610866771e-09
4.514612358128298468e-09
4.509362094783263536e-09
4.504121869986186714e-09
4.498890212849063009e-09
4.493661862130735350e-09
4.488440555605934565e-09
4.483226196944900705e-09
4.478018300476528500e-09
4.472822505872742713e-09
4.467631941835198795e-09
4.462445526178957213e-09
4.457271675920876985e-09
4.452101522415008919e-09
4.446938464104890527e-09
4.441789675041313249e-09
4.436643397609462033e-09
4.431503907935789905e-09
4.426374659047332330e-09
4.421248995143110910e-09
4.416133330293685800e-09
4.411027962018822202e-09
4.405927380961120403e-09
4.400833952686479980e-09
4.395746167814312485e-09
4.390665948981555841e-09
4.385592325068654199e-09
4.380528826656516451e-09
4.375471448298761659e-09
4.370417915983654447e-09
4.365371084361688675e-09
4.360332020908303331e-09
4.355299166256705671e-09
4.350276770097926066e-09
4.345259459500519415e-09
4.340245598806218754e-09
4.335240608760927326e-09
4.330240821066094427e-09
4.311208396177427113e-09
4.306243980068488236e-09
4.301282566753653928e-09
4.240089916235412153e-09
4.235210612293306473e-09
4.230335287176619986e-09
4.197310483565281123e-09
4.192487855782839931e-09
4.187667705112941470e-09
4.126461397986472681e-09
4.121723188610430925e-09
4.116988872786870744e-09
4.112264974738589790e-09
4.079347228291905791e-09
4.074669626996445321e-09
4.069998378672269266e-09
4.008850573026354135e-09
4.004257646611309926e-09
3.999671342095278142e-09
3.966815340997467406e-09
3.962277063219754858e-09
3.957742408667075585e-09
3.896579101038743555e-09
3.892123827986692328e-09
3.887674562754867255e-09
3.883235265699573345e-09
3.850478139995221492e-09
3.846079726926261628e-09
3.841689673468110823e-09
3.780583630395962288e-09
3.776270049748802872e-09
3.771967870830730021e-09
3.739270904834510785e-09
3.735008547529426021e-09
3.730755100112849084e-09
3.669634685794174822e-09
3.665456866372847126e-09
3.661290204810268613e-09
3.628653565941682195e-09
3.624528005443102662e-09
