1.860535146903743263e-07
1.990086673107372017e-07
2.112600550753533362e-07
2.228363546208949875e-07
2.337648128839704746e-07
2.440720004061528707e-07
2.537822499779358994e-07
2.629199367146137527e-07
2.715075733555588726e-07
2.795670068010778628e-07
2.871193527834443026e-07
2.941841152503180379e-07
3.007802362358385164e-07
3.069255005469647405e-07
3.126369104482480225e-07
3.179310188689683236e-07
3.228232864861616905e-07
3.273289753009400538e-07
3.314623887017174158e-07
3.352374805556254962e-07
3.386680807143340902e-07
3.417669681922775730e-07
3.445468810767621622e-07
3.470197261218414594e-07
3.491977138555173511e-07
3.510922331789707061e-07
3.527135032050737057e-07
3.540734662646613933e-07
3.551819408903682955e-07
3.560490800522544814e-07
3.566847825062576404e-07
3.570984840139920260e-07
3.572999524957720777e-07
3.572977590890685586e-07
3.571011648573485134e-07
3.567185290853886949e-07
3.561585370141003667e-07
3.554292421005478437e-07
3.545391801791606374e-07
3.534953769828277248e-07
3.523067416216006271e-07
3.509796138830087751e-07
3.495223919946768915e-07
3.479417378868260574e-07
3.462447253515203105e-07
3.444386059847204304e-07
3.425293799109461438e-07
3.405243819231001503e-07
3.384293538908596786e-07
3.362509123496710126e-07
3.339950293301152292e-07
3.316670630811109137e-07
3.292734074390923579e-07
3.268191245743850684e-07
3.243096242164948810e-07
3.217503988810533840e-07
3.191460793550592310e-07
3.165017427220202823e-07
3.138222318974816805e-07
3.111116400082729753e-07
3.083746600014246740e-07
3.056157258333784686e-07
3.028382947400133348e-07
3.000465862673364562e-07
2.972445889619575307e-07
2.944353827888083906e-07
2.916225253062177771e-07
2.888096620539484762e-07
2.859996562628108874e-07
2.831952280880645289e-07
2.803996761522922214e-07
2.776156258364062626e-07
2.748454747531244650e-07
2.720913679731808020e-07
2.693560066854699245e-07
2.666416871459874941e-07
2.639498519809913865e-07
2.612826718367666123e-07
2.586417845639259007e-07
2.560292886017577838e-07
2.534460739860213977e-07
2.508937776847079055e-07
2.483737078655277995e-07
2.458871052391043982e-07
2.434348695306211266e-07
2.410179623287044651e-07
2.386377726572961271e-07
2.362942831307298531e-07
2.339884205865239463e-07
2.317213482654658755e-07
2.294927294070101560e-07
2.273033874278249149e-07
2.251538787368586172e-07
2.230438380945817006e-07
2.209738955044121106e-07
2.189440980554233938e-07
2.169545693325600354e-07
2.150050280167157792e-07
2.130953582301531107e-07
2.112255623931878908e-07
2.093957259827417994e-07
2.076052883842777494e-07
2.058538236344411288e-07
2.041408448325866329e-07
2.024665439338251235e-07
2.008301104499070898e-07
1.992308899150780024e-07
1.976688280913300896e-07
1.961427703073531288e-07
1.946526437704817273e-07
1.931974420994121225e-07
1.917767456458597226e-07
1.903895709168784649e-07
1.890356782974684645e-07
1.877138755946222698e-07
1.864235217435291592e-07
1.851640774938108819e-07
1.839343272555940244e-07
1.827339329292217371e-07
1.815616278037299148e-07
1.804169638290239067e-07
1.792987882773807859e-07
1.782064684674402982e-07
1.771389212073232386e-07
1.760955112844489536e-07
1.750750842169423279e-07
1.740771422047949277e-07
1.731004527152694086e-07
1.721443011267985189e-07
1.712077865434960683e-07
1.702898300806307242e-07
1.693901374944627133e-07
1.685072545226215879e-07
1.676407005311732850e-07
1.667893927061343019e-07
1.659525601982213492e-07
1.651294271551841747e-07
1.643190643278494998e-07
1.635208641734635152e-07
1.627339735202738822e-07
1.619576340942865949e-07
1.611908435103195003e-07
1.604331073963726501e-07
1.596835801551336087e-07
1.589416146295906669e-07
1.582066023475275273e-07
1.574777482452111030e-07
1.567545436814674534e-07
1.560361110496872313e-07
1.553219573918543777e-07
1.546116549967564206e-07
1.539043051546410524e-07
1.531997737226341607e-07
1.524972425856428645e-07
1.517963906512182297e-07
1.510967634666122992e-07
1.503975588151382716e-07
1.496987000166014682e-07
1.489996251222925659e-07
1.483000889722575035e-07
1.475998598271082603e-07
1.468981887364509331e-07
1.461951487285942632e-07
1.454902338921464375e-07
1.447833242988755929e-07
1.440740692569557121e-07
1.433622785531344443e-07
1.426478789707493904e-07
1.419307539316488449e-07
1.412104873640138103e-07
1.404872096881329774e-07
1.397607097653039887e-07
1.390309072737178262e-07
1.382977331008673001e-07
1.375612135985773804e-07
1.368213534486969514e-07
1.360781193212762791e-07
1.353314928064711539e-07
1.345815630410804197e-07
1.338283900436961377e-07
1.330720147330929735e-07
1.323125050871814544e-07
1.315499783854923007e-07
1.307847030531556030e-07
1.300166009402527583e-07
1.292458458912514668e-07
1.284728519028194145e-07
1.276974741117741310e-07
1.269199082863966474e-07
1.261407250078333072e-07
1.253596959289346649e-07
1.245770770248030628e-07
1.237934830757804716e-07
1.230087260942584602e-07
1.222230322550050447e-07
1.214370205431700655e-07
1.206505898821186972e-07
1.198640185621474507e-07
1.190777741263340013e-07
1.182918404767173028e-07
1.175067426017623665e-07
1.167226055898429888e-07
1.159396210447259398e-07
1.151581588942807316e-07
1.143783485284743894e-07
1.136007942096722261e-07
1.128253612798247907e-07
1.120521468221777746e-07
1.112822847689160762e-07
1.105152434115679509e-07
1.097513113351968688e-07
1.089911796616428069e-07
1.082346142943924207e-07
1.074822406551169002e-07
1.067338952513418444e-07
1.059904113538023601e-07
1.052514079920477288e-07
1.045169960045808410e-07
1.037882679203924906e-07
1.030644703445751998e-07
1.023465590560371967e-07
1.016340742573571959e-07
1.009278675056157470e-07
1.002275663530845887e-07
9.953319622791117322e-08
9.884576864997811978e-08
9.816450244536208791e-08
9.749023309787090459e-08
9.682247688406670793e-08
9.616214247150457933e-08
9.550886370165934716e-08
9.486254463598541813e-08
9.422373759853943025e-08
9.359238230485953688e-08
9.296854430902914841e-08
9.235192447045076211e-08
9.174353083189644853e-08
9.114245984967817212e-08
9.054944203851045981e-08
8.996386940049561238e-08
8.938661723071397917e-08
8.881698351599529096e-08
8.825556481477412059e-08
8.770169731551279753e-08
8.715601808431240439e-08
8.661835562909246094e-08
8.608857545633762820e-08
8.556651997932284747e-08
8.505255975803973742e-08
8.454654526175657984e-08
8.404824222181320974e-08
8.355763143439511399e-08
8.307491820337451788e-08
8.259994819381558598e-08
8.213251317313835715e-08
8.167254182370778618e-08
8.122014086019331171e-08
8.077529975367560263e-08
8.033770147092782113e-08
7.990721785816993014e-08
7.948387568407562241e-08
7.906780839220461233e-08
7.865869833601335729e-08
7.825620482345764626e-08
7.786045493523397472e-08
7.747143949643299750e-08
7.708901056797270789e-08
7.671272439227318506e-08
7.634286437021613836e-08
7.597900135192489019e-08
7.562126516916434572e-08
7.526921734549517390e-08
7.492311322167277226e-08
7.458252814385017141e-08
7.424731476244188826e-08
7.391757633727443541e-08
7.359291212078750810e-08
7.327311641808670887e-08
7.295855732041599992e-08
7.264871926695643981e-08
7.234334171821446357e-08
7.204243488968733300e-08
7.174585873110988463e-08
7.145350494817234706e-08
7.116519934762929259e-08
7.088078489575696429e-08
7.060001136129262310e-08
7.032306646261395439e-08
7.004962392817972685e-08
6.977941940899216500e-08
6.951237024845218004e-08
6.924848570776126040e-08
6.898749819654491714e-08
6.872949016341726935e-08
6.847405569847843878e-08
6.822099269609974602e-08
6.797069832069691431e-08
6.772257938552881790e-08
6.747665038566646583e-08
6.723277089325064164e-08
6.699090632402140014e-08
6.675093001906889290e-08
6.651279113564147816e-08
6.627622511120371270e-08
6.604114430791456360e-08
6.580761361715076147e-08
6.557536251744780136e-08
6.534454905447242313e-08
6.511484409195576384e-08
6.488608100794109815e-08
6.465845917621239968e-08
6.443173581758434708e-08
6.420596392293045847e-08
6.398090526461415992e-08
6.375648041623687339e-08
6.353283510609750820e-08
6.330976977844823782e-08
6.308728258356762879e-08
6.286521166940684128e-08
6.264352538496117411e-08
6.242231140227392419e-08
6.220142861776666486e-08
6.198084860893716935e-08
6.176044665973028047e-08
6.154027160673451516e-08
6.132030826237516691e-08
6.110051459097661735e-08
6.088083381734911839e-08
6.066115322919635771e-08
6.044167998879408176e-08
6.022223372563314754e-08
6.000283130673952900e-08
5.978347251714718290e-08
5.956402317388757961e-08
5.934474566093108146e-08
5.912540377733119609e-08
5.890604974564402058e-08
5.868671805866017898e-08
5.846730976872444615e-08
5.824796860162973749e-08
5.802862732941426961e-08
5.780919867619039405e-08
5.758993226101953528e-08
5.737053848894628437e-08
5.715114559000485252e-08
5.693197579197367999e-08
5.671275480346664870e-08
5.649369765556420235e-08
5.627462154984249848e-08
5.605557652114287689e-08
5.583690111346842494e-08
5.561828134398525708e-08
5.539971870710763984e-08
5.518153522402339109e-08
5.496340139186613398e-08
5.474548169492096667e-08
5.452802127452809682e-08
5.431069635357492313e-08
5.409379389830468341e-08
5.387707815966298914e-08
5.366070806281107252e-08
5.344491707509872508e-08
5.322947957950861243e-08
5.301434352031508212e-08
5.279993077693813248e-08
5.258579587484949205e-08
5.237209893735306852e-08
5.215933069550313047e-08
5.194696953514787410e-08
5.173511285934352791e-08
5.152407893636872180e-08
5.131356420630702270e-08
5.110371839704995145e-08
5.089484401962909192e-08
5.068654708558539388e-08
5.047904366526538305e-08
5.027232312068701010e-08
5.006637876873978728e-08
4.986133262239093454e-08
4.965730663681886225e-08
4.945403168270336802e-08
4.925176006955084095e-08
4.905033472378394894e-08
4.884986447444899521e-08
4.865046185331179761e-08
4.845217562171057849e-08
4.825479678574091408e-08
4.805853955266235198e-08
4.786326891935116039e-08
4.766906947419411114e-08
4.747605356693721865e-08
4.728426307436563104e-08
4.709350254164252190e-08
4.690389279169386909e-08
4.671544536987884479e-08
4.652816716215641269e-08
4.634211451669161547e-08
4.615736935220732693e-08
4.597376683838761626e-08
4.579129221381096490e-08
4.561021529157947368e-08
4.543030141247104868e-08
4.525162380281948450e-08
4.507432833352830458e-08
4.489817820305638272e-08
4.472333209857812732e-08
4.454984509065528815e-08
4.437759837228379133e-08
4.420655264862084233e-08
4.403691500793833511e-08
4.386853091639391072e-08
4.370148844574341763e-08
4.353570276616327518e-08
4.337116898263186337e-08
4.320792687867902634e-08
4.304606203199490309e-08
4.288544579351312692e-08
4.272610426261076140e-08
4.256800187073121990e-08
4.241124846878898974e-08
4.225575593309483913e-08
4.210144261640493019e-08
4.194846919779455467e-08
4.179668954964567863e-08
4.164624279590526320e-08
4.149694805585583499e-08
4.134887332401111049e-08
4.120203347682926455e-08
4.105644328088250397e-08
4.091198073770704292e-08
4.076863868476152816e-08
4.062662398332721822e-08
4.048568504794182480e-08
4.034597092231429726e-08
4.020726132738790663e-08
4.006983650140002301e-08
3.993343089148347185e-08
3.979813750208714137e-08
3.966393812671064679e-08
3.953078681223866981e-08
3.939879202684044998e-08
3.926771382477565686e-08
3.913777421143984198e-08
3.900879357706104662e-08
3.888086447841833574e-08
3.875388231444425896e-08
3.862788584669030251e-08
3.850290590290006762e-08
3.837878345470731319e-08
3.825568875090899651e-08
3.813345684947082174e-08
3.801219484781457220e-08
3.789177538402612722e-08
3.777224794903919776e-08
3.765363327473063627e-08
3.753577884852554648e-08
3.741885340906172590e-08
3.730269807541424464e-08
3.718739345629076274e-08
3.707286220513282403e-08
3.695909655053886891e-08
3.684618943151520614e-08
3.673390717550543517e-08
3.662247609009363522e-08
3.651172389352604047e-08
3.640167742926869779e-08
3.629236685590984182e-08
3.618372037351386720e-08
3.607584177609787912e-08
3.596852816771440069e-08
3.586187462652400643e-08
3.575591523191099894e-08
3.565050898939082472e-08
3.554583666202971528e-08
3.544171911361560012e-08
3.533825069414460751e-08
3.523530263773757902e-08
3.513286596056058224e-08
3.503113283110884717e-08
3.492986813982694828e-08
3.482920850913529899e-08
3.472902884193503494e-08
3.462941551577017557e-08
3.453032583604955692e-08
3.443166784170079869e-08
3.433352127163629066e-08
3.423592176007849797e-08
3.413872863076121414e-08
3.404205276773691703e-08
3.394584218732903332e-08
3.385011783139651682e-08
3.375475846226802164e-08
3.365977173364623978e-08
3.356535315883278583e-08
3.347129082624413380e-08
3.337766417564179909e-08
3.328439538068501417e-08
3.319159411732200411e-08
3.309917467856899960e-08
3.300709210652509542e-08
3.291531943305885535e-08
3.282408236784309207e-08
3.273311675277875711e-08
3.264254351787530846e-08
3.255228015856382906e-08
3.246245468656372229e-08
3.237290743997938770e-08
3.228368375613649963e-08
3.219472887849687687e-08
3.210626092676225930e-08
3.201801926804642034e-08
3.193011787681972404e-08
3.184250342154060356e-08
3.175529011685263729e-08
3.166829077855185801e-08
3.158158457837969687e-08
3.149513161057285786e-08
3.140911375891612944e-08
3.132329427759652926e-08
3.123777354428655893e-08
3.115251402234165041e-08
3.106763014908488452e-08
3.098292256424957690e-08
3.089849468665942332e-08
3.081429641000168136e-08
3.073049261132551814e-08
3.064688364479304681e-08
3.056353962760552545e-08
3.048042311868487829e-08
3.039767508497070989e-08
3.031508503989314856e-08
3.023276641257048687e-08
3.015066561656991898e-08
3.006889871368756465e-08
2.998735527814143291e-08
2.990604652602582831e-08
2.982494599861972677e-08
2.974419481380979100e-08
2.966360602265364167e-08
2.958327624913424017e-08
2.950315491213585227e-08
2.942330119480092655e-08
2.934372500309557746e-08
2.926434005331165057e-08
2.918520662180143953e-08
2.910631614638053564e-08
2.902769404936047640e-08
2.894925650990182911e-08
2.887104059551996395e-08
2.879307788866534440e-08
2.871539541248402125e-08
2.863792288289998470e-08
2.856067871557781794e-08
2.848363432853073290e-08
2.840692231598395599e-08
2.833035361365919023e-08
2.825406347113117309e-08
2.817797550935985276e-08
2.810214308773647838e-08
2.802658189256859035e-08
2.795121538041464524e-08
2.787610790098506351e-08
2.780120088496230458e-08
2.772660619911917599e-08
2.765218866189966128e-08
2.757802376368880415e-08
2.750410420991164151e-08
2.743043148020106975e-08
2.735702612678651179e-08
2.728381753806267061e-08
2.721089143033878761e-08
2.713818862080393828e-08
2.706575297407640740e-08
2.699354716662444479e-08
2.692156972263409474e-08
2.684987384957280675e-08
2.677842270962119649e-08
2.670724637414510807e-08
2.663628418065192355e-08
2.656559588114960570e-08
2.649515686491274416e-08
2.642497756410449023e-08
2.635505335095917850e-08
2.628535779728140642e-08
2.621595749194013341e-08
2.614681196507228418e-08
2.607794646170969179e-08
2.600930399194239639e-08
2.594095455193445621e-08
2.587284222831459300e-08
2.580501564961472010e-08
2.573744841460253181e-08
2.567012534945454419e-08
2.560308050927714346e-08
2.553632383366876736e-08
2.546984301923449565e-08
2.540357828650016089e-08
2.533765877273958999e-08
2.527193518443395850e-08
2.520652273993260105e-08
2.514138671964551551e-08
2.507650380371093486e-08
2.501186179751099188e-08
2.494755282728038931e-08
2.488351531127971841e-08
2.481969838921547366e-08
2.475623119391207746e-08
2.469296172190776026e-08
2.463000770738348065e-08
2.456732275535527684e-08
2.450490929263342321e-08
2.444272595980712983e-08
2.438087466580413163e-08
2.431929909324688951e-08
2.425798774484370328e-08
2.419694485262760010e-08
2.413617647770909736e-08
2.407566982516517411e-08
2.401545587683557296e-08
2.395551639330241216e-08
2.389582660337733743e-08
2.383637296320633364e-08
2.377726899582909874e-08
2.371842080322247679e-08
2.365979040078372795e-08
2.360150638749012739e-08
2.354341681408372101e-08
2.348563419573591557e-08
2.342811978133473719e-08
2.337085806407447800e-08
2.331382876450010260e-08
2.325706866037735859e-08
2.320063039424176587e-08
2.314442528466717195e-08
2.308843479395486248e-08
2.303278254962489462e-08
2.297731792583071141e-08
2.292214328274097849e-08
2.286724046873279233e-08
2.281255933192782566e-08
2.275809785321262718e-08
2.270391590415451199e-08
2.265002420315852177e-08
2.259635055801155960e-08
2.254288896342240066e-08
2.248973409386615251e-08
2.243676612022901378e-08
2.238407139318239730e-08
2.233163073168721218e-08
2.227939390114178918e-08
2.222736153072103684e-08
2.217558776145175604e-08
2.212408947784371304e-08
2.207278922873184808e-08
2.202168414344919740e-08
2.197086766110011564e-08
2.192022305152273317e-08
2.186983242551176496e-08
2.181967284622465366e-08
2.176970275420407210e-08
2.171992244156355965e-08
2.167035908335329306e-08
2.162106507110579513e-08
2.157195175200262068e-08
2.152301179576886597e-08
2.147433740627161651e-08
2.142581202432907493e-08
2.137753416530493325e-08
2.132945029721356424e-08
2.128154357477441421e-08
2.123382084131456392e-08
2.118627081758215295e-08
2.113896559571847396e-08
2.109184313439693512e-08
2.104488023871066536e-08
2.099812823456038850e-08
2.095153186408733757e-08
2.090513925499865225e-08
2.085893448999561346e-08
2.081290093807731628e-08
2.076703251003177057e-08
2.072130649391622307e-08
2.067577429476528527e-08
2.063044052913600099e-08
2.058525524670600947e-08
2.054020911049877761e-08
2.049537334560107496e-08
2.045065918296698420e-08
2.040614782702692050e-08
2.036178230620853218e-08
2.031755707657612751e-08
2.027347911677162407e-08
2.022954150836358107e-08
2.018578343693396839e-08
2.014218081803763348e-08
2.009871207052957249e-08
2.005538578361190480e-08
2.001221532040413525e-08
1.996917302127399404e-08
1.992631014950944020e-08
1.988356582855956718e-08
1.984095950779207523e-08
1.979846622296341993e-08
1.975611401691928291e-08
1.971391766080285449e-08
1.967186116402507258e-08
1.962991596604198669e-08
1.958811358745674859e-08
1.954643070833695002e-08
1.950487653603015474e-08
1.946348344324142790e-08
1.942218821550303947e-08
1.938102456962767611e-08
1.933995830771061180e-08
1.929902421874675891e-08
1.925822785795720962e-08
1.921756123772134459e-08
1.917699450287732145e-08
1.913655743252127325e-08
1.909623125783328410e-08
1.905601565099836852e-08
1.901595732663580564e-08
1.897598343876251597e-08
1.893613222134956213e-08
1.889637202201911320e-08
1.885673089565333128e-08
1.881721605189275392e-08
1.877782739649222716e-08
1.873853393480973736e-08
1.869934513229917619e-08
1.866028381947283827e-08
1.862130671919796728e-08
1.858248479359631139e-08
1.854374501372435103e-08
1.850511008443986542e-08
1.846657846328345323e-08
1.842814340625537540e-08
1.838983257435655478e-08
1.835164270908283826e-08
1.831355639278373121e-08
1.827554974159809713e-08
1.823768642378212773e-08
1.819988945541977954e-08
1.816223226755186885e-08
1.812467627017952636e-08
1.808720891466995603e-08
1.804985551042105438e-08
1.801257951890309253e-08
1.797542550055950378e-08
1.793839261501697198e-08
1.790146880256648651e-08
1.786462580481034774e-08
1.782789865876977962e-08
1.779127293857305615e-08
1.775473092206828646e-08
1.771833643593825627e-08
1.768202162883752393e-08
1.764580529514869866e-08
1.760968998580861211e-08
1.757365967352635394e-08
1.753775556491393602e-08
1.750197106707486241e-08
1.746628206104473766e-08
1.743067184746263124e-08
1.739519839248714695e-08
1.735979512667597965e-08
1.732450174897493838e-08
1.728933435481459818e-08
1.725425490398119750e-08
1.721927685004329788e-08
1.718438838509096442e-08
1.714959267471924512e-08
1.711492867398249314e-08
1.708037169741538396e-08
1.704591112934009867e-08
1.701152758618370019e-08
1.697728522289031300e-08
1.694310710240119048e-08
1.690904557356220322e-08
1.687509775796299425e-08
1.684124610324257026e-08
1.680749204810905692e-08
1.677382650162252913e-08
1.674025328180318725e-08
1.670681304056217637e-08
1.667347623736440280e-08
1.664023442495691330e-08
1.660706928150817723e-08
1.657404426312704374e-08
1.654108492536775792e-08
1.650823439812096652e-08
1.647550217389962096e-08
1.644286445521628800e-08
1.641032124147423954e-08
1.637786867162714480e-08
1.634550290973434908e-08
1.631326318680095665e-08
1.628113459679691371e-08
1.624909555138174761e-08
1.621713402131490113e-08
1.618530077415101178e-08
1.615354916919642809e-08
1.612188486974817700e-08
1.609034687565565789e-08
1.605889689999973228e-08
1.602753714136988919e-08
1.599627577332536582e-08
1.596508859834781539e-08
1.593401783668274171e-08
1.590306187010959868e-08
1.587219866800552436e-08
1.584141593266832826e-08
1.581071742011027047e-08
1.578015259570650450e-08
1.574964148589535158e-08
1.571924996267318067e-08
1.568894621900776853e-08
1.565874487097415740e-08
1.562862889082294695e-08
1.559859362859074918e-08
1.556864338181329021e-08
1.553881012033973108e-08
1.550907504763712388e-08
1.547942518788598862e-08
1.544984765484959577e-08
1.542038453623537490e-08
1.539100421693148054e-08
1.536169956475216555e-08
1.533251063509720247e-08
1.530339987995532087e-08
1.527437667035964468e-08
1.524544280779581073e-08
1.521658022386686230e-08
1.518780790156259717e-08
1.515914688361102003e-08
1.513056830463963752e-08
1.510207532790961751e-08
1.507364702491237038e-08
1.504533795033514819e-08
1.501709140224042275e-08
1.498892543028008002e-08
1.496086820658895856e-08
1.493288536818338644e-08
1.490497883310602796e-08
1.487715905798771430e-08
1.484940346322161509e-08
1.482173634418492837e-08
1.479417067485633301e-08
1.476668298742519438e-08
1.473927602829641687e-08
1.471192850421827373e-08
1.468469274556717977e-08
1.465751651423987390e-08
1.463041341016352723e-08
1.460341448167972117e-08
1.457648309547020455e-08
1.454962350914153064e-08
1.452284618451931585e-08
1.449612880420221906e-08
1.446948886846235352e-08
1.444294353100986218e-08
1.441647848017506335e-08
1.439008620980022033e-08
1.436375219406330079e-08
1.433751005722316534e-08
1.431134233157546077e-08
1.428522924038433936e-08
1.425921595938755764e-08
1.423326726097693070e-08
1.420739251152739593e-08
1.418158819919610316e-08
1.415584561700026715e-08
1.413016618300158218e-08
1.410457284665587908e-08
1.407906252586388133e-08
1.405362197048943822e-08
1.402824069791691495e-08
1.400291805561942592e-08
1.397769975115934052e-08
1.395251706329069638e-08
1.392741218483183718e-08
1.390239803177103174e-08
1.387744133074597002e-08
1.385254178046769442e-08
1.382771534061213290e-08
1.380293929108400887e-08
1.377823443135148819e-08
1.375361190124621937e-08
1.372905974535913468e-08
1.370457020742136646e-08
1.368013116583168638e-08
1.365577118969006702e-08
1.363147950185990610e-08
1.360723176157370362e-08
1.358307047624892409e-08
1.355897419695323992e-08
1.353493689350019325e-08
1.351095885709425196e-08
1.348704180889396045e-08
1.346317191513216061e-08
1.343937743713071326e-08
1.341565924348981782e-08
1.339200349584657679e-08
1.336840619463797847e-08
1.334485326912590809e-08
1.332138581310710648e-08
1.329796895092955436e-08
1.327460097881948450e-08
1.325131699899094964e-08
1.322808676384984541e-08
1.320491692392564809e-08
1.318180211521413610e-08
1.315874343340528521e-08
1.313573088403863312e-08
1.311278952801619418e-08
1.308992114363797418e-08
1.306711081997254991e-08
1.304435522006852160e-08
1.302164199475801164e-08
1.299900807734583787e-08
1.297642532826715517e-08
1.295388589047974316e-08
1.293142453164909468e-08
1.290901875502779915e-08
1.288666751938415022e-08
1.286436734841295379e-08
1.284212479824674787e-08
1.281992290725507730e-08
1.279778523006795988e-08
1.277571883738300114e-08
1.275370909295270854e-08
1.273175068244480813e-08
1.270983670545881985e-08
1.268798117731514890e-08
1.266619634749995375e-08
1.264444181256993996e-08
1.262275310484587448e-08
1.260113283176838175e-08
1.257955924373779785e-08
1.255803094487567546e-08
1.253656089112442550e-08
1.251513275291627822e-08
1.249375431946430957e-08
1.247244317622848002e-08
1.245119369674677872e-08
1.242999517203839645e-08
1.240884076389054806e-08
1.238772718754420404e-08
1.236669277387182003e-08
1.234569207116005972e-08
1.232473835847670008e-08
1.230385600465481757e-08
1.228301444796093396e-08
1.226222986749923800e-08
1.224149050585098538e-08
1.222080079175837612e-08
1.220014887567856185e-08
1.217955635843508387e-08
1.215902735002387359e-08
1.213854907923725765e-08
1.211811854959973751e-08
1.209772863674093227e-08
1.207738182123670136e-08
1.205711367249750845e-08
1.203686777301403131e-08
1.201667583588054913e-08
1.199655138351261693e-08
1.197646253609793962e-08
1.195642438838146342e-08
1.193643434793762247e-08
1.191648690783589054e-08
1.189657799592302204e-08
1.187672833074286278e-08
1.185693792635450532e-08
1.183719312766569324e-08
1.181749507480220733e-08
1.179783510634560146e-08
1.177821922168961869e-08
1.175867488333581315e-08
1.173915180791938799e-08
1.171968090210789368e-08
1.170027439584022484e-08
1.168090158836121201e-08
1.166157711734392074e-08
1.164229841114610833e-08
1.162306021413943356e-08
1.160385796227322725e-08
1.158471213579532289e-08
1.156562220672808310e-08
1.154657727200831562e-08
1.152757716898510442e-08
1.150861340465834855e-08
1.148968727485694223e-08
1.147083383097494493e-08
1.145200199157518983e-08
1.143321416362430672e-08
1.141448881566489578e-08
1.139579665833054303e-08
1.137715312944372955e-08
1.135854959726656813e-08
1.133999068731967820e-08
1.132146358433221632e-08
1.130298366903814011e-08
1.128455634148110162e-08
1.126617871500855246e-08
1.124784326610700782e-08
1.122954586515287047e-08
1.121127869014932920e-08
1.119307556191916620e-08
1.117490766047464135e-08
1.115676870985863729e-08
1.113868499028288289e-08
1.112065233428811783e-08
1.110265561097325356e-08
1.108469360380128164e-08
1.106677988780636359e-08
1.104889844462262136e-08
1.103105134703165440e-08
1.101325714513723431e-08
1.099551238077730334e-08
1.097780795653618260e-08
1.096014466862029797e-08
1.094251413063444017e-08
1.092491747960734801e-08
1.090738698577270086e-08
1.088987646956373443e-08
1.087240345437424034e-08
1.085498686729289912e-08
1.083760627025039408e-08
1.082026588238053911e-08
1.080295937763985169e-08
1.078569635482216329e-08
1.076846333177328746e-08
1.075126586374540846e-08
1.073411822805729966e-08
1.071701737311527338e-08
1.069995508357754533e-08
1.068293077174585770e-08
1.066593593103019549e-08
1.064897740325399553e-08
1.063208029960853641e-08
1.061519897443094564e-08
1.059835725375606560e-08
1.058156980705344708e-08
1.056481331470195154e-08
1.054809629125005418e-08
1.053141166092101565e-08
1.051476790687553252e-08
1.049815282481276297e-08
1.048157107928035957e-08
1.046503639523417716e-08
1.044854758152445400e-08
1.043209515810649749e-08
1.041567842042847806e-08
1.039929044418042551e-08
1.038293441487607735e-08
1.036663880588496501e-08
1.035036028038298403e-08
1.033411513321154021e-08
1.031792027916347047e-08
1.030176102705714413e-08
1.028563770815506835e-08
1.026954244203137629e-08
1.025348789736122692e-08
1.023746133147294424e-08
1.022146344227444476e-08
1.020551061473044562e-08
1.018960224923401622e-08
1.017373032201476254e-08
1.015789175027526265e-08
1.014208232760994768e-08
1.012629950044981453e-08
1.011057130137994836e-08
1.009486954039237098e-08
1.007919125230605816e-08
1.006355596609368709e-08
1.004796924145701363e-08
1.003240564891367648e-08
1.001687653506541533e-08
1.000137978153501757e-08
9.985916812990960027e-09
9.970478813828902793e-09
9.955075571992827227e-09
9.939714718832854496e-09
9.924394184927801424e-09
9.909105718740279903e-09
9.893848609026319418e-09
9.878617140253099103e-09
9.863415822429433012e-09
9.848269820539557893e-09
9.833138289512673836e-09
9.818036452448328724e-09
9.802979269178224857e-09
9.787956336851168264e-09
9.772964876581608241e-09
9.757998865124784973e-09
9.743069009737914726e-09
9.728166171247176627e-09
9.713287975572247935e-09
9.698447175915310165e-09
9.683646212172965859e-09
9.668882413121021102e-09
9.654147758858050438e-09
9.639441563059726486e-09
9.624758801120076369e-09
9.610110353533154051e-09
9.595509927521633693e-09
9.580922328181815113e-09
9.566365891450230022e-09
9.551851544162409330e-09
9.537366983007960724e-09
9.522913953677534333e-09
9.508484702992773037e-09
9.494089975362712734e-09
9.479720509614404394e-09
9.465374928621247702e-09
9.451064328143530312e-09
9.436791857090674320e-09
9.422554089082636556e-09
9.408344286641924318e-09
9.394162350847167859e-09
9.380003476726786827e-09
9.365872151847195952e-09
9.351791648961397537e-09
9.337723547692438424e-09
9.323680980679175695e-09
9.309678367734407754e-09
9.295709482229188582e-09
9.281765455101640243e-09
9.267847822867709256e-09
9.253959640638420696e-09
9.240099656931445827e-09
9.226261015039643890e-09
9.212451733552528581e-09
9.198678744905791175e-09
9.184940476941430610e-09
9.171229916753474950e-09
9.157547103530929205e-09
9.143886634533036228e-09
9.130248444506409316e-09
9.116656182695392607e-09
9.103084998331299913e-09
9.089532314779034639e-09
9.076012672839376112e-09
9.062533695972791854e-09
9.049071491664765791e-09
9.035642405367580759e-09
9.022235012189836555e-09
9.008858555032477722e-09
8.995502629940856315e-09
8.982168695969673113e-09
8.968869519899113950e-09
8.955602637489974347e-09
8.942366898191842169e-09
8.929156325215420035e-09
8.915970766401661446e-09
8.902805630191092745e-09
8.889664979028506091e-09
8.876571099669352360e-09
8.863488362591868395e-09
8.850426560288703394e-09
8.837399711127088029e-09
8.824408868196703523e-09
8.811434516299413467e-09
8.798488148681846037e-09
8.785565182857706278e-09
8.772671049597016203e-09
8.759795654640308436e-09
8.746941772722927011e-09
8.734121573479237658e-09
8.721332977826174055e-09
8.708571996067741838e-09
8.695835108049494015e-09
8.683121936073897294e-09
8.670426939964051380e-09
8.657757894020783926e-09
8.645131935218145666e-09
8.632515789551191598e-09
8.619920157412114620e-09
8.607358081914510427e-09
8.594830405924491618e-09
8.582318007850950668e-09
8.569831992758881788e-09
8.557368336992142411e-09
8.544932280910974013e-09
8.532513661212301538e-09
8.520114913397089753e-09
8.507748901579039991e-09
8.495411155384277927e-09
8.483101706156165897e-09
8.470815037233224932e-09
8.458551149770362947e-09
8.446305659832843824e-09
8.434080821816966972e-09
8.421898211915066769e-09
8.409727707571226915e-09
8.397573966438719962e-09
8.385450217782435874e-09
8.373362657313830618e-09
8.361288277501094785e-09
8.349241246476649816e-09
8.337211908796538264e-09
8.325210298593089164e-09
8.313226464661518226e-09
8.301260917596429342e-09
8.289322525352064250e-09
8.277411755191749482e-09
8.265528927469053233e-09
8.253668942677620379e-09
8.241831695309777967e-09
8.230012592620495727e-09
8.218209428996611347e-09
8.206440238625207498e-09
8.194697370537961782e-09
8.182964486517400859e-09
8.171255246750594985e-09
8.159576605100191152e-09
8.147924068973209806e-09
8.136288872562412769e-09
8.124674116822291354e-09
8.113080894390481858e-09
8.101512159315935883e-09
8.089959133392060588e-09
8.078423670890237746e-09
8.066917720770912759e-09
8.055436805591704816e-09
8.043982379293560070e-09
8.032548036205862214e-09
8.021134581400133594e-09
8.009738039253369043e-09
7.998358470350840885e-09
7.987014740371344258e-09
7.975687938668643410e-09
7.964372872346285851e-09
7.953083449544189843e-09
7.941823947886189782e-09
7.930584215810170871e-09
7.919364754054797284e-09
7.908162592031558350e-09
7.896982110486331174e-09
7.885823520242638476e-09
7.874680587343501487e-09
7.863554573852129749e-09
7.852456436664004428e-09
7.841382940214348483e-09
7.830333886916100636e-09
7.819303968770750238e-09
7.808293780935616561e-09
7.797299663148814049e-09
7.786321457025686759e-09
7.775377176158050392e-09
7.764450477150322332e-09
7.753534013326010194e-09
7.742641274320900895e-09
7.731775713950921147e-09
7.720932206821030604e-09
7.710105144533848721e-09
7.699296998936904531e-09
7.688507442781665842e-09
7.677740491866472990e-09
7.666987613356198600e-09
7.656250461103930727e-09
7.645538479218947837e-09
7.634850888549473439e-09
7.624186528005904493e-09
7.613541278219153832e-09
7.602915159770839943e-09
7.592304630932942355e-09
7.581707235491686971e-09
7.571137008784912310e-09
7.560594738845502228e-09
7.550059872894330939e-09
7.539540868042855671e-09
7.529047256849826530e-09
7.518582799431477490e-09
7.508127252689925339e-09
7.497696205481900763e-09
7.487278112133034387e-09
7.476882228503213105e-09
7.466502673450530072e-09
7.456137309636194046e-09
7.445790191614314525e-09
7.435467325180145610e-09
7.425168509600527282e-09
7.414889048683469191e-09
7.404627556449145434e-09
7.394383162347736557e-09
7.384153546696843109e-09
7.373938468278601869e-09
7.363755017171052189e-09
7.353586990646051292e-09
7.343428200887829483e-09
7.333289902396936962e-09
7.323175890352801247e-09
7.313084355296796749e-09
7.303004283494222820e-09
7.292945302052437221e-09
7.282901555396897539e-09
7.272878040234889691e-09
7.262868225112561929e-09
7.252872999375592502e-09
7.242896869892027903e-09
7.232942969359168126e-09
7.223012939530103226e-09
7.213100110188704831e-09
7.203203978389763122e-09
7.193324464591506852e-09
7.183458633664551380e-09
7.173607139756350728e-09
7.163786857534374155e-09
7.153979840950693828e-09
7.144181805491101380e-09
7.134403656573438911e-09
7.124648526241074645e-09
7.114915155359682636e-09
7.105192132539890459e-09
7.095489871587361570e-09
7.085801270419480397e-09
7.076132521120391018e-09
7.066477401001466101e-09
7.056835577818869441e-09
7.047210798872499424e-09
7.037608039941020383e-09
7.028027020101364510e-09
7.018463771546969008e-09
7.008916527692107649e-09
6.999385767504668789e-09
6.989867794840168209e-09
6.980362398926990424e-09
6.970883613839000619e-09
6.961424394090557900e-09
6.951972193882821745e-09
6.942534378906475174e-09
6.933118312508638889e-09
6.923728537504024838e-09
6.914346218242521537e-09
6.904984487601464721e-09
6.895633656887258834e-09
6.886301733872829172e-09
6.876985814626319007e-09
6.867681935968913507e-09
6.858390647080831365e-09
6.849121480609953882e-09
6.839871886341370452e-09
6.830641421997365332e-09
6.821427004801403741e-09
6.812228413307804184e-09
6.803042814054998200e-09
6.793868657065171105e-09
6.784710397790313921e-09
6.775581990709871366e-09
6.766460995372279052e-09
6.757349609504317143e-09
6.748257315149438607e-09
6.739186222665412801e-09
6.730134009730761890e-09
6.721091315113456264e-09
6.712067156351732036e-09
6.703055146078618698e-09
6.694061354561355922e-09
6.685080348900262492e-09
6.676111141731699022e-09
6.667155990449999990e-09
6.658221264144921004e-09
6.649304802411615362e-09
6.640407166576168578e-09
6.631523895657963395e-09
6.622655802043321675e-09
6.613799720860554088e-09
6.604953466588965209e-09
6.596124878683669018e-09
6.587324411581277704e-09
6.578528909700617624e-09
6.569743598492162664e-09
6.560976627417355498e-09
6.552230390888657199e-09
6.543501021065027289e-09
6.534781183021275050e-09
6.526078474379893092e-09
6.517387395699855231e-09
6.508713770644065984e-09
6.500052368466108653e-09
6.491402122535648211e-09
6.482764593934572712e-09
6.474147028759547367e-09
6.465546498700585277e-09
6.456963979314899187e-09
6.448395279000596092e-09
6.439841008488824272e-09
6.431298269421184769e-09
6.422765934262697449e-09
6.414247730075047898e-09
6.405756102468589442e-09
6.397272571958446723e-09
6.388796795594172100e-09
6.380337085950648129e-09
6.371895716941626502e-09
6.363475476196090175e-09
6.355061218825904626e-09
6.346665251661075140e-09
6.338277891364408432e-09
6.329906908155550395e-09
6.321550060491712357e-09
6.313202822924218115e-09
6.304866704032687204e-09
6.296548920015049603e-09
6.288246907281836284e-09
6.279962956987482084e-09
6.271692471266127233e-09
6.263435016486326780e-09
6.255190465306853081e-09
6.246956723471128169e-09
6.238732634883402146e-09
6.230528879095671938e-09
6.222344739521290171e-09
6.214165148790360811e-09
6.205995760337975665e-09
6.197843543391372087e-09
6.189711409690080235e-09
6.181591401450715959e-09
6.173481804582253672e-09
6.165386308767241823e-09
6.157302078126097583e-09
6.149233232782335715e-09
6.141175508332042138e-09
6.133127745078006110e-09
6.125090587388590323e-09
6.117071847545982620e-09
6.109068715104462615e-09
6.101081612858290061e-09
6.093107443802637820e-09
6.085145359126906140e-09
6.077194646705845456e-09
6.069254441761790308e-09
6.061323840552813547e-09
6.053414743107448425e-09
6.045520818938351691e-09
6.037631846735499592e-09
6.029752770992137302e-09
6.021890817765280284e-09
6.014048536845950439e-09
6.006215913246125708e-09
5.998394353013535754e-09
5.990585540685364710e-09
5.982787769738256447e-09
5.975004546478412905e-09
5.967231910282177682e-09
5.959468771733700252e-09
5.951715384146620733e-09
5.943979486614809236e-09
5.936258717359567125e-09
5.928553425300025874e-09
5.920860209274609409e-09
5.913178342397854831e-09
5.905507981215102581e-09
5.897847543153193945e-09
5.890195648591955426e-09
5.882562075777088459e-09
5.874947164486763330e-09
5.867336015175606161e-09
5.859733622306761040e-09
5.852146371243272376e-09
5.844576061670210750e-09
5.837020256707247194e-09
5.829470375187460889e-09
5.821937282709625455e-09
5.814410922580846471e-09
5.806898833858234905e-09
5.799398804273094360e-09
5.791907065214334661e-09
5.784424662435988426e-09
5.776956947969994277e-09
5.769503329850462007e-09
5.762065079010747553e-09
5.754639564381147222e-09
5.747225350341399753e-09
5.739823138995709745e-09
5.732429823723562470e-09
5.725044501523813202e-09
5.717671121464198390e-09
5.710319729453037596e-09
5.702976153743049865e-09
5.695638428550094068e-09
5.688310855427225509e-09
5.680999025097084354e-09
5.673705790202025533e-09
5.666419201616253547e-09
5.659144218647154941e-09
5.651879705421769837e-09
5.644625713172190391e-09
5.637384841219525486e-09
5.630153703794289032e-09
5.622931048498008404e-09
5.615717057928984028e-09
5.608518868850374579e-09
5.601333882252752002e-09
5.594163716161078012e-09
5.587004222933272637e-09
5.579855586395503202e-09
5.572718383312232576e-09
5.565589781791009251e-09
5.558468031373854198e-09
5.551359387726770488e-09
5.544272277724287321e-09
5.537190344669843029e-09
5.530114340123322643e-09
5.523048993303843861e-09
5.515998231792589880e-09
5.508965719478302371e-09
5.501938763645141339e-09
5.494923188170126174e-09
5.487917386120088205e-09
5.480921703560098766e-09
5.473938576778182492e-09
5.466964775680496862e-09
5.459999087028206044e-09
5.453041520816425371e-09
5.446098949831238319e-09
5.439168468298119269e-09
5.432252617935137389e-09
5.425347401423622175e-09
5.418452389174313002e-09
5.411568617894365648e-09
5.404692892403904452e-09
5.397824550736136235e-09
5.390966521690737995e-09
5.384128121063860558e-09
5.377298494060872121e-09
5.370473662117105636e-09
5.363657084004210413e-09
5.356854879584363237e-09
5.350068380727331365e-09
5.343292026774893317e-09
5.336521679157155204e-09
5.329765674125429959e-09
5.323015438659409105e-09
5.316277356381998022e-09
5.309550435405785967e-09
5.302830291037466704e-09
5.296118726748983362e-09
5.289417707340296750e-09
5.282729974159548524e-09
5.276054852473776772e-09
5.269392466109021580e-09
5.262740202860674723e-09
5.256096950524058970e-09
5.249463068669127205e-09
5.242837261793356785e-09
5.236218111227648935e-09
5.229612545033690407e-09
5.223026023865469967e-09
5.216442137017733322e-09
5.209864249977910709e-09
5.203297164291891725e-09
5.196742775966704105e-09
5.190205493075914926e-09
5.183672677907886208e-09
5.177150167173758959e-09
5.170636743683961973e-09
5.164131967600880423e-09
5.157638536571916728e-09
5.151154368682815965e-09
5.144677010221983203e-09
5.138207500471754557e-09
5.131749924030845584e-09
5.125304046360093170e-09
5.118870083849325171e-09
5.112448236559741437e-09
5.106035544057920884e-09
5.099632027796627260e-09
5.093236447311039922e-09
5.086848754947945526e-09
5.080467673243809964e-09
5.074100140188428731e-09
5.067749976602339415e-09
5.061402088875782056e-09
5.055060047627342149e-09
5.048728398314906228e-09
5.042408819645359422e-09
5.036105513275966873e-09
5.029806642052811592e-09
5.023516935279716225e-09
5.017236854885560892e-09
5.010964016449479372e-09
5.004702313540517532e-09
4.998449812460915699e-09
4.992203688002420740e-09
4.985965173399222720e-09
4.979736580034493924e-09
4.973519778720998301e-09
4.967314545522122363e-09
4.961120935028728453e-09
4.954936313738951242e-09
4.948759750335060781e-09
4.942592115058955232e-09
4.936431946214952918e-09
4.930277154321252710e-09
4.924133540560634569e-09
4.918007716704369580e-09
4.911886627450804883e-09
4.905770159119723074e-09
4.899660973308219518e-09
4.893564449469023642e-09
4.887481116791800866e-09
4.881407691981302137e-09
4.875338274719795574e-09
4.869281825181490586e-09
4.863230105642337095e-09
4.857187858626197175e-09
4.851156487073619769e-09
4.845131440912622167e-09
4.839113248248353291e-09
4.833101845285501013e-09
4.827103314956103583e-09
4.821114413620488179e-09
4.815137368538637434e-09
4.809169490401747409e-09
4.803210439824933321e-09
4.797260126776202939e-09
4.791316166103503741e-09
4.785379567955084848e-09
4.779448744759427098e-09
4.773530756929304800e-09
4.767628531158889419e-09
4.761728294910337975e-09
4.755833283796073110e-09
4.749946994747571024e-09
4.744072107963272704e-09
4.738211438542912792e-09
4.732356627211596142e-09
4.726507564017624440e-09
4.720670342063180209e-09
4.714837555862990700e-09
4.709014017529104985e-09
4.703201004191289795e-09
4.697393396653766043e-09
4.691592552802458048e-09
4.685798205570686646e-09
4.680016302189072895e-09
4.674243743851023191e-09
4.668482347900839685e-09
4.662729369207807031e-09
4.656984769408405111e-09
4.651248551922736246e-09
4.645518290669024025e-09
4.639795104208166113e-09
4.634077388985156449e-09
4.628371431198309850e-09
4.622681220041192004e-09
4.616993035700987358e-09
4.611309584667167734e-09
4.605633479037802977e-09
4.599968774190459232e-09
4.594316898041078893e-09
4.588672620280367206e-09
4.583032228451260899e-09
4.577403911150105904e-09
4.571779572325026085e-09
4.566163839825480216e-09
4.560557896911869217e-09
4.554958099874399210e-09
4.549364263393260358e-09
4.543776341853290749e-09
4.538199552206636390e-09
4.532631775123055150e-09
4.527073812533223231e-09
4.521526322869227270e-09
4.515986343065557475e-09
4.510453142349832556e-09
4.504927599164867425e-09
4.499408508236380269e-09
4.493894113179762910e-09
4.488388640566461749e-09
4.482897956705506617e-09
4.477413972749846403e-09
4.471932917288344027e-09
4.466457673791840661e-09
4.460992311916530403e-09
4.455536663674314476e-09
4.450094345652272966e-09
4.444654513102748668e-09
4.439222974581970647e-09
4.433799330127846808e-09
4.428381155344642983e-09
4.422972165249175862e-09
4.417571509082876713e-09
4.412175722985571439e-09
4.406786357576099165e-09
4.401402950368760663e-09
4.396030991581520768e-09
4.390667489473370793e-09
4.385314051271585129e-09
4.379968460239117947e-09
4.374630766746761244e-09
4.369300274712224984e-09
4.363975705675514416e-09
4.358657468175715219e-09
4.353343726118491426e-09
4.348039517785432507e-09
4.342750408011899612e-09
4.337465330042279678e-09
4.332183639413415940e-09
4.326907630496728877e-09
4.321641360419562796e-09
4.316384547148898412e-09
4.311140082191344554e-09
4.305897704447836470e-09
4.300663721214674137e-09
4.295436729260433032e-09
4.290215180391692490e-09
4.285002318802956727e-09
4.279797561098422166e-09
4.274597488464392432e-09
4.269403442935734079e-09
4.264214889824551031e-09
4.259037292852682819e-09
4.253867442487263120e-09
4.248707205711329585e-09
4.243555240703886517e-09
4.238410424193777847e-09
4.233271911632287323e-09
4.228140138065050058e-09
4.223014245188821829e-09
4.217892584839203572e-09
4.212778932674118164e-09
4.207678538291553365e-09
4.202585206872746526e-09
4.197494223478238568e-09
4.192408015045731041e-09
4.187330319917830807e-09
4.182261456460928719e-09
4.177205191494110046e-09
4.172152762134220074e-09
4.167104878708465046e-09
4.162067483209755898e-09
4.157033220895803452e-09
4.152006490445925928e-09
4.146988318175203927e-09
4.141975508293633368e-09
4.136967651396648670e-09
4.131965514756637393e-09
4.126971441172019463e-09
4.121986025425773565e-09
4.117009242748679360e-09
4.112041406881244203e-09
4.107079739663803118e-09
4.102124851989752555e-09
4.097177305398137331e-09
4.092234230536393608e-09
4.087297118766663503e-09
4.082364312155252920e-09
4.077440712995010474e-09
4.072531315759378648e-09
4.067624080376490469e-09
4.062720254576211183e-09
4.057821632139196987e-09
4.052932014520901502e-09
4.048050876006314190e-09
4.043181288583550238e-09
4.038313646050383193e-09
4.033452704494537140e-09
4.028599712305843377e-09
4.023750621893605596e-09
4.018908859782828713e-09
4.014075503040632046e-09
4.009246522442499939e-09
4.004422465004460398e-09
3.999603312100598058e-09
3.994793145662095075e-09
3.989990708038047373e-09
3.985196672829875973e-09
3.980411118646084768e-09
3.975631434953257403e-09
3.970858033796692205e-09
3.966091786096058454e-09
3.961329696569518959e-09
3.956573198564117754e-09
3.951820769802395677e-09
3.947077098121838740e-09
3.942347098189359174e-09
3.937619507105464651e-09
3.932894917293539119e-09
3.928175186454020904e-09
3.923463797169800279e-09
3.918760153582419006e-09
3.914068350935641982e-09
3.909378793997725627e-09
3.904694217666168494e-09
3.900018885381407849e-09
3.895346366414838293e-09
3.890680741707237958e-09
3.886022848769547194e-09
3.881369887769782861e-09
3.876721535373590067e-09
3.872078399462249097e-09
3.867441720777603383e-09
3.862813456012269313e-09
3.858192747754395653e-09
3.853580257138964411e-09
3.848973864388580297e-09
3.844374094305584124e-09
3.839780131564515876e-09
3.835191378303816744e-09
3.830607974913179997e-09
3.826028163889361409e-09
3.821454972567033316e-09
3.816892723294569140e-09
3.812338523392891090e-09
3.807785728399953050e-09
3.803237070653812000e-09
3.798694130320611311e-09
3.794159819107932942e-09
3.789634648078213461e-09
3.785117189198920191e-09
3.780601511702975725e-09
3.776093650935276018e-09
3.771590646392275748e-09
3.767092405873962978e-09
3.762601234572914278e-09
3.758117291643518510e-09
3.753637129299292523e-09
3.749161557228191622e-09
3.744690313414160016e-09
3.740227313997934536e-09
3.735771359182305571e-09
3.731322973981310130e-09
3.726882353120171367e-09
3.722447001426045705e-09
3.718017633282219106e-09
3.713594417343891659e-09
3.709175318113425647e-09
3.704761505016728817e-09
3.700351022469792917e-09
3.695947831343312666e-09
3.691555532451853251e-09
3.687169253398114583e-09
3.682784572924262409e-09
3.678403944311798687e-09
3.674029158464507069e-09
3.669662413998864573e-09
3.665304654600024987e-09
3.660953885743461762e-09
3.656604793679586401e-09
3.652263180497668315e-09
3.647926368917391801e-09
3.643593957664135927e-09
3.639268122028669021e-09
3.634949491083831748e-09
3.630634448208134138e-09
3.626323552425577940e-09
3.622017151356065618e-09
3.617717790954629367e-09
3.613425615017292220e-09
3.609140417257204351e-09
3.604862713726211025e-09
3.600590329210615228e-09
3.596324005410910034e-09
3.592062904712281888e-09
3.587806711021906649e-09
3.583555267231117746e-09
3.579307222810297474e-09
3.575064422528733837e-09
3.570830917091253008e-09
3.566606945367741639e-09
3.562384042795086367e-09
3.558164420558255393e-09
3.553949253018716530e-09
3.549741835947587289e-09
3.545541228720943481e-09
3.541350642167820702e-09
3.537161693542842787e-09
3.532976982972046007e-09
3.528800725170567411e-09
3.524626508207789562e-09
3.520458311905136103e-09
3.516296538095181555e-09
3.512139959017689997e-09
3.507986891308415270e-09
3.503838574117519190e-09
3.499694259765814717e-09
3.495558377228998812e-09
3.491428196658766098e-09
3.487304786821272064e-09
3.483188897078437269e-09
3.479077587420633469e-09
3.474971388619032963e-09
3.470871131297947191e-09
3.466774291313563945e-09
3.462682229768235249e-09
3.458593185314250224e-09
3.454510837264848634e-09
3.450438275768751259e-09
3.446371855634911219e-09
3.442306710545805100e-09
3.438245200584267354e-09
3.434188236346368179e-09
3.430138998720555490e-09
3.426096669590379583e-09
3.422063105708267347e-09
3.418030692329831957e-09
3.414003142109152081e-09
3.409982968597865625e-09
3.405964967329931402e-09
3.401952668907997438e-09
3.397946690088846825e-09
3.393945428810556425e-09
3.389947558052476196e-09
3.385954241174987048e-09
3.381964726176156977e-09
3.377983285834693899e-09
3.374007158763901596e-09
3.370037669081457535e-09
3.366075247400922578e-09
3.362117066046606423e-09
3.358164072183696068e-09
3.354216457996771601e-09
3.350272271373129569e-09
3.346332880316432537e-09
3.342396369571491200e-09
3.338465356080944776e-09
3.334542989911809547e-09
3.330628620560753761e-09
3.326715227673497777e-09
3.322804816600482596e-09
3.318898387670847836e-09
3.314998896074971631e-09
3.311105303807788127e-09
3.307221519568014261e-09
3.303339741755070020e-09
3.299460857361737839e-09
3.295589909712760294e-09
3.291720933084305133e-09
3.287857088699160383e-09
3.283998979586921964e-09
3.280146579915795656e-09
3.276297299719030647e-09
3.272451717253448122e-09
3.268609871636274493e-09
3.264774251519336189e-09
3.260944858579059476e-09
3.257121435191181189e-09
3.253304423750503245e-09
3.249492668987341317e-09
3.245686140163416517e-09
3.241883499964893065e-09
3.238086083093348859e-09
3.234292078815536678e-09
3.230501887471757100e-09
3.226714740850710528e-09
3.222934272997205768e-09
3.219163830182936966e-09
3.215396808561873649e-09
3.211631166308715247e-09
3.207869089318519691e-09
3.204111391598159887e-09
3.200360866288368883e-09
3.196616539465368730e-09
3.192880221654972086e-09
3.189144874458532859e-09
3.185413575397882112e-09
3.181689677891697174e-09
3.177967341580434519e-09
3.174250207521532977e-09
3.170538579058584065e-09
3.166831945347631537e-09
3.163128267784849157e-09
3.159428398907285337e-09
3.155731772636370243e-09
3.152041848315375519e-09
3.148357581964673945e-09
3.144678958815412285e-09
3.141006490016548959e-09
3.137338861769855628e-09
3.133676357757503636e-09
3.130017565120119159e-09
3.126363779251307073e-09
3.122713162126505039e-09
3.119066186837231345e-09
3.115422001478856865e-09
3.111784221773273362e-09
3.108155599619642906e-09
3.104531209312347431e-09
3.100908016276817532e-09
3.097288032717946206e-09
3.093671849375660099e-09
3.090062328681544638e-09
3.086458297824577426e-09
3.082862933588283302e-09
3.079269088352779139e-09
3.075677979678296193e-09
