7.783622377922116137e-06
8.281756339656182203e-06
8.745780660362193742e-06
9.177378302542112801e-06
9.578142660272172853e-06
9.949579988347929195e-06
1.029310140150818850e-05
1.061004956352107811e-05
1.090167770504234918e-05
1.116916856111017477e-05
1.141365194330740640e-05
1.163618841686669680e-05
1.183777472542882407e-05
1.201936796427260390e-05
1.218187680547470927e-05
1.232618242560563610e-05
1.245310620908704472e-05
1.256347844971731254e-05
1.265804958419983038e-05
1.273757416983237295e-05
1.280277511903623407e-05
1.285435069886721668e-05
1.289295693833214144e-05
1.291923654915925091e-05
1.293382275828102639e-05
1.293731048845752879e-05
1.293028890482146619e-05
1.291333066975366860e-05
1.288697558871574410e-05
1.285174369890042740e-05
1.280817895334569937e-05
1.275676664305019158e-05
1.269799860570977479e-05
1.263235977627973872e-05
1.256030555257289292e-05
1.248229050057825728e-05
1.239875252752965059e-05
1.231011053258815911e-05
1.221679146192157769e-05
1.211916595829530058e-05
1.201765232773516246e-05
1.191259294151122060e-05
1.180436489726298514e-05
1.169330048947020144e-05
1.157973892715983060e-05
1.146399718678658827e-05
1.134637715168772651e-05
1.122717831373427280e-05
1.110667430806324401e-05
1.098514076394608819e-05
1.086282989695259657e-05
1.073997940487823501e-05
1.061683346462935055e-05
1.049359650759285184e-05
1.037048038464495466e-05
1.024768800177016401e-05
1.012538759917289645e-05
1.000375985524113377e-05
9.882973464332439633e-06
9.763164935726290449e-06
9.644485905879493533e-06
9.527064743014249131e-06
9.411010296293340484e-06
9.296440074772364392e-06
9.183453941908705347e-06
9.072138255205166940e-06
8.962580479037397755e-06
8.854847992112146248e-06
8.749016313732727328e-06
8.645133897639621754e-06
8.543249653385872865e-06
8.443405890606266691e-06
8.345641351079156873e-06
8.249979062294426389e-06
8.156451232810085243e-06
8.065060262643928139e-06
7.975818889755495109e-06
7.888735074299795799e-06
7.803818853751591210e-06
7.721035723918677059e-06
7.640392452845276076e-06
7.561870307931720510e-06
7.485462324915218115e-06
7.411128468851363408e-06
7.338836582127452914e-06
7.268584278056888528e-06
7.200310328766175709e-06
7.133983772055044236e-06
7.069585433210490262e-06
7.007043355715705396e-06
6.946324962291195117e-06
6.887405939795566334e-06
6.830203168226034878e-06
6.774678665262795062e-06
6.720793523846118574e-06
6.668480398970244076e-06
6.617696785935646844e-06
6.568380967915932055e-06
6.520471559534455276e-06
6.473928194551811858e-06
6.428672223611807342e-06
6.384666687591333191e-06
6.341842980813261372e-06
6.300142310490966125e-06
6.259515430047960934e-06
6.219899045321311123e-06
6.181240242201638176e-06
6.143470181834104539e-06
6.106544686532384346e-06
6.070407571644786867e-06
6.034999041065307131e-06
6.000274605605321995e-06
5.966168308760667315e-06
5.932636494032815107e-06
5.899626850260425372e-06
5.867090910925570234e-06
5.834982011513031873e-06
5.803253495369288955e-06
5.771852601978420533e-06
5.740747079371089518e-06
5.709886039083500537e-06
5.679238860201429218e-06
5.648758206637047798e-06
5.618413870341206879e-06
5.588163850940638633e-06
5.557983941390926099e-06
5.527837241040915638e-06
5.497698453268029284e-06
5.467538589068279186e-06
5.437330237163639894e-06
5.407054372843994162e-06
5.376683580338485229e-06
5.346208840918356973e-06
5.315604483449688775e-06
5.284857583471403458e-06
5.253950839957521704e-06
5.222879317979787406e-06
5.191629348861946371e-06
5.160192760419325512e-06
5.128566802429710797e-06
5.096744318205004721e-06
5.064723438928537504e-06
5.032499420850607961e-06
5.000076947212483416e-06
4.967455831925686578e-06
4.934640188135068544e-06
4.901637856787693950e-06
4.868452657743343150e-06
4.835091263237411320e-06
4.801560891840530718e-06
4.767874478000125866e-06
4.734041617612951575e-06
4.700076969550919441e-06
4.665986940731984212e-06
4.631793259564045661e-06
4.597505195212334986e-06
4.563138132140224852e-06
4.528710636884539126e-06
4.494230870510231958e-06
4.459727381493346672e-06
4.425209760645727350e-06
4.390695776789277244e-06
4.356208293984462578e-06
4.321755147694738005e-06
4.287363420987219120e-06
4.253048779168032492e-06
4.218822306690152680e-06
4.184720450378580738e-06
4.150743594638130353e-06
4.116911855608566745e-06
4.083250083998117177e-06
4.049760890385702349e-06
4.016480037356587218e-06
3.983418373723034416e-06
3.950578167888276699e-06
3.917993142348772925e-06
3.885670075846563578e-06
3.853618186729388062e-06
3.821870874903539154e-06
3.790418718793591612e-06
3.759274176141444840e-06
3.728479876881758564e-06
3.698020388352779747e-06
3.667902239734679781e-06
3.638166522153381635e-06
3.608796766035359804e-06
3.579798358849989290e-06
3.551205202177415716e-06
3.523003386237609029e-06
3.495193885598387865e-06
3.467813942653970032e-06
3.440844996784014870e-06
3.414284033702263651e-06
3.388169889164361614e-06
3.362474986628956368e-06
3.337200783829288434e-06
3.312377786546373449e-06
3.287976746797679977e-06
3.264009911479802724e-06
3.240483684275452401e-06
3.217397525781045818e-06
3.194734611322029186e-06
3.172510158434115306e-06
3.150722902819070303e-06
3.129348268883361360e-06
3.108404408175562047e-06
3.087878658392775520e-06
3.067771580096238945e-06
3.048062411165994955e-06
3.028772717652066865e-06
3.009872038100622617e-06
2.991365144758305867e-06
2.973247615482218612e-06
2.955516793598204894e-06
2.938146065516602431e-06
2.921142248252168715e-06
2.904498318293975842e-06
2.888199903307506742e-06
2.872233951572566132e-06
2.856602755002081833e-06
2.841302292408316111e-06
2.826304956081177654e-06
2.811613146856528126e-06
2.797217777277484274e-06
2.783103977760403930e-06
2.769258625575693617e-06
2.755683350447397395e-06
2.742367315343322266e-06
2.729290660595070571e-06
2.716449284638126669e-06
2.703833949959569814e-06
2.691433505533025197e-06
2.679242067897584650e-06
2.667244879861625118e-06
2.655436471288152003e-06
2.643803325562194072e-06
2.632331987392272679e-06
2.621022976440173267e-06
2.609865807553868855e-06
2.598846586912424961e-06
2.587959218157499969e-06
2.577191120809049499e-06
2.566543687655037351e-06
2.556000948591560838e-06
2.545557036923924302e-06
2.535200838642912578e-06
2.524934361355928097e-06
2.514743165569264610e-06
2.504618050602531974e-06
2.494554825348035819e-06
2.484552904187080087e-06
2.474601575899436638e-06
2.464691797502194912e-06
2.454821277578405111e-06
2.444990277783851573e-06
2.435188131446879581e-06
2.425407720642457284e-06
2.415648608668496972e-06
2.405911249596005581e-06
2.396184169398200024e-06
2.386464900048289861e-06
2.376753199560247081e-06
2.367048557954974819e-06
2.357343083316854245e-06
2.347636588113892825e-06
2.337928171730834328e-06
2.328216412865683164e-06
2.318498555484882596e-06
2.308772163141971779e-06
2.299037290924226754e-06
2.289296764576841249e-06
2.279546900481346197e-06
2.269784079337023623e-06
2.260012202202689022e-06
2.250233274666079040e-06
2.240447881011006046e-06
2.230648288200776153e-06
2.220840608359660680e-06
2.211031323934439443e-06
2.201215193571420013e-06
2.191392648233852146e-06
2.181564736824337952e-06
2.171734807816902767e-06
2.161906127861784761e-06
2.152079991109941123e-06
2.142249916346770863e-06
2.132426899968187423e-06
2.122614907006695993e-06
2.112810204451661344e-06
2.103014057178782062e-06
2.093228755752468436e-06
2.083459776004529328e-06
2.073708879900206144e-06
2.063978787270105973e-06
2.054263392870088915e-06
2.044572309086500389e-06
2.034911967550369071e-06
2.025278734002968481e-06
2.015675642278998228e-06
2.006101139633107312e-06
1.996562614816577651e-06
1.987064198009154667e-06
1.977603490802828079e-06
1.968181847584836402e-06
1.958801622500381694e-06
1.949470449525106204e-06
1.940186389720887442e-06
1.930950937250773872e-06
1.921764587808144752e-06
1.912628896550191852e-06
1.903552879648776981e-06
1.894531635948264303e-06
1.885567789153706135e-06
1.876661026047035780e-06
1.867813957648711461e-06
1.859034225108151779e-06
1.850316721195349811e-06
1.841662272880896714e-06
1.833073396997411073e-06
1.824550418709173250e-06
1.816099697374591350e-06
1.807717038357042220e-06
1.799401665411624433e-06
1.791157682005482330e-06
1.782982958231006774e-06
1.774884242137913644e-06
1.766856356883895024e-06
1.758898866661225176e-06
1.751015868601091649e-06
1.743203257384250939e-06
1.735469792497148679e-06
1.727807367769703011e-06
1.720216496613952326e-06
1.712700305929121953e-06
1.705254532422057276e-06
1.697887384703365418e-06
1.690591081814148908e-06
1.683368198918013984e-06
1.676216840581954022e-06
1.669135232956982209e-06
1.662128276586477792e-06
1.655190242401805343e-06
1.648325726801651990e-06
1.641526684381613434e-06
1.634801360861613836e-06
1.628141664394898904e-06
1.621552046761286077e-06
1.615028369456918890e-06
1.608569127926819500e-06
1.602176528784671704e-06
1.595844264130906703e-06
1.589580934705714259e-06
1.583375148763812605e-06
1.577234743631557767e-06
1.571150377074424313e-06
1.565128982441108871e-06
1.559162855081319689e-06
1.553254963187434646e-06
1.547402349077759474e-06
1.541604109519917892e-06
1.535860292507198819e-06
1.530165665826730250e-06
1.524525378770924624e-06
1.518933403183368358e-06
1.513393844520038309e-06
1.507897808015321859e-06
1.502451582256394469e-06
1.497047713037842882e-06
1.491692727286475679e-06
1.486377832395588656e-06
1.481108997415720614e-06
1.475877595660198935e-06
1.470689379644632168e-06
1.465537503219908786e-06
1.460425836705235547e-06
1.455350385677526182e-06
1.450313427022435797e-06
1.445310150178122907e-06
1.440341311559240199e-06
1.435404816495448578e-06
1.430502019013299393e-06
1.425631288089717255e-06
1.420793317363816130e-06
1.415984402516211774e-06
1.411203974186159578e-06
1.406451566870058546e-06
1.401728059802126323e-06
1.397032442682544735e-06
1.392365076703908042e-06
1.387722377609094015e-06
1.383104050414981787e-06
1.378509581253046794e-06
1.373940431206354916e-06
1.369395295990449971e-06
1.364875031012216125e-06
1.360376006037562020e-06
1.355898776056217595e-06
1.351442016374234870e-06
1.347007707037621269e-06
1.342594269408795816e-06
1.338202906456741035e-06
1.333831919527035864e-06
1.329478687771649575e-06
1.325143370420578767e-06
1.320827760701060401e-06
1.316532568386554704e-06
1.312257537984396636e-06
1.308000741666592749e-06
1.303759872275102783e-06
1.299534368084908230e-06
1.295327608554561892e-06
1.291140154702974436e-06
1.286970276643672497e-06
1.282817510054942384e-06
1.278681394305105278e-06
1.274560939346265286e-06
1.270456501545067206e-06
1.266368403134846488e-06
1.262297170171153038e-06
1.258244161993107037e-06
1.254207527304492974e-06
1.250184590568639174e-06
1.246175314301140807e-06
1.242183236342137263e-06
1.238208830050909551e-06
1.234249759035938500e-06
1.230305595525701647e-06
1.226378093161308602e-06
1.222464829134779826e-06
1.218565677822298077e-06
1.214681657763386165e-06
1.210815182235039286e-06
1.206964941330747764e-06
1.203129437162529658e-06
1.199307571535969137e-06
1.195501261833555647e-06
1.191710061735268993e-06
1.187934166766658992e-06
1.184172976384605730e-06
1.180429198103137688e-06
1.176700042883570814e-06
1.172984381314450628e-06
1.169282727636318988e-06
1.165597398580869777e-06
1.161927389215910585e-06
1.158271327265926475e-06
1.154632331850971434e-06
1.151007714235695071e-06
1.147397249241047039e-06
1.143799893675373562e-06
1.140219414738290878e-06
1.136654291865876841e-06
1.133102506878552512e-06
1.129567895758037164e-06
1.126047250782322150e-06
1.122541085059784125e-06
1.119048571047534334e-06
1.115572071581164312e-06
1.112111222319488926e-06
1.108663582866396861e-06
1.105233252952113044e-06
1.101816462140063230e-06
1.098413591493409189e-06
1.095026017572975579e-06
1.091652709665131925e-06
1.088295836645787614e-06
1.084952510502111056e-06
1.081625659511957891e-06
1.078311929566862700e-06
1.075012259234768712e-06
1.071729220741644425e-06
1.068459073971985870e-06
1.065205100132187175e-06
1.061966264312438240e-06
1.058741403512743001e-06
1.055530707142374591e-06
1.052334923347884073e-06
1.049154971368579903e-06
1.045987327677887353e-06
1.042835809132114459e-06
1.039699631651835486e-06
1.036576209085542646e-06
1.033469958897610140e-06
1.030376502150364451e-06
1.027296914595575040e-06
1.024232712883511425e-06
1.021181731114484307e-06
1.018146891458522009e-06
1.015126332352522242e-06
1.012119825899284756e-06
1.009127225588706510e-06
1.006149095163819447e-06
1.003186118974602275e-06
1.000235100940666962e-06
9.972994605938220992e-07
9.943790680665315214e-07
9.914713426979455874e-07
9.885796451548947029e-07
9.857004707551480337e-07
9.828343968984285559e-07
9.799842380823721927e-07
9.771460332985801141e-07
9.743225346123456733e-07
9.715135721059162117e-07
9.687167692769934195e-07
9.659362219528008220e-07
9.631677711124383586e-07
9.604118028332902420e-07
9.576706517072273048e-07
9.549412457277346727e-07
9.522263633330694347e-07
9.495255925156699037e-07
9.468365405890639502e-07
9.441628584122779841e-07
9.415010331995593164e-07
9.388512773490356948e-07
9.362153296226034665e-07
9.335909208819524490e-07
9.309802993488882803e-07
9.283833622878646487e-07
9.257976033860523969e-07
9.232265647876626270e-07
9.206669233476669032e-07
9.181184891607065981e-07
9.155836038128574878e-07
9.130593734897893903e-07
9.105482042525822146e-07
9.080498201406759900e-07
9.055621701864815567e-07
9.030885273101663914e-07
9.006255450432264451e-07
8.981734621548895170e-07
8.957342132455375641e-07
8.933043130449441640e-07
8.908870208731254218e-07
8.884812210541337776e-07
8.860859493525340914e-07
8.837033689651765140e-07
8.813308385235129353e-07
8.789700040367906675e-07
8.766195477603106124e-07
8.742782417187723491e-07
8.719480646572679615e-07
8.696284570477493650e-07
8.673205083194294685e-07
8.650221147466788576e-07
8.627349747028725329e-07
8.604577255340055917e-07
8.581890758756483309e-07
8.559313063060317215e-07
8.536820743584626074e-07
8.514432638371590155e-07
8.492145804977828497e-07
8.469945363008255308e-07
8.447855592353986816e-07
8.425848548084340765e-07
8.403940159877432542e-07
8.382118932708849721e-07
8.360374651727800866e-07
8.338721889765356932e-07
8.317159645514011998e-07
8.295696158921499084e-07
8.274307205159567356e-07
8.253018630055606059e-07
8.231807122598832925e-07
8.210671575457995927e-07
8.189630989633614719e-07
8.168651590245959281e-07
8.147764558605825618e-07
8.126956994592012638e-07
8.106233038832540409e-07
8.085584723572021564e-07
8.065022086742321822e-07
8.044533692233556256e-07
8.024108995049022334e-07
8.003771606131328909e-07
7.983494164147027230e-07
7.963299362698019807e-07
7.943178714602901853e-07
7.923130245095623585e-07
7.903155516651914444e-07
7.883255592721211955e-07
7.863425918973169666e-07
7.843654019991863440e-07
7.823962479262586482e-07
7.804325521628233440e-07
7.784765285137466832e-07
7.765274821473141211e-07
7.745851638387980198e-07
7.726493985680888645e-07
7.707209783490663633e-07
7.687988076604873498e-07
7.668820482919303418e-07
7.649732531058305677e-07
7.630690991901362157e-07
7.611722020575238865e-07
7.592818952885592952e-07
7.573985272518528552e-07
7.555203768971582584e-07
7.536499374012844645e-07
7.517848636650973484e-07
7.499256668636634274e-07
7.480734986010607049e-07
7.462260753644702125e-07
7.443849862493433985e-07
7.425504279544660029e-07
7.407227732898379244e-07
7.388999224999476055e-07
7.370846908148389714e-07
7.352741108495046676e-07
7.334705174480826910e-07
7.316719796797393000e-07
7.298797978464781140e-07
7.280926876547842182e-07
7.263121626340661047e-07
7.245379218081383892e-07
7.227694877805499117e-07
7.210067696785144202e-07
7.192507746238143417e-07
7.175000979399759076e-07
7.157545996443224455e-07
7.140162109745253820e-07
7.122820848202220901e-07
7.105541349947265693e-07
7.088323148419715067e-07
7.071171709698830055e-07
7.054066365645161071e-07
7.037033125523437049e-07
7.020046228103574236e-07
7.003127351616790257e-07
6.986251526835382701e-07
6.969445001310330432e-07
6.952681168190607427e-07
6.935983788988667673e-07
6.919342409161186527e-07
6.902767762516240698e-07
6.886235369733575322e-07
6.869777670180939746e-07
6.853361659855033851e-07
6.837014107445232669e-07
6.820711517469364817e-07
6.804472218062132244e-07
6.788277528813019374e-07
6.772147923309336874e-07
6.756072235506329159e-07
6.740061836865146013e-07
6.724093164611934827e-07
6.708197768511104073e-07
6.692343404086595537e-07
6.676554259742869008e-07
6.660810508519367816e-07
6.645127528431067805e-07
6.629488396962045045e-07
6.613912179617029335e-07
6.598387801797891812e-07
6.582927064640293410e-07
6.567506436869097374e-07
6.552155975073521182e-07
6.536846131198367050e-07
6.521600026547938884e-07
6.506393792676004509e-07
6.491250107878262383e-07
6.476146916182483787e-07
6.461102850033189743e-07
6.446109957713769265e-07
6.431176702476101465e-07
6.416283644583597068e-07
6.401455093378916460e-07
6.386669948963023545e-07
6.371940632439873888e-07
6.357250073835802289e-07
6.342624728238622917e-07
6.328033859737005825e-07
6.313495171190055288e-07
6.299010387263366309e-07
6.284577765202957416e-07
6.270189564259643298e-07
6.255851440491588204e-07
6.241568892709523828e-07
6.227326327502973215e-07
6.213134732869201768e-07
6.198988326736315225e-07
6.184888563533896704e-07
6.170829333888476427e-07
6.156822180684156622e-07
6.142861289617748494e-07
6.128952836003493492e-07
6.115079204849461880e-07
6.101263614478475011e-07
6.087486286064319624e-07
6.073757921442752925e-07
6.060063241395344549e-07
6.046426381357775620e-07
6.032819973537865286e-07
6.019257710453069479e-07
6.005744117479716470e-07
5.992274323021739234e-07
5.978848545866686079e-07
5.965458697968312912e-07
5.952124301910334792e-07
5.938820945016733623e-07
5.925567590899885712e-07
5.912343895251416540e-07
5.899173765270905921e-07
5.886031699347575266e-07
5.872932134220874448e-07
5.859878098164985887e-07
5.846866812947311034e-07
5.833892811590946753e-07
5.820956303092166114e-07
5.808069404894036608e-07
5.795211823982907639e-07
5.782401071503308113e-07
5.769618825954499184e-07
5.756885739394801352e-07
5.744179754836813737e-07
5.731513345754527328e-07
5.718890070520438406e-07
5.706306995547107230e-07
5.693759577734461447e-07
5.681245864400507094e-07
5.668780726696025193e-07
5.656342056808252012e-07
5.643948899740434600e-07
5.631580150033399775e-07
5.619261086001196866e-07
5.606965389248916066e-07
5.594707306964115575e-07
5.582489969576751142e-07
5.570309470217763169e-07
5.558167154555583587e-07
5.546052150818043455e-07
5.533985764660762677e-07
5.521945623410660236e-07
5.509946999818857126e-07
5.497973522673741449e-07
5.486045261366760013e-07
5.474141750721004043e-07
5.462272338847671629e-07
5.450440941181654805e-07
5.438644315884871851e-07
5.426888900532447503e-07
5.415158036871408307e-07
5.403469192126462302e-07
5.391814768290523390e-07
5.380188847555833241e-07
5.368599942625112160e-07
5.357039170836000679e-07
5.345517793818808075e-07
5.334021048323207865e-07
5.322560173185640957e-07
5.311135124835155003e-07
5.299745385426404056e-07
5.288388512527076513e-07
5.277057425368739577e-07
5.265772194654473751e-07
5.254509858365998933e-07
5.243286710951295628e-07
5.232086892421252086e-07
5.220926558444170790e-07
5.209791933275891268e-07
5.198685519633757222e-07
5.187616685074090355e-07
5.176578305245651295e-07
5.165578028702538083e-07
5.154603196717132510e-07
5.143660988013310196e-07
5.132756709026429536e-07
5.121874294203814725e-07
5.111032654595321582e-07
5.100209473066758533e-07
5.089429816413222780e-07
5.078669631702267843e-07
5.067940116510509557e-07
5.057245032251439325e-07
5.046578881714687266e-07
5.035950058910998584e-07
5.025343969081633142e-07
5.014771802551016561e-07
5.004234045727394229e-07
4.993718045625614154e-07
4.983240869541657574e-07
4.972781016165562982e-07
4.962363189221495623e-07
4.951963828225659162e-07
4.941593618175222505e-07
4.931256212995725442e-07
4.920946725103349832e-07
4.910672109900779722e-07
4.900420587674029169e-07
4.890199203391149825e-07
4.880012499249168923e-07
4.869845808255435373e-07
4.859715851341453844e-07
4.849603970846638353e-07
4.839528787286321408e-07
4.829474472944299464e-07
4.819444427302708909e-07
4.809447889217991375e-07
4.799478428657109369e-07
4.789539659540342460e-07
4.779626319778420333e-07
4.769735615425330357e-07
4.759882635533408576e-07
4.750050407038875260e-07
4.740246350858579436e-07
4.730467372913090164e-07
4.720713369454106297e-07
4.710989574837663026e-07
4.701285414019514282e-07
4.691608882548109020e-07
4.681961750982238119e-07
4.672338519256820498e-07
4.662747429488841081e-07
4.653173878509051430e-07
4.643632019715487774e-07
4.634117817574467661e-07
4.624622485876756693e-07
4.615159909962520201e-07
4.605711768437746549e-07
4.596299898802208696e-07
4.586903858680702878e-07
4.577530644990158852e-07
4.568186408462864733e-07
4.558867608408350359e-07
4.549575324888279942e-07
4.540306864738104811e-07
4.531057322287630998e-07
4.521841497769802840e-07
4.512646177048185489e-07
4.503471946684732055e-07
4.494324684780515527e-07
4.485195080603585197e-07
4.476098330020624713e-07
4.467015129515517592e-07
4.457955948195053691e-07
4.448922211696043372e-07
4.439912676353046056e-07
4.430930425110502905e-07
4.421967901610784340e-07
4.413024271053264596e-07
4.404113905759160947e-07
4.395220652149695314e-07
4.386349364236216275e-07
4.377501504273087730e-07
4.368671799885201705e-07
4.359872629754032744e-07
4.351086325821563715e-07
4.342322928510147373e-07
4.333583617064877823e-07
4.324867421609736524e-07
4.316177276140856615e-07
4.307505976786170266e-07
4.298852012325185401e-07
4.290229828596920438e-07
4.281624590367759109e-07
4.273038795557344095e-07
4.264477261321138134e-07
4.255930657079407031e-07
4.247415309042067927e-07
4.238911520132064241e-07
4.230428388358023290e-07
4.221969592568369485e-07
4.213532955782443386e-07
4.205119073366681545e-07
4.196726465680732488e-07
4.188348167717724806e-07
4.179998887172361345e-07
4.171669517591626230e-07
4.163354939552959775e-07
4.155068493288476223e-07
4.146793115137021298e-07
4.138546159475008772e-07
4.130314851290117737e-07
4.122100396187000152e-07
4.113908641066271980e-07
4.105739171389268742e-07
4.097588192425728076e-07
4.089462768777607713e-07
4.081351293387895277e-07
4.073260882996178730e-07
4.065196760257158202e-07
4.057146009519172869e-07
4.049117562781179822e-07
4.041107572422064011e-07
4.033113457013201837e-07
4.025146960888860597e-07
4.017191136806636443e-07
4.009254511971089012e-07
4.001340656070119200e-07
3.993446665801526778e-07
3.985573563965218853e-07
3.977720787688637854e-07
3.969880733481218140e-07
3.962066001657805212e-07
3.954271897945605881e-07
3.946490325145654606e-07
3.938734920344406050e-07
3.930991531291556276e-07
3.923268279060645238e-07
3.915567204703133568e-07
3.907878486942512815e-07
3.900209113083055042e-07
3.892560079808629359e-07
3.884929761293916965e-07
3.877321581764579119e-07
3.869730547408385119e-07
3.862152474536486553e-07
3.854600383220327059e-07
3.847065662176211795e-07
3.839543809000087174e-07
3.832047310764950156e-07
3.824561796488108341e-07
3.817096437786409893e-07
3.809651351471203953e-07
3.802218453040337631e-07
3.794804176890337058e-07
3.787409423714111802e-07
3.780032586727747479e-07
3.772676515781324302e-07
3.765337547994257876e-07
3.758010597620539369e-07
3.750707640178523326e-07
3.743422974845624789e-07
3.736149889648808631e-07
3.728900704297209784e-07
3.721663393315210038e-07
3.714442521222648797e-07
3.707244530488277241e-07
3.700056111001852866e-07
3.692884578152305207e-07
3.685733130415665784e-07
3.678599044226313596e-07
3.671482026764217625e-07
3.664384795919665834e-07
3.657298357086530856e-07
3.650231894032561830e-07
3.643186187630338401e-07
3.636152519270631623e-07
3.629135661344271764e-07
3.622136977257831747e-07
3.615148359591515505e-07
3.608185078615910695e-07
3.601231055761876625e-07
3.594291602364226253e-07
3.587370292006047360e-07
3.580466850288794283e-07
3.573577639325283800e-07
3.566709270336418239e-07
3.559854050546736022e-07
3.553011149634826427e-07
3.546190919006214063e-07
3.539385088810784232e-07
3.532590426543910732e-07
3.525817783329112012e-07
3.519055033721717436e-07
3.512307622051935864e-07
3.505581015952911329e-07
3.498862460618612045e-07
3.492158808436314051e-07
3.485473776635834998e-07
3.478804973831300670e-07
3.472149785595485907e-07
3.465514410691258053e-07
3.458889497863020959e-07
3.452278604397795536e-07
3.445690176784148416e-07
3.439112972877448283e-07
3.432547067505644487e-07
3.426002198735057553e-07
3.419465309636873575e-07
3.412945835833922576e-07
3.406443433818876527e-07
3.399949909767907830e-07
3.393470786173203843e-07
3.387008670009369811e-07
3.380561951804856339e-07
3.374128803226553042e-07
3.367714066258363635e-07
3.361308869635394877e-07
3.354917263290569569e-07
3.348547195200635947e-07
3.342187579016685594e-07
3.335838393064629288e-07
3.329509608344105303e-07
3.323188306700048528e-07
3.316882787081121071e-07
3.310594737390522295e-07
3.304314223842476538e-07
3.298046967150866975e-07
3.291796562183660035e-07
3.285560933663125144e-07
3.279337361955038851e-07
3.273131756949835587e-07
3.266936638900310615e-07
3.260752426613009269e-07
3.254588400391285065e-07
3.248435996991444571e-07
3.242292702586247661e-07
3.236168876723007100e-07
3.230053888607672465e-07
3.223950162402377620e-07
3.217866751323268557e-07
3.211789666223012124e-07
3.205724524585360635e-07
3.199674967413203188e-07
3.193639383634838741e-07
3.187616143781434153e-07
3.181609638883012237e-07
3.175614976395213334e-07
3.169628591943995626e-07
3.163659083322575137e-07
3.157705939114690812e-07
3.151761365089393821e-07
3.145829243524682707e-07
3.139913019923899708e-07
3.134003263393728611e-07
3.128111232560367291e-07
3.122231675560456569e-07
3.116360466680104760e-07
3.110501347070398737e-07
3.104657346687410187e-07
3.098826803264450686e-07
3.093007244085659478e-07
3.087204283524909529e-07
3.081410893965724993e-07
3.075626718213994376e-07
3.069860642043863377e-07
3.064106752459992945e-07
3.058360654103495158e-07
3.052630582542095136e-07
3.046911362775803222e-07
3.041199665300005674e-07
3.035507543450079251e-07
3.029822864673690217e-07
3.024148549158745954e-07
3.018486465900491116e-07
3.012837596708790909e-07
3.007201588906125273e-07
3.001576770710553702e-07
2.995967680592159524e-07
2.990366969750902356e-07
2.984776030862047104e-07
2.979202714494719328e-07
2.973639836284123734e-07
2.968084684216794414e-07
2.962545538737851276e-07
2.957016354040260165e-07
2.951494452745095521e-07
2.945991341055591909e-07
2.940495447077933332e-07
2.935009305987024347e-07
2.929534640563495602e-07
2.924073119241493635e-07
2.918623925790530201e-07
2.913184973768558023e-07
2.907761465814037950e-07
2.902346537444065046e-07
2.896939792312758113e-07
2.891549593262486703e-07
2.886171473414709302e-07
2.880800542930277726e-07
2.875442176513081873e-07
2.870096875772115051e-07
2.864757137402492721e-07
2.859432894121669710e-07
2.854120447100667824e-07
2.848814416881731158e-07
2.843518414729373882e-07
2.838236908769389821e-07
2.832966823062302932e-07
2.827705949536683810e-07
2.822459772160283889e-07
2.817223433985197239e-07
2.811993724951477223e-07
2.806777706223503706e-07
2.801576261981172539e-07
2.796382666878914354e-07
2.791196448529736720e-07
2.786027016795233649e-07
2.780863509609810258e-07
2.775708998505832812e-07
2.770571480751438379e-07
2.765438892406607337e-07
2.760316099617069452e-07
2.755204491333052601e-07
2.750104210747275932e-07
2.745015322135883325e-07
2.739935901918283787e-07
2.734870710088029076e-07
2.729813352384294766e-07
2.724763161933804200e-07
2.719728014174571331e-07
2.714704638224811351e-07
2.709688019817189568e-07
2.704681114926755914e-07
2.699687989211389156e-07
2.694700037494290243e-07
2.689723308690150808e-07
2.684761145568228544e-07
2.679803208943459223e-07
2.674854824366517220e-07
2.669918170482163553e-07
2.664991923641858304e-07
2.660076286847105800e-07
2.655170490934815209e-07
2.650277578215987196e-07
2.645391644377370947e-07
2.640513398897680081e-07
2.635649632443336576e-07
2.630796567693144650e-07
2.625949955211029128e-07
2.621113143603997717e-07
2.616289089633782200e-07
2.611469831540714751e-07
2.606661420203227542e-07
2.601867122117484297e-07
2.597076804034684106e-07
2.592295682363292800e-07
2.587525297267024142e-07
2.582764936745970415e-07
2.578014909512618312e-07
2.573273725076547823e-07
2.568545490654146187e-07
2.563824379273364049e-07
2.559109545884899437e-07
2.554408002854294104e-07
2.549718146989795045e-07
2.545034659731715902e-07
2.540358185041619386e-07
2.535696202255369861e-07
2.531038994328309959e-07
2.526389518638177762e-07
2.521755352227145303e-07
2.517125396162889110e-07
2.512503879221612269e-07
2.507891051997906343e-07
2.503289126609261664e-07
2.498697329560121341e-07
2.494112849147486326e-07
2.489541052092806960e-07
2.484977285025134650e-07
2.480418803335903539e-07
2.475870685486428943e-07
2.471336446579903344e-07
2.466808373949461067e-07
2.462286324223128556e-07
2.457776567726623313e-07
2.453275474495484789e-07
2.448778844528278968e-07
2.444294101914416780e-07
2.439820483276571819e-07
2.435350462983235198e-07
2.430888820814752613e-07
2.426437605013681073e-07
2.421995255937513644e-07
2.417562220943948561e-07
2.413137286536104380e-07
2.408724356594073186e-07
2.404317782638729255e-07
2.399916701788399325e-07
2.395527358760557033e-07
2.391149354094570865e-07
2.386777265510616627e-07
2.382410731771272376e-07
2.378057707898057518e-07
2.373710176875216587e-07
2.369368063097858730e-07
2.365039392287863272e-07
2.360718369324584023e-07
2.356401835443754622e-07
2.352093311527555446e-07
2.347795178782748677e-07
2.343505355311193430e-07
2.339224285639592075e-07
2.334950954545064855e-07
2.330689007826929221e-07
2.326433192406439329e-07
2.322182553656182451e-07
2.317943224675443406e-07
2.313714716834525968e-07
2.309491823603486052e-07
2.305274091548328697e-07
2.301069313011967881e-07
2.296870299172628675e-07
2.292676021713679182e-07
2.288493858719629073e-07
2.284320490177925981e-07
2.280150671705888610e-07
2.275988621760421937e-07
2.271836142162929144e-07
2.267691649181921553e-07
2.263555876796011120e-07
2.259427032379291543e-07
2.255309482500425970e-07
2.251198154657292712e-07
2.247091267739292504e-07
2.242994184634204305e-07
2.238908969193390375e-07
2.234828914715324604e-07
2.230754295870345150e-07
2.226689640663653974e-07
2.222633946720590580e-07
2.218581768650990254e-07
2.214538133136303093e-07
2.210506518389107118e-07
2.206477663104894060e-07
2.202455992213743903e-07
2.198441690087412451e-07
2.194436782025404664e-07
2.190440139644838924e-07
2.186449584323082156e-07
2.182469284886415669e-07
2.178496706031608088e-07
2.174529271494080439e-07
2.170567841608055985e-07
2.166617443908582011e-07
2.162676098034957705e-07
2.158739641933565715e-07
2.154808089559592277e-07
2.150888872935969603e-07
2.146974069205559865e-07
2.143063986759400752e-07
2.139165193008790974e-07
2.135274547676064653e-07
2.131386977056419722e-07
2.127506568111778771e-07
2.123634454511885173e-07
2.119769947725467733e-07
2.115913807280088112e-07
2.112063398031471157e-07
2.108223449319679954e-07
2.104389924137936935e-07
2.100560849750213448e-07
2.096738843194078176e-07
2.092927646867133646e-07
2.089123998992670898e-07
2.085325059012668088e-07
2.081531320587349059e-07
2.077749511402317839e-07
2.073971283623359476e-07
2.070197752945119674e-07
2.066435818444812831e-07
2.062680771768993561e-07
2.058928875546776890e-07
2.055183863338670343e-07
2.051446942229939204e-07
2.047717233687645583e-07
2.043995534167340661e-07
2.040279269187767191e-07
2.036572963664468581e-07
2.032872974309474187e-07
2.029177394272048493e-07
2.025488129088438290e-07
2.021808964586588075e-07
2.018137799211158538e-07
2.014471088243508726e-07
2.010808721907004002e-07
2.007157769324534574e-07
2.003511405643641794e-07
1.999868884356296470e-07
1.996235784708114508e-07
1.992611803919969395e-07
1.988990024132855535e-07
1.985374671031940500e-07
1.981766022314858200e-07
1.978165480640534573e-07
1.974572210506365033e-07
1.970984572461338506e-07
1.967404923854793323e-07
1.963833167834652955e-07
1.960266472659342017e-07
1.956703765668571513e-07
1.953150061173192720e-07
1.949605774921116323e-07
1.946065666164279403e-07
1.942530172782081249e-07
1.939002857608867955e-07
1.935483628374905619e-07
1.931967338648613401e-07
1.928456557706231880e-07
1.924957170534154969e-07
1.921461589110862103e-07
1.917970214386386622e-07
1.914484889134586522e-07
1.911007664400321436e-07
1.907536609000351599e-07
1.904072846675289477e-07
1.900614074344562923e-07
1.897164581851426054e-07
1.893720788298449299e-07
1.890281013770905840e-07
1.886846683846209972e-07
1.883421646021705380e-07
1.880004461212979429e-07
1.876591330211294279e-07
1.873181797636491688e-07
1.869782284301337614e-07
1.866388640573000493e-07
1.862997813271141123e-07
1.859613579114712745e-07
1.856239719172394542e-07
1.852868325266975633e-07
1.849502103521127535e-07
1.846141062963480046e-07
1.842788510392024524e-07
1.839441608063322670e-07
1.836101478745062937e-07
1.832766252393797399e-07
1.829440050317257962e-07
1.826119008005868242e-07
1.822801807458044429e-07
1.819489897191076491e-07
1.816186867546070736e-07
1.812891395214147195e-07
1.809599720073116196e-07
1.806311500362124182e-07
1.803032578866054555e-07
1.799759846609872339e-07
1.796489655304195770e-07
1.793225176818690320e-07
1.789970964294684440e-07
1.786719922020076675e-07
1.783472843587023066e-07
1.780231360973903882e-07
1.776997196479808890e-07
1.773768722298314314e-07
1.770547039886182904e-07
1.767329679493440034e-07
1.764120646038079912e-07
1.760917390624533992e-07
1.757718491754804795e-07
1.754523254794641539e-07
1.751336027395921356e-07
1.748157203015930013e-07
1.744982068276516800e-07
1.741811105614084794e-07
1.738646011023222523e-07
1.735489408377901851e-07
1.732335391431836636e-07
1.729185199308573033e-07
1.726044160436578005e-07
1.722909854430639981e-07
1.719777226849709049e-07
1.716650058525401575e-07
1.713528057250409526e-07
1.710413614061311112e-07
1.707304627085764413e-07
1.704201271266354465e-07
1.701103018340607560e-07
1.698013078591980889e-07
1.694927371314843883e-07
1.691844802961814636e-07
1.688767738827399465e-07
1.685698833773318756e-07
1.682636745102002496e-07
1.679578036680409898e-07
1.676522471960508783e-07
1.673475274884699533e-07
1.670434207863621317e-07
1.667395413692297073e-07
1.664360982278835012e-07
1.661336431955324465e-07
1.658315970918735539e-07
1.655298069022896296e-07
1.652285450028350133e-07
1.649278478235815766e-07
1.646277776127687491e-07
1.643282907490151224e-07
1.640292995305927592e-07
1.637308293397969156e-07
1.634331541145471849e-07
1.631358680830854983e-07
1.628388575098511048e-07
1.625424175084178991e-07
1.622467671561814525e-07
1.619517362168729279e-07
1.616570355305119260e-07
1.613626276765909500e-07
1.610690333500431270e-07
1.607760315845365268e-07
1.604832449566740899e-07
1.601908553655212775e-07
1.598994130156332212e-07
1.596084148267622860e-07
1.593176284739175262e-07
1.590273437914023498e-07
1.587375611520066243e-07
1.584484509645079285e-07
1.581598480688847287e-07
1.578717602962637249e-07
1.575841322816492207e-07
1.572972764788829452e-07
1.570108146474458220e-07
1.567246685627652579e-07
1.564389474641180799e-07
1.561539967609629337e-07
1.558697144215214995e-07
1.555857253583442063e-07
1.553021115425363046e-07
1.550190297823321165e-07
1.547367038692890812e-07
1.544545963248232710e-07
1.541728254423056106e-07
1.538917788458238619e-07
1.536114487630460261e-07
1.533312255260629746e-07
1.530514895414794291e-07
1.527721483305981180e-07
1.524935094719934211e-07
1.522153070074948043e-07
1.519376832872041582e-07
1.516604025388442167e-07
1.513838102176980022e-07
1.511077632788319100e-07
1.508321086239312237e-07
1.505566809749615443e-07
1.502818429626094592e-07
1.500077752698658154e-07
1.497341919954023491e-07
1.494609126596643252e-07
1.491878897174113563e-07
1.489156609029041593e-07
1.486439540168641970e-07
1.483724412875575857e-07
1.481012694588578714e-07
1.478309639526608345e-07
1.475611427796912530e-07
1.472914582935189777e-07
1.470222442650097850e-07
1.467534048353498222e-07
1.464853003121001494e-07
1.462175987192577264e-07
1.459504236158902084e-07
1.456835965495621359e-07
1.454174596221637606e-07
1.451517779066930909e-07
1.448864694502878484e-07
1.446213974074697447e-07
1.443568976502228009e-07
1.440931771997733282e-07
1.438298646414594749e-07
1.435668523993017573e-07
1.433040847872895538e-07
1.430420924236117194e-07
1.427805933163146529e-07
1.425192781086266383e-07
1.422582778776892415e-07
1.419981069369740417e-07
1.417384410010819324e-07
1.414788801946628428e-07
1.412197788463159127e-07
1.409610214116414530e-07
1.407029724227244618e-07
1.404452971670842931e-07
1.401881492394075583e-07
1.399313101125736139e-07
1.396750953027872386e-07
1.394194079915355570e-07
1.391640744332181425e-07
1.389089412855324385e-07
1.386543292492130223e-07
1.384003752489357625e-07
1.381469719846103416e-07
1.378938161436169489e-07
1.376409502189409029e-07
1.373886296866564084e-07
1.371369445001060938e-07
1.368854463540900545e-07
1.366342437100548678e-07
1.363836216230581797e-07
1.361337000839143533e-07
1.358839126250991707e-07
1.356344593327989599e-07
1.353854297498523663e-07
1.351368794573967183e-07
1.348888040968227891e-07
1.346412052917869389e-07
1.343940192152013149e-07
1.341472187830392244e-07
1.339010833674130734e-07
1.336552893211312909e-07
1.334097918884975768e-07
1.331645709158134952e-07
1.329199178463638889e-07
1.326759584674954528e-07
1.324323213552078762e-07
1.321889750425236301e-07
1.319458506976078329e-07
1.317034578485876911e-07
1.314615135217772418e-07
1.312197337324191364e-07
1.309782340770478359e-07
1.307374610832904630e-07
1.304972267314955950e-07
1.302570523838746994e-07
1.300173001649062986e-07
1.297778854292750723e-07
1.295390409511322830e-07
1.293005730876924083e-07
1.290625936227510917e-07
1.288249674936121325e-07
1.285877487591886679e-07
1.283511722799165404e-07
1.281148925602044945e-07
1.278788798594975542e-07
1.276431597854440116e-07
1.274080070600618860e-07
1.271734999976669641e-07
1.269392896194991309e-07
1.267053652739073165e-07
1.264716521240589112e-07
1.262386426179052623e-07
1.260060678073025244e-07
1.257736482893486704e-07
1.255414970396888159e-07
1.253100150395062287e-07
1.250790884165289608e-07
1.248482292018736180e-07
1.246177453714470152e-07
1.243876165299133924e-07
1.241579627408048912e-07
1.239287216168097541e-07
1.236999234626068997e-07
1.234715058530645496e-07
1.232434305694102344e-07
1.230159679389798103e-07
1.227888302007735635e-07
1.225619939903829077e-07
1.223353599285238383e-07
1.221092120321621055e-07
1.218837076034476102e-07
1.216585993896831378e-07
1.214337215139184681e-07
1.212090852653663706e-07
1.209849359960032756e-07
1.207613644441913059e-07
1.205379738479453855e-07
1.203148140040148461e-07
1.200920891583859955e-07
1.198700431705632108e-07
1.196482315641049157e-07
1.194265971276742243e-07
1.192053359995851149e-07
1.189843785347345697e-07
1.187640396182242811e-07
1.185440023273301384e-07
1.183244107035940847e-07
1.181050801133048148e-07
1.178862081307936407e-07
1.176679032792770172e-07
1.174498518294402963e-07
1.172320106049437017e-07
1.170144786383277265e-07
1.167974894310590479e-07
1.165810663466145555e-07
1.163649114810502649e-07
1.161490178897654009e-07
1.159333025427894000e-07
1.157182369797006077e-07
1.155036027040621621e-07
1.152890983988955476e-07
1.150748482132904873e-07
1.148611198297011909e-07
1.146479867885128281e-07
1.144349828224612952e-07
1.142222158760066367e-07
1.140098013323686669e-07
1.137977171727035760e-07
1.135861707333656157e-07
1.133749456449235342e-07
1.131641373753597131e-07
1.129535661744041707e-07
1.127434816067941047e-07
1.125338983935915086e-07
1.123245652688147784e-07
1.121154210094836326e-07
1.119065824530887661e-07
1.116982639847808596e-07
1.114904964676558770e-07
1.112829891739283337e-07
1.110757294215456044e-07
1.108686463989239156e-07
1.106621558780722794e-07
1.104561043277363040e-07
1.102501821497927836e-07
1.100445076080617938e-07
1.098392647876737649e-07
1.096346363953718635e-07
1.094302015066244437e-07
1.092259315957758859e-07
1.090220087764133332e-07
1.088183487977376353e-07
1.086152759204146558e-07
1.084124612047579294e-07
1.082100632539175724e-07
1.080079390532413946e-07
1.078061663638903033e-07
1.076049437684613056e-07
1.074039747138479732e-07
1.072032558664780269e-07
1.070027214351531470e-07
1.068026220060368688e-07
1.066030820323884469e-07
1.064039238231067974e-07
1.062049417014187339e-07
1.060062213916430712e-07
1.058077705040426416e-07
1.056099539488814385e-07
1.054123647875605817e-07
1.052149183495231295e-07
1.050177154206043011e-07
1.048211392017598970e-07
1.046249970180348679e-07
1.044288893224421191e-07
1.042330903444606122e-07
1.040376121081253608e-07
1.038424676009184562e-07
1.036477576959829859e-07
1.034533653591472046e-07
1.032593565926159534e-07
1.030655545660854343e-07
1.028722120397245327e-07
1.026793257609373588e-07
1.024866683773458292e-07
1.022941975652652694e-07
1.021019811163846502e-07
1.019102053623352374e-07
1.017189737515896789e-07
1.015280220313301156e-07
1.013372681944735986e-07
1.011467133897556100e-07
1.009565518146517854e-07
1.007669196900277297e-07
1.005774688227569746e-07
1.003881730836730422e-07
1.001991470354749309e-07
1.000107320114869466e-07
9.982268933921208182e-08
9.963467378986393761e-08
9.944697788655670862e-08
9.925957295834744894e-08
9.907250333078792574e-08
9.888584187723542417e-08
9.869948879087664738e-08
9.851350197910843327e-08
9.832771320539029267e-08
9.814235252626358116e-08
9.795745661035629291e-08
9.777276173274273014e-08
9.758826570186277144e-08
9.740398148558965573e-08
9.722009730046764088e-08
9.703676049779876194e-08
9.685372718031157344e-08
9.667086426631866192e-08
9.648823723204918530e-08
9.630585435437031742e-08
9.612406200415477031e-08
9.594248979627755529e-08
9.576103958678866736e-08
9.557980299642562648e-08
9.539910376313963693e-08
9.521886057278418860e-08
9.503869277127273489e-08
9.485873943511540741e-08
9.467908075156603032e-08
9.449965857316805378e-08
9.432075966810328610e-08
9.414207880763621593e-08
9.396376394275764352e-08
9.378569950408047403e-08
9.360791942068470765e-08
9.343062848098592386e-08
9.325357629705800779e-08
9.307678829283841975e-08
9.290011774705879228e-08
9.272378645046827613e-08
9.254791141563927636e-08
9.237246459380631056e-08
9.219720999651865067e-08
9.202217263588633802e-08
9.184727604919700745e-08
9.167286592288899909e-08
9.149886347394084488e-08
9.132499760935188372e-08
9.115129496224147298e-08
9.097785440843838279e-08
9.080498200797743476e-08
9.063243713176849271e-08
9.045991464430264875e-08
9.028768089416901866e-08
9.011572766189752514e-08
8.994404392095089047e-08
8.977278084119337168e-08
8.960177557449512179e-08
8.943111460901869268e-08
8.926065838406877073e-08
8.909051672537612436e-08
8.892084485593173894e-08
8.875137691038938300e-08
8.858213880776664687e-08
8.841302414541527460e-08
8.824427235080323461e-08
8.807594935901860818e-08
8.790802665594662606e-08
8.774027548236159467e-08
8.757273450260705075e-08
8.740532268367732053e-08
8.723839165643501517e-08
8.707184658783372943e-08
8.690543253868046450e-08
8.673917247447365338e-08
8.657315158655781781e-08
8.640767385304544541e-08
8.624253894341300644e-08
8.607742548575813899e-08
8.591256354525136002e-08
8.574797211195844488e-08
8.558360894041815900e-08
8.541970355655865606e-08
8.525601369160343383e-08
8.509265287445836657e-08
8.492951739867634741e-08
8.476664058442651365e-08
8.460421993409530294e-08
8.444201972928727987e-08
8.428007311881682975e-08
8.411822941818020190e-08
8.395665308524036710e-08
8.379548900995931145e-08
8.363474989807471280e-08
8.347423121613849671e-08
8.331387830110174505e-08
8.315371597984954292e-08
8.299379934776699943e-08
8.283439936452117537e-08
8.267519332854806880e-08
8.251608642095721996e-08
8.235716302082037083e-08
8.219866694289733022e-08
8.204061865432054129e-08
8.188270211063312759e-08
8.172488669954560738e-08
8.156735204829636096e-08
8.141003830514558259e-08
8.125308802387480945e-08
8.109640446733932138e-08
8.094000468506295978e-08
8.078391822136434247e-08
8.062799188895854319e-08
8.047239872038184999e-08
8.031723057677036084e-08
8.016222891394830521e-08
8.000742623306744816e-08
7.985274067477802780e-08
7.969839024174957105e-08
7.954443586378308050e-08
7.939085384105551064e-08
7.923743420310955011e-08
7.908420326253666141e-08
7.893110357508700784e-08
7.877837118759307657e-08
7.862605385483009641e-08
7.847389353742216964e-08
7.832184449351491380e-08
7.816997347428089111e-08
7.801855710261769720e-08
7.786754264569509416e-08
7.771662033276464069e-08
7.756582137927739239e-08
7.741528357174406592e-08
7.726495096889012588e-08
7.711499339442639801e-08
7.696527373804970355e-08
7.681582720015179320e-08
7.666668026338715625e-08
7.651768732996017598e-08
7.636900552445080434e-08
7.622073595086095846e-08
7.607262463303181508e-08
7.592471621681006246e-08
7.577691197962686173e-08
7.562940875771962888e-08
7.548228332676878869e-08
7.533552353109980634e-08
7.518894450228852056e-08
7.504252642844605333e-08
7.489627021920107345e-08
7.475025102817655258e-08
7.460470884605382836e-08
7.445935019489026815e-08
7.431407813325790132e-08
7.416897927678719010e-08
7.402422051984196595e-08
7.387990078794012220e-08
7.373575711973494749e-08
7.359165107789796012e-08
7.344781611919367353e-08
7.330420080155364732e-08
7.316081529907172284e-08
7.301779269075659831e-08
7.287497807702500261e-08
7.273244938537399097e-08
7.259011626898240706e-08
7.244800431366626880e-08
7.230628021836833205e-08
7.216478971896008357e-08
7.202350224149083068e-08
7.188233069487996964e-08
7.174134143860026412e-08
7.160065689062838631e-08
7.146038043338964320e-08
7.132040471746460939e-08
7.118053725611954453e-08
7.104085682314324433e-08
7.090127110148416663e-08
7.076211550700970458e-08
7.062328102401727187e-08
7.048456479209704273e-08
7.034596078147561524e-08
7.020752304719100391e-08
7.006952318477795600e-08
6.993188240615396835e-08
6.979432433945024714e-08
6.965686627435625127e-08
6.951965284783577374e-08
6.938264047490854106e-08
6.924591522722982912e-08
6.910946072520471596e-08
6.897324051917379895e-08
6.883729697675099862e-08
6.870151590261668154e-08
6.856596415980465881e-08
6.843079836478103284e-08
6.829581960157783078e-08
6.816105341362765948e-08
6.802637796585014407e-08
6.789189648296360498e-08
6.775770123575039637e-08
6.762391142721016460e-08
6.749039687126936369e-08
6.735698485721128600e-08
6.722375327369648642e-08
6.709061160904999478e-08
6.695786724715560179e-08
6.682544293648033433e-08
6.669314416470641020e-08
6.656094543432099620e-08
6.642890107880306538e-08
6.629724256660259195e-08
6.616595398940319787e-08
6.603478359721805185e-08
6.590366723185420147e-08
6.577279579903721520e-08
6.564212600797198977e-08
6.551166731235088460e-08
6.538154479747851186e-08
6.525160493490623672e-08
6.512192509206230207e-08
6.499243874612364037e-08
6.486314286660753668e-08
6.473416671958263515e-08
6.460546974132933251e-08
6.447692574064619952e-08
6.434852921696481742e-08
6.422023776111365876e-08
6.409223967106863786e-08
6.396457077994443648e-08
6.383721611362795499e-08
6.371000836682788900e-08
6.358294026390179851e-08
6.345602681770399231e-08
6.332928124863999462e-08
6.320296336106947087e-08
6.307684974590206837e-08
6.295080005828057322e-08
6.282490385506197316e-08
6.269919865272257146e-08
6.257391742876501240e-08
6.244891325269325560e-08
6.232392811561398830e-08
6.219909738864936270e-08
6.207447577827989807e-08
6.195002088504322182e-08
6.182588636902747669e-08
6.170195320514173866e-08
6.157824318430383958e-08
6.145478697971555771e-08
6.133147409065614364e-08
6.120836898275973266e-08
6.108561962637184112e-08
6.096305215744505955e-08
6.084066820234617416e-08
6.071838761333540808e-08
6.059624544683004712e-08
6.047438550765812898e-08
6.035285652366634549e-08
6.023161514867418684e-08
6.011048966523809129e-08
5.998951097286585156e-08
5.986865539765365681e-08
5.974800044402674123e-08
5.962775604742815201e-08
5.950768000155011310e-08
5.938766319463647553e-08
5.926780069076192058e-08
5.914812551362349258e-08
5.902885654106638169e-08
5.890985122009254297e-08
5.879086423795375292e-08
5.867201752886502483e-08
5.855337226603282689e-08
5.823489782044382395e-08
5.811722726432206389e-08
5.799977525883668632e-08
5.788252919191060213e-08
5.776552508068705495e-08
5.764866992874115263e-08
5.674093557942712248e-08
5.662667264376607952e-08
5.651263681095779515e-08
5.639874822971342291e-08
5.628498943996282653e-08
5.617132398610676500e-08
5.566687883633042021e-08
5.555480810636487378e-08
5.544303111637166179e-08
5.533140680053082984e-08
5.521989974033968299e-08
5.510856060661143252e-08
5.422423466682068389e-08
5.411540647441667087e-08
5.400681764147450162e-08
5.389830894815119409e-08
5.378990014659860786e-08
5.368162737879146054e-08
5.319170787644183194e-08
5.308510718655973413e-08
5.297861555510245351e-08
5.287214731474587171e-08
5.276590078840785677e-08
5.265983847439285680e-08
5.255387232128609607e-08
5.169535387119189926e-08
5.159183530826940246e-08
5.148854459114285682e-08
5.138548404277892451e-08
5.128253265938595301e-08
5.117970536411747521e-08
5.070527567683522380e-08
5.060384311501742000e-08
5.050260204802605128e-08
5.040143173235210192e-08
5.030040524163381065e-08
5.019959574022663826e-08
4.936443113285093006e-08
4.926607435809935446e-08
4.916782348850186748e-08
4.906970033682973114e-08
4.897170997421628094e-08
4.887381361277821818e-08
4.841349319166404753e-08
4.831703991962294059e-08
4.822064380382987378e-08
4.812435584223276390e-08
4.802819977011359306e-08
4.793240601999043321e-08
4.712063933684420080e-08
4.702700838574078022e-08
4.693341306462299906e-08
4.684002899606336858e-08
4.674681824435726249e-08
4.665370105981744958e-08
4.620736029625197729e-08
4.611549426367621306e-08
4.602384571507881551e-08
4.593241816403715316e-08
4.584109483586802418e-08
4.574988696534115526e-08
4.496126030441606251e-08
4.487220149203341304e-08
4.478331121155164144e-08
4.469450833716202667e-08
4.460581485807282012e-08
4.451734633155851903e-08
4.408488160853070969e-08
4.399768121327469267e-08
4.391061020183549400e-08
4.382364866172849849e-08
