1.983580836585364505e-07
2.111227255414559505e-07
2.230258157816026617e-07
2.341095964249281998e-07
2.444140274409793807e-07
2.539767440686171294e-07
2.628331770279093273e-07
2.710168284004482548e-07
2.785592236975271997e-07
2.854901053914518374e-07
2.918377639589486408e-07
2.976288332062490295e-07
3.028883286686159960e-07
3.076402463591030189e-07
3.119073537354718508e-07
3.157116770745597654e-07
3.190738459077286639e-07
3.220146029527380276e-07
3.245528485403830775e-07
3.267074255381273586e-07
3.284964364069766719e-07
3.299373420579359897e-07
3.310466483005448193e-07
3.318404850066149018e-07
3.323345973922057534e-07
3.325439762917001563e-07
3.324834190112166068e-07
3.321671682948420969e-07
3.316087995117392172e-07
3.308214304877309872e-07
3.298185857997068609e-07
3.286125016708732774e-07
3.272154746592725115e-07
3.256396620964223010e-07
3.238964882564964002e-07
3.219973643570915857e-07
3.199532946381015116e-07
3.177748119005617247e-07
3.154726825989482134e-07
3.130562191476778861e-07
3.105360034009741540e-07
3.079206920921541565e-07
3.052198348317848813e-07
3.024418381603695922e-07
2.995953618469662596e-07
2.966884516769315635e-07
2.937287178555872141e-07
2.907239366804422486e-07
2.876809548095217347e-07
2.846069089179517990e-07
2.815083021921448371e-07
2.783911045555951429e-07
2.752617682578861677e-07
2.721254820659151093e-07
2.689877153733676214e-07
2.658538653836446272e-07
2.627281844056756313e-07
2.596154476750120362e-07
2.565201839753246092e-07
2.534458124633394478e-07
2.503964166855926377e-07
2.473755448309300747e-07
2.443859320829326189e-07
2.414307601607449523e-07
2.385129488114154067e-07
2.356346114479089814e-07
2.327981362983246680e-07
2.300056579443721487e-07
2.272591100826011829e-07
2.245597253977776856e-07
2.219091383922395733e-07
2.193087210946855671e-07
2.167594059469986663e-07
2.142618741314968451e-07
2.118173336265887453e-07
2.094260739901467461e-07
2.070882905738022482e-07
2.048044961364678452e-07
2.025751741173072025e-07
2.003996437527877700e-07
1.982779858637488734e-07
1.962100301309332786e-07
1.941957946892941518e-07
1.922344109835444077e-07
1.903251016293529453e-07
1.884678612052242670e-07
1.866615018238484351e-07
1.849053126017368848e-07
1.831987642111489710e-07
1.815401346119631521e-07
1.799289023184140162e-07
1.783644869428878387e-07
1.768447870430986390e-07
1.753689660377018031e-07
1.739360350037101609e-07
1.725445830706867625e-07
1.711935360047315544e-07
1.698812028310179919e-07
1.686062118920521319e-07
1.673675823801749220e-07
1.661634287183580757e-07
1.649928906421674131e-07
1.638540442542241610e-07
1.627455465901685528e-07
1.616661608701933274e-07
1.606144000951958160e-07
1.595889355718632726e-07
1.585878117359245846e-07
1.576100357840761260e-07
1.566541443857208186e-07
1.557186924582406826e-07
1.548025683551463112e-07
1.539039572583792503e-07
1.530216922537488362e-07
1.521544393671360331e-07
1.513010046578387953e-07
1.504601408437099479e-07
1.496306990895535559e-07
1.488110810413651692e-07
1.480005194588897128e-07
1.471976104467811405e-07
1.464016387687181604e-07
1.456112296627133927e-07
1.448256603820484802e-07
1.440436043991950430e-07
1.432644614200117256e-07
1.424871841221261928e-07
1.417111365404883168e-07
1.409354269413801037e-07
1.401593278511173662e-07
1.393821561191725664e-07
1.386031771679048999e-07
1.378220520171567102e-07
1.370380960473147212e-07
1.362508672087201555e-07
1.354598152755177822e-07
1.346647166001095791e-07
1.338651015774310261e-07
1.330606914471414338e-07
1.322513442830972720e-07
1.314368112844302924e-07
1.306169143891079207e-07
1.297914471109169073e-07
1.289604380600353514e-07
1.281238068727676618e-07
1.272815706867529688e-07
1.264339008176067980e-07
1.255807791911624292e-07
1.247223186765506381e-07
1.238585970872741371e-07
1.229899071771005321e-07
1.221164541106791074e-07
1.212385370298193243e-07
1.203563227519132906e-07
1.194702343620707438e-07
1.185804961397184218e-07
1.176874618592848470e-07
1.167915371107156691e-07
1.158929834222607560e-07
1.149924541618130523e-07
1.140902204501079499e-07
1.131867246071352149e-07
1.122824327153915778e-07
1.113776271421050665e-07
1.104729498168003425e-07
1.095688162434805480e-07
1.086656109475996370e-07
1.077641631658614194e-07
1.068645969125379106e-07
1.059674259887697414e-07
1.050732048522026303e-07
1.041821143073145277e-07
1.032950611259856911e-07
1.024123699657823005e-07
1.015342563306341262e-07
1.006615090107605319e-07
9.979437519292677257e-08
9.893319625064962173e-08
9.807872906948281141e-08
9.723085605474772244e-08
9.639000523333916374e-08
9.555723523459886944e-08
9.473232660864653125e-08
9.391553695857365011e-08
9.310781902356557581e-08
9.230892907292306833e-08
9.151908708866928669e-08
9.073909030141623587e-08
8.996872730331517172e-08
8.920812938906905177e-08
8.845825340635718916e-08
8.771879382884166704e-08
8.698974890133878299e-08
8.627204152289138124e-08
8.556514608938274059e-08
8.486914928556686307e-08
8.418479446720983734e-08
8.351150534019822799e-08
8.284960868769174115e-08
8.219934404991983136e-08
8.156078721158712937e-08
8.093361015759573746e-08
8.031818510047679623e-08
7.971456356636321917e-08
7.912216455899245651e-08
7.854143467020623110e-08
7.797219279747297009e-08
7.741445912007959099e-08
7.686773830965941628e-08
7.633261604474435267e-08
7.580841905400918728e-08
7.529528775814481585e-08
7.479313361377778798e-08
7.430194513928651960e-08
7.382102608370701003e-08
7.335053557261809532e-08
7.289040512512530800e-08
7.244025594441624981e-08
7.199972892989603858e-08
7.156893099227661959e-08
7.114782950751098506e-08
7.073568752481099484e-08
7.033254631658338757e-08
6.993825910419389391e-08
6.955240521136314865e-08
6.917457111507825481e-08
6.880485356441612539e-08
6.844301074422037535e-08
6.808846652507101597e-08
6.774109819510258695e-08
6.740067657109647832e-08
6.706693669260055736e-08
6.673969535675609565e-08
6.641853718350114690e-08
6.610337701126892381e-08
6.579378586271102520e-08
6.548931198658251356e-08
6.518999891014506389e-08
6.489560116065021043e-08
6.460566767006611164e-08
6.432000286785533672e-08
6.403825785802257766e-08
6.376051088453449088e-08
6.348624195076379579e-08
6.321527818000998930e-08
6.294732444040858551e-08
6.268244824164497604e-08
6.242011457439635053e-08
6.216003459019793277e-08
6.190209181705449902e-08
6.164627380383551690e-08
6.139221229413724617e-08
6.113962319607477244e-08
6.088844417098416674e-08
6.063868100907448775e-08
6.038995723518547702e-08
6.014203586931437861e-08
5.989490009855023452e-08
5.964856027871350361e-08
5.940258495069694780e-08
5.915686717153447407e-08
5.891137700525765425e-08
5.866609295349355402e-08
5.842074597984985637e-08
5.817531650616539378e-08
5.792972597728398779e-08
5.768392054803037962e-08
5.743779966075067555e-08
5.719125805104009634e-08
5.694423201957246780e-08
5.669682596573373097e-08
5.644886053530395105e-08
5.620021432129450174e-08
5.595095286875491573e-08
5.570113086637672341e-08
5.545076385354140143e-08
5.519958919390418780e-08
5.494776101583413283e-08
5.469543532458881973e-08
5.444244775528700927e-08
5.418881070905195714e-08
5.393454016721796070e-08
5.367965348766467439e-08
5.342427482317422328e-08
5.316843304824325691e-08
5.291191013501394360e-08
5.265500562905121091e-08
5.239785138924389855e-08
5.214031439987810335e-08
5.188246536260769126e-08
5.162436560206387881e-08
5.136610215690442709e-08
5.110776860000374462e-08
5.084945550883406282e-08
5.059096048050375183e-08
5.033257261889076457e-08
5.007446615868516924e-08
4.981652066974328804e-08
4.955887475662357552e-08
4.930150445568493976e-08
4.904458513424315832e-08
4.878827821498544802e-08
4.853251266757404723e-08
4.827736805977913283e-08
4.802292412566063475e-08
4.776935431588149180e-08
4.751664676270449859e-08
4.726486476959438582e-08
4.701404669905825155e-08
4.676425248063037861e-08
4.651573953833496329e-08
4.626837965398353693e-08
4.602230365634573438e-08
4.577750304287300781e-08
4.553409184099822978e-08
4.529229041547396790e-08
4.505197149077900200e-08
4.481320026839437673e-08
4.457606707162198236e-08
4.434059242147694612e-08
4.410696610536180783e-08
4.387507396541180456e-08
4.364494548678190417e-08
4.341672367677132964e-08
4.319035907872102221e-08
4.296606181873423690e-08
4.274369773170941958e-08
4.252328481594186926e-08
4.230498420773871690e-08
4.208866962660154065e-08
4.187462322199060494e-08
4.166261861791229980e-08
4.145268094903286445e-08
4.124495750976914970e-08
4.103931510909080156e-08
4.083600447611025526e-08
4.063480631927653993e-08
4.043582331857494003e-08
4.023901429712437290e-08
4.004435031217980631e-08
3.985198244724201140e-08
3.966172958657884357e-08
3.947377868835557393e-08
3.928787444365245884e-08
3.910431271225508713e-08
3.892282960378119062e-08
3.874356135947723758e-08
3.856640280526658491e-08
3.839130956540557522e-08
3.821838449250155843e-08
3.804741771489427926e-08
3.787869104357092020e-08
3.771182853937400269e-08
3.754712613541860408e-08
3.738425247117722428e-08
3.722347453272017062e-08
3.706451326535470478e-08
3.690745341186603474e-08
3.675223486204997349e-08
3.659881544292448623e-08
3.644722841196125209e-08
3.629727922679759495e-08
3.614913742214868314e-08
3.600258204017108738e-08
3.585778087841749514e-08
3.571442076307832337e-08
3.557275121630819374e-08
3.543248953298563822e-08
3.529385495664535481e-08
3.515653982122575624e-08
3.502077891708041646e-08
3.488622711321149393e-08
3.475312298706692168e-08
3.462119525172434367e-08
3.449055941070383900e-08
3.436109793593100747e-08
3.423289351593146917e-08
3.410576703502005077e-08
3.397974606781725184e-08
3.385474380331316487e-08
3.373078155098438970e-08
3.360783443450538172e-08
3.348592871687636549e-08
3.336491538029998315e-08
3.324477024123269081e-08
3.312545962378826661e-08
3.300699030671764054e-08
3.288936584826958040e-08
3.277259508528132687e-08
3.265651991338298493e-08
3.254112353136331858e-08
3.242637624931452236e-08
3.231231009404401472e-08
3.219891185353144102e-08
3.208620274623619705e-08
3.197403157894019580e-08
3.186242109669827013e-08
3.175133780916262278e-08
3.164081056889383443e-08
3.153081743547299630e-08
3.142137759370926019e-08
3.131242094733771961e-08
3.120386466960301260e-08
3.109572011174867894e-08
3.098801754035177931e-08
3.088079320007163116e-08
3.077401789560594270e-08
3.066765176362265988e-08
3.056158853394295491e-08
3.045583096386497288e-08
3.035044316294058086e-08
3.024546223517512327e-08
3.014085810240281522e-08
3.003660942023942624e-08
2.993269178596771979e-08
2.982904371605485868e-08
2.972572619478092679e-08
2.962268991415165610e-08
2.952001982881683378e-08
2.941770211709256747e-08
2.931573090665555924e-08
2.921395868719924219e-08
2.911243623833702185e-08
2.901123354134396684e-08
2.891038614812484307e-08
2.880984389777028116e-08
2.870957026261276046e-08
2.860964560035190144e-08
2.850992876182894892e-08
2.841049461904224013e-08
2.831131304184017682e-08
2.821253183616701865e-08
2.811406853935573135e-08
2.801590826621072721e-08
2.791800208617889847e-08
2.782040688336617805e-08
2.772313860525851355e-08
2.762615272586270453e-08
2.752949592498071103e-08
2.743321777573098222e-08
2.733726997650039627e-08
2.724157718096003035e-08
2.714618625369775310e-08
2.705116810440564416e-08
2.695647380743024130e-08
2.686210398669267167e-08
2.676811981296533184e-08
2.667448574840317712e-08
2.658115914686772034e-08
2.648812945503602554e-08
2.639552680423798538e-08
2.630328322224579004e-08
2.621135915641311814e-08
2.611986517709000044e-08
2.602872639318692339e-08
2.593794841789043813e-08
2.584751712366817594e-08
2.575750698706920142e-08
2.566789424127001406e-08
2.557861805054799239e-08
2.548980808462161920e-08
2.540135863875684824e-08
2.531327882106352493e-08
2.522562755974564999e-08
2.513836373626370887e-08
2.505155191839070592e-08
2.496510820360922753e-08
2.487912705977400477e-08
2.479350452652924007e-08
2.470828813310193457e-08
2.462356335034396976e-08
2.453920501028249168e-08
2.445532425643587337e-08
2.437185486357952535e-08
2.428879597179793988e-08
2.420615067932510554e-08
2.412392736580334912e-08
2.404220779783478647e-08
2.396085702419678591e-08
2.387997389449306430e-08
2.379954163374222332e-08
2.371948320549758861e-08
2.363993969454695497e-08
2.356076754053756949e-08
2.348203417056060138e-08
2.340377055292784993e-08
2.332590211979932578e-08
2.324855218891276037e-08
2.317158194044314452e-08
2.309504568223941219e-08
2.301894430528523046e-08
2.294324551548076743e-08
2.286805791677030966e-08
2.279323767390662962e-08
2.271886057298068962e-08
2.264496382889105669e-08
2.257143574458075585e-08
2.249838195450008010e-08
2.242571181337557591e-08
2.235342701304205962e-08
2.228165233341560589e-08
2.221025017284544261e-08
2.213928462621557573e-08
2.206873196496824714e-08
2.199855720059498286e-08
2.192886655185375179e-08
2.185952524179639019e-08
2.179057443840558857e-08
2.172206595500350095e-08
2.165391075063887167e-08
2.158620921403129868e-08
2.151887849140790786e-08
2.145191404757344154e-08
2.138540836408844049e-08
2.131922806007914738e-08
2.125343280080030795e-08
2.118802565963190606e-08
2.112296586113288472e-08
2.105832708456254569e-08
2.099404861978416661e-08
2.093011819027537762e-08
2.086661433165630989e-08
2.080342908415267252e-08
2.074058200219001626e-08
2.067811887100864115e-08
2.061597153616439259e-08
2.055420720392200391e-08
2.049279090334499742e-08
2.043170268851027280e-08
2.037100522677558421e-08
2.031061645997800182e-08
2.025053908844437036e-08
2.019082016520319587e-08
2.013137351646992206e-08
2.007226678390482388e-08
2.001348909250463259e-08
1.995501148983022899e-08
1.989688804378584963e-08
1.983907166890265229e-08
1.978157327821663799e-08
1.972435765239030132e-08
1.966739888791028861e-08
1.961075222313332655e-08
1.955439113500421047e-08
1.949837297683519414e-08
1.944263288449643625e-08
1.938720572208498903e-08
1.933206116350391819e-08
1.927715016637974633e-08
1.922253427979513243e-08
1.916815914551037491e-08
1.911407670817605626e-08
1.906027330952816713e-08
1.900671768602746071e-08
1.895346809860736173e-08
1.890046690886101228e-08
1.884774481078380059e-08
1.879523177790075654e-08
1.874293184437895049e-08
1.869088957258614887e-08
1.863906940748271351e-08
1.858754793753974639e-08
1.853624086633999300e-08
1.848519458318702027e-08
1.843437179600455640e-08
1.838376519001386765e-08
1.833339429203094966e-08
1.828318879364644189e-08
1.823325433868151172e-08
1.818349574215514461e-08
1.813399421725984173e-08
1.808470760506629488e-08
1.803564130658462235e-08
1.798679258287298480e-08
1.793810391119591598e-08
1.788964222942170446e-08
1.784133756733524889e-08
1.779326531049715634e-08
1.774536241643948093e-08
1.769766863392186062e-08
1.765017765905271800e-08
1.760287680055300925e-08
1.755577348815582987e-08
1.750881094296342593e-08
1.746205071789672330e-08
1.741542713166830164e-08
1.736901367863095118e-08
1.732275662935560845e-08
1.727668132063968734e-08
1.723078237532109689e-08
1.718506290398836702e-08
1.713951196382946960e-08
1.709409513215479635e-08
1.704887692860046928e-08
1.700377271689278828e-08
1.695885892668006169e-08
1.691409788805348525e-08
1.686950685366215421e-08
1.682505029155424897e-08
1.678078383351297809e-08
1.673665601420993965e-08
1.669266667115397265e-08
1.664885417355629535e-08
1.660515836282307841e-08
1.656161291613390674e-08
1.651822915774226710e-08
1.647499783004513504e-08
1.643188792805495892e-08
1.638896432582726764e-08
1.634614846157745619e-08
1.630349188264819269e-08
1.626097344961189493e-08
1.621860307748411268e-08
1.617635262859257184e-08
1.613425523612182860e-08
1.609231306300959307e-08
1.605049572932231424e-08
1.600881106629324265e-08
1.596729666693367033e-08
1.592590024545843956e-08
1.588461975932240824e-08
1.584352968255629953e-08
1.580253752726575476e-08
1.576168127239345431e-08
1.572099155281920564e-08
1.568043381360078960e-08
1.563999521796044514e-08
1.559972328151897214e-08
1.555956577325530420e-08
1.551955437898265377e-08
1.547966430950038523e-08
1.543993932297340970e-08
1.540032665512538444e-08
1.536084945488090513e-08
1.532154649749039608e-08
1.528236875537705619e-08
1.524330059228501491e-08
1.520441677288007517e-08
1.516563291289159534e-08
1.512700053273641610e-08
1.508850468489386512e-08
1.505015683808509554e-08
1.501192710438828640e-08
1.497384116568688849e-08
1.493592342134179344e-08
1.489813942465192967e-08
1.486046509542224328e-08
1.482297985286806429e-08
1.478559744526875759e-08
1.474836782513732288e-08
1.471127698591167236e-08
1.467433373724416284e-08
1.463751419905573439e-08
1.460084028188762969e-08
1.456432845092699176e-08
1.452796253574687892e-08
1.449170733353130899e-08
1.445563567203975365e-08
1.441967643552206421e-08
1.438387627342435475e-08
1.434819439906869680e-08
1.431267771306250571e-08
1.427727989053330264e-08
1.424202651046677745e-08
1.420693105428370679e-08
1.417198683838174642e-08
1.413715924075597022e-08
1.410250279382500834e-08
1.406797540971679908e-08
1.403359330035677742e-08
1.399932761972311125e-08
1.396524286013192039e-08
1.393125635830147276e-08
1.389741394072698015e-08
1.386373078321629310e-08
1.383019097610923399e-08
1.379677873783212109e-08
1.376351273498119699e-08
1.373040612798657071e-08
1.369741348329129205e-08
1.366457114909378895e-08
1.363185740115424132e-08
1.359927648981296173e-08
1.356682083931836524e-08
1.353451398071928749e-08
1.350233404620505964e-08
1.347031621953133475e-08
1.343840411675136104e-08
1.340665343586012672e-08
1.337502759680897826e-08
1.334354051841053674e-08
1.331215568071524887e-08
1.328093284863131474e-08
1.324980242707305507e-08
1.321879949665949865e-08
1.318794376988219242e-08
1.315720490461901534e-08
1.312660151943000213e-08
1.309611449147309009e-08
1.306577472879903615e-08
1.303553901534258771e-08
1.300544884787119408e-08
1.297544198873874063e-08
1.294558676084097323e-08
1.291581500530735152e-08
1.288616804166468147e-08
1.285664889090133040e-08
1.282724807599891710e-08
1.279795696439068299e-08
1.276878586338857875e-08
1.273974353351301694e-08
1.271079729511297099e-08
1.268198348456808908e-08
1.265324664924419275e-08
1.262464629734290427e-08
1.259612625628763688e-08
1.256771512191352547e-08
1.253942315315702484e-08
1.251123756065376778e-08
1.248315237195170563e-08
1.245517236114131308e-08
1.242731415633010825e-08
1.239954165193934199e-08
1.237188777341802543e-08
1.234429938855290794e-08
1.231684068713204509e-08
1.228944651641557804e-08
1.226214966383901432e-08
1.223496215330627934e-08
1.220786310755643740e-08
1.218086449498448946e-08
1.215394735750844558e-08
1.212714694717717802e-08
1.210042520446963971e-08
1.207380349223030543e-08
1.204724920554136098e-08
1.202080774641702218e-08
1.199442672926116520e-08
1.196813426750299847e-08
1.194193467933554866e-08
1.191582082066396903e-08
1.188980360669396360e-08
1.186385270832727082e-08
1.183800329266377080e-08
1.181224300356011904e-08
1.178655187172737300e-08
1.176094727074183589e-08
1.173541631909850769e-08
1.170997505534710703e-08
1.168459738849766890e-08
1.165929787107415842e-08
1.163409064037417872e-08
1.160896201433446204e-08
1.158390913179550638e-08
1.155892136271053675e-08
1.153404125269416365e-08
1.150921885578316391e-08
1.148448225016041961e-08
1.145979960004662687e-08
1.143521462589874546e-08
1.141068455298398451e-08
1.138622170342079025e-08
1.136183737140108286e-08
1.133753530490647750e-08
1.131330878109297983e-08
1.128914462749704443e-08
1.126505259174935532e-08
1.124105409987215617e-08
1.121710400666094685e-08
1.119324115670510419e-08
1.116942466985951082e-08
1.114571206741814006e-08
1.112204108062162172e-08
1.109844103006928033e-08
1.107491410733524476e-08
1.105146697194686019e-08
1.102809211303295595e-08
1.100477477769950280e-08
1.098153032040808873e-08
1.095837426595684898e-08
1.093526475217752401e-08
1.091224017280451583e-08
1.088925909732305888e-08
1.086638029272404980e-08
1.084354240791970419e-08
1.082077288368828964e-08
1.079807371132328250e-08
1.077545299897590343e-08
1.075290317990719164e-08
1.073041134556038639e-08
1.070798571792828554e-08
1.068564954745285330e-08
1.066335757257962685e-08
1.064114944339506004e-08
1.061898623654103565e-08
1.059691559491255147e-08
1.057489276341230031e-08
1.055293002722601901e-08
1.053104187996808961e-08
1.050922803837930923e-08
1.048748355344020710e-08
1.046580115616285905e-08
1.044417323105122005e-08
1.042263867955086845e-08
1.040115600620596893e-08
1.037974060852848126e-08
1.035838750405340697e-08
1.033710138292357532e-08
1.031588798339752249e-08
1.029472608172830744e-08
1.027363121222548273e-08
1.025261252025935532e-08
1.023165441997233801e-08
1.021077412055359397e-08
1.018994102734612119e-08
1.016918683283946067e-08
1.014850511621897843e-08
1.012787114276234588e-08
1.010731909813057339e-08
1.008680696679354166e-08
1.006638884145668803e-08
1.004601166467048061e-08
1.002569695746373182e-08
1.000545248048693631e-08
9.985277896111140040e-09
9.965168433136280589e-09
9.945121556681757117e-09
9.925127622008437724e-09
9.905217085020938409e-09
9.885364716719251773e-09
9.865565354292930118e-09
9.845838291769505616e-09
9.826157467804029872e-09
9.806562171609565720e-09
9.787003691605765927e-09
9.767509650023880915e-09
9.748081782421037481e-09
9.728716681173387112e-09
9.709421716403140318e-09
9.690178984015563728e-09
9.670992149111258312e-09
9.651885247515945175e-09
9.632830921461894165e-09
9.613831079918046599e-09
9.594896619601470030e-09
9.576009352711787252e-09
9.557201340853855341e-09
9.538429308164246483e-09
9.519718926374966447e-09
9.501071647675118579e-09
9.482483472630484873e-09
9.463961784428734232e-09
9.445490143077501920e-09
9.427070665391482831e-09
9.408726602714258130e-09
9.390435137001926006e-09
9.372191616045624055e-09
9.354012900036278215e-09
9.335872911826984594e-09
9.317813772282949158e-09
9.299785048212102740e-09
9.281813641017924642e-09
9.263900379329101379e-09
9.246047292866448064e-09
9.228248205211948924e-09
9.210504603574836180e-09
9.192804107851347327e-09
9.175172737562187141e-09
9.157596346492312044e-09
9.140059389879629033e-09
9.122590273504351278e-09
9.105152188615938415e-09
9.087785241150654966e-09
9.070455191853767176e-09
9.053172017132838119e-09
9.035941212625593622e-09
9.018770022560526374e-09
9.001642179986684606e-09
8.984576388440797482e-09
8.967546906358437238e-09
8.950574058250986906e-09
8.933661863958866099e-09
8.916789735630436464e-09
8.899967721286202578e-09
8.883193077954999297e-09
8.866458669286772694e-09
8.849790263297881236e-09
8.833148049304149657e-09
8.816554789213722803e-09
8.800012607260437304e-09
8.783523007441362705e-09
8.767080141407163352e-09
8.750685510526610224e-09
8.734325925320296650e-09
8.718024154159002215e-09
8.701775765971963862e-09
8.685559870542567596e-09
8.669401508553588850e-09
8.653272816718475652e-09
8.637194904341803973e-09
8.621166257277939481e-09
8.605169483732359415e-09
8.589216321889292912e-09
8.573309668012367725e-09
8.557451435531171071e-09
8.541639908754385626e-09
8.525869121601700276e-09
8.510132637619528085e-09
8.494452897686718548e-09
8.478818637202354844e-09
8.463214008381063254e-09
8.447665123229238069e-09
8.432143317374070172e-09
8.416670496948250518e-09
8.401241824082572325e-09
8.385842390633654431e-09
8.370485199440628036e-09
8.355171699538500562e-09
8.339903837479793115e-09
8.324679888136323169e-09
8.309494790129787173e-09
8.294340019863841322e-09
8.279238669013062388e-09
8.264182956797285549e-09
8.249153805885230584e-09
8.234177138956770432e-09
8.219228144304927438e-09
8.204320556841429513e-09
8.189463394081607312e-09
8.174628891726117226e-09
8.159834032885372550e-09
8.145081881896941309e-09
8.130374306479392637e-09
8.115704024754406815e-09
8.101076998495913280e-09
8.086477170812644552e-09
8.071922038304309902e-09
8.057416870745236783e-09
8.042940732705537473e-09
8.028501824918169399e-09
8.014103392267252294e-09
7.999730085129154231e-09
7.985416155290140477e-09
7.971122625090598284e-09
7.956864758205400509e-09
7.942644921770890482e-09
7.928468776698334192e-09
7.914326841236459543e-09
7.900229074585825124e-09
7.886163349959650360e-09
7.872127401558992456e-09
7.858141912228519227e-09
7.844192658649149373e-09
7.830268648264058990e-09
7.816393755066066926e-09
7.802543622700346226e-09
7.788730860337016906e-09
7.774964760746543230e-09
7.761217910032474078e-09
7.747507186170236019e-09
7.733836998466059023e-09
7.720207383223149863e-09
7.706608590783795248e-09
7.693053744529109710e-09
7.679524817203077701e-09
7.666030191893660094e-09
7.652585755439045291e-09
7.639170352351031251e-09
7.625781005581753163e-09
7.612438835035946073e-09
7.599117352075476497e-09
7.585838941149375909e-09
7.572597998755076916e-09
7.559380083412423553e-09
7.546196484756856270e-09
7.533050039983792977e-09
7.519943072953226086e-09
7.506866034591590706e-09
7.493831228901015552e-09
7.480820122618266044e-09
7.467842541634758569e-09
7.454913108935813793e-09
7.442011857427024142e-09
7.429135019607950713e-09
7.416303536677156928e-09
7.403491671985605118e-09
7.390718966671999335e-09
7.377984918967374803e-09
7.365270478938758511e-09
7.352588830135716040e-09
7.339942573933459149e-09
7.327335250546201613e-09
7.314754224504663051e-09
7.302214033273488400e-09
7.289699625881962353e-09
7.277213795957059538e-09
7.264771883274550407e-09
7.252360201213642733e-09
7.239970913906863670e-09
7.227624119698791339e-09
7.215301213341930759e-09
7.203005068545584549e-09
7.190755900101352402e-09
7.178521255908513610e-09
7.166317310577157345e-09
7.154147205443345244e-09
7.142011940973455291e-09
7.129905528904566351e-09
7.117835913473775670e-09
7.105794133877525876e-09
7.093774611569811435e-09
7.081793992267897624e-09
7.069850382440825093e-09
7.057930869357074071e-09
7.046038110765738730e-09
7.034182262672345458e-09
7.022342720515949448e-09
7.010545960656701734e-09
6.998775745804181753e-09
6.987027428020951299e-09
6.975307798866669192e-09
6.963619873629458868e-09
6.951967189272771371e-09
6.940338170432596806e-09
6.928746451161733594e-09
6.917177521711933831e-09
6.905633173281355307e-09
6.894127412115388164e-09
6.882652626226453268e-09
6.871197836656327831e-09
6.859776771899335259e-09
6.848382008695769792e-09
6.837004973816013996e-09
6.825673851122093302e-09
6.814358006563586977e-09
6.803068501375881047e-09
6.791805405687031033e-09
6.780571262293082915e-09
6.769369811827915654e-09
6.758191346950594352e-09
6.747047725720864619e-09
6.735924343246342214e-09
6.724825752212697095e-09
6.713764284683512577e-09
6.702729475657184152e-09
6.691713369525496696e-09
6.680730224442984864e-09
6.669771810189648747e-09
6.658830069905873827e-09
6.647931576627547651e-09
6.637048017250584219e-09
6.626188007410440238e-09
6.615353613290910009e-09
6.604547027352142035e-09
6.593771021975824770e-09
6.583016703605699794e-09
6.572295440047919497e-09
6.561594375103914184e-09
6.550914165743842909e-09
6.540268301100240867e-09
6.529651881035790380e-09
6.519053154027896347e-09
6.508480494125758270e-09
6.497937019318831615e-09
6.487406566426175944e-09
6.476912716627600194e-09
6.466442892151904270e-09
6.455988635308230631e-09
6.445558232713838551e-09
6.435155900600667409e-09
6.424782475807559247e-09
6.414429582788671866e-09
6.404107167459252433e-09
6.393806695429816002e-09
6.383522886997588887e-09
6.373269040934942518e-09
6.363047206991240169e-09
6.352845574391215618e-09
6.342659766447013290e-09
6.332508811572233726e-09
6.322371959347512902e-09
6.312256151279029149e-09
6.302177567681875113e-09
6.292108987818097254e-09
6.282063730250708918e-09
6.272041267946054556e-09
6.262043061211277382e-09
6.252072552053601071e-09
6.242121169385806804e-09
6.232199339667925864e-09
6.222295593389539970e-09
6.212409469440658786e-09
6.202554313771329224e-09
6.192726505909992992e-09
6.182914963914446829e-09
6.173123183694467354e-09
6.163360759021488533e-09
6.153611078387561596e-09
6.143887170615465777e-09
6.134193549224997304e-09
6.124509362281355880e-09
6.114847702803345623e-09
6.105209718005980472e-09
6.095594851901964025e-09
6.086004844335007842e-09
6.076434278083430704e-09
6.066890939115079673e-09
6.057363978620792759e-09
6.047855338009280009e-09
6.038375954188466191e-09
6.028921595989540939e-09
6.019482732052122957e-09
6.010063826535513367e-09
6.000672035695780685e-09
5.991291610172866514e-09
5.981936582643125976e-09
5.972610560425870349e-09
5.963293529443048333e-09
5.953998402048610624e-09
5.944724331953915354e-09
5.935472520251227609e-09
5.926245060589813484e-09
5.917035163406716488e-09
5.907852293723762897e-09
5.898685548255233988e-09
5.889534550570936429e-09
5.880410534760154813e-09
5.871312588213478291e-09
5.862230620529423925e-09
5.853163056766637905e-09
5.844125063847998795e-09
5.835098809105898527e-09
5.826090185701862322e-09
5.817114433919536263e-09
5.808146950212120859e-09
5.799199364534542943e-09
5.790270126560451970e-09
5.781362202876518365e-09
5.772478992723947275e-09
5.763611088684735480e-09
5.754768676694745385e-09
5.745943665091374301e-09
5.737131361692968099e-09
5.728342606122358374e-09
5.719581603390781978e-09
5.710836126189101190e-09
5.702104283107429729e-09
5.693396716313943060e-09
5.684708907412920474e-09
5.676031403005932908e-09
5.667380675956481903e-09
5.658752088176956103e-09
5.650131826597723726e-09
5.641531554609057544e-09
5.632951551307551019e-09
5.624391133368078161e-09
5.615852340234773587e-09
5.607329378175002624e-09
5.598831253768928701e-09
5.590347373474708135e-09
5.581877195756539158e-09
5.573431096124411290e-09
5.565008856846994182e-09
5.556602074382146398e-09
5.548206842001582901e-09
5.539838539334479720e-09
5.531483357301109928e-09
5.523140052449909656e-09
5.514826764912654725e-09
5.506528231002279634e-09
5.498240226200212494e-09
5.489971099223138185e-09
5.481720897830686838e-09
5.473490439237555972e-09
5.465279753517852211e-09
5.457083775737745330e-09
5.448911475922827517e-09
5.440752709901733559e-09
5.432607052768658927e-09
5.424484223142049329e-09
5.416384149788324010e-09
5.408298645136038630e-09
5.400223737491933689e-09
5.392174207370297232e-09
5.384138311123643487e-09
5.376112698012946723e-09
5.368113857839957019e-09
5.360131919852212654e-09
5.352157951376265193e-09
5.344202147602129626e-09
5.336264266717663921e-09
5.328343820954455465e-09
5.320443453287247752e-09
5.312556471335831236e-09
5.304692202891019907e-09
5.296841315830925101e-09
5.289001102454652445e-09
5.281182293641205032e-09
5.273386817993762785e-09
5.265604362021005804e-09
5.257833822626066304e-09
5.250082528685112075e-09
5.242350413649829156e-09
5.234626375663349044e-09
5.226921467982732009e-09
5.219240700907977213e-09
5.211565468019029725e-09
5.203906897027749722e-09
5.196263387838259018e-09
5.188637491454183278e-09
5.181031291459868319e-09
5.173438057980981905e-09
5.165864070227720258e-09
5.158306254816556684e-09
5.150760160557157009e-09
5.143228092344673435e-09
5.135716895424259744e-09
5.128225680321254585e-09
5.120746706140975949e-09
5.113277358184791616e-09
5.105831836411582829e-09
5.098396602388406516e-09
5.090971399780614207e-09
5.083570914906212293e-09
5.076185736508841284e-09
5.068807490427166595e-09
5.061445735839177064e-09
5.054099129055268546e-09
5.046768057897773390e-09
5.039456226745734825e-09
5.032155536698328548e-09
5.024874950671355672e-09
5.017607711851290119e-09
5.010350929172239098e-09
5.003109799770734943e-09
4.995888707731399727e-09
4.988684789351862445e-09
4.981491926121423773e-09
4.974308961562308719e-09
4.967149002076087936e-09
4.959997714300736345e-09
4.952856233866367661e-09
4.945739350103898563e-09
4.938635125417595841e-09
4.931537729025917210e-09
4.924455829492887833e-09
4.917388918372909122e-09
4.910336460815685461e-09
4.903302089334690174e-09
4.896278367431837824e-09
4.889273646107931105e-09
4.882281676516262941e-09
4.875299738776935283e-09
4.868331966839347602e-09
4.861383008182480693e-09
4.854451250767391075e-09
4.847530167323800480e-09
4.840617539653288054e-09
4.833726517790191773e-09
4.826845943802102436e-09
4.819973500860768418e-09
4.813121496432554152e-09
4.806286452747818371e-09
4.799456097319245243e-09
4.792640282107594278e-09
4.785837445014492391e-09
4.779049366143773154e-09
4.772278188385287183e-09
4.765518724404391399e-09
4.758773632558397605e-09
4.752044385100179485e-09
4.745325793207194563e-09
4.738616715482050532e-09
4.731925077870377417e-09
4.725252063487436547e-09
4.718589329171920295e-09
4.711936354712324534e-09
4.705298432262634394e-09
4.698676607293434995e-09
4.692061446135281147e-09
4.685458099891188406e-09
4.678877802801424160e-09
4.672304323536000557e-09
4.665740121809238983e-09
4.659189295280963247e-09
4.652652433518243086e-09
4.646128519507609972e-09
4.639620739966768576e-09
4.633122259967942573e-09
4.626641064389153741e-09
4.620171411172489698e-09
4.613710916771913750e-09
4.607262476230508951e-09
4.600830693730979227e-09
4.594415316871554305e-09
4.588009881888919499e-09
4.581611326430458188e-09
4.575231054894346261e-09
4.568863466477674937e-09
4.562501861240117369e-09
4.556154153912194452e-09
4.549826543779186063e-09
4.543503362845173280e-09
4.537191262669921420e-09
4.530890305656702689e-09
4.524604205937332414e-09
4.518330378748101936e-09
4.512071042757995310e-09
4.505820747951720363e-09
4.499587443710487321e-09
4.493364257817699263e-09
4.487149676564417802e-09
4.480946809559857171e-09
4.474760051749864168e-09
4.468588678299539261e-09
4.462426601819522742e-09
4.456271229366756284e-09
4.450132849401487156e-09
4.444007139051976488e-09
4.437886962083929319e-09
4.431778921767397855e-09
4.425691167167827764e-09
4.419608847296072565e-09
4.413534979687009760e-09
4.407473394689133746e-09
4.401424426655159507e-09
4.395386833592014646e-09
4.389364156979991450e-09
4.383349812641614466e-09
4.377350405983871813e-09
4.371362429647252093e-09
4.365383514593060348e-09
4.359413085702576539e-09
4.353457618107434876e-09
4.347518308443449176e-09
4.341587828685596511e-09
4.335666197844691795e-09
4.329755134544197517e-09
4.323859902147768222e-09
4.317970648221722084e-09
4.312089143862120798e-09
4.306226573639778071e-09
4.300375816208893923e-09
4.294528644921036634e-09
4.288693692446229189e-09
4.282868352575371838e-09
4.277055594402342605e-09
4.271255514938234393e-09
4.265467116942871303e-09
4.259687320498116434e-09
4.253923076272529978e-09
4.248167402998911693e-09
4.242418846934833812e-09
4.236681946451338609e-09
4.230959046360087817e-09
4.225250239231323698e-09
4.219549650267053053e-09
4.213854894532448433e-09
4.208174859483188818e-09
4.202507363329599273e-09
4.196844893401115033e-09
4.191191128635451581e-09
4.185556839686270820e-09
4.179929577127012566e-09
4.174307496359651186e-09
4.168696822785130137e-09
4.163096371797576368e-09
4.157506946445816571e-09
4.151930358735025470e-09
4.146363694188507446e-09
4.140806000105194069e-09
4.135263096405750315e-09
4.129727843488658078e-09
4.124198843527089952e-09
4.118681910563347755e-09
4.113178462147210967e-09
4.107687687043075144e-09
4.102204810978413095e-09
4.096727386258575579e-09
4.091264361835780729e-09
4.085812879203950728e-09
4.080366131078686088e-09
4.074927477976734888e-09
4.069507630612385725e-09
4.064095103657703898e-09
4.058686998351381525e-09
4.053289772245550703e-09
4.047901582111263182e-09
4.042524535335966285e-09
4.037159106492954495e-09
4.031803981984079576e-09
4.026456738422964576e-09
4.021123569492972454e-09
4.015798021942368968e-09
4.010479300194086117e-09
4.005169742507127169e-09
3.999873449795925884e-09
3.994590208235505736e-09
3.989314036957222274e-09
3.984045304270041008e-09
3.978785934059759778e-09
3.973540185304081321e-09
3.968299412977017746e-09
3.963065150142896020e-09
3.957845721194813485e-09
3.952638715374215966e-09
3.947433713235594379e-09
3.942239032833040086e-09
3.937052328283648624e-09
3.931876891952430665e-09
3.926710358923818512e-09
3.921556075731312697e-09
3.916408132477428131e-09
3.911271666224619133e-09
3.906145631132530998e-09
3.901027365821530833e-09
3.895914270111801978e-09
3.890812959036415320e-09
3.885724382267193046e-09
3.880646090007619977e-09
3.875574763242372013e-09
3.870508008061755076e-09
3.865454762984677167e-09
3.860411952084304180e-09
3.855373455586786500e-09
3.850341467804655929e-09
3.845326315472941570e-09
3.840319262901305230e-09
3.835314943178578554e-09
3.830320390321051899e-09
3.825333078913280027e-09
3.820357665354333640e-09
3.815391101042707002e-09
3.810435058040186041e-09
3.805485214768991350e-09
3.800547311947235153e-09
3.795617881101289900e-09
3.790695745457849968e-09
3.785778964654450646e-09
3.780873442691508830e-09
3.775980787620748999e-09
3.771096865118459221e-09
3.766219699082543537e-09
3.761346889721077638e-09
3.756487368586602474e-09
3.751637311451042188e-09
3.746791193744820517e-09
3.741951236551416229e-09
3.737127603211966263e-09
3.732312051519030486e-09
3.727498673185647768e-09
3.722694915950598617e-09
3.717897796889271372e-09
3.713111756890288307e-09
3.708333806823709133e-09
3.703566578680976066e-09
3.698804974449723496e-09
3.694053747462786047e-09
3.689312366625520788e-09
3.684577664056629409e-09
3.679847548117793023e-09
3.675127702372362678e-09
3.670418637982094931e-09
3.665720409407615018e-09
3.661028184217561796e-09
3.656341255305099487e-09
3.651663668829651717e-09
3.646997288747278022e-09
3.642335081272468129e-09
3.637678369762652282e-09
3.633033340252952871e-09
3.628400379375748339e-09
3.623769685462438973e-09
3.619145650936784646e-09
3.614530437728488649e-09
3.609922872065741764e-09
3.605323194718440520e-09
3.600733811323092397e-09
3.596152395026857989e-09
3.591577077819050984e-09
3.587013404720679484e-09
3.582456075639045458e-09
3.577904780366529948e-09
3.573359305777925584e-09
3.568824117786655178e-09
3.564300697202839957e-09
3.559784172138944774e-09
3.555273928981151919e-09
3.550767464065482684e-09
3.546273114773100137e-09
3.541787486958317729e-09
3.537305535787584844e-09
3.532828728369028153e-09
3.528365841369922314e-09
3.523911762673211649e-09
3.519458915051255408e-09
3.515014319374718102e-09
3.510576464090825481e-09
3.506147962462222979e-09
3.501726079126787175e-09
3.497314253954827750e-09
3.492909045544935703e-09
3.488510351238762617e-09
3.484122880658787079e-09
3.479740837459632633e-09
3.475364415091538084e-09
3.470994040937603465e-09
3.466633489546441657e-09
3.462283978286683243e-09
3.457940813388785099e-09
3.453603714359977532e-09
3.449270195428614968e-09
3.444948423377214838e-09
3.440634774660199385e-09
3.436324412396290514e-09
3.432019061673311782e-09
3.427726716442257701e-09
3.423443288106466007e-09
3.419161065989047965e-09
3.414886380998303587e-09
3.410618776037397375e-09
3.406358636251418419e-09
3.402105363218671392e-09
3.397861472969434287e-09
3.393624705138157239e-09
3.389393360725281570e-09
3.385172642057187409e-09
3.380957791483425753e-09
3.376748669264577724e-09
3.372544000138807991e-09
3.368348381360105036e-09
3.364163032638180219e-09
3.359985585094892686e-09
3.355813550938821157e-09
3.351645687961844478e-09
3.347485950453893791e-09
3.343336054487263887e-09
3.339190064527299062e-09
3.335048212775899502e-09
3.330914882268097241e-09
3.326793490469047682e-09
3.322675777732870580e-09
3.318561441085406929e-09
3.314454724213800109e-09
3.310353324356841094e-09
3.306261148287760607e-09
3.302175515018205669e-09
3.298098644506837067e-09
3.294026379769513620e-09
3.289961213592928364e-09
3.285905995438548335e-09
3.281855425848353403e-09
3.277809208757216419e-09
3.273769221010128766e-09
3.269738304579954086e-09
3.265717034824912226e-09
3.261701335356817456e-09
3.257691113273020435e-09
3.253683881359663029e-09
3.249687062492130481e-09
3.245698161371760080e-09
3.241712305565705716e-09
3.237730911069333463e-09
3.233759367411436391e-09
3.229797754154331674e-09
3.225838320233185172e-09
3.221883290952885201e-09
3.217935436281430348e-09
3.213993140252046390e-09
3.210058969370885448e-09
3.206131557962819062e-09
3.202212055151352547e-09
3.198296744441478019e-09
3.194388939086113904e-09
3.190490028358599600e-09
3.186595614052908541e-09
3.182705236066206480e-09
3.178820904135534003e-09
3.174945025014898503e-09
3.171078460372232039e-09
3.167217296244718839e-09
3.163361344864269399e-09
3.159508329277144426e-09
3.155664901246204409e-09
3.151829224698483592e-09
3.147996349508156300e-09
3.144167821012616016e-09
3.140347619241464173e-09
3.136537850804611552e-09
3.132731089537037240e-09
3.128927479280421742e-09
3.125130857601577041e-09
3.121338817087913563e-09
3.117555452490708171e-09
3.113777460625307424e-09
3.110007621270122019e-09
3.106242591268380942e-09
3.102482976786530976e-09
3.098732697869328473e-09
3.094986920358755067e-09
3.091245884332605269e-09
3.087508748811321438e-09
3.083779520822867080e-09
3.080058854550996208e-09
3.076345533038601837e-09
3.072636379897897637e-09
3.068931724659270452e-09
3.065231505553163547e-09
3.061541423244594730e-09
3.057855977849915541e-09
3.054173127212985011e-09
3.050494838005611224e-09
3.046828056393212482e-09
3.043167827050764866e-09
3.039508261507164523e-09
3.035854468497822920e-09
3.032206986649226839e-09
3.028564649024789592e-09
3.024928743916953305e-09
3.021299543245290433e-09
3.017677492068786210e-09
3.014058889599300114e-09
3.010447291445085983e-09
3.006843605935390893e-09
3.003243949050362825e-09
2.999648041466515986e-09
2.996057103321102033e-09
2.992473614126665792e-09
2.988898797587632297e-09
2.985329456738163535e-09
2.981764457589826752e-09
2.978202787808845018e-09
2.974647388429431360e-09
2.971100576260107490e-09
2.967557646966108425e-09
2.964017471273478433e-09
2.960482278048577454e-09
2.956958012254708771e-09
2.953439327199673303e-09
2.949921192493220192e-09
2.946408998255973693e-09
2.942902518238053491e-09
2.939401250720313829e-09
2.935906041386651031e-09
2.932417152683547629e-09
2.928935004570547678e-09
2.925456218353995431e-09
2.921983837206399747e-09
2.918519460046773799e-09
2.915058584188141943e-09
2.911601720384996706e-09
2.908148959450904328e-09
2.904703079679236914e-09
2.901265563214104489e-09
2.897833910961555231e-09
2.894406220888598619e-09
2.890982470167325321e-09
2.887562634521997301e-09
2.884152130011437002e-09
2.880745992621531949e-09
2.877342117767783061e-09
2.873942061046731076e-09
2.870551876873493732e-09
2.867168707963847336e-09
2.863786786305424743e-09
2.860408840648567350e-09
2.857036711387700856e-09
2.853668444473901685e-09
2.850307668323146923e-09
2.846951439949620752e-09
2.843602189347374368e-09
2.840257260971744970e-09
2.836916529824013821e-09
2.833583868089737759e-09
2.830255302195243312e-09
2.826931386051107653e-09
2.823610102033884474e-09
2.820295142712532574e-09
2.816986973674642911e-09
2.813686170044202598e-09
2.810389330167803890e-09
2.807096788407754585e-09
2.803806495711948830e-09
2.800523797686222937e-09
2.797247850244770777e-09
2.793974739168016819e-09
2.790704379779703564e-09
2.787438872577058631e-09
2.784183300512210101e-09
2.780932488855112507e-09
2.777682113042962924e-09
2.774436997161408196e-09
2.771197278053534403e-09
2.767961656690634805e-09
2.764732018799421093e-09
2.761507733414661881e-09
2.758289760523217546e-09
2.755075233263003363e-09
2.751865372851492766e-09
2.748663186564002827e-09
2.745464499191087605e-09
2.742269911354392546e-09
2.739077889847782974e-09
2.735892545035054482e-09
2.732713498642742246e-09
2.729541330079083012e-09
2.726372637243639129e-09
2.723208025321264479e-09
2.720045468968364136e-09
2.716890376207944079e-09
2.713741627911335247e-09
2.710595651918649966e-09
2.707452269305192866e-09
2.704313254781418624e-09
2.701183762676983287e-09
2.698059233721879489e-09
2.694935144172671306e-09
2.691815558355985964e-09
2.688701255041853620e-09
2.685590513222816461e-09
2.682486271281103458e-09
2.679386400543186222e-09
2.676292635219439354e-09
2.673202724915388804e-09
2.670116583152737222e-09
2.667037770246612027e-09
2.663962720525148939e-09
2.660892016251621752e-09
2.657823547817942754e-09
2.654760116349238944e-09
2.651702876865056473e-09
2.648652505630441330e-09
2.645606344747501133e-09
2.642563805460873104e-09
2.639524326157092639e-09
2.636488683668111100e-09
2.633460985521412334e-09
2.630437046648631175e-09
2.627414966752282679e-09
2.624396026599999876e-09
2.621384769268409051e-09
2.618380523205083388e-09
2.615378308759748797e-09
2.612377893157859946e-09
2.609382790984412509e-09
2.606391511072732525e-09
2.603405571092342584e-09
2.600423631679642595e-09
2.597447306299795063e-09
2.594476536470912718e-09
2.591508338475554445e-09
2.588544984505503172e-09
2.585588607178766283e-09
2.582635070447575277e-09
2.579685107350146495e-09
2.576737599270543328e-09
2.573796060487534224e-09
2.570860177458504864e-09
2.567930617019219625e-09
2.565004318895569896e-09
2.562081722408476682e-09
2.559161160383290141e-09
2.556246230456012776e-09
2.553337806642938520e-09
2.550432507336335806e-09
2.547529143554705373e-09
2.544628876925289122e-09
2.541736587706202376e-09
2.538850363561606997e-09
2.535965586521370394e-09
2.533082954950141828e-09
2.530205173638499388e-09
2.527330885153438189e-09
2.524462170236765702e-09
2.521597010431433188e-09
2.518737157690714073e-09
2.515882555840479722e-09
2.513030418202923821e-09
2.510182849071873770e-09
2.507341926905084158e-09
2.504503668437311684e-09
2.501668950643870960e-09
2.498836368425625266e-09
2.496009273616197687e-09
2.493187678853551406e-09
2.490372028084961593e-09
2.487559799590898781e-09
2.484750885330756274e-09
2.481944512053151040e-09
2.479141852174270247e-09
2.476346387687984157e-09
2.473554434197779574e-09
2.470764162176857075e-09
2.467976747723269105e-09
2.465195348495306657e-09
2.462421030021556430e-09
2.459649244403827076e-09
2.456878137711562944e-09
2.454111835715775848e-09
2.451349622720768448e-09
2.448590840978737201e-09
2.445837060885002644e-09
2.443087492858739789e-09
2.440343057684950445e-09
2.437601883063169376e-09
2.434863894740883281e-09
2.432131937775483770e-09
2.429403871583176522e-09
2.426679152771518146e-09
2.423956746334393546e-09
2.421237688089035824e-09
2.418523687430690718e-09
2.415815555399207897e-09
2.413112813091835756e-09
2.410412405471093022e-09
2.407715357015301199e-09
2.405019779665868132e-09
2.402330661773409430e-09
2.399646658899759303e-09
2.396964998003336863e-09
2.394285211825699254e-09
2.391608347819472565e-09
2.388939087210870744e-09
2.386275130595224045e-09
2.383612478211851913e-09
2.380951561971250865e-09
2.378295174497501074e-09
2.375642219477169991e-09
2.372993422552994967e-09
2.370348393180324428e-09
2.367708012186419834e-09
2.365072486473440476e-09
2.362439606740722355e-09
2.359809926599957886e-09
2.357186330200492237e-09
2.354565840369062496e-09
2.351948894283645531e-09
2.349333850775176367e-09
2.346722304180298102e-09
2.344115406290974651e-09
2.341514251567077358e-09
2.338918100705716831e-09
2.336324147153557498e-09
2.333733355000942696e-09
2.331143925177033491e-09
2.328560441333329086e-09
2.325982025001456758e-09
2.323406084859412979e-09
2.320831834635980295e-09
2.318260193850342153e-09
2.315695174595633056e-09
2.313135752165329742e-09
2.310578116934578662e-09
2.308021399249470585e-09
2.305468981834034270e-09
2.302920188959883208e-09
2.300374546054464481e-09
2.297833498423397055e-09
2.295296070564490583e-09
2.292763271736258453e-09
2.290233680849038152e-09
2.287706808541964519e-09
2.285184843518201199e-09
2.282667393576731133e-09
2.280152401337716249e-09
2.277640103342432993e-09
2.275129774435683439e-09
2.272624637977166980e-09
2.270124107152462093e-09
2.267628681172612341e-09
2.265136001183255669e-09
2.262646155015491204e-09
2.260158689613912969e-09
2.257673824964011543e-09
2.255195311456259970e-09
2.252720370167216470e-09
2.250246767304056302e-09
2.247775573813216784e-09
2.245307778664715021e-09
2.242847160061694986e-09
2.240390343094821215e-09
2.237933894573717047e-09
2.235480091482668314e-09
2.233030125660309879e-09
2.230582870125543817e-09
2.228140266202105976e-09
2.225700539687578229e-09
2.223265111415211986e-09
2.220834046215624834e-09
2.218405285530627244e-09
2.215979440374798865e-09
2.213559121424329911e-09
2.211141781288521518e-09
2.208727392176857549e-09
2.206315005298467721e-09
2.203905118654711779e-09
2.201499978273156051e-09
2.199099465748271284e-09
2.196703807514241907e-09
2.194310381830796866e-09
2.191919817222144737e-09
2.189531144399769644e-09
2.187145505087612463e-09
2.184765893483929010e-09
2.182389302425493871e-09
2.180013934229099159e-09
2.177640952028897679e-09
2.175271310556833917e-09
2.172908420248354453e-09
2.170549192063733351e-09
2.168190314650198546e-09
2.165833845424317827e-09
2.163481084736616835e-09
2.153375759498790996e-09
2.151038667149245804e-09
2.148704565231313822e-09
2.146374462935314425e-09
2.144048552004668707e-09
2.141725049002164872e-09
2.108557281729152712e-09
2.106276817749651203e-09
2.104000055533741713e-09
2.101725691926313779e-09
2.099453701657015817e-09
2.097183458258493329e-09
2.079582630267620535e-09
2.077338765338713879e-09
2.075099559093255060e-09
2.072863139970710096e-09
2.070629209869919138e-09
2.068397838568330588e-09
2.035675538849604902e-09
2.033486350757786208e-09
2.031301108044157899e-09
2.029117478090722040e-09
2.026935436529315572e-09
2.024755687839609357e-09
2.007425995088360270e-09
2.005274302319174317e-09
2.003124247330666777e-09
2.000974588088915355e-09
1.998828645611725163e-09
1.996686111049304973e-09
1.994545080570557657e-09
1.962313923801006696e-09
1.960214451000077044e-09
1.958119098442641810e-09
1.956027529938396008e-09
1.953937664750416258e-09
1.951849765174080702e-09
1.934810886326611974e-09
1.932746835238168908e-09
1.930685830190665455e-09
1.928626297019833117e-09
1.926569288873897653e-09
1.924516110027096089e-09
1.892741048789557808e-09
1.890729924511196768e-09
1.888720796999401413e-09
1.886714155813784829e-09
1.884709523276704905e-09
1.882706452540182854e-09
1.865938842798266474e-09
1.863960497631743853e-09
1.861983318255030154e-09
1.860007831044663893e-09
1.858034639827092817e-09
1.856067634474826020e-09
1.824755280311149032e-09
1.822826047095095320e-09
1.820897425389246582e-09
1.818972404058850688e-09
1.817050548774282544e-09
1.815130153549177199e-09
1.798634559076192975e-09
1.796735844680903436e-09
1.794841111033447569e-09
1.792950000137342067e-09
1.791060524471445421e-09
1.789172863790175540e-09
1.758324673891806720e-09
1.756475492793735401e-09
1.754628970481477569e-09
1.752784115484168095e-09
1.750941218724328067e-09
1.749102239689992909e-09
1.732881056281118682e-09
1.731064313528305594e-09
1.729249871061429724e-09
1.727437720713935616e-09
