-1.118377208149121090e-13
-1.301595506911741924e-13
-1.487588494530846598e-13
-1.673242873284660600e-13
-1.855330941409610416e-13
-2.030515370068360266e-13
-2.195397042513357740e-13
-2.346480347242693811e-13
-2.480233280943410434e-13
-2.593115259130873426e-13
-2.681520018352633297e-13
-2.741852151901778806e-13
-2.770493010950547697e-13
-2.763844548431513962e-13
-2.718320320966884487e-13
-2.630328465491492710e-13
-2.496379154977453440e-13
-2.312983361453352203e-13
-2.076778099420793157e-13
-1.784363835233196426e-13
-1.432353542214842677e-13
-1.017582609321839038e-13
-5.369620926840060999e-14
1.267317460792080361e-15
6.343986219472730279e-14
1.330964289035460542e-13
2.105180179550858815e-13
2.959977892721888584e-13
3.897736567080735335e-13
4.921170840652954406e-13
6.032484997569765391e-13
7.234034482601890584e-13
8.528185892569066680e-13
9.916551028599523665e-13
1.140180415899619957e-12
1.298506361540365484e-12
1.466872611559645371e-12
1.645402060842811109e-12
1.834256570437766054e-12
2.033580185907252029e-12
2.243521875696708611e-12
2.464138483988703497e-12
2.695607592398681003e-12
2.938003926603381419e-12
3.191377455425557024e-12
3.455842044412428401e-12
3.731396658264740071e-12
4.018214136371487008e-12
4.316228817135642733e-12
4.625477544008871779e-12
4.946086918803722735e-12
5.277896949569604572e-12
5.621009158168329396e-12
5.975453418889464048e-12
6.341082166847632132e-12
6.717976982234438321e-12
7.106104572188280214e-12
7.505324768307381933e-12
7.915668532292946006e-12
8.337071953523865395e-12
8.769400248544155979e-12
9.212615691465873333e-12
9.666648559400623100e-12
1.013136090393395979e-11
1.060669121161419155e-11
1.109251975598858683e-11
1.158872475390253901e-11
1.209523789992434656e-11
1.261188259909960104e-11
1.313847826466569231e-11
1.367493462061210979e-11
1.422120385556857244e-11
1.477703789724219822e-11
1.534227271671012977e-11
1.591677697340753175e-11
1.650047757798634476e-11
1.709308696391903529e-11
1.769446207925220968e-11
1.830445823222962795e-11
1.892296848130211099e-11
1.954973673234462268e-11
2.018457586022812547e-11
2.082728960973483980e-11
2.147783377914525139e-11
2.213598635582992249e-11
2.280145374559619593e-11
2.347404848284748111e-11
2.415375105323508151e-11
2.484032755555892679e-11
2.553351728548555801e-11
2.623314916155022649e-11
2.693903687157698779e-11
2.765100978574170766e-11
2.836902074581591351e-11
2.909271935511428414e-11
2.982188739478853998e-11
3.055643370291774572e-11
3.129612286704284863e-11
3.204093630041548466e-11
3.279058364328461487e-11
3.354482113826231427e-11
3.430354092314736906e-11
3.506652337205728744e-11
3.583377482880561672e-11
3.660502416310903742e-11
3.738008269688961706e-11
3.815878231561402160e-11
3.894093286468692518e-11
3.972651794955403602e-11
4.051531480369350613e-11
4.130722835675598648e-11
4.210201341652606152e-11
4.289955850767760182e-11
4.369972336453239229e-11
4.450242249152211033e-11
4.530752222734400051e-11
4.611490288028690890e-11
4.692441630875512960e-11
4.773592488743097567e-11
4.854931542475398279e-11
4.936447104308144741e-11
5.018132599743653286e-11
5.099978001665452616e-11
5.181975794078885854e-11
5.264115980787491061e-11
5.346381792375254852e-11
5.428763498418846101e-11
5.511256986904178132e-11
5.593856697093038799e-11
5.676560222435786071e-11
5.759365252269552581e-11
5.842251764671067873e-11
5.925208888650742040e-11
6.008230937705821956e-11
6.091318346453547655e-11
6.174469485860963094e-11
6.257692152634737177e-11
6.340978321815982772e-11
6.424304339248641639e-11
6.507664099793853933e-11
6.591058715877193347e-11
6.674488348699620241e-11
6.757959951094684911e-11
6.841481469157874889e-11
6.925045045905870035e-11
7.008631121478490061e-11
7.092235689302360976e-11
7.175861543816929456e-11
7.259509645800751374e-11
7.343189033972184088e-11
7.426910523734280343e-11
7.510671128352915168e-11
7.594456722246747730e-11
7.678263420437952790e-11
7.762093082296201054e-11
7.845950429724115345e-11
7.929837343283731078e-11
8.013769734968727181e-11
8.097748897166092706e-11
8.181769482277244590e-11
8.265828324648890075e-11
8.349922933483043033e-11
8.434062530412509678e-11
8.518248581879623556e-11
8.602485586746028414e-11
8.686786567895134105e-11
8.771149766707871114e-11
8.855576073784788268e-11
8.940067318965208404e-11
9.024620466008245599e-11
9.109248282967778394e-11
9.193952595166720899e-11
9.278733842954672205e-11
9.363605315335588835e-11
9.448565003029858962e-11
9.533613297748864246e-11
9.618760325275179450e-11
9.704001245063665202e-11
9.789345201447100763e-11
9.874805395533230767e-11
9.960375882515612206e-11
1.004606346028032691e-10
1.013187290562170316e-10
1.021779701730385140e-10
1.030384882463737486e-10
1.039003345044279693e-10
1.047634388421553372e-10
1.056280001325520971e-10
1.064940886647945181e-10
1.073616318845549546e-10
1.082306783518848567e-10
1.091012437473989425e-10
1.099732355143015968e-10
1.108467839561213145e-10
1.117219745058915832e-10
1.125987055288404243e-10
1.134771373521747311e-10
1.143574184840139325e-10
1.152394775564555483e-10
1.161232506310852062e-10
1.170087802385521534e-10
1.178959903694780566e-10
1.187848314285122110e-10
1.196755057454386280e-10
1.205679618766542940e-10
1.214621314837229782e-10
1.223582760144480710e-10
1.232564132044090860e-10
1.241564440175046700e-10
1.250582914594325343e-10
1.259619546981317007e-10
1.268673353471684689e-10
1.277743865627257238e-10
1.286832793342030182e-10
1.295939523183824336e-10
1.305063234834317509e-10
1.314205877487547461e-10
1.323367664161547595e-10
1.332547839435277601e-10
1.341745014027465832e-10
1.350959108067206701e-10
1.360189439594543176e-10
1.369434828819965546e-10
1.378695916829955235e-10
1.387972774445234749e-10
1.397264536687173443e-10
1.406571152572494263e-10
1.415893694626060987e-10
1.425231662812229984e-10
1.434584146484556690e-10
1.443949550205199495e-10
1.453327484225678917e-10
1.462717291999507883e-10
1.472117962216496668e-10
1.481529416986010069e-10
1.490951429810279940e-10
1.500383464001289964e-10
1.509824808138218414e-10
1.519275302444512530e-10
1.528734720926157155e-10
1.538202635063062880e-10
1.547676771921725603e-10
1.557156152119472621e-10
1.566640559389932784e-10
1.576129417578648390e-10
1.585621213984864498e-10
1.595115561969473549e-10
1.604612375234376597e-10
1.614111269363927571e-10
1.623610141050414164e-10
1.633108466564431540e-10
1.642606257527040124e-10
1.652103121358320940e-10
1.661595702611700211e-10
1.671083324243155029e-10
1.680566086551643386e-10
1.690043825192094000e-10
1.699514015371876524e-10
1.708976134664395584e-10
1.718430442867229249e-10
1.727877133838425876e-10
1.737312460142099413e-10
1.746735274593718353e-10
1.756145796777475286e-10
1.765544666251221605e-10
1.774928291499308519e-10
1.784294556776535773e-10
1.793643898645669616e-10
1.802977071433390150e-10
1.812292455886499007e-10
1.821587473432391135e-10
1.830862390226354790e-10
1.840118251920637190e-10
1.849354336706682472e-10
1.858564896415424139e-10
1.867749585055409933e-10
1.876909442720233098e-10
1.886045330375871642e-10
1.895152320241064172e-10
1.904228938873047616e-10
1.913276024655768745e-10
1.922294775322766298e-10
1.931283962967434331e-10
1.940240247481608651e-10
1.949164147227119099e-10
1.958057146069204466e-10
1.966919662748197521e-10
1.975744952393678837e-10
1.984531379719208233e-10
1.993279951223265556e-10
2.001992320344770044e-10
2.010666799285374432e-10
2.019298585559346509e-10
2.027888214673488676e-10
2.036437279251573839e-10
2.044947448487829850e-10
2.053415544621522616e-10
2.061839743875738595e-10
2.070220927783474029e-10
2.078561510363813174e-10
2.086861686499681168e-10
2.095112811442301504e-10
2.103314322742771793e-10
2.111467476795798792e-10
2.119574227155489269e-10
2.127634473192840166e-10
2.135642272984961383e-10
2.143598633898872668e-10
2.151504984404354366e-10
2.159363619287368519e-10
2.167174133999520125e-10
2.174932615396244609e-10
2.182639829216832986e-10
2.190297756018289788e-10
2.197908835285281610e-10
2.205468743635914214e-10
2.212971935149262412e-10
2.220419706737406539e-10
2.227813860845927020e-10
2.235156082380933591e-10
2.242444669204489737e-10
2.249676237859617672e-10
2.256852035230514542e-10
2.263973596460999669e-10
2.271043297979761554e-10
2.278061328155678009e-10
2.285024180755007288e-10
2.291932432158027399e-10
2.298788119498415233e-10
2.305593986362622652e-10
2.312348526433661091e-10
2.319045086272279360e-10
2.325684927875264398e-10
2.332269088452658091e-10
2.338800120121347960e-10
2.345279501048952736e-10
2.351702968425532895e-10
2.358071234557820601e-10
2.364385118357103825e-10
2.370647114408204124e-10
2.376859784095327012e-10
2.383020555003813508e-10
2.389128555649670522e-10
2.395184648345113027e-10
2.401191459276088800e-10
2.407150182563011664e-10
2.413060401532673199e-10
2.418917666951784869e-10
2.424722597107662465e-10
2.430476377226873864e-10
2.436181546762998592e-10
2.441839592473512448e-10
2.447449381174742974e-10
2.453010171550733923e-10
2.458522870009456918e-10
2.463989672940017824e-10
2.469412067073836252e-10
2.474792047489899569e-10
2.480126616779730593e-10
2.485416343923649569e-10
2.490662765828611296e-10
2.495867487130291947e-10
2.501032786841973641e-10
2.506155641029978492e-10
2.511235512085638163e-10
2.516273475903750249e-10
2.521270261475693460e-10
2.526227170481831031e-10
2.531147383827010562e-10
2.536029792142916609e-10
2.540874874099117324e-10
2.545682920126583989e-10
2.550455833968675096e-10
2.555194811474198358e-10
2.559902003781344229e-10
2.564575679152345155e-10
2.569216641316416141e-10
2.573824953763805104e-10
2.578402182297780770e-10
2.582949504136975507e-10
2.587468575343297759e-10
2.591957166080180004e-10
2.596416469443159286e-10
2.600846733261337389e-10
2.605248871255789733e-10
2.609624002122947527e-10
2.613975406215446999e-10
2.618302388571293690e-10
2.622605875566185104e-10
2.626886135023005612e-10
2.631143957191234958e-10
2.635380524292293854e-10
2.639597999710781725e-10
2.643795309480058984e-10
2.647973150742155626e-10
2.652131366803834625e-10
2.656271059746363818e-10
2.660392840300764099e-10
2.664498242629404993e-10
2.668587335737761151e-10
2.672660349649871673e-10
2.676717408506107758e-10
2.680759177051970713e-10
2.684785815645934856e-10
2.688799304202285387e-10
2.692801823684864106e-10
2.696793530943245177e-10
2.700774570111582384e-10
2.704745141544600617e-10
2.708706043847130987e-10
2.712657657943290202e-10
2.716601460663145938e-10
2.720537194276244479e-10
2.724465102477438909e-10
2.728385146199816078e-10
2.732297703683705193e-10
2.736203038200842896e-10
2.740102258363915140e-10
2.743996179358174824e-10
2.747884886630552044e-10
2.751768570069868989e-10
2.755647154408480181e-10
2.759520936452437885e-10
2.763390264286374897e-10
2.767257535010223225e-10
2.771123320991607724e-10
2.774987717822001524e-10
2.778850643797880391e-10
2.782712384390854245e-10
2.786572963503134065e-10
2.790432900434572511e-10
2.794292168303867626e-10
2.798150777629034488e-10
2.802008680779359066e-10
2.805865911514977289e-10
2.809722519559783731e-10
2.813578398309222587e-10
2.817434069234495622e-10
2.821290043089025406e-10
2.825146439401237633e-10
2.829003206388798777e-10
2.832860326255331549e-10
2.836717753558841817e-10
2.840575469009063590e-10
2.844434432793944230e-10
2.848295268090677204e-10
2.852157955860873532e-10
2.856022429583081943e-10
2.859888747214952826e-10
2.863756970153553559e-10
2.867627059114836079e-10
2.871498117071056911e-10
2.875369378986442150e-10
2.879240679612639287e-10
2.883112102312083272e-10
2.886983671751299972e-10
2.890855171533637290e-10
2.894726645798279891e-10
2.898597591278616930e-10
2.902467649971292886e-10
2.906336920759546134e-10
2.910205333804103966e-10
2.914072917228280028e-10
2.917939628951328608e-10
2.921805457656178156e-10
2.925670290354506490e-10
2.929533423989528645e-10
2.933394832982752128e-10
2.937254421525568902e-10
2.941112295423478297e-10
2.944968671759278731e-10
2.948823572802326655e-10
2.952676550177716672e-10
2.956524376869831529e-10
2.960366808949312436e-10
2.964203754099080721e-10
2.968035333332764868e-10
2.971861419643812854e-10
2.975682340150310492e-10
2.979497919719924128e-10
2.983306737291516575e-10
2.987107307549387839e-10
2.990899770623723950e-10
2.994684259392404920e-10
2.998460991190105661e-10
3.002229914260548836e-10
3.005991403500186027e-10
3.009745311153053137e-10
3.013488745147160907e-10
3.017221716634558354e-10
3.020944112757204243e-10
3.024656045808589043e-10
3.028357808747134397e-10
3.032049837744763714e-10
3.035732355321333577e-10
3.039402903196979514e-10
3.043058107182041731e-10
3.046697930519922530e-10
3.050322449815818439e-10
3.053931795011945473e-10
3.057526768308888869e-10
3.061107130693224218e-10
3.064673495076006921e-10
3.068223210978234348e-10
3.071754610169758686e-10
3.075267572462063597e-10
3.078762568768658214e-10
3.082240098004769772e-10
3.085700242151855189e-10
3.089143554999476354e-10
3.092570731309864641e-10
3.095978156716092727e-10
3.099364126761223250e-10
3.102728920255167066e-10
3.106073098587207943e-10
3.109396947202899610e-10
3.112700695570415798e-10
3.115985306604917313e-10
3.119251023818863916e-10
3.122493053255582692e-10
3.125709522578108646e-10
3.128900724810003896e-10
3.132067161997581090e-10
3.135209331080139770e-10
3.138327423848603944e-10
3.141421943413247321e-10
3.144494127929443634e-10
3.147540851201657406e-10
3.150560727244724939e-10
3.153553742956725714e-10
3.156520031497815126e-10
3.159460285745493522e-10
3.162375497042224233e-10
3.165266118001386112e-10
3.168131997379828394e-10
3.170973197408416513e-10
3.173785457722150042e-10
3.176569343918387316e-10
3.179324778796982154e-10
3.182052030988560793e-10
3.184752145472252229e-10
3.187425691944921914e-10
3.190073149115222282e-10
3.192695477066874906e-10
3.195286829238299809e-10
3.197847726097535469e-10
3.200378197396407364e-10
3.202878856840684665e-10
3.205349920310238385e-10
3.207791787758888811e-10
3.210205356540081787e-10
3.212591788121483251e-10
3.214950300100869134e-10
3.217278689266754675e-10
3.219577271945620617e-10
3.221846416667522961e-10
3.224086081204064253e-10
3.226297542847014548e-10
3.228481520291215087e-10
3.230638187357504660e-10
3.232769673939594050e-10
3.234872078548720692e-10
3.236944394104482922e-10
3.238987494631351768e-10
3.241001392393106991e-10
3.242986719960198814e-10
3.244944349520136920e-10
3.246874751100520007e-10
3.248778658239531821e-10
3.250656342112619753e-10
3.252505208344099944e-10
3.254325356056059170e-10
3.256116786234289928e-10
3.257880119758698843e-10
3.259615588954955069e-10
3.261323934617891068e-10
3.263005563658329671e-10
3.264660933431876183e-10
3.266292157151937539e-10
3.267897844872809268e-10
3.269477730973354992e-10
3.271032280322047931e-10
3.272561715408345782e-10
3.274066408088811375e-10
3.275547284439496553e-10
3.277004659575269259e-10
3.278439009759842830e-10
3.279852012951010118e-10
3.281241711130370328e-10
3.282608033064644625e-10
3.283951038735180767e-10
3.285271230674673600e-10
3.286568674001882872e-10
3.287844280965709305e-10
3.289098337311352810e-10
3.290331298053704352e-10
3.291544934236293041e-10
3.292737627574342210e-10
3.293909834811136201e-10
3.295061724795125379e-10
3.296193233601791491e-10
3.297304742163936638e-10
3.298396812543962811e-10
3.299469895948214641e-10
3.300524118549446093e-10
3.301561291013964798e-10
3.302582545921808161e-10
3.303587748975033855e-10
3.304576953397751214e-10
3.305550243294996587e-10
3.306507935275526100e-10
3.307450154369964090e-10
3.308377546550327472e-10
3.309290561116516363e-10
3.310189585836739857e-10
3.311076314984308001e-10
3.311949963160534958e-10
3.312810555857059255e-10
3.313658145915832784e-10
3.314492955174908507e-10
3.315315155131781669e-10
3.316125067758440695e-10
3.316923030838638214e-10
3.317709109486791276e-10
3.318484367064670423e-10
3.319249917435283751e-10
3.320005741438646730e-10
3.320751966372272164e-10
3.321488624645716838e-10
3.322215852875923926e-10
3.322933709198594444e-10
3.323642557084540969e-10
3.324342410938493483e-10
3.325033518459272825e-10
3.325717918070337255e-10
3.326396659232480328e-10
3.327069758530466529e-10
3.327737303708513312e-10
3.328399373643048370e-10
3.329056025931278143e-10
3.329707342919446200e-10
3.330353589764020208e-10
3.330994941067524635e-10
3.331631520510004670e-10
3.332264489263822772e-10
3.332893948044835966e-10
3.333519919222282760e-10
3.334142417153123456e-10
3.334761506096263556e-10
3.335377221066878775e-10
3.335989586440534197e-10
3.336598697786989460e-10
3.337204629018968200e-10
3.337807443891622924e-10
3.338408087810355233e-10
3.339007357951248528e-10
3.339605379153848419e-10
3.340202133183165099e-10
3.340797626101605277e-10
3.341391876287467803e-10
3.341984887258338232e-10
3.342576695501566974e-10
3.343167264768652019e-10
3.343756626552840832e-10
3.344345710947181103e-10
3.344935592574059850e-10
3.345526294150131440e-10
3.346117849040346265e-10
3.346710218868280193e-10
3.347303419606377260e-10
3.347897421198823115e-10
3.348492280391655345e-10
3.349088017921257930e-10
3.349684664247316158e-10
3.350282311248296181e-10
3.350880933128570598e-10
3.351480420373975800e-10
3.352080781322492361e-10
3.352682024533578465e-10
3.353284140205764239e-10
3.353887083861134555e-10
3.354490852229637657e-10
3.355095367216531528e-10
3.355700625699416152e-10
3.356306631842939116e-10
3.356913367829009641e-10
3.357521059973002551e-10
3.358129719179433066e-10
3.358739307571287347e-10
3.359349820315142279e-10
3.359961281039618855e-10
3.360573663471392869e-10
3.361186915224495743e-10
3.361801003546297532e-10
3.362415929513787394e-10
3.363031722527032250e-10
3.363648352334796329e-10
3.364265662143960545e-10
3.364883643086735141e-10
3.365502217402765864e-10
3.366121430408108596e-10
3.366741293975700259e-10
3.367361799185638719e-10
3.367982971147405059e-10
3.368604812796663274e-10
3.369227314045325408e-10
3.369850212095008925e-10
3.370472330235177150e-10
3.371093006612565789e-10
3.371712342729060244e-10
3.372330277865054059e-10
3.372946718978237958e-10
3.373561853373528692e-10
3.374175616084160951e-10
3.374787938703952438e-10
3.375398921597001620e-10
3.376008561732105143e-10
3.376616464553416601e-10
3.377221924528813046e-10
3.377824487355606017e-10
3.378424172536853201e-10
3.379020938356595538e-10
3.379614808877723840e-10
3.380205867271594340e-10
3.380794002252222556e-10
3.381379442922995566e-10
3.381962235429424613e-10
3.382542187572372058e-10
3.383119492632307395e-10
3.383693156591665194e-10
3.384262221590185368e-10
3.384826472017244198e-10
3.385385957136410243e-10
3.385940883660118582e-10
3.386491166658220205e-10
3.387036975995355827e-10
3.387578423274526900e-10
3.388115374810111544e-10
3.388648218978296605e-10
3.389176868047892725e-10
3.389700418967834001e-10
3.390216491218610214e-10
3.390725167133436840e-10
3.391226504656936173e-10
3.391720626270568695e-10
3.392207637058945835e-10
3.392687051091508025e-10
3.393159539923107373e-10
3.393624957144016227e-10
3.394083489607510724e-10
3.394535391778335523e-10
3.394980064190428900e-10
3.395416813054323883e-10
3.395844877186219886e-10
3.396264196513572488e-10
3.396674499739338746e-10
3.397076157560581068e-10
3.397469126524261105e-10
3.397853745156732881e-10
3.398229916872045377e-10
3.398597966021985640e-10
3.398958173466218086e-10
3.399309899095368388e-10
3.399654163964641069e-10
3.399988383673530072e-10
3.400312352443280434e-10
3.400626329441778984e-10
3.400930337724410548e-10
3.401223872726097517e-10
3.401507591983462156e-10
3.401781276720053744e-10
3.402045793734093478e-10
3.402300558259553096e-10
3.402546326898686564e-10
3.402782895357941712e-10
3.403010103400439770e-10
3.403225551372742179e-10
3.403429307789598692e-10
3.403621470700449627e-10
3.403802327570203387e-10
3.403971215863792058e-10
3.404128914392028284e-10
3.404274925937679834e-10
3.404410401398285191e-10
3.404534554884433617e-10
3.404648281104867744e-10
3.404751180487924724e-10
3.404843963136417380e-10
3.404925300282402355e-10
3.404995056231759844e-10
3.405053510864875817e-10
3.405100682349428260e-10
3.405136401645889117e-10
3.405160615491064772e-10
3.405173980450984438e-10
3.405176576791739242e-10
3.405168655076159495e-10
3.405150362984212076e-10
3.405121304136117328e-10
3.405083086750277452e-10
3.405033761658710620e-10
3.404973365691840398e-10
3.404901942315733232e-10
3.404818845043762465e-10
3.404724633975430492e-10
3.404619638654220079e-10
3.404503793283910556e-10
3.404377165408658625e-10
3.404239980655521441e-10
3.404092661469153354e-10
3.403935003212929034e-10
3.403767528684744550e-10
3.403590646106917595e-10
3.403402440679580020e-10
3.403203430883985868e-10
3.402993780079413927e-10
3.402773700771458694e-10
3.402542772187404634e-10
3.402301412175160034e-10
3.402049314891517643e-10
3.401787435630202899e-10
3.401515321489047518e-10
3.401233574257456768e-10
3.400941564113908397e-10
3.400641116989294264e-10
3.400331388702165480e-10
3.400013160021891585e-10
3.399685860845564843e-10
3.399349524294944546e-10
3.399004476964821370e-10
3.398651001028525941e-10
3.398288731417132739e-10
3.397917688801885271e-10
3.397538454346543631e-10
3.397151188461694517e-10
3.396756042125584103e-10
3.396352802348407041e-10
3.395942777422284600e-10
3.395525535741640544e-10
3.395100813539670637e-10
3.394669060667797667e-10
3.394229600157996201e-10
3.393782930091695414e-10
3.393329339056391196e-10
3.392868580831951451e-10
3.392400599443167525e-10
3.391925787283222113e-10
3.391444353144702736e-10
3.390956330112455754e-10
3.390461667372569341e-10
3.389961322529084388e-10
3.389455118015584894e-10
3.388943021676561920e-10
3.388425315340101583e-10
3.387901643041745173e-10
3.387372246635041729e-10
3.386837422843532251e-10
3.386296871143814800e-10
3.385750638382746381e-10
3.385198960609859869e-10
3.384641943304952229e-10
3.384079809548088115e-10
3.383512084882116646e-10
3.382940282589714325e-10
3.382364618264134080e-10
3.381785677581199451e-10
3.381203051317600806e-10
3.380616982282280795e-10
3.380027571319206037e-10
3.379434683791703744e-10
3.378838294527323709e-10
3.378238574070338917e-10
3.377635651561737563e-10
3.377029699334984298e-10
3.376420466490689699e-10
3.375808101008466821e-10
3.375193071070267623e-10
3.374576078123907382e-10
3.373956766958385527e-10
3.373335563572854896e-10
3.372712208356473445e-10
3.372086841500224980e-10
3.371459327535810004e-10
3.370829860864114153e-10
3.370198431516473671e-10
3.369564952871258595e-10
3.368929552063130546e-10
3.368292256778961998e-10
3.367653131249430913e-10
3.367012105172767225e-10
3.366369669957844298e-10
3.365726045347363206e-10
3.365081519305642647e-10
3.364436044668808645e-10
3.363789624348640356e-10
3.363142180573926780e-10
3.362493913228210048e-10
3.361844613620956047e-10
3.361194400316511467e-10
3.360543371635735266e-10
3.359891350383512139e-10
3.359238345931384838e-10
3.358584562809582584e-10
3.357929854838540734e-10
3.357274861135327070e-10
3.356620139313249260e-10
3.355965654954252594e-10
3.355311451513546768e-10
3.354657580918945701e-10
3.354003947248931199e-10
3.353350600060203953e-10
3.352697562073761028e-10
3.352044733548681151e-10
3.351392327114325718e-10
3.350740145418945656e-10
3.350088247990076759e-10
3.349436794141774428e-10
3.348785590593569167e-10
3.348134855044922539e-10
3.347484599753100259e-10
3.346834645449348625e-10
3.346184964066809067e-10
3.345535711957816802e-10
3.344886762211359169e-10
3.344238083117053795e-10
3.343589811964962077e-10
3.342941850458109899e-10
3.342294121815421453e-10
3.341646812075916961e-10
3.340999726009255429e-10
3.340352868772390987e-10
3.339706413971198863e-10
3.339060132814966252e-10
3.338414016907086152e-10
3.337768155348869208e-10
3.337122461692393386e-10
3.336476955809845722e-10
3.335831634921899356e-10
3.335186527805444018e-10
3.334541602259372435e-10
3.333896855517385846e-10
3.333252293433441443e-10
3.332607889015498468e-10
3.331963589501944944e-10
3.331319455868606523e-10
3.330675437449223119e-10
3.330031575327891203e-10
3.329387912779598497e-10
3.328744241485111585e-10
3.328100679806841689e-10
3.327457104275364485e-10
3.326813605640044589e-10
3.326170134179158780e-10
3.325526659539417876e-10
3.324883269556235994e-10
3.324239907088390007e-10
3.323596552031358526e-10
3.322953293612390443e-10
3.322310119474337985e-10
3.321667011162905084e-10
3.321023945637906355e-10
3.320380881608967162e-10
3.319737214253307531e-10
3.319092371945904002e-10
3.318446408193141293e-10
3.317799551666308009e-10
3.317151331933934517e-10
3.316502136662176502e-10
3.315851865387053438e-10
3.315200505223779719e-10
3.314548153520449900e-10
3.313894535531918656e-10
3.313239991280599545e-10
3.312584419457857238e-10
3.311927700407156443e-10
3.311269976401804760e-10
3.310611015676341104e-10
3.309950448410928109e-10
3.309288042225612891e-10
3.308623565050945490e-10
3.307957414756251053e-10
3.307289267172135855e-10
3.306619258353163652e-10
3.305947467646944896e-10
3.305273774524061954e-10
3.304598352392797285e-10
3.303921061016568751e-10
3.303241896072220280e-10
3.302561064180990284e-10
3.301878563647055112e-10
3.301194102584639578e-10
3.300507996601507870e-10
3.299820009593843389e-10
3.299129363339269096e-10
3.298436330696027946e-10
3.297740980311321987e-10
3.297043054954107795e-10
3.296342852672449324e-10
3.295640157134834950e-10
3.294935017669973706e-10
3.294227662158783124e-10
3.293517867597196285e-10
3.292805914588657378e-10
3.292091688422964894e-10
3.291375233452095713e-10
3.290656680386923435e-10
3.289936030882016081e-10
3.289212808382699531e-10
3.288486130845710504e-10
3.287756401844508249e-10
3.287022745715253164e-10
3.286285925298485203e-10
3.285545790236964037e-10
3.284802036253025121e-10
3.284055247958530931e-10
3.283304930770095704e-10
3.282551197678212973e-10
3.281794300272761176e-10
3.281034205230045554e-10
3.280270944486268786e-10
3.279504528453049846e-10
3.278734836642226733e-10
3.277961968931515715e-10
3.277185992061674322e-10
3.276406187676591775e-10
3.275622715207576325e-10
3.274835726082343412e-10
3.274044915923346431e-10
3.273250811130749624e-10
3.272452911742735488e-10
3.271651480451290453e-10
3.270846643919893382e-10
3.270038046021234380e-10
3.269226224926361204e-10
3.268411164135191982e-10
3.267592507778807364e-10
3.266770581290326254e-10
3.265945309512841978e-10
3.265117090039918345e-10
3.264285897564481500e-10
3.263450824592885267e-10
3.262612406469080862e-10
3.261770735130160865e-10
3.260925356712049335e-10
3.260076906201908052e-10
3.259224735423800756e-10
3.258369280536622759e-10
3.257510627113242406e-10
3.256648388833740458e-10
3.255783145220337082e-10
3.254914787729461720e-10
3.254043266116096014e-10
3.253168599038642849e-10
3.252290790659578465e-10
3.251410110632234530e-10
3.250526518078792739e-10
3.249639128788983399e-10
3.248748386436741087e-10
3.247854279982926938e-10
3.246956602547911993e-10
3.246055735253405728e-10
3.245151226845293830e-10
3.244243584654952673e-10
3.243332513989052676e-10
3.242417934238429555e-10
3.241500280882346353e-10
3.240579369803426811e-10
3.239655176235263003e-10
3.238727955639248829e-10
3.237797555028640191e-10
3.236863978537685789e-10
3.235927774458091570e-10
3.234988812949694927e-10
3.234047276373250691e-10
3.233102836257922557e-10
3.232155792838323029e-10
3.231206118501405503e-10
3.230253628563071601e-10
3.229298652123848870e-10
3.228340869925935270e-10
3.227380611532355707e-10
3.226417742124044069e-10
3.225452276325036598e-10
3.224484547671927068e-10
3.223514072663895564e-10
3.222541289917804590e-10
3.221566022397047328e-10
3.220588805923271798e-10
3.219609929166485157e-10
3.218628869389589110e-10
3.217646064940198870e-10
3.216661345842934918e-10
3.215674793764408555e-10
3.214686436380635509e-10
3.213696085350965506e-10
3.212704088429986280e-10
3.211710088571907263e-10
3.210714339503214420e-10
3.209716884703002286e-10
3.208717620207075573e-10
3.207716744005559993e-10
3.206714179788562494e-10
3.205709874212549542e-10
3.204704014074342196e-10
3.203696785365190996e-10
3.202688154142566685e-10
3.201678091740318342e-10
3.200666656804414022e-10
3.199653895115578317e-10
3.198639696019689338e-10
3.197624162097792991e-10
3.196607204400573069e-10
3.195589017878266532e-10
3.194569407576293721e-10
3.193548441607704804e-10
3.192526243741570284e-10
3.191502607610699591e-10
3.190477735860590924e-10
3.189451630321691580e-10
3.188424118339177241e-10
3.187395391962362457e-10
3.186365740584313639e-10
3.185335432232021973e-10
3.184304622067923365e-10
3.183273239373348718e-10
3.182241392809121441e-10
3.181209060850657827e-10
3.180176147708891979e-10
3.179142748997010515e-10
3.178108905078222005e-10
3.177074511302184841e-10
3.176039634205549738e-10
3.175004293015613046e-10
3.173968428133184452e-10
3.172932262909747246e-10
3.171895429479678256e-10
3.170858349577600675e-10
3.169820674502218556e-10
3.168782839498289240e-10
3.167744925437710253e-10
3.166707048565827437e-10
3.165669162923865575e-10
3.164631249091278244e-10
3.163593365321019313e-10
3.162555421662780635e-10
3.161517538615580957e-10
3.160479598272992367e-10
3.159441709211155660e-10
3.158403770227831611e-10
3.157365890745987168e-10
3.156327993317942348e-10
3.155290132183997867e-10
3.154252265754132912e-10
3.153214440408364428e-10
3.152176609634223175e-10
3.151138802232483719e-10
3.150101082670501077e-10
3.149063389740115243e-10
3.148025799060730252e-10
3.146988222128156464e-10
3.145950763156294314e-10
3.144913335549570029e-10
3.143875981801285650e-10
3.142838679496604337e-10
3.141801424783552772e-10
3.140764244033165872e-10
3.139727101974048726e-10
3.138690056592079262e-10
3.137653009312350678e-10
3.136616031283459194e-10
3.135579025982422914e-10
3.134542079481520477e-10
3.133505122355121181e-10
3.132468192868910354e-10
3.131431437368560850e-10
3.130394888143119577e-10
3.129358755783051119e-10
3.128322875333135095e-10
3.127287365286063675e-10
3.126252150167913215e-10
3.125217256437658270e-10
3.124182687133016243e-10
3.123148415423711880e-10
3.122114497407635061e-10
3.121080884533419731e-10
3.120047571361836376e-10
3.119014588216860962e-10
3.117981878867065640e-10
3.116949522400584645e-10
3.115917452074489095e-10
3.114885717838493870e-10
3.113854267512908558e-10
3.112823160694752123e-10
3.111792331188275662e-10
3.110761543028628914e-10
3.109731019999393643e-10
3.108700525823045319e-10
3.107670260592661263e-10
3.106640039826078565e-10
3.105610023575611321e-10
3.104580076739918034e-10
3.103550341183006999e-10
3.102520651576185786e-10
3.101491187963379729e-10
3.100461729596553116e-10
3.099432536099576088e-10
3.098403343306116171e-10
3.097374420586143976e-10
3.096345495116158135e-10
3.095316810555184473e-10
3.094288083364113774e-10
3.093259353837757109e-10
3.092230274263868053e-10
3.091201027040114373e-10
3.090171431090094233e-10
3.089141646512805737e-10
3.088111537585901542e-10
3.087081219195462950e-10
3.086050601406381259e-10
3.085019749260333324e-10
3.083988626184200443e-10
3.082957243794700346e-10
3.081925619120638410e-10
3.080893702000593220e-10
3.079861534645591432e-10
3.078829061881652215e-10
3.077796336987168629e-10
3.076763308870296166e-10
3.075730030365386993e-10
3.074696448349299511e-10
3.073662588474352081e-10
3.072628353793064056e-10
3.071593817960854202e-10
3.070558915850277376e-10
3.069523707508907482e-10
3.068488143796942858e-10
3.067452284556764921e-10
3.066416057041665023e-10
3.065379549611437054e-10
3.064342655165372457e-10
3.063305504469714234e-10
3.062267942576990042e-10
3.061230154290722458e-10
3.060192001635789442e-10
3.059153621217191747e-10
3.058114890490499768e-10
3.057075926275381187e-10
3.056036631781778169e-10
3.054997074133691361e-10
3.053957104672961113e-10
3.052916372376033607e-10
3.051875104038151822e-10
3.050833068391093618e-10
3.049790501981630815e-10
3.048747183937960803e-10
3.047703330409201884e-10
3.046658733962031075e-10
3.045613568589909420e-10
3.044567717917210130e-10
3.043521256706740016e-10
3.042474162062708408e-10
3.041426431364296933e-10
3.040378146056639282e-10
3.039329205194801100e-10
3.038279721477229462e-10
3.037229561807823774e-10
3.036178900794536876e-10
3.035127494312588561e-10
3.034075457371827031e-10
3.033022468041519493e-10
3.031968713970741530e-10
3.030914034093159014e-10
3.029858554593468329e-10
3.028802196652782532e-10
3.027745007601083801e-10
3.026686984241060577e-10
3.025628101585913000e-10
3.024568395640951977e-10
3.023507834294095550e-10
3.022446455955423766e-10
3.021384265843774205e-10
3.020321231741754478e-10
3.019257417952782742e-10
3.018192744440930878e-10
3.017127322204479611e-10
3.016061036174954312e-10
3.014993988984427594e-10
3.013926204659963011e-10
3.012857782171652902e-10
3.011788670762040520e-10
3.010718924538974287e-10
3.009648497612076480e-10
3.008577439472907317e-10
3.007505708473905233e-10
3.006433344591778654e-10
3.005360301979576840e-10
3.004286654072326623e-10
3.003212316675966342e-10
3.002137396110605067e-10
3.001061784285398530e-10
2.999985617473131071e-10
2.998908801935576026e-10
2.997831469119694343e-10
2.996753486200804065e-10
2.995674987819920677e-10
2.994595849640165886e-10
2.993516194830232166e-10
2.992436015969533939e-10
2.991355357562042523e-10
2.990273945236084637e-10
2.989191991770844765e-10
2.988109334568101983e-10
2.987026109500026720e-10
2.985942216223148324e-10
2.984857730045282234e-10
2.983772605052165886e-10
2.982686873278798344e-10
2.981600526778041874e-10
2.980513562147392423e-10
2.979425979212056389e-10
2.978337791982663889e-10
2.977248994388122819e-10
2.976159637642958913e-10
2.975069663292282835e-10
2.973979150139782087e-10
2.972888012742869270e-10
2.971796343843121809e-10
2.970704074958360188e-10
2.969611351830622207e-10
2.968518130139415549e-10
2.967424509108880400e-10
2.966330366875305101e-10
2.965235831624284238e-10
2.964140805160897104e-10
2.963045374107859336e-10
2.961949478713986182e-10
2.960853166848840075e-10
2.959756427568821511e-10
2.958659224847991767e-10
2.957561638032875619e-10
2.956463549205102736e-10
2.955365102400030519e-10
2.954266147859710994e-10
2.953166846431172030e-10
2.952067037064364615e-10
2.950966899351573469e-10
2.949866239519432848e-10
2.948765286246831081e-10
2.947664062083228653e-10
2.946562751816948698e-10
2.945461424023538744e-10
2.944360015829414020e-10
2.943258631399619608e-10
2.942157140240416819e-10
2.941055655727713649e-10
2.939954079994463105e-10
2.938852499758920186e-10
2.937750859119702107e-10
2.936649180352679367e-10
2.935547485399334702e-10
2.934445746699819559e-10
2.933343972909131482e-10
2.932242186591930402e-10
2.931140363181572510e-10
2.930038550052552645e-10
2.928936680383773357e-10
2.927834846988466593e-10
2.926732920867867522e-10
2.925631110381379521e-10
2.924529301821963854e-10
2.923427613277356080e-10
2.922325918231729078e-10
2.921224318079486466e-10
2.920122725728901199e-10
2.919021205517047345e-10
2.917919727998259652e-10
2.916818292630786517e-10
2.915716930129446747e-10
2.914615604655037640e-10
2.913514353121579706e-10
2.912413133276790654e-10
2.911311961278764869e-10
2.910210852620078239e-10
2.909109750785941854e-10
2.908008730048437628e-10
2.906907685844077918e-10
2.905806752639084606e-10
2.904705768054543027e-10
2.903604917187107889e-10
2.902504015770665518e-10
2.901403267289940541e-10
2.900302565009010535e-10
2.899202201374944428e-10
2.898101956937087602e-10
2.897002003027912770e-10
2.895902206260358554e-10
2.894802625531183834e-10
2.893703266365386415e-10
2.892604063382558981e-10
2.891505154992093397e-10
2.890406392558629174e-10
2.889307888035840644e-10
2.888209561524594683e-10
2.887111444589793272e-10
2.886013540362521825e-10
2.884915753278449078e-10
2.883818242469237104e-10
2.882720838763991230e-10
2.881623675534573386e-10
2.880526652601449780e-10
2.879429808935994201e-10
2.878333233682944276e-10
2.877236941716041394e-10
2.876141127559938090e-10
2.875045673718591434e-10
2.873950641036460455e-10
2.872856019334260534e-10
2.871761767303160567e-10
2.870667979340391674e-10
2.869574514948809824e-10
2.868481516795822480e-10
2.867388856450472606e-10
2.866296641784298211e-10
2.865204813172052789e-10
2.864113383082708593e-10
2.863022336130085844e-10
2.861931677727357868e-10
2.860841403658850373e-10
2.859751514378375322e-10
2.858662015109112993e-10
2.857572932630311936e-10
2.856484241742380078e-10
2.855395912402531161e-10
2.854307945694268391e-10
2.853220270868523782e-10
2.852132879617715648e-10
2.851045757158213588e-10
2.849958943310388891e-10
2.848872395647165664e-10
2.847786129603579040e-10
2.846700138179199495e-10
2.845614401704861135e-10
2.844528961738014536e-10
2.843443760745508061e-10
2.842358878666644792e-10
2.841274232446235676e-10
2.840189843375444392e-10
2.839105752018329815e-10
2.838021840886447705e-10
2.836938265631873708e-10
2.835854826133302964e-10
2.834771741895673819e-10
2.833688793353250151e-10
2.832606152396541395e-10
2.831523711063898552e-10
2.830441441676048870e-10
2.829359391629200677e-10
2.828277547424076568e-10
2.827196029159081379e-10
2.826114665174954358e-10
2.825033699017811174e-10
2.823952898533519252e-10
2.822872427129127060e-10
2.821792174606496021e-10
2.820712149051730212e-10
2.819632418150124027e-10
2.818552902709318474e-10
2.817473692179125732e-10
2.816394698896753938e-10
2.815315968459448685e-10
2.814237482679989845e-10
2.813159197767694284e-10
2.812081180288525929e-10
2.811003377313678925e-10
2.809925783728540448e-10
2.808848454028544735e-10
2.807771290803713779e-10
2.806694449418418953e-10
2.805617796723361609e-10
2.804541428761655488e-10
2.803465344862353716e-10
2.802389510085192124e-10
2.801313986789145742e-10
2.800238713138534674e-10
2.799163735361381428e-10
2.798089018667244922e-10
2.797014557632095085e-10
2.795940388023480096e-10
2.794866445047256902e-10
2.793792836305716219e-10
2.792719466826219417e-10
2.791646372459911615e-10
2.790573539034397187e-10
2.789500949415560322e-10
2.788428650948582644e-10
2.787356589006663295e-10
2.786284852869163547e-10
2.785213323722031561e-10
2.784142098332526009e-10
2.783071107018796992e-10
2.782000347682235598e-10
2.780929740444336518e-10
2.779859287339653865e-10
2.778788913693320469e-10
2.777718664062505699e-10
2.776648501195544260e-10
2.775578464625103684e-10
2.774508534525680942e-10
2.773438712676696628e-10
2.772368996065403854e-10
2.771299393043896965e-10
2.770229887978462383e-10
2.769160500518723860e-10
2.768091207237995871e-10
2.767021992733813518e-10
2.765952931572476518e-10
2.764883906419707450e-10
2.763815043852131212e-10
2.762746189971037081e-10
2.761677466019130871e-10
2.760608807880816124e-10
2.759540216167327612e-10
2.758471761889380888e-10
2.757403280143867949e-10
2.756334922130512577e-10
2.755266580235081633e-10
2.754198505336336725e-10
2.753130538398155139e-10
2.752062681294411155e-10
2.750995025562669117e-10
2.749927450680025439e-10
2.748860128983201795e-10
2.747792903116699682e-10
2.746725814281868423e-10
2.745658893581112639e-10
2.744592102734633233e-10
2.743525490699838541e-10
2.742459014475330830e-10
2.741392644406995332e-10
2.740326469572257852e-10
2.739260405156050884e-10
2.738194485290896731e-10
2.737128717675313654e-10
2.736063021139929301e-10
2.734997558643408548e-10
2.733932160977943786e-10
2.732866913870569145e-10
2.731801833813766776e-10
2.730736876852916686e-10
2.729672249120703740e-10
2.728607759269159148e-10
2.727543517222831502e-10
2.726479509415131574e-10
2.725415678442102998e-10
2.724352126124819492e-10
2.723288763327228827e-10
2.722225608446086319e-10
2.721162677170474948e-10
2.720099932417008974e-10
2.719037445443937747e-10
2.717975177584962026e-10
2.716913099061114472e-10
2.715851240439562151e-10
2.714789557260846403e-10
2.713728158364926940e-10
2.712666935814039604e-10
2.711605938430969088e-10
2.710545128320245086e-10
2.709484517672907164e-10
2.708424169966175144e-10
2.707363995095575093e-10
2.706303989406726462e-10
2.705244123523447171e-10
2.704184443052753882e-10
2.703124963870465599e-10
2.702065635392833502e-10
2.701006497227436670e-10
2.699947514727143062e-10
2.698888700232815332e-10
2.697830093130554950e-10
2.696771633187137661e-10
2.695713364736083877e-10
2.694655250821031780e-10
2.693597292061901541e-10
2.692539544170082897e-10
2.691481915843602883e-10
2.690424512200728838e-10
2.689367238792117264e-10
2.688310115672348522e-10
2.687253147320915822e-10
2.686196273520880028e-10
2.685139603668066222e-10
2.684083054938534030e-10
2.683026671353129593e-10
2.681970418795615726e-10
2.680914274112896891e-10
2.679858348013378706e-10
2.678802623820014348e-10
2.677747348115551213e-10
2.676692305379476569e-10
2.675637599616155663e-10
2.674583224539532826e-10
2.673529083115273449e-10
2.672475403404517038e-10
2.671421935629375983e-10
2.670368763090401787e-10
2.669315987674894317e-10
2.668263455460258008e-10
2.667211256974379870e-10
2.666159341320836812e-10
2.665107756391990433e-10
2.664056505718454383e-10
2.663005522442218279e-10
2.661954777038362626e-10
2.660904428876312225e-10
2.659854320575598058e-10
2.658804476067744318e-10
2.657754965012887411e-10
2.656705709094807713e-10
2.655656807153316616e-10
2.654608185857612047e-10
2.653559852087613655e-10
2.652512024767423900e-10
2.651464534605638232e-10
2.650417449820617248e-10
2.649370793715279577e-10
2.648324475098391056e-10
2.647278581660971086e-10
2.646233107238559547e-10
2.645187945526246814e-10
2.644143228227213030e-10
2.643098898269718239e-10
2.642054936462293353e-10
2.641011397001812106e-10
2.639968141167294037e-10
2.638925380892183155e-10
2.637882974278815253e-10
2.636840893847681698e-10
2.635799213257458277e-10
2.634757877975797819e-10
2.633716986640576250e-10
2.632676395107868715e-10
2.631636156524701654e-10
2.630596339770611469e-10
2.629556852819480268e-10
2.628517683821170292e-10
2.627478794805299693e-10
2.626440253863205145e-10
2.625402151845219001e-10
2.624364337507104820e-10
2.623326904648972717e-10
2.622289815056164067e-10
2.621253017525009879e-10
2.620216695849355398e-10
2.619180626173964338e-10
2.618144917833864006e-10
2.617109603756477952e-10
2.616074565591337370e-10
2.615039941998624945e-10
2.614005618539557293e-10
2.612971631647201095e-10
2.611938021797675589e-10
2.610904668132602720e-10
2.609871697117869097e-10
2.608839016945577414e-10
2.607806613714750680e-10
2.606774539290233689e-10
2.605742769330117266e-10
2.604711347709767161e-10
2.603680189575031583e-10
2.602649291855622895e-10
2.601618777516126755e-10
2.600588585020509442e-10
2.599559022595033855e-10
2.598529812121363826e-10
2.597501010243483536e-10
2.596472816030679200e-10
2.595444977622739415e-10
2.594417630072150323e-10
2.593390741457908687e-10
2.592364257927299608e-10
2.591338307056854247e-10
2.590312748548107018e-10
2.589287635928070457e-10
2.588263050873126933e-10
2.587238816473693550e-10
2.586215028030282656e-10
2.585191775412862481e-10
2.584168899280235760e-10
2.583146415459366143e-10
2.582124418364855540e-10
2.581102842405675774e-10
2.580081627356202311e-10
2.579060885415471933e-10
2.578040586079286695e-10
2.577020691539030257e-10
2.576001198378084797e-10
2.574982054721834450e-10
2.573963478296882645e-10
2.572945337176400280e-10
2.571927562945519662e-10
2.570910332863410893e-10
2.569893517178936678e-10
2.568877122206380224e-10
2.567861219167077946e-10
2.566845760319577006e-10
2.565830710340370118e-10
2.564816142609114709e-10
2.563801956906107027e-10
2.562788246680784307e-10
2.561775028659048726e-10
2.560762118307710672e-10
2.559749768397862497e-10
2.558737813105744179e-10
2.557726217558403367e-10
2.556715104489177041e-10
2.555704382152051341e-10
2.554694125340231966e-10
2.553684230986290809e-10
2.552674711299723903e-10
2.551665727089560509e-10
2.550657068194177493e-10
2.549648731512888327e-10
2.548640781699784050e-10
2.547633140826230853e-10
2.546625945666594719e-10
2.545619075667573176e-10
2.544612525582101104e-10
2.543606486802659948e-10
2.542600736688883251e-10
2.541595323579344854e-10
2.540590382578643276e-10
2.539585725284244795e-10
2.538581458154681986e-10
2.537577593465134194e-10
2.536574019822135157e-10
2.535570893580191440e-10
2.534568086467397330e-10
2.533565612884682946e-10
2.532563571112194451e-10
2.531561802194149047e-10
2.530560416470908679e-10
2.529559345480378811e-10
2.528558553841511402e-10
2.527558176906438772e-10
2.526558084406699701e-10
2.525558303562869443e-10
2.524558864362364854e-10
2.523559761485380619e-10
2.522560948340193255e-10
2.521562436812224941e-10
2.520564354799366508e-10
2.519566822704011666e-10
2.518569639881560422e-10
2.517572904325540853e-10
2.516576633206981706e-10
2.515580749918515104e-10
2.514585357810387373e-10
2.513590378889909907e-10
2.512595787009153909e-10
2.511601690435385764e-10
2.510607985633794468e-10
2.509614704131826231e-10
2.508621899244787051e-10
2.507629420852656488e-10
2.506637456529055745e-10
2.505645905093459089e-10
2.504654703047476044e-10
2.503663966355805581e-10
2.502673624678679024e-10
2.501683689035150257e-10
2.500694142243876626e-10
2.499705029860848092e-10
2.498716310769397945e-10
2.497727930774823801e-10
2.496740067553737627e-10
2.495752519294439284e-10
2.494765258440337242e-10
2.493778544485563532e-10
2.492792230392327773e-10
2.491806254782561893e-10
2.490820759546330375e-10
2.489835653332262062e-10
2.488850932651541774e-10
2.487866661323919654e-10
2.486882798208844155e-10
2.485899285230869198e-10
2.484916208411246717e-10
2.483933569147782702e-10
2.482951269814449910e-10
2.481969421854112794e-10
2.480987949848217113e-10
2.480006845410469775e-10
2.479026212096309600e-10
2.478045885679003831e-10
2.477066013607270667e-10
2.476086484448016725e-10
2.475107258422126348e-10
2.474128565468413184e-10
2.473150148978468165e-10
2.472172065501821786e-10
2.471194490646875989e-10
2.470217197990774169e-10
2.469240182915056775e-10
2.468263535688134596e-10
2.467287155889454088e-10
2.466311230621996534e-10
2.465335633383505741e-10
2.464360363620830526e-10
2.463385572500038758e-10
2.462411083615300537e-10
2.461436893152098316e-10
2.460463210927896397e-10
2.459489816759752675e-10
2.458516710922342811e-10
2.457544135865251175e-10
2.456571808553121547e-10
2.455599823664917592e-10
2.454628302164326765e-10
2.453657038925084513e-10
2.452686168447068628e-10
2.451715679466405614e-10
2.450745460034849513e-10
2.449775631788120327e-10
2.448806120359139621e-10
2.447836884459704108e-10
2.446868051491551347e-10
2.445899513874104111e-10
2.444931267773302712e-10
2.443963399265768488e-10
2.442995843742465894e-10
2.442028564413684157e-10
2.441061621272713454e-10
2.440095074873052035e-10
2.439129119436992070e-10
2.438163504827830509e-10
2.437198266803887299e-10
2.436233691588059153e-10
2.435269430702699083e-10
2.434305553222764913e-10
2.433342283944229927e-10
2.432379357423465540e-10
2.431416844292286884e-10
2.430454886393531598e-10
2.429493256987868947e-10
2.428532102255949249e-10
2.427571447941830366e-10
2.426611103781589551e-10
2.425651300658577313e-10
2.424691918071060721e-10
2.423732881347429626e-10
2.422774361088412091e-10
2.421816222085184839e-10
2.420858454714328622e-10
2.419901207040681950e-10
2.418944277139091692e-10
2.417987794625528659e-10
2.417031786698854616e-10
2.416076112198578380e-10
2.415120829666443250e-10
2.414165991238169820e-10
2.413211505362079978e-10
2.412257495904412098e-10
2.411303898940105604e-10
2.410350751960759870e-10
2.409398050202977789e-10
2.408445765633013866e-10
2.407493886064714071e-10
2.406542479211057496e-10
2.405591505161019027e-10
2.404640901754302074e-10
2.403690757018485151e-10
2.402741084022375698e-10
2.401791745397743752e-10
2.400842888604164257e-10
2.399894463432988953e-10
2.398946369545089886e-10
2.397998793563037349e-10
2.397051613195363909e-10
2.396104746465498180e-10
2.395158372663364518e-10
2.394212379795661471e-10
2.393266739709762178e-10
2.392321535815328437e-10
2.391376699219795750e-10
2.390432259989835214e-10
2.389488232073650662e-10
2.388544577880303500e-10
2.387601224408493880e-10
2.386658210328320905e-10
2.385715567147688641e-10
2.384773464343652506e-10
2.383831701431205630e-10
2.382890314550825920e-10
2.381949475829157024e-10
2.381008983677062086e-10
2.380068850272552577e-10
2.379129251051408186e-10
2.378190018577642175e-10
2.377251151100061489e-10
2.376312770692455815e-10
2.375374792195055975e-10
2.374437163340774754e-10
2.373499998716590116e-10
2.372563264382144153e-10
2.371626852983765619e-10
2.370690907494479365e-10
2.369755388009774321e-10
2.368820167435701665e-10
2.367885374295500770e-10
2.366950991710732183e-10
2.366016925109371181e-10
2.365083277638642952e-10
2.364150012765055917e-10
2.363217074790248433e-10
2.362284559096701277e-10
2.361352412929316522e-10
2.360420571853309390e-10
2.359489152613436019e-10
2.358558122478237118e-10
2.357627679181076366e-10
2.356697660323496956e-10
2.355768114930761883e-10
2.354839104903148681e-10
2.353910541814636276e-10
2.352982428823451947e-10
2.352054842178148131e-10
2.351127758896623033e-10
2.350201040605312049e-10
2.349274855675510545e-10
2.348349237726216761e-10
2.347423913190242260e-10
2.346499152284383805e-10
2.345574942628694457e-10
2.344651026745682668e-10
2.343727706322050662e-10
2.342804842469624096e-10
2.341882327122529218e-10
2.340960394052010850e-10
2.340038847861076953e-10
2.339117709434306087e-10
2.338197132090658762e-10
2.337276879220936873e-10
2.336357138470958978e-10
2.335437866379544171e-10
2.334518910767147383e-10
2.333600528275833592e-10
2.332682508732580080e-10
2.331764778541137344e-10
2.330847614008936395e-10
2.329930913483183070e-10
2.329014555202219117e-10
2.328098659090741442e-10
2.327183295542259613e-10
2.326268299613495669e-10
2.325353716570564463e-10
2.324439625004904119e-10
2.323525978736261811e-10
2.322612705704074693e-10
2.321699902827595872e-10
2.320787577627292983e-10
2.319875584970191652e-10
2.318964086541460504e-10
2.318053044105270259e-10
2.317142320678805420e-10
2.316232138815578479e-10
2.315322359242543466e-10
2.314412859198135865e-10
2.313503956610206389e-10
2.312595366148282808e-10
2.311687087511633270e-10
2.310779393218141756e-10
2.309871978828378213e-10
2.308964947795728052e-10
2.308058403626774736e-10
2.307152180922799829e-10
2.306246347952104959e-10
2.305340878554818911e-10
2.304435697368299683e-10
2.303530928216444343e-10
2.302626728013967526e-10
2.301722853307035899e-10
2.300819360804774114e-10
2.299916443322440121e-10
2.299013875040812367e-10
2.298111700859047706e-10
2.297210016215539155e-10
2.296308766555140376e-10
2.295407868106659948e-10
2.294507407045515591e-10
