-1.946530209562511007e-13
-2.250671721832640745e-13
-2.553424995078695708e-13
-2.848383125027204582e-13
-3.128943629647843111e-13
-3.388284668538005834e-13
-3.619527407723701772e-13
-3.815625176630291714e-13
-3.969591233918515913e-13
-4.074233932376495943e-13
-4.122482942409711340e-13
-4.107230239803129617e-13
-4.021359670810657108e-13
-3.857873897909386758e-13
-3.609915001559935379e-13
-3.270699617665890415e-13
-2.833266678919845044e-13
-2.291449797046316536e-13
-1.638393380192164670e-13
-8.681810752743863276e-14
2.525907835249481258e-15
1.048059109535677305e-13
2.206044417886731094e-13
3.504446426126047706e-13
4.948588205277167538e-13
6.544052901874383622e-13
8.294988695995113618e-13
1.020627226402788739e-12
1.228227427116512078e-12
1.452709241796016776e-12
1.694522563553994504e-12
1.953895140855680303e-12
2.231371218012283847e-12
2.527061408758602662e-12
2.841446512321990753e-12
3.174617569027846724e-12
3.527001434843366724e-12
3.898625958623669698e-12
4.289864928563753456e-12
4.700796332575258478e-12
5.131526389582387187e-12
5.582254210561258661e-12
6.053179969580517652e-12
6.544083620384484242e-12
7.055250933360715502e-12
7.586669033277541729e-12
8.138329901776978695e-12
8.710300972276919718e-12
9.302371613491419379e-12
9.914636649104561572e-12
1.054695458358599645e-11
1.119924311411913620e-11
1.187148193772128185e-11
1.256345260624969772e-11
1.327507380354883068e-11
1.400614174937343909e-11
1.475646769268826856e-11
1.552593591621957398e-11
1.631424778824476771e-11
1.712119016218708962e-11
1.794665965750989441e-11
1.879029927315241092e-11
1.965176896889601029e-11
2.053094101382661427e-11
2.142751792616810986e-11
2.234103014212196967e-11
2.327131821865466039e-11
2.421823140855154654e-11
2.518122242761267036e-11
2.616003729400141760e-11
2.715434937775125012e-11
2.816383936199943508e-11
2.918801455547382645e-11
3.022665215691098727e-11
3.127956774407725604e-11
3.234620277997304824e-11
3.342614418366990211e-11
3.451906801767419276e-11
3.562482256895519504e-11
3.674287933114004643e-11
3.787284596055280575e-11
3.901431820410194451e-11
4.016713178967352302e-11
4.133072376113824580e-11
4.250487849831846831e-11
4.368922646191512071e-11
4.488321548653544085e-11
4.608651750391126090e-11
4.729909555941782985e-11
4.852043190615138493e-11
4.974998003812347249e-11
5.098763378504812304e-11
5.223297969773606611e-11
5.348568257547156466e-11
5.474557711778974147e-11
5.601211055132007770e-11
5.728499663318946251e-11
5.856414018534963112e-11
5.984900625338938419e-11
6.113951724197702581e-11
6.243525859714085291e-11
6.373588107909034255e-11
6.504129793461177526e-11
6.635102983404685957e-11
6.766506836993187534e-11
6.898303663775157210e-11
7.030472027497369572e-11
7.162988287900399377e-11
7.295816569780579705e-11
7.428954997787111707e-11
7.562371647876870634e-11
7.696069424446421990e-11
7.830014233493199088e-11
7.964180719218273476e-11
8.098543885050714415e-11
8.233103260242035300e-11
8.367845940725048174e-11
8.502773634048694117e-11
8.637858499348417607e-11
8.773062664126785680e-11
8.908383034993003890e-11
9.043818885847933125e-11
9.179372161525541100e-11
9.315047918663630415e-11
9.450817152901939544e-11
9.586640777177201084e-11
9.722522410172983089e-11
9.858472564693126619e-11
9.994491310220801835e-11
1.013059124857140216e-10
1.026675613596910368e-10
1.040295261910194483e-10
1.053917785437113253e-10
1.067545230526549444e-10
1.081177097663983338e-10
1.094814890569469969e-10
1.108458196512970767e-10
1.122105553499075417e-10
1.135756295149427957e-10
1.149411309945341775e-10
1.163072003809308079e-10
1.176738008445776576e-10
1.190410780604178394e-10
1.204089590572246659e-10
1.217774475037096418e-10
1.231465557088165642e-10
1.245163913957802976e-10
1.258871088485088980e-10
1.272586412450363777e-10
1.286311698113705242e-10
1.300046039136624923e-10
1.313790572055358043e-10
1.327546193515491151e-10
1.341312836847920979e-10
1.355093496256213428e-10
1.368886861253013282e-10
1.382694491353362250e-10
1.396516472820617692e-10
1.410352184926867420e-10
1.424205152692365403e-10
1.438074059133080411e-10
1.451961406963364802e-10
1.465869066322778274e-10
1.479795200493166599e-10
1.493742191253422479e-10
1.507708603810796966e-10
1.521694690319719266e-10
1.535704492859463729e-10
1.549735865615988427e-10
1.563791996876727670e-10
1.577875012409828935e-10
1.591982305814677000e-10
1.606116117975663651e-10
1.620275011946061623e-10
1.634457598201408171e-10
1.648669712042666539e-10
1.662909144269771641e-10
1.677176028029850519e-10
1.691476031360502191e-10
1.705805920184882103e-10
1.720165245485365523e-10
1.734555018728479314e-10
1.748972111225979224e-10
1.763418724291590636e-10
1.777898287597286267e-10
1.792407636497280379e-10
1.806949296548518206e-10
1.821526250854629008e-10
1.836135067989190508e-10
1.850775476325114698e-10
1.865447162667006246e-10
1.880147069737950105e-10
1.894877157918775415e-10
1.909640755644473307e-10
1.924434177892416488e-10
1.939258312223266324e-10
1.954116619333231068e-10
1.969005310200746551e-10
1.983923157023431588e-10
1.998871093290323618e-10
2.013846103136478556e-10
2.028846670942848000e-10
2.043877381452275615e-10
2.058935077088888618e-10
2.074017760159395314e-10
2.089128245218621810e-10
2.104264567508299422e-10
2.119424277225511111e-10
2.134606931884050005e-10
2.149811362898567789e-10
2.165035437257296362e-10
2.180278543560439303e-10
2.195542300036318201e-10
2.210823702562644429e-10
2.226121638939663050e-10
2.241436093707368933e-10
2.256764670755965005e-10
2.272106113899194541e-10
2.287459082615601464e-10
2.302820999062154019e-10
2.318190611603743213e-10
2.333567410008070262e-10
2.348950391876162179e-10
2.364337368349151806e-10
2.379727901995733250e-10
2.395120678975987756e-10
2.410511375942763704e-10
2.425899003803114922e-10
2.441283938599965324e-10
2.456662045650343546e-10
2.472030238772335476e-10
2.487389200898662545e-10
2.502739057950202223e-10
2.518075062228702990e-10
2.533396196639501097e-10
2.548703670745645222e-10
2.563995193096365556e-10
2.579262098306383669e-10
2.594505497029453676e-10
2.609727212451882163e-10
2.624922387161489368e-10
2.640085171196363646e-10
2.655218034579024928e-10
2.670322874790660878e-10
2.685393697587553292e-10
2.700427231111383137e-10
2.715426412745852858e-10
2.730393426624973953e-10
2.745314706524306590e-10
2.760187769497460430e-10
2.775016049611218268e-10
2.789802485760541525e-10
2.804534425858964817e-10
2.819211528379329654e-10
2.833838110936427044e-10
2.848417370850503324e-10
2.862937303722476857e-10
2.877397895360409356e-10
2.891803789428873881e-10
2.906158519807229018e-10
2.920444135709208231e-10
2.934657751880858459e-10
2.948805357337289255e-10
2.962889625843050565e-10
2.976901704964166405e-10
2.990835953153496874e-10
3.004698270105534620e-10
3.018493888806371392e-10
3.032217663870823851e-10
3.045858468489635590e-10
3.059423988404850698e-10
3.072919718032993007e-10
3.086342192369898666e-10
3.099669664190407900e-10
3.112908198628444590e-10
3.126064203352597095e-10
3.139141858956842314e-10
3.152124561429855219e-10
3.165015229134320070e-10
3.177819739773305748e-10
3.190543935821913209e-10
3.203181045033353472e-10
3.215719193966951264e-10
3.228168549990960759e-10
3.240533112608843254e-10
3.252815861797485294e-10
3.264992390845969410e-10
3.277066856602398656e-10
3.289047958741996574e-10
3.300939714156387599e-10
3.312736425242884295e-10
3.324426674874168604e-10
3.336022338245365879e-10
3.347526841762739261e-10
3.358945431336250390e-10
3.370260090274844603e-10
3.381474382144565494e-10
3.392593986882005192e-10
3.403626102040445149e-10
3.414567754070192180e-10
3.425398483773007070e-10
3.436127602362876123e-10
3.446763459354580336e-10
3.457308584300347301e-10
3.467759487720564989e-10
3.478105130076840339e-10
3.488356756873057395e-10
3.498518873554390401e-10
3.508597448951087602e-10
3.518579791805545706e-10
3.528460851646593064e-10
3.538251499099033967e-10
3.547954692495746536e-10
3.557576371779350484e-10
3.567100092523994819e-10
3.576525509919441201e-10
3.585862693310559671e-10
3.595114631498599552e-10
3.604286670310323034e-10
3.613367389005287663e-10
3.622358924990072136e-10
3.631269309338082671e-10
3.640101504646727556e-10
3.648860295336114422e-10
3.657533607775865640e-10
3.666120955609837218e-10
3.674630952519142624e-10
3.683066206554622403e-10
3.691432295373640303e-10
3.699718971172485797e-10
3.707922852995575270e-10
3.716054446620264070e-10
3.724116949601304754e-10
3.732113126995449163e-10
3.740041165092158219e-10
3.747896998161822832e-10
3.755687827683523124e-10
3.763418205343484975e-10
3.771090203824712354e-10
3.778704237585637592e-10
3.786250119290280117e-10
3.793735633633405569e-10
3.801163887442115381e-10
3.808538623331900585e-10
3.815861448587483267e-10
3.823125380749424608e-10
3.830333088570800811e-10
3.837491167602695849e-10
3.844601556712211383e-10
3.851665760974324287e-10
3.858684498150195687e-10
3.865655306998240927e-10
3.872584293082904276e-10
3.879473345695044564e-10
3.886325283306601688e-10
3.893140716770192092e-10
3.899914451332839120e-10
3.906648631557888128e-10
3.913348093795432014e-10
3.920014418831048349e-10
3.926647950832256140e-10
3.933250284863424692e-10
3.939818353520466976e-10
3.946357835185289161e-10
3.952870882307576563e-10
3.959358004546391802e-10
3.965821020285017235e-10
3.972259710581979611e-10
3.978675607558579775e-10
3.985072285507326947e-10
3.991450290392240313e-10
3.997810898393359185e-10
4.004154293632402520e-10
4.010478799176454247e-10
4.016785072840069318e-10
4.023076319725609791e-10
4.029353256751753337e-10
4.035616493998116120e-10
4.041866057911730273e-10
4.048102931392853796e-10
4.054329235875621346e-10
4.060546727069494631e-10
4.066755880274107984e-10
4.072956667687507429e-10
4.079149581406883998e-10
4.085336661414724611e-10
4.091519280516103885e-10
4.097698307042215484e-10
4.103873937013771479e-10
4.110046311637947057e-10
4.116215197538140097e-10
4.122379634665370611e-10
4.128539973666463346e-10
4.134697809779495534e-10
4.140853045363240489e-10
4.147005750552274397e-10
4.153155982201202302e-10
4.159304769060489966e-10
4.165453089748494945e-10
4.171601837297678358e-10
4.177750905902540873e-10
4.183900138687452138e-10
4.190049536425412436e-10
4.196199635839179667e-10
4.202351428731542654e-10
4.208504884564648578e-10
4.214660032286923229e-10
4.220816805455083903e-10
4.226975152260740885e-10
4.233134271371848583e-10
4.239291225465502328e-10
4.245446596376409087e-10
4.251600599910614000e-10
4.257753213876929186e-10
4.263904612626002615e-10
4.270054699567540570e-10
4.276203035203112808e-10
4.282349217199100419e-10
4.288493427141086602e-10
4.294635673254141779e-10
4.300776152922585259e-10
4.306914851624434207e-10
4.313051277939958513e-10
4.319183288947352745e-10
4.325310492996035604e-10
4.331433094496812113e-10
4.337551290781889203e-10
4.343665281050834036e-10
4.349775412919268004e-10
4.355877332163454138e-10
4.361967331326386159e-10
4.368046301034670376e-10
4.374114647634578850e-10
4.380172920434008911e-10
4.386221539354507243e-10
4.392260559817588479e-10
4.398285857814633470e-10
4.404296367951488910e-10
4.410292533374451543e-10
4.416274923984493637e-10
4.422243982120170068e-10
4.428200444198873496e-10
4.434144122077545899e-10
4.440067801335866987e-10
4.445970749760175456e-10
4.451853839537980989e-10
4.457717829217066353e-10
4.463563499519031407e-10
4.469391791654231277e-10
4.475202099781523259e-10
4.480983110642245741e-10
4.486735151467394689e-10
4.492459991567762623e-10
4.498158624118431519e-10
4.503831969120018417e-10
4.509481169544637553e-10
4.515106356932617886e-10
4.520698624496772564e-10
4.526257985612612092e-10
4.531786041875923890e-10
4.537283908248418703e-10
4.542752859642067963e-10
4.548193901052778191e-10
4.553607553517481330e-10
4.558983405530114906e-10
4.564319167819943613e-10
4.569616985523548971e-10
4.574878575066344627e-10
4.580105332087312414e-10
4.585298604950821389e-10
4.590459679495071695e-10
4.595579559290899906e-10
4.600651116884859170e-10
4.605677806606762156e-10
4.610661986220380432e-10
4.615605018290706220e-10
4.620508590138389722e-10
4.625374126507176217e-10
4.630199400765409464e-10
4.634975075964273532e-10
4.639702871560385421e-10
4.644385396195192632e-10
4.649023725094717234e-10
4.653620072817914426e-10
4.658176018378540907e-10
4.662692250580646098e-10
4.667158455767843726e-10
4.671570192949286467e-10
4.675931177338039613e-10
4.680243262814600741e-10
4.684508398451412319e-10
4.688728509279739492e-10
4.692905262869640979e-10
4.697037336496037991e-10
4.701111081788011242e-10
4.705128030293625933e-10
4.709093195119477745e-10
4.713008494999919411e-10
4.716875510225460904e-10
4.720695815319508969e-10
4.724470998285205611e-10
4.728196811555482046e-10
4.731866298205964962e-10
4.735483159787591064e-10
4.739050276733918394e-10
4.742568618995278869e-10
4.746040446451026270e-10
4.749467651796694828e-10
4.752851625616365654e-10
4.756184409359692732e-10
4.759459571568786878e-10
4.762681594707263376e-10
4.765853538284183897e-10
4.768977132638967173e-10
4.772053040067831679e-10
4.775083665148837819e-10
4.778070323346071932e-10
4.781006584738959999e-10
4.783887380104559995e-10
4.786717819096334336e-10
4.789500755197055936e-10
4.792237695331691109e-10
4.794929310099698355e-10
4.797578093008910074e-10
4.800185405651554089e-10
4.802746968932572565e-10
4.805259202913949637e-10
4.807725728181356472e-10
4.810149725101146090e-10
4.812531806462778340e-10
4.814874156413292817e-10
4.817177946504100715e-10
4.819443945106168169e-10
4.821669590110059060e-10
4.823848743546115031e-10
4.825983220193178922e-10
4.828077764123349241e-10
4.830133578424711628e-10
4.832151798673765258e-10
4.834133348141178925e-10
4.836079897363074230e-10
4.837991731793690300e-10
4.839862806883492797e-10
4.841694435169590497e-10
4.843491538488090677e-10
4.845255664168423853e-10
4.846987742750935634e-10
4.848688275621848537e-10
4.850357732309350968e-10
4.851997918411821738e-10
4.853607268699228286e-10
4.855183815499351684e-10
4.856731312670928647e-10
4.858251546765263611e-10
4.859745850252450162e-10
4.861214411544793095e-10
4.862658059580870561e-10
4.864077974753827322e-10
4.865474273421919375e-10
4.866842649647871214e-10
4.868183900881356225e-10
4.869501755823860359e-10
4.870797718238865629e-10
4.872071886783790104e-10
4.873324912020882715e-10
4.874557836801350331e-10
4.875770674713495671e-10
4.876963875769421356e-10
4.878136817182776244e-10
4.879290628519765180e-10
4.880428236989148687e-10
4.881550589837632411e-10
4.882657992630490918e-10
4.883750393203233239e-10
4.884828401644160932e-10
4.885892502950153448e-10
4.886942746154616343e-10
4.887979947306999462e-10
4.889005456734571454e-10
4.890020635894936497e-10
4.891026111773834907e-10
4.892022168583494122e-10
4.893008884731330432e-10
4.893986358475233668e-10
4.894955041425419398e-10
4.895914525628817218e-10
4.896864187048378901e-10
4.897805120117880724e-10
4.898739466187071363e-10
4.899667450199033005e-10
4.900589264470156142e-10
4.901504664680239146e-10
4.902413951873807742e-10
4.903317319735202357e-10
4.904215125690199652e-10
4.905108835677380180e-10
4.905998739480653191e-10
4.906886308028359487e-10
4.907771664323083336e-10
4.908654852873138752e-10
4.909535976174889027e-10
4.910414690104242138e-10
4.911291254858304386e-10
4.912165706590038421e-10
4.913039510703872915e-10
4.913912628788642148e-10
4.914785808439843987e-10
4.915659272429211513e-10
4.916533086440055241e-10
4.917407246312070280e-10
4.918281545059231565e-10
4.919156028423179404e-10
4.920030724865957905e-10
4.920904978800816301e-10
4.921778588405197704e-10
4.922651850732688178e-10
4.923525887671602121e-10
4.924400385045094405e-10
4.925275391478356954e-10
4.926150766328765347e-10
4.927026545814422705e-10
4.927902695193743301e-10
4.928779158802021403e-10
4.929656424550086965e-10
4.930534575587582726e-10
4.931413836262641218e-10
4.932294293268546926e-10
4.933175735606621633e-10
4.934058220687335753e-10
4.934941598709314329e-10
4.935826118296372919e-10
4.936711544439054873e-10
4.937597486203324095e-10
4.938483241136030673e-10
4.939368984121974458e-10
4.940254526675024787e-10
4.941140004734663911e-10
4.942025130076011242e-10
4.942910287449100613e-10
4.943795296262826716e-10
4.944680245486047901e-10
4.945565042306617896e-10
4.946448098022220285e-10
4.947327500855504875e-10
4.948203045409874149e-10
4.949075407500367164e-10
4.949944872351060043e-10
4.950810781352684060e-10
4.951673920507560104e-10
4.952534117202119490e-10
4.953391567860945220e-10
4.954246053069209937e-10
4.955096734104236410e-10
4.955942391618876880e-10
4.956782431076032098e-10
4.957617304164086198e-10
4.958447162556117070e-10
4.959271739675594730e-10
4.960091221051272358e-10
4.960906348802505371e-10
4.961716673208151927e-10
4.962522867251811846e-10
4.963323135084463812e-10
4.964114059475966012e-10
4.964896216923849308e-10
4.965669763200698704e-10
4.966434254877942071e-10
4.967190420321609577e-10
4.967938402840742348e-10
4.968678719476989968e-10
4.969410957730477005e-10
4.970135861540149427e-10
4.970853320753466988e-10
4.971556911342897151e-10
4.972247117271757191e-10
4.972924316888943772e-10
4.973588260519708366e-10
4.974240139748329040e-10
4.974880199355333430e-10
4.975507991721445631e-10
4.976124265575607745e-10
4.976730463879184065e-10
4.977324634363506234e-10
4.977905996806384690e-10
4.978472405602226504e-10
4.979022845931941791e-10
4.979559179953210926e-10
4.980080657295551883e-10
4.980588150302811479e-10
4.981082009409022247e-10
4.981562965386069164e-10
4.982030888882343174e-10
4.982485830142862634e-10
4.982928742263947685e-10
4.983353627727485670e-10
4.983760093124102511e-10
4.984148171549501312e-10
4.984518271668954982e-10
4.984872570941747862e-10
4.985209003333546435e-10
4.985529574371869977e-10
4.985835496994043679e-10
4.986124856591278116e-10
4.986399834292437620e-10
4.986659656085391076e-10
4.986897440795450156e-10
4.987114451014351453e-10
4.987311552628349537e-10
4.987488915558540200e-10
4.987648287680157569e-10
4.987788678419395898e-10
4.987911313659163760e-10
4.988017163206484035e-10
4.988105408371546360e-10
4.988177372365811726e-10
4.988232550463522687e-10
4.988266644900361780e-10
4.988280997522308039e-10
4.988276025150221623e-10
4.988251960552726903e-10
4.988210755342744806e-10
4.988150966046472648e-10
4.988073913499915496e-10
4.987981135878096025e-10
4.987870960729762723e-10
4.987745059372722869e-10
4.987603335472901938e-10
4.987440323583915383e-10
4.987256437960088717e-10
4.987052612194684394e-10
4.986829515306418764e-10
4.986589125533295514e-10
4.986329452373531195e-10
4.986052787881530670e-10
4.985759540974443344e-10
4.985448903306766008e-10
4.985121977298496959e-10
4.984779545925096428e-10
4.984417765255924005e-10
4.984036329968896225e-10
4.983634983849161048e-10
4.983216631249858288e-10
4.982780850499333879e-10
4.982328104624756996e-10
4.981860162797953817e-10
4.981375144626254157e-10
4.980874300615665476e-10
4.980359419328161483e-10
4.979828736004097389e-10
4.979282828578437164e-10
4.978720269654046920e-10
4.978141575708025475e-10
4.977547808247811232e-10
4.976939070225750797e-10
4.976317306397644611e-10
4.975680956918405901e-10
4.975031357098252885e-10
4.974368969938298551e-10
4.973693513697310745e-10
4.973005432159962848e-10
4.972305431874569192e-10
4.971591269372832554e-10
4.970862390652398831e-10
4.970119165072779382e-10
4.969363100318912710e-10
4.968594760207650882e-10
4.967814777422354277e-10
4.967022672924325396e-10
4.966219132217163015e-10
4.965405424680241039e-10
4.964579249139488354e-10
4.963742668611063215e-10
4.962895967185597512e-10
4.962037585856145226e-10
4.961167828928598440e-10
4.960287001234315721e-10
4.959396858717264481e-10
4.958497785519500803e-10
4.957589822918371229e-10
4.956673187710056095e-10
4.955747776008528679e-10
4.954814634026244269e-10
4.953872725877683935e-10
4.952922532447191916e-10
4.951964941117378952e-10
4.950999533273850521e-10
4.950026674771560520e-10
4.949046793939519380e-10
4.948060644704878968e-10
4.947069126357928530e-10
4.946071671004022374e-10
4.945068537185698783e-10
4.944059904668950404e-10
4.943046156905344306e-10
4.942026801250509479e-10
4.941002158230315843e-10
4.939972793285784600e-10
4.938937722300702252e-10
4.937897000353510269e-10
4.936851048581710839e-10
4.935800632442319590e-10
4.934746513870423900e-10
4.933688788943879096e-10
4.932627031791641939e-10
4.931562005078373105e-10
4.930493038087361242e-10
4.929420577899387678e-10
4.928344892732522322e-10
4.927265275730119269e-10
4.926182522713340074e-10
4.925097041743822596e-10
4.924008404379646249e-10
4.922917759127694146e-10
4.921825464870718198e-10
4.920731535023313194e-10
4.919636054717563611e-10
4.918539054680230673e-10
4.917440400202987074e-10
4.916340290693849491e-10
4.915238728910431291e-10
4.914135342475045857e-10
4.913030690147473186e-10
4.911924939638375676e-10
4.910818567402545389e-10
4.909711693563357673e-10
4.908604514580137119e-10
4.907497374622574083e-10
4.906390085080770999e-10
4.905282849058380728e-10
4.904175414678906748e-10
4.903067984055866724e-10
4.901960415619470168e-10
4.900852760539730157e-10
4.899744937019754446e-10
4.898636855200431551e-10
4.897528215220621014e-10
4.896418551740666858e-10
4.895308348361271057e-10
4.894197926945854580e-10
4.893087373086827916e-10
4.891976787261199684e-10
4.890865935786207538e-10
4.889755166622717376e-10
4.888644053432845899e-10
4.887533017998985978e-10
4.886421733418015364e-10
4.885310238832844424e-10
4.884198632855292898e-10
4.883086712238398884e-10
4.881974667118518369e-10
4.880862273501448726e-10
4.879750054879917740e-10
4.878637801178070567e-10
4.877525644743978033e-10
4.876413537549569220e-10
4.875301379612903103e-10
4.874189462124923153e-10
4.873077379405961485e-10
4.871965400195211793e-10
4.870853404173877307e-10
4.869741347428593668e-10
4.868629143776343433e-10
4.867516359705105849e-10
4.866403242557600502e-10
4.865289615779260074e-10
4.864175468782586317e-10
4.863060965430611009e-10
4.861945966398718641e-10
4.860830579127434421e-10
4.859714740906024764e-10
4.858598610410168431e-10
4.857481965573820802e-10
4.856365110535680080e-10
4.855247845451288417e-10
4.854129635439191954e-10
4.853008273142800485e-10
4.851884947102160624e-10
4.850758621240674720e-10
4.849630470169184861e-10
4.848499707429386845e-10
4.847367124263066959e-10
4.846232149644494096e-10
4.845095209342658088e-10
4.843956123265863921e-10
4.842815127059773537e-10
4.841672177410314930e-10
4.840527226777970730e-10
4.839380416576194290e-10
4.838230601628952031e-10
4.837077867826129266e-10
4.835921855214498973e-10
4.834762983022947472e-10
4.833600644745899231e-10
4.832435626496413945e-10
4.831267330080840467e-10
4.830096530551386136e-10
4.828922612825646443e-10
4.827746237056719329e-10
4.826566985246873421e-10
4.825385300848565684e-10
4.824201000352397611e-10
4.823013917843412513e-10
4.821822658787845252e-10
4.820627329418950935e-10
4.819427652540131091e-10
4.818223925997514207e-10
4.817015858131145405e-10
4.815803978500501878e-10
4.814587889212373641e-10
4.813368237962828803e-10
4.812144455018088976e-10
4.810917439527305715e-10
4.809686351886234053e-10
4.808452193935810255e-10
4.807214181504160732e-10
4.805972666718970319e-10
4.804724940785313913e-10
4.803471539885283484e-10
4.802211862320670427e-10
4.800946761570640509e-10
4.799675908914652279e-10
4.798399827967029070e-10
4.797118194864537386e-10
4.795831681300995675e-10
4.794539703676390147e-10
4.793243144314088119e-10
4.791941237344517631e-10
4.790635043621541006e-10
4.789323585605961194e-10
4.788007778716848615e-10
4.786686018592117084e-10
4.785358650020291454e-10
4.784025436704305051e-10
4.782686656077433398e-10
4.781342395262888102e-10
4.779992578964796149e-10
4.778637505700232897e-10
4.777277293703499974e-10
4.775911850416498956e-10
4.774541621169903787e-10
4.773166193344414834e-10
4.771786302688649230e-10
4.770401407898302460e-10
4.769012292433046639e-10
4.767617851178237161e-10
4.766217111158853834e-10
4.764810703646880115e-10
4.763398158736312853e-10
4.761980282069325619e-10
4.760556653845967279e-10
4.759127983217999743e-10
4.757693737831419518e-10
4.756254612103213467e-10
4.754809976748182568e-10
4.753360885663186603e-10
4.751906392815304076e-10
4.750447752210757208e-10
4.748983736207844648e-10
4.747515427571512567e-10
4.746041093035363636e-10
4.744560666381935460e-10
4.743074262571135211e-10
4.741582035343165127e-10
4.740084832722762017e-10
4.738582067318736547e-10
4.737074695868761315e-10
4.735561660026882216e-10
4.734044368890102856e-10
4.732521497974551669e-10
4.730994607240396930e-10
4.729462271926522571e-10
4.727925903444590345e-10
4.726384538981492852e-10
4.724838993144904128e-10
4.723288705181745698e-10
4.721734050099207946e-10
4.720174840043022800e-10
4.718611523316441134e-10
4.717044270980517021e-10
4.715473053737236948e-10
4.713898063001881527e-10
4.712319070624285938e-10
4.710736620681567509e-10
4.709150258091523450e-10
4.707560605764271803e-10
4.705967136541847488e-10
4.704370407570718116e-10
4.702770070692425019e-10
4.701166409784807871e-10
4.699559102424237634e-10
4.697947986934231079e-10
4.696333305693803729e-10
4.694715147769524644e-10
4.693094032339650931e-10
4.691469758671642957e-10
4.689842608224457491e-10
4.688212408008882451e-10
4.686579368591497582e-10
4.684943314813913042e-10
4.683304646692918244e-10
4.681662992513088050e-10
4.680018882637298821e-10
4.678371794437019717e-10
4.676722327117750569e-10
4.675069818826227083e-10
4.673414548704576532e-10
4.671756249963476718e-10
4.670095347640172826e-10
4.668432203264291328e-10
4.666767057931580428e-10
4.665099814016012881e-10
4.663430654362554371e-10
4.661759369194996228e-10
4.660086232756902138e-10
4.658411000369797869e-10
4.656733959472535634e-10
4.655054848949528457e-10
4.653373921430731001e-10
4.651691050873670247e-10
4.650006428511233481e-10
4.648320555612390369e-10
4.646633565313411465e-10
4.644945301357500913e-10
4.643256273440634267e-10
4.641566283781135330e-10
4.639875826187218233e-10
4.638184415809655266e-10
4.636492400984955721e-10
4.634799536915221169e-10
4.633105933614025513e-10
4.631411651670694262e-10
4.629716479532855176e-10
4.628020784623176209e-10
4.626324109566509912e-10
4.624627021651695579e-10
4.622928879612029808e-10
4.621230441797702600e-10
4.619530960823836949e-10
4.617830963937423249e-10
4.616130433830637760e-10
4.614429665909012572e-10
4.612728612954389983e-10
4.611027212961724866e-10
4.609325626606508512e-10
4.607623564239455317e-10
4.605921358643700914e-10
4.604218694048629930e-10
4.602515873298816499e-10
4.600812594568049218e-10
4.599109148706369749e-10
4.597405288145238200e-10
4.595701178100436846e-10
4.593996654287692178e-10
4.592291776186770311e-10
4.590586417800796559e-10
4.588880991703472224e-10
4.587175567193404087e-10
4.585470179342222939e-10
4.583764809063770122e-10
4.582059447066842803e-10
4.580354097242498583e-10
4.578648726571031578e-10
4.576943358088284473e-10
4.575237937855774079e-10
4.573532517471269247e-10
4.571827008293785343e-10
4.570121498834026056e-10
4.568415935214305969e-10
4.566710656145543781e-10
4.565005750144957226e-10
4.563301175370648995e-10
4.561597069195191751e-10
4.559893328027862251e-10
4.558189937568155272e-10
4.556486975263750795e-10
4.554784268763813377e-10
4.553082058827532107e-10
4.551380035110493033e-10
4.549678598385115057e-10
4.547977359024514249e-10
4.546276548325140285e-10
4.544576028925277247e-10
4.542875831892588173e-10
4.541176009995199082e-10
4.539476237409148234e-10
4.537776340717467771e-10
4.536076228243627007e-10
4.534376075866903687e-10
4.532675693883040295e-10
4.530975426913367803e-10
4.529274865156997716e-10
4.527574355638944469e-10
4.525873806120297955e-10
4.524173125293656836e-10
4.522472593779837125e-10
4.520771813900592399e-10
4.519071229008497568e-10
4.517370296787399428e-10
4.515669512925900439e-10
4.513968577708340530e-10
4.512267624598863972e-10
4.510566509947527830e-10
4.508864634127590546e-10
4.507162573934057807e-10
4.505459816555068092e-10
4.503756805225943455e-10
4.502053428877834328e-10
4.500349558493519415e-10
4.498645453438478311e-10
4.496940834177569556e-10
4.495236043369224527e-10
4.493530760177070383e-10
4.491825227746608882e-10
4.490119304620959690e-10
4.488413016348216409e-10
4.486706409178115041e-10
4.484999539229173279e-10
4.483292319569258237e-10
4.481584833545605425e-10
4.479876895375413817e-10
4.478168636922543389e-10
4.476459953536652536e-10
4.474750827176001518e-10
4.473041252499071530e-10
4.471331108186073865e-10
4.469620578195876295e-10
4.467909490922416123e-10
4.466198031998671284e-10
4.464486046049413662e-10
4.462773645815431639e-10
4.461060834898993385e-10
4.459347592214127714e-10
4.457634017579924466e-10
4.455920016792402593e-10
4.454205726171030441e-10
4.452490735558818265e-10
4.450774694402309330e-10
4.449057520255378009e-10
4.447339498908822539e-10
4.445620013161001684e-10
4.443899648453233280e-10
4.442178232211032925e-10
4.440455748286077302e-10
4.438732479974284526e-10
4.437007890767860259e-10
4.435282530491482918e-10
4.433556126454103432e-10
4.431828817372359562e-10
4.430100764510178207e-10
4.428371558110098374e-10
4.426641694225508136e-10
4.424910659336686677e-10
4.423178980041391009e-10
4.421446274516565892e-10
4.419712254886917945e-10
4.417977312779143627e-10
4.416241010219099769e-10
4.414503736141009936e-10
4.412765445880222979e-10
4.411025959071453896e-10
4.409285614801264780e-10
4.407544098593164328e-10
4.405801597202717965e-10
4.404058144652794864e-10
4.402313569400301450e-10
4.400568222070348975e-10
4.398821793758127947e-10
4.397074613624963687e-10
4.395326318862305097e-10
4.393577139971888079e-10
4.391827114819869729e-10
4.390076234907589638e-10
4.388324645669839706e-10
4.386572215353498761e-10
4.384818977251862677e-10
4.383064828484239368e-10
4.381309872888885876e-10
4.379554101676181011e-10
4.377797506898987039e-10
4.376040109282831194e-10
4.374281834745624612e-10
4.372522806596111784e-10
4.370762942199259709e-10
4.369002422578272168e-10
4.367241079859635576e-10
4.365479073982753879e-10
4.363716294977480153e-10
4.361952819787741388e-10
4.360188669058724902e-10
4.358423594003763955e-10
4.356657355129565986e-10
4.354890057073444507e-10
4.353121829708132363e-10
4.351352579800241556e-10
4.349582464698756545e-10
4.347811452971227641e-10
4.346039494730909091e-10
4.344266883600655365e-10
4.342493186993440432e-10
4.340718773615199567e-10
4.338943504473533673e-10
4.337167368223143661e-10
4.335390668114645946e-10
4.333612805806737645e-10
4.331834379330218718e-10
4.330055014374901844e-10
4.328274969326988170e-10
4.326494303121235185e-10
4.324712897230209132e-10
4.322931083058238961e-10
4.321148581806270562e-10
4.319365741602363713e-10
4.317582394182161992e-10
4.315798498752529708e-10
4.314014265100532275e-10
4.312229624164239965e-10
4.310444564848058837e-10
4.308659125189682563e-10
4.306873110799082255e-10
4.305086830036058780e-10
4.303300152241850915e-10
4.301512975460761298e-10
4.299725544230126466e-10
4.297937470451692259e-10
4.296149195860378502e-10
4.294360496205763372e-10
4.292571493452526263e-10
4.290782779540832891e-10
4.288993800664836247e-10
4.287204835887409362e-10
4.285416002968414081e-10
4.283627073260446638e-10
4.281838256710166607e-10
4.280049339721962239e-10
4.278260343781332956e-10
4.276471538433042973e-10
4.274682559465849667e-10
4.272893664155309118e-10
4.271104756464821630e-10
4.269315849773154731e-10
4.267526920999953079e-10
4.265737973676915998e-10
4.263948991641606403e-10
4.262160122691244024e-10
4.260371172728932103e-10
4.258582084944578252e-10
4.256792962318756615e-10
4.255003738137851524e-10
4.253214437285523758e-10
4.251425095932106755e-10
4.249635735564185614e-10
4.247846595515458734e-10
4.246057523427787585e-10
4.244268491366765892e-10
4.242479570084718662e-10
4.240690601192585217e-10
4.238901873015128205e-10
4.237113087483655856e-10
4.235324346244448285e-10
4.233535711137528087e-10
4.231747035899733677e-10
4.229958512774715349e-10
4.228169912875135262e-10
4.226381340343239331e-10
4.224593001029437039e-10
4.222805057597089783e-10
4.221017537146805779e-10
4.219230296749529997e-10
4.217443632540367827e-10
4.215657372177169221e-10
4.213871402262312691e-10
4.212086126519080577e-10
4.210301191196704583e-10
4.208516559947886319e-10
4.206732524656229619e-10
4.204948832915428779e-10
4.203165532782867931e-10
4.201382669039365920e-10
4.199599964691344382e-10
4.197817994966095467e-10
4.196036233072612095e-10
4.194254733746262577e-10
4.192473783060120539e-10
4.190693035784877259e-10
4.188912866664989882e-10
4.187133524998477865e-10
4.185354624340569396e-10
4.183576411300068059e-10
4.181798814496043281e-10
4.180021766222572852e-10
4.178245369038989188e-10
4.176469532012448671e-10
4.174694183693623231e-10
4.172919474595004656e-10
4.171145267274537113e-10
4.169371588420272486e-10
4.167598582886166792e-10
4.165825917265907202e-10
4.164053867051583136e-10
4.162282381790812398e-10
4.160511345852740941e-10
4.158740798437819885e-10
4.156970722689866106e-10
4.155201185289925034e-10
4.153432054648812355e-10
4.151663157181280657e-10
4.149894667827499195e-10
4.148126622883739657e-10
4.146358896620203297e-10
4.144591552913638173e-10
4.142824664139452750e-10
4.141058308246908655e-10
4.139292297843149499e-10
4.137526681122354407e-10
4.135761459772747311e-10
4.133996688472155773e-10
4.132232278671877497e-10
4.130468172232954441e-10
4.128704588214112711e-10
4.126941290337827776e-10
4.125178323851758022e-10
4.123415785124719558e-10
4.121653494588312506e-10
4.119891658551101008e-10
4.118130278048818590e-10
4.116369656298425756e-10
4.114609654671224384e-10
4.112850080097365841e-10
4.111091278356595849e-10
4.109333002801026535e-10
4.107575136970348495e-10
4.105817943140734805e-10
4.104061241013126610e-10
4.102304906821710432e-10
4.100549270842799359e-10
4.098794067461771064e-10
4.097039290454453328e-10
4.095285117500172306e-10
4.093531311633085800e-10
4.091778118829049131e-10
4.090025364028468844e-10
4.088272882146929284e-10
4.086521133505012964e-10
4.084769705625643617e-10
4.083018732232441730e-10
4.081268500224679261e-10
4.079518683262699056e-10
4.077769475583449891e-10
4.076020885038530141e-10
4.074272709723957328e-10
4.072524979456697403e-10
4.070777736624741976e-10
4.069030938833585390e-10
4.067284537181188709e-10
4.065538618396663678e-10
4.063793081213716275e-10
4.062047986854620274e-10
4.060303367638821470e-10
4.058559036742356943e-10
4.056815245517342403e-10
4.055071880108001703e-10
4.053328813011629547e-10
4.051586211691354538e-10
4.049844027985567787e-10
4.048102217268702427e-10
4.046360749564198349e-10
4.044619560434013749e-10
4.042878714218479722e-10
4.041138100719457688e-10
4.039397765901151239e-10
4.037657838044694325e-10
4.035918159081300259e-10
4.034178707359361410e-10
4.032439587062379329e-10
4.030700806892035565e-10
4.028962254986938123e-10
4.027223978603243314e-10
4.025486004195582996e-10
4.023748271410223038e-10
4.022010783833146491e-10
4.020273618904433617e-10
4.018536697266702893e-10
4.016799970841942370e-10
4.015063579295669370e-10
4.013327352331144705e-10
4.011591389795685756e-10
4.009855901253794652e-10
4.008120926182769526e-10
4.006386532930166248e-10
4.004652750357557162e-10
4.002919475698246011e-10
4.001186686547167026e-10
3.999454355441096688e-10
3.997722448933659014e-10
3.995990992502378762e-10
3.994259966488946782e-10
3.992529317971071267e-10
3.990799153145094389e-10
3.989069363972284257e-10
3.987339957630035348e-10
3.985611027515672517e-10
3.983882419657744845e-10
3.982154284185501004e-10
3.980426533243984737e-10
3.978699027695316556e-10
3.976972114829415486e-10
3.975245508020599554e-10
3.973519243746448616e-10
3.971793546478861070e-10
3.970068430117728747e-10
3.968343738562592928e-10
3.966619613016286102e-10
3.964896019880437847e-10
3.963172785312495883e-10
3.961449992494673187e-10
3.959727707660717272e-10
3.958005711934295359e-10
3.956284165106073976e-10
3.954563128904251240e-10
3.952842311313856692e-10
3.951122008128008238e-10
3.949402135884388866e-10
3.947682480076505877e-10
3.945963378905010929e-10
3.944244640142538843e-10
3.942526138163515630e-10
3.940808138032126619e-10
3.939090505978067318e-10
3.937373154397172291e-10
3.935656237856927787e-10
3.933939767873083801e-10
3.932223728086696153e-10
3.930508089685047856e-10
3.928792912302070810e-10
3.927078171001991860e-10
3.925363773882460011e-10
3.923649909737937501e-10
3.921936491168365713e-10
3.920223381429777548e-10
3.918510715038335920e-10
3.916798538643305063e-10
3.915086667462875890e-10
3.913375180655751482e-10
3.911664188494981960e-10
3.909953456786452262e-10
3.908243107242965285e-10
3.906533245635278777e-10
3.904823608266071670e-10
3.903114356317845272e-10
3.901405517497014200e-10
3.899696923757442617e-10
3.897988917239695138e-10
3.896281518146003863e-10
3.894575110011532800e-10
3.892869357894825302e-10
3.891164186074423928e-10
3.889460069492776084e-10
3.887756474916481887e-10
3.886053342819091215e-10
3.884351192681764378e-10
3.882649545888131279e-10
3.880948384994658859e-10
3.879248063665261449e-10
3.877548271762888936e-10
3.875849006803517941e-10
3.874150464998939254e-10
3.872452461276383009e-10
3.870755005166986115e-10
3.869058212451425706e-10
3.867361940636002247e-10
3.865666199175855429e-10
3.863971091785475393e-10
3.862276524850402374e-10
3.860582475555185619e-10
3.858889071643550174e-10
3.857196572183500805e-10
3.855504670955101192e-10
3.853813418885173313e-10
3.852123022846832077e-10
3.850433233570285568e-10
3.848744024164460757e-10
3.847055577690372564e-10
3.845367803507223825e-10
3.843680475044506198e-10
3.841993908711211692e-10
3.840308045186082679e-10
3.838622542081020746e-10
3.836937797541112374e-10
3.835253747297680992e-10
3.833570015532537320e-10
3.831887069295274757e-10
3.830204734088679266e-10
3.828522703154319947e-10
3.826841491341869461e-10
3.825160787501343337e-10
3.823480439806583573e-10
3.821800897719255794e-10
3.820121855389638702e-10
3.818443587183977203e-10
3.816766088721574474e-10
3.815089069846134892e-10
3.813412807922536484e-10
3.811737329363069800e-10
3.810062378487034679e-10
3.808388067173193908e-10
3.806714586385187486e-10
3.805041614679750493e-10
3.803369211507335832e-10
3.801697632712580520e-10
3.800026537094028431e-10
3.798355964887864210e-10
3.796686258438759288e-10
3.795016922002741804e-10
3.793348144001887626e-10
3.791680189163822970e-10
3.790012569891477830e-10
3.788345512951867644e-10
3.786679188248717410e-10
3.785013227857777532e-10
3.783347963914035935e-10
3.781683423785176775e-10
3.780020143311304541e-10
3.778357642623180699e-10
3.776696048998775912e-10
3.775035477694386503e-10
3.773375716709256643e-10
3.771716792433963391e-10
3.770058625023657348e-10
3.768401446290483605e-10
3.766744920975968545e-10
3.765089012777326433e-10
3.763434306940453683e-10
3.761780132079863419e-10
3.760126637305355907e-10
3.758474091372409961e-10
3.756822188381363252e-10
3.755171027106886701e-10
3.753520599703895981e-10
3.751870951560101496e-10
3.750221966552838626e-10
3.748573608839647647e-10
3.746926169642957109e-10
3.745279249382417736e-10
3.743633010232837895e-10
3.741987874762638832e-10
3.740343359963896881e-10
3.738699658429849544e-10
3.737056795121240492e-10
3.735414677351861702e-10
3.733773391109309199e-10
3.732132747145308781e-10
3.730492825835604702e-10
3.728853733359168341e-10
3.727215212976766848e-10
3.725577435633287120e-10
3.723940462465234641e-10
3.722303957514961380e-10
3.720668264326809150e-10
3.719033342431173278e-10
3.717398828540720186e-10
3.715765172695780037e-10
3.714132170976272705e-10
3.712499627680674440e-10
3.710867882345016602e-10
3.709236731219669971e-10
3.707606110336689828e-10
3.705976215632105626e-10
3.704346963567603136e-10
3.702718578818102929e-10
3.701090929219013178e-10
3.699464098736403887e-10
3.697837950838014497e-10
3.696212609584961966e-10
3.694588068160295768e-10
3.692964131731031797e-10
3.691340891011793086e-10
3.689718481223345330e-10
3.688096703676388408e-10
3.686475467723611109e-10
3.684855155034988559e-10
3.683235386819754549e-10
3.681616143762673091e-10
3.679997843940729801e-10
3.678380007216524533e-10
3.676762772759421338e-10
3.675146299034478114e-10
3.673530356656032398e-10
3.671915010293374674e-10
3.670300307765040669e-10
3.668686239279331584e-10
3.667072663357653589e-10
3.665459938082616452e-10
3.663848120033063876e-10
3.662237382311118099e-10
3.660627515090629421e-10
3.659018426487703316e-10
3.657410515716815701e-10
3.655803328231001341e-10
3.654196875131282551e-10
3.652591230057878652e-10
3.650986489461031345e-10
3.649382376767319353e-10
3.647778906981850688e-10
3.646176549349452695e-10
3.644574740971753979e-10
3.642973627022984548e-10
3.641373281571119497e-10
3.639773782669645212e-10
3.638174888219650201e-10
3.636576549871703879e-10
3.634979334630198804e-10
3.633382508809299495e-10
3.631786337629528417e-10
3.630191120518841882e-10
3.628596352590802611e-10
3.627002362627835506e-10
3.625409093922987264e-10
3.623816785258433611e-10
3.622225121653930251e-10
3.620634209524039939e-10
3.619044272525320518e-10
3.617454961029309974e-10
3.615866417293030788e-10
3.614278543688284369e-10
3.612691344782503566e-10
3.611104974877184362e-10
3.609519124121894728e-10
3.607934004419679782e-10
3.606349694726221463e-10
3.604765824720100759e-10
3.603182730223256380e-10
3.601600331143305130e-10
3.600018496344874658e-10
3.598437306812772644e-10
3.596856748814301653e-10
3.595276907747536428e-10
3.593697489773573260e-10
3.592118812771407506e-10
3.590540794532676264e-10
3.588963155319216934e-10
3.587386384668199949e-10
3.585810219691131788e-10
3.584235040260110513e-10
3.582660599737019325e-10
3.581087001156716095e-10
3.579514162066561145e-10
3.577942187076726125e-10
3.576370996542125755e-10
3.574800415786409696e-10
3.573230561591247022e-10
3.571661621785935292e-10
3.570093249145695955e-10
3.568525461259542461e-10
3.566958675071016192e-10
3.565392408078117824e-10
3.563826787248315095e-10
3.562261854484303090e-10
3.560697732167660232e-10
3.559134139294327389e-10
3.557571009733696130e-10
3.556009001827959241e-10
3.554447295294621789e-10
3.552886174735668378e-10
3.551325929256461661e-10
3.549766156390930432e-10
3.548206990762719384e-10
3.546648614354768602e-10
3.545091341628369949e-10
3.543535032838751860e-10
3.541979630652526814e-10
3.540425035924808867e-10
3.538871613182771937e-10
3.537318902122118630e-10
3.535766968261136928e-10
3.534215828694858358e-10
3.532665658905203779e-10
3.531116140830784507e-10
3.529567343646440424e-10
3.528019340980448432e-10
3.526472237289900067e-10
3.524925723870835628e-10
3.523379817103912784e-10
3.521835092316305227e-10
3.520290774234328526e-10
3.518747243453138964e-10
3.517204389377241594e-10
3.515662406645284777e-10
3.514120971105245584e-10
3.512580134649110671e-10
3.511040311399838931e-10
3.509500879104145427e-10
3.507962285835118027e-10
3.506424381573161191e-10
3.504887509858274031e-10
3.503351276102039906e-10
3.501815896870476145e-10
3.500281318483490100e-10
3.498747526572179050e-10
3.497214641485738652e-10
3.495682270113355331e-10
3.494150774024825520e-10
3.492620072624013031e-10
3.491089901388484135e-10
3.489560556736705282e-10
3.488031885671075626e-10
3.486504002227593294e-10
3.484976657267832989e-10
3.483450022806071042e-10
3.481924267382425212e-10
3.480398942515593999e-10
3.478874386457255763e-10
3.477350441171194056e-10
3.475827248159887544e-10
3.474304515570131279e-10
3.472782512563446356e-10
3.471261238922697865e-10
3.469740351052517290e-10
3.468220313989657405e-10
3.466700935354758595e-10
3.465182585425812890e-10
3.463665084899325004e-10
3.462148511168691189e-10
3.460632585946210050e-10
3.459117747521956050e-10
3.457603699959502243e-10
3.456090320619965338e-10
3.454577755049961714e-10
3.453066130015023642e-10
3.451555163671865563e-10
3.450044967843880861e-10
3.448535361603405115e-10
3.447026818624817853e-10
3.445518820519147367e-10
3.444011487277316713e-10
3.442504976153856660e-10
3.440999257950635754e-10
3.439494130459682643e-10
3.437989462731275325e-10
3.436486061423778751e-10
3.434982946905901007e-10
3.433480522385229019e-10
3.431978848408746987e-10
3.430477905191121839e-10
3.428977460627076357e-10
3.427477887767415380e-10
3.425979093719652721e-10
3.424481643093182874e-10
3.422984901779154772e-10
3.421489129861764566e-10
3.419994358176340938e-10
3.418500563814065125e-10
3.417007600456406137e-10
3.415515314711663269e-10
3.414023931417608274e-10
3.412533495753502043e-10
3.411043682222170872e-10
3.409554668004616298e-10
3.408066489211459658e-10
3.406579218833686892e-10
3.405092529631616639e-10
3.403606551259761158e-10
3.402121659984693318e-10
3.400637272704723948e-10
3.399153700312532651e-10
3.397670698866818219e-10
3.396188835419742892e-10
3.394707287110334672e-10
3.393226605739199666e-10
3.391746692530581278e-10
3.390267484475185420e-10
3.388788868960333305e-10
3.387311056171532909e-10
3.385834061107378194e-10
3.384357992339667257e-10
3.382882705311918911e-10
3.381408099277877244e-10
3.379934556168079274e-10
3.378461624680641009e-10
3.376989635577172062e-10
3.375518188744257985e-10
3.374047588844977791e-10
3.372577821244438491e-10
3.371108604078726708e-10
3.369640216540996416e-10
3.368172462892810931e-10
3.366705594462401124e-10
3.365239193905611703e-10
3.363773618253033789e-10
3.362308758171811423e-10
3.360844598491814065e-10
3.359380953869938882e-10
3.357918013570745194e-10
3.356455992119182168e-10
3.354994302083890514e-10
3.353533410564404657e-10
3.352073098061214625e-10
3.350613540590393156e-10
3.349154368315817763e-10
3.347696152078654879e-10
3.346238591363102289e-10
3.344782135144443417e-10
3.343326483716789266e-10
3.341871807003406976e-10
3.340417789976282569e-10
3.338964908004533551e-10
3.337512790007854397e-10
3.336061400211097204e-10
3.334610771192098312e-10
3.333161039343066265e-10
3.331712125255592834e-10
3.330263882687144250e-10
3.328816203883435356e-10
3.327369692509917051e-10
3.325923730044767840e-10
3.324478506382238284e-10
3.323033765827514454e-10
3.321590270608815857e-10
3.320147163603452921e-10
3.318704809188776476e-10
3.317263027895183028e-10
3.315822316160390476e-10
3.314381968095088944e-10
3.312942272736243588e-10
3.311503487467977942e-10
3.310065320864842832e-10
3.308627685584320390e-10
3.307190919273368253e-10
3.305754938734031162e-10
3.304320233439424753e-10
3.302886209843127810e-10
3.301453198474958429e-10
3.300020982931750465e-10
3.298589921834065423e-10
3.297159583534528599e-10
3.295729925349844903e-10
3.294301136970158080e-10
3.292873289188506452e-10
3.291446162607975255e-10
3.290019706940119667e-10
3.288593936558185108e-10
3.287169292487603080e-10
3.285745174146238418e-10
3.284321795075961981e-10
3.282899024369393075e-10
3.281477402235390592e-10
3.280056171083736721e-10
3.278635772767146973e-10
3.277215945087616843e-10
3.275797206089959203e-10
3.274378759025846428e-10
3.272961208342957934e-10
3.271544291676638169e-10
3.270128210494428440e-10
3.268712578295101857e-10
3.267297836887946949e-10
3.265883778425998732e-10
3.264470729024179729e-10
3.263058342208998180e-10
3.261646869269600674e-10
3.260236052494532798e-10
3.258826212596943332e-10
3.257417077283140092e-10
3.256008628702462060e-10
3.254600959803307665e-10
3.253193923585342298e-10
3.251787883239274499e-10
3.250382248853521459e-10
3.248977471921588729e-10
3.247573338005381106e-10
3.246170038534292970e-10
3.244767214699941117e-10
3.243365175941829760e-10
3.241963824410282696e-10
3.240563244441042116e-10
3.239163070945640359e-10
3.237763675089608401e-10
3.236365041974777176e-10
3.234966938087206731e-10
3.233569437986139896e-10
3.232172559379471485e-10
3.230776485766286099e-10
3.229380800628626779e-10
3.227985822271073307e-10
3.226591669791038581e-10
3.225198195778345846e-10
3.223805983127863273e-10
3.222414447572430056e-10
3.221023910711648249e-10
3.219634007461935725e-10
3.218245292953119609e-10
3.216857299340349892e-10
3.215469979252931598e-10
3.214083424650213635e-10
3.212697772461270611e-10
3.211312928847993803e-10
3.209928690405998499e-10
3.208545112433575269e-10
3.207162481712743221e-10
3.205780613682085201e-10
3.204399357036024158e-10
3.203018679421458384e-10
3.201638969490878896e-10
3.200259983871335117e-10
3.198881554171989539e-10
3.197503648007713054e-10
3.196126855774299323e-10
3.194750525172420130e-10
3.193374885691962692e-10
3.191999727297784962e-10
3.190625618256919004e-10
3.189251942117381861e-10
3.187878887158483196e-10
3.186506673857382918e-10
3.185135244507221459e-10
3.183765053029072674e-10
3.182395491844714572e-10
3.181026900074365160e-10
3.179659083411592487e-10
3.178292357072232231e-10
3.176926319464724037e-10
3.175561017486408777e-10
3.174196483578870636e-10
3.172832737720692756e-10
3.171469920485559222e-10
3.170107593235436877e-10
3.168746094812068203e-10
3.167385308923966187e-10
3.166025451665422566e-10
3.164666059128786100e-10
3.163307452045119198e-10
3.161949548199002075e-10
3.160592598335658368e-10
3.159235990927182059e-10
3.157880256342420721e-10
3.156525114735729971e-10
3.155170917545391305e-10
3.153817005734923059e-10
3.152464010391201180e-10
3.151111590926718502e-10
3.149759997312069867e-10
3.148408768963939521e-10
3.147058469124314856e-10
3.145708755870309007e-10
3.144360061785148143e-10
3.143012040092437304e-10
3.141664970413629078e-10
3.140318451493722223e-10
3.138972936491104219e-10
3.137628055950181512e-10
3.136284115782016012e-10
3.134940598172500688e-10
3.133598006403445829e-10
3.132256116537646722e-10
3.130915004527266652e-10
3.129574400968136258e-10
3.128234557326909920e-10
3.126895489274214149e-10
3.125557142305929313e-10
3.124219292000639847e-10
3.122882186615746147e-10
3.121545775399219839e-10
3.120210155098234615e-10
3.118874881213743236e-10
3.117540435721735706e-10
3.116206612975366524e-10
3.114873541567358233e-10
3.113540810005884225e-10
3.112208858297470432e-10
3.110877589260673342e-10
3.109546927913922722e-10
3.108216676618308579e-10
3.106887312414344395e-10
3.105558609959419747e-10
3.104230939849086472e-10
3.102904144291947732e-10
3.101578261979816119e-10
3.100253104207797545e-10
3.098928840316694754e-10
3.097605524722144902e-10
3.096283001290576196e-10
3.094961077894505516e-10
3.093639939119234856e-10
3.092319705275418426e-10
3.091000255445509940e-10
3.089681369488365762e-10
3.088363189199596689e-10
3.087045801806096249e-10
3.085729299291098189e-10
3.084413322888017776e-10
3.083098028538805244e-10
