8.102489229963640086e-07
8.532937254415888207e-07
8.919525474905849834e-07
9.265101866797913103e-07
9.572296891806299210e-07
9.843525967691713927e-07
1.008106332880732816e-06
1.028699337986377302e-06
1.046332767012570821e-06
1.061191071874061778e-06
1.073450353282564663e-06
1.083278360562268864e-06
1.090832799485211889e-06
1.096264304373664025e-06
1.099717506055966229e-06
1.101327668399133506e-06
1.101227113353145537e-06
1.099540758399215583e-06
1.096388113461456955e-06
1.091885816978060562e-06
1.086144719543685225e-06
1.079270095362089462e-06
1.071363984496910852e-06
1.062524362130501792e-06
1.052844578925931770e-06
1.042413311445925228e-06
1.031316450196512001e-06
1.019634815526697503e-06
1.007445217138683539e-06
9.948218818883868471e-07
9.818330068516564202e-07
9.685441836128209218e-07
9.550169801771255360e-07
9.413085347296453300e-07
9.274735142469706352e-07
9.135612980680743765e-07
8.996186880954923341e-07
8.856887011550581008e-07
8.718108065895124666e-07
8.580215904784648246e-07
8.443531447697084576e-07
8.308369267104656795e-07
8.174986888940544064e-07
8.043638871530416507e-07
7.914526471013411690e-07
7.787849430062629353e-07
7.663764117681588952e-07
7.542403209257972230e-07
7.423900942343648474e-07
7.308337256051119729e-07
7.195792844445259468e-07
7.086324392097076957e-07
6.979970850758485618e-07
6.876760142567747764e-07
6.776688533615230596e-07
6.679753549373043830e-07
6.585941828350008438e-07
6.495211383152129426e-07
6.407521130643114055e-07
6.322820078674810860e-07
6.241044766158622183e-07
6.162120574200538368e-07
6.085976790248792981e-07
6.012515620953868308e-07
5.941655132794144724e-07
5.873312125240092118e-07
5.807364658503029567e-07
5.743718578718702169e-07
5.682273316751306344e-07
5.622921602415286273e-07
5.565539316705745535e-07
5.510044694214294994e-07
5.456306707501885913e-07
5.404214622981105730e-07
5.353672714948338511e-07
5.304559000911682240e-07
5.256795338091070268e-07
5.210244648712941775e-07
5.164831042936422486e-07
5.120439851679477084e-07
5.077001782528828880e-07
5.034395552675784896e-07
4.992551765999624985e-07
4.951385427099172428e-07
4.910821258567990318e-07
4.870778543119839286e-07
4.831184097926133568e-07
4.791987374333098427e-07
4.753114197159331563e-07
4.714513034303550121e-07
4.676136384521703853e-07
4.637929020082309280e-07
4.599856197829503732e-07
4.561879936711660204e-07
4.523964798641520526e-07
4.486084451132572143e-07
4.448210870677875781e-07
4.410326740143698987e-07
4.372415997483471435e-07
4.334460088299291599e-07
4.296458367917047240e-07
4.258398367383156274e-07
4.220281937760230362e-07
4.182105856643885979e-07
4.143873199214550182e-07
4.105595451100255388e-07
4.067272798587923248e-07
4.028924301630275349e-07
3.990552387642567703e-07
3.952180079834916868e-07
3.913816211119348268e-07
3.875480155226292268e-07
3.837191989794943418e-07
3.798969209243017855e-07
3.760828960259909810e-07
3.722798483691663136e-07
3.684893646028920671e-07
3.647139521496002366e-07
3.609558195493644979e-07
3.572164026366401173e-07
3.534989025094678942e-07
3.498044084938563903e-07
3.461362988284240229e-07
3.424955201547348184e-07
3.388849463281108873e-07
3.353058861646018563e-07
3.317601500248512740e-07
3.282506906286160846e-07
3.247775751832436321e-07
3.213443908072996183e-07
3.179507835316364108e-07
3.145993372378403947e-07
3.112910461465880110e-07
3.080264861878097543e-07
3.048084889226651631e-07
3.016368873866982577e-07
2.985119972835931246e-07
2.954365761421162178e-07
2.924091747645755908e-07
2.894310227629642587e-07
2.865036444511409856e-07
2.836256906123114241e-07
2.807979051393387697e-07
2.780218697627603697e-07
2.752963765788266544e-07
2.726206354558248936e-07
2.699953487584549748e-07
2.674205304859306376e-07
2.648948372397907475e-07
2.624187566189573392e-07
2.599917166475250487e-07
2.576127810140055492e-07
2.552813464046983190e-07
2.529961217258956552e-07
2.507570180430972340e-07
2.485641324380859207e-07
2.464151324021175385e-07
2.443095521508151275e-07
2.422456884248813785e-07
2.402241728984496036e-07
2.382434562528319342e-07
2.363020917005317498e-07
2.343985328258674763e-07
2.325328020134796342e-07
2.307039675503913006e-07
2.289100180294723415e-07
2.271501574545436937e-07
2.254230902157530313e-07
2.237293363538053501e-07
2.220664435616759551e-07
2.204323748579983760e-07
2.188285285827891497e-07
2.172526557756526991e-07
2.157033804968373508e-07
2.141797487320736772e-07
2.126823954305343551e-07
2.112084932719041499e-07
2.097577317698695907e-07
2.083298581055424239e-07
2.069233975550932649e-07
2.055379016560948155e-07
2.041713564784580514e-07
2.028246225576417552e-07
2.014963252657367688e-07
2.001845482196878850e-07
1.988905921207875663e-07
1.976129348543953936e-07
1.963498098466279894e-07
1.951025241226796105e-07
1.938695852891008202e-07
1.926493588588548489e-07
1.914428748609608642e-07
1.902490517335654441e-07
1.890666080880501756e-07
1.878959067529659749e-07
1.867367304752011401e-07
1.855877254484940879e-07
1.844488040010890890e-07
1.833198885981012869e-07
1.822005423298426874e-07
1.810894357480913240e-07
1.799873394313769868e-07
1.788934885528086771e-07
1.778071704683370697e-07
1.767287768083357195e-07
1.756578406413219688e-07
1.745938130949737196e-07
1.735366292078049007e-07
1.724863226888372130e-07
1.714421309256020584e-07
1.704038252154516402e-07
1.693719742087823201e-07
1.683454501165493587e-07
1.673244091676687141e-07
1.663088287256393834e-07
1.652988321252496529e-07
1.642941672545425581e-07
1.632943651439736644e-07
1.623000319487314261e-07
1.613099454114160179e-07
1.603247465432546191e-07
1.593442520768026627e-07
1.583686156371452370e-07
1.573980679075236952e-07
1.564318996531582610e-07
1.554707497346798161e-07
1.545135629394832077e-07
1.535612740694091577e-07
1.526134270574216128e-07
1.516706683508286279e-07
1.507326508562678875e-07
1.497991669950687335e-07
1.488704423197312977e-07
1.479462455063136353e-07
1.470275165122235634e-07
1.461137082718948830e-07
1.452049063603134546e-07
1.443010074773999602e-07
1.434023242869759404e-07
1.425090992252042339e-07
1.416212104050041339e-07
1.407389673367280351e-07
1.398622986989220972e-07
1.389910604106855486e-07
1.381258952851367723e-07
1.372667074960034656e-07
1.364135831489697648e-07
1.355662937928810343e-07
1.347257111625171100e-07
1.338913070190316321e-07
1.330635450179245904e-07
1.322419820558057746e-07
1.314276604402421068e-07
1.306198275487914244e-07
1.298191553702210935e-07
1.290251266565464203e-07
1.282386928339608024e-07
1.274591232486777555e-07
1.266870987613874736e-07
1.259222304892117085e-07
1.251649699355267834e-07
1.244150777948918828e-07
1.236728159541608725e-07
1.229382161861319447e-07
1.222109793052733591e-07
1.214919322889748771e-07
1.207800881214494651e-07
1.200764730834534625e-07
1.193800008153477220e-07
1.186924038601620186e-07
1.180114097662666468e-07
1.173393127103473030e-07
1.166740455532990678e-07
1.160176153944001198e-07
1.153677537738002870e-07
1.147262683880910648e-07
1.140920107872585965e-07
1.134656492240557546e-07
1.128465774823585476e-07
1.122346886471593423e-07
1.116306814089414815e-07
1.110334206132255831e-07
1.104443451701556051e-07
1.098613616499404964e-07
1.092863506926520762e-07
1.087177057959606819e-07
1.081562924118309324e-07
1.076012643931715745e-07
1.070526213486775533e-07
1.065108888177640123e-07
1.059751284104944890e-07
1.054462157011696013e-07
1.049226182082525361e-07
1.044057182911863143e-07
1.038942821435690481e-07
1.033888379825779036e-07
1.028888094855803356e-07
1.023935921762514222e-07
1.019046092158670971e-07
1.014204726475153647e-07
1.009413415645688038e-07
1.004670304194066286e-07
9.999720398238148063e-08
9.953231043939395439e-08
9.907183444919497427e-08
9.861554664296305177e-08
9.816340058484645708e-08
9.771531888287322797e-08
9.727109533365788340e-08
9.683094699389083605e-08
9.639412675533459297e-08
9.596070146773569177e-08
9.553097381141444908e-08
9.510437842656577622e-08
9.468125587453066534e-08
9.426082176647581129e-08
9.384323306963616690e-08
9.342866982881576936e-08
9.301678465456077948e-08
9.260781481823056275e-08
9.220101194310602454e-08
9.179661547441844651e-08
9.139469305419522290e-08
9.099502129578109801e-08
9.059786176066919040e-08
9.020241405589296021e-08
8.980909426340018511e-08
8.941778334076243401e-08
8.902839663791261129e-08
8.864120894261683636e-08
8.825536448456878409e-08
8.787156653239068226e-08
8.748934815067022251e-08
8.710887267898821629e-08
8.673027468905316088e-08
8.635297817538025490e-08
8.597746388441636412e-08
8.560341615254723497e-08
8.523091396593933254e-08
8.486002379808958122e-08
8.449065366331537607e-08
8.412273650462038142e-08
8.375621302248798767e-08
8.339131927173719685e-08
8.302781177471001517e-08
8.266589123218812444e-08
8.230543508313560665e-08
8.194640879295833320e-08
8.158891295402970111e-08
8.123280694855169348e-08
8.087830217737007723e-08
8.052547215870440062e-08
8.017404317021453738e-08
7.982404917167565145e-08
7.947594787154893559e-08
7.912920191979464699e-08
7.878411600369709682e-08
7.844085379074653940e-08
7.809910760897220109e-08
7.775910673440878873e-08
7.742071754041634566e-08
7.708403509343489266e-08
7.674935760301091367e-08
7.641633204191071454e-08
7.608493532655013880e-08
7.575575183145822512e-08
7.542811031737836911e-08
7.510221393757761760e-08
7.477870711932810243e-08
7.445682590931227894e-08
7.413662162871089234e-08
7.381901803556362449e-08
7.350290071396683835e-08
7.318869984608570083e-08
7.287697701238377453e-08
7.256699264073223768e-08
7.225880445219223385e-08
7.195322879485507156e-08
7.164925167416975448e-08
7.134738100216128654e-08
7.104788408853571324e-08
7.075027536476261547e-08
7.045455770703650539e-08
7.016138807430169704e-08
6.986992930867175979e-08
6.958064099659593427e-08
6.929366387978701657e-08
6.900862802916921399e-08
6.872545128037810614e-08
6.844488982766868498e-08
6.816600605998949217e-08
6.788921366414725620e-08
6.761476030058931158e-08
6.734219185266149419e-08
6.707134157805538330e-08
6.680318182536239098e-08
6.653659381262420722e-08
6.627199284199205256e-08
6.600968856421251071e-08
6.574921952821013203e-08
6.549031749657676904e-08
6.523398343163417755e-08
6.497919132572937237e-08
6.472635689560547030e-08
6.447556050716712458e-08
6.422650561528219281e-08
6.397908290988631212e-08
6.373377221095420428e-08
6.349019541644107577e-08
6.324833784937809348e-08
6.300830566331245266e-08
6.276992555631537592e-08
6.253322018755819995e-08
6.229802678812709451e-08
6.206478860531590169e-08
6.183300626821894221e-08
6.160286711759895056e-08
6.137432469706577874e-08
6.114732826046409726e-08
6.092160800752747787e-08
6.069765369305609909e-08
6.047509848920271602e-08
6.025401430537692645e-08
6.003438729474513281e-08
5.981607668888688873e-08
5.959913784834373456e-08
5.938345406022581162e-08
5.916926828149885801e-08
5.895631770707282339e-08
5.874473299841857479e-08
5.853436076756100959e-08
5.832515933370618785e-08
5.811711289283079400e-08
5.791028488563116493e-08
5.770465068350055164e-08
5.750017703475065052e-08
5.729687177985904773e-08
5.709461715502599137e-08
5.689345742300025542e-08
5.669321721276100787e-08
5.649416162129151124e-08
5.629612567633291877e-08
5.609909757858792323e-08
5.590312411775198670e-08
5.570808133804281001e-08
5.551400176027473106e-08
5.532073341006316226e-08
5.512856183671498006e-08
5.493726752467033926e-08
5.474688747778843636e-08
5.455744501764238902e-08
5.436886153898363511e-08
5.418113899126429300e-08
5.399414039563517176e-08
5.380815636843965631e-08
5.362295390115950208e-08
5.343857570248949437e-08
5.325505864377560064e-08
5.307237986948403735e-08
5.289046991048969741e-08
5.270923498821450715e-08
5.252894184552886601e-08
5.234940443551227088e-08
5.217059990043335094e-08
5.199259227202612332e-08
5.181545876219900912e-08
5.163900764347164907e-08
5.146325540342961093e-08
5.128827602667690335e-08
5.111418592778805569e-08
5.094071476083836582e-08
5.076800066197163554e-08
5.059615298902542857e-08
5.042497846688756103e-08
5.025454949542511154e-08
5.008468441380471812e-08
4.991591234361795361e-08
4.974763726083468052e-08
4.958014907006423849e-08
4.941340834636118034e-08
4.924749458700354306e-08
4.908227369820140356e-08
4.891763947047744509e-08
4.875391876121045864e-08
4.859093880554577798e-08
4.842858393427862378e-08
4.826696867794800640e-08
4.810625946911489814e-08
4.794618369570185570e-08
4.778685295937287117e-08
4.762807183959986342e-08
4.747041921015265819e-08
4.731323939567718896e-08
4.715682365235676747e-08
4.700114327904936084e-08
4.684636013634762509e-08
4.669221471989780260e-08
4.653873652736230855e-08
4.638597661393333967e-08
4.623418380723956874e-08
4.608291389407458810e-08
4.593241328659632401e-08
4.578270023366175186e-08
4.563375045160594227e-08
4.548552154151495000e-08
4.533787061063687482e-08
4.519110349384305221e-08
4.504510385190786714e-08
4.489971017461666785e-08
4.475506966953457751e-08
4.461122556635353591e-08
4.446807209626875009e-08
4.432565454547860188e-08
4.418379033432994569e-08
4.404282217080989364e-08
4.390255525638817107e-08
4.376291561396529599e-08
4.362399953996503831e-08
4.348584848227010762e-08
4.334835927271366988e-08
4.321158571855043054e-08
4.307534916510036890e-08
4.293995830285465751e-08
4.280525419204118921e-08
4.267115260148188190e-08
4.253776099669698846e-08
4.240506429672444470e-08
4.227301971082862677e-08
4.214164076823580696e-08
4.201080428084957795e-08
4.188069147422711895e-08
4.175130171163082744e-08
4.162245810098858922e-08
4.149428721550864362e-08
4.136674197453603191e-08
4.123985639052283745e-08
4.111355224551223793e-08
4.098782675290667596e-08
4.086264169796804071e-08
4.073824444242597687e-08
4.061433611677030459e-08
4.049102200603093626e-08
4.036831740549572164e-08
4.024624339574691194e-08
4.012466143379395263e-08
4.000367321812135716e-08
3.988314079547281973e-08
3.976330933908509567e-08
3.964401384391474270e-08
3.952522471860688067e-08
3.940700939425107136e-08
3.928933966698482563e-08
3.917219695754620070e-08
3.905557214279399051e-08
3.893941234108418122e-08
3.882372992330511465e-08
3.870872435867813052e-08
3.859412939828205133e-08
3.848003669670446736e-08
3.836646523885828857e-08
3.825342335688518037e-08
3.814079180704959086e-08
3.802869055338924589e-08
3.791694629616752241e-08
3.780577314183305142e-08
3.769511161374568067e-08
3.758483909285778714e-08
3.747505305356082156e-08
3.736572375965993662e-08
3.725691368804633487e-08
3.714847875260768929e-08
3.704050370977671524e-08
3.693286586071172588e-08
3.682580475968308359e-08
3.671917390581801814e-08
3.661291513548537604e-08
3.650711219263379448e-08
3.640172234525094830e-08
3.629682814223474739e-08
3.619228887441093469e-08
3.608816647308281537e-08
3.598435963723432623e-08
3.588111755844617157e-08
3.577826390902229807e-08
3.567575553277345946e-08
3.557367527178269432e-08
3.547198177142971675e-08
3.537076973016833632e-08
3.526988075424149271e-08
3.516939721725553321e-08
3.506919797963659157e-08
3.496952352949730707e-08
3.487024362230389832e-08
3.477126750448147766e-08
3.467269828564302014e-08
3.457450257427627163e-08
3.447678426479518719e-08
3.437935519749151233e-08
3.428233557206176633e-08
3.418558563771558403e-08
3.408927196077775795e-08
3.399343202766312738e-08
3.389784804787499177e-08
3.380264968096672383e-08
3.370781939114584398e-08
3.361341366557115387e-08
3.351933902164895390e-08
3.342563377123649164e-08
3.333224016850268688e-08
3.323914066876281547e-08
3.314660460141610870e-08
3.305431784896542432e-08
3.296236584820893488e-08
3.287078496474921309e-08
3.277955609629263488e-08
3.268874505541790203e-08
3.259822669492150439e-08
3.250806879806872956e-08
3.241816628242864355e-08
3.232871120328877591e-08
3.223964309907020918e-08
3.215082696816620785e-08
3.206237842488864804e-08
3.197427141172499679e-08
3.188655561445610307e-08
3.179915338770195345e-08
3.171208677229776187e-08
3.162532955773548401e-08
3.153882839579406479e-08
3.145283752294071273e-08
3.136712117280489333e-08
3.128168873699677802e-08
3.119660426111590960e-08
3.111185001972343954e-08
3.102749688344861067e-08
3.094339318294036020e-08
3.085965269069396650e-08
3.077616976123788136e-08
3.069297614638876151e-08
3.061026505536234068e-08
3.052778529416516045e-08
3.044560319148889981e-08
3.036375739488376735e-08
3.028221574993422382e-08
3.020105863566006299e-08
3.012013663411945483e-08
3.003956586558284303e-08
2.995923010137315888e-08
2.987918534482888149e-08
2.979959037694850850e-08
2.972021450245388223e-08
2.964112603077334654e-08
2.956235651260905795e-08
2.948387521043097692e-08
2.940576014634670807e-08
2.932786450990523087e-08
2.925030525492475153e-08
2.917297689867694461e-08
2.909590230260499514e-08
2.901926325650042732e-08
2.894285001745135528e-08
2.886669155079800740e-08
2.879083363483917592e-08
2.871526340320613614e-08
2.864002221996438541e-08
2.856500826526878284e-08
2.849029134129842234e-08
2.841581871658708349e-08
2.834156085847319788e-08
2.826770203283081477e-08
2.819409916577255937e-08
2.812071195875779870e-08
2.804761246623703311e-08
2.797478515510253726e-08
2.790224260343364844e-08
2.782996196189532904e-08
2.775792744144516279e-08
2.768615828537953608e-08
2.761457429530226039e-08
2.754328986034718023e-08
2.747235502793698966e-08
2.740159713558436208e-08
2.733108812581123959e-08
2.726084439329225519e-08
2.719083618937195583e-08
2.712114586330946787e-08
2.705163439037079932e-08
2.698239874682784860e-08
2.691336929534881084e-08
2.684452537452163682e-08
2.677604616059919955e-08
2.670779300411451236e-08
2.663972715420966163e-08
2.657191481271690991e-08
2.650434248209967782e-08
2.643700985698841332e-08
2.636994402719297954e-08
2.630306681329838630e-08
2.623644582286041403e-08
2.616999454832383049e-08
2.610374650000533394e-08
2.603785980123174102e-08
2.597214912526899007e-08
2.590662277959167801e-08
2.584134071147505047e-08
2.577628500240403189e-08
2.571147189138368733e-08
2.564688182789596802e-08
2.558249041982817560e-08
2.551832814618444594e-08
2.545432295634267903e-08
2.539052900302361407e-08
2.532707236036622890e-08
2.526377042229281533e-08
2.520065107956060340e-08
2.513775911593291553e-08
2.507508366630339791e-08
2.501264039129298593e-08
2.495040714871886763e-08
2.488836007909054988e-08
2.482653530285624506e-08
2.476486075066019421e-08
2.470337350408144599e-08
2.464221566675171103e-08
2.458121288575961286e-08
2.452037072770521148e-08
2.445975453726963313e-08
2.439933944554463861e-08
2.433913261633176436e-08
2.427915368155450058e-08
2.421932937290278650e-08
2.415973145753433544e-08
2.410028506004551275e-08
2.404098924350314221e-08
2.398200727106461332e-08
2.392320208867834102e-08
2.386454283395854558e-08
2.380608711290063392e-08
2.374782718142281696e-08
2.368974874190820246e-08
2.363192135797957648e-08
2.357422943155462446e-08
2.351674060257451506e-08
2.345942483184307695e-08
2.340224955727063901e-08
2.334530029359572917e-08
2.328861292383573376e-08
2.323204384211549052e-08
2.317564677970665076e-08
2.311944223666089499e-08
2.306342806481836603e-08
2.300761453719517332e-08
2.295198427557639982e-08
2.289650975617902417e-08
2.284123584988134831e-08
2.278609723937221648e-08
2.273109787235242436e-08
2.267638527673603440e-08
2.262183455595532822e-08
2.256741645956248656e-08
2.251317897171102389e-08
2.245912332187976835e-08
2.240523334706489706e-08
2.235156164929805185e-08
2.229803362271679797e-08
2.224466902086293637e-08
2.219148616180348546e-08
2.213842419165881890e-08
2.208552135226737368e-08
2.203288989986947666e-08
2.198039432657656919e-08
2.192802741264281875e-08
2.187584017253605402e-08
2.182382192505550114e-08
2.177195859713886304e-08
2.172031357160705126e-08
2.166878975001741909e-08
2.161743023954982691e-08
2.156623974252201149e-08
2.151516151744543561e-08
2.146424366070300103e-08
2.141358120471808060e-08
2.136304426876857176e-08
2.131263139248988358e-08
2.126238935234839184e-08
2.121230786782372850e-08
2.116237287225055471e-08
2.111264445331367413e-08
2.106303559203720821e-08
2.101357819836475324e-08
2.096428459680252644e-08
2.091510046909637973e-08
2.086605208553189782e-08
2.081725534385751714e-08
2.076858574747745815e-08
2.072003025012369341e-08
2.067163052219141065e-08
2.062338615875577489e-08
2.057528892705925007e-08
2.052736728517815963e-08
2.047958034624136060e-08
2.043192829625688454e-08
2.038443857141499709e-08
2.033705809144551223e-08
2.028978905185555285e-08
2.024273621976579172e-08
2.019584889465500452e-08
2.014905900236226198e-08
2.010240478163162097e-08
2.005590012100466411e-08
2.000954468171635771e-08
1.996332934223748543e-08
1.991728887297137723e-08
1.987134195579433935e-08
1.982555273529470122e-08
1.977989200994755270e-08
1.973432890783013189e-08
1.968890981449632652e-08
1.964371031012776024e-08
1.959861616335470350e-08
1.955362563065450686e-08
1.950877851540936240e-08
1.946406832869732907e-08
1.941949099195951764e-08
1.937507260616932122e-08
1.933077888512435793e-08
1.928659960394603931e-08
1.924257076760390259e-08
1.919864379569944598e-08
1.915481336080018064e-08
1.911115292791257678e-08
1.906768161752306374e-08
1.902429147965639356e-08
1.898100946929560598e-08
1.893787238536435884e-08
1.889486365506996385e-08
1.885197013384750380e-08
1.880924510359037109e-08
1.876662152570221093e-08
1.872411500643999121e-08
1.868174777870651200e-08
1.863947242848233060e-08
1.859729109408049653e-08
1.855528428023463112e-08
1.851344148493705943e-08
1.847167625645937244e-08
1.843001610735819549e-08
1.838849517039359252e-08
1.834709452321489085e-08
1.830580398872907090e-08
1.826467402497657011e-08
1.822363983756196979e-08
1.818271771035180052e-08
1.814192809762875095e-08
1.810122659601020403e-08
1.806061369971585652e-08
1.802015591163597644e-08
1.797987025809216767e-08
1.793965834136268919e-08
1.789954240539676903e-08
1.785955524450386174e-08
1.781968311337459728e-08
1.777992220243023951e-08
1.774030120208947685e-08
1.770078772141736469e-08
1.766136654367595805e-08
1.762207941339002858e-08
1.758288094594788731e-08
1.754376716399669587e-08
1.750477571920978068e-08
1.746596556511588243e-08
1.742724122693878631e-08
1.738859839640800005e-08
1.735006713489404146e-08
1.731164929050963985e-08
1.727334797497409755e-08
1.723515468645324970e-08
1.719710053414378462e-08
1.715911605888482944e-08
1.712124669070653563e-08
1.708349219260196088e-08
1.704581310653047932e-08
1.700821610614554521e-08
1.697078557592545558e-08
1.693348131816313897e-08
1.689624484703558058e-08
1.685909917201602408e-08
1.682207361563726416e-08
1.678515077190854225e-08
1.674832643500909624e-08
1.671163024539032737e-08
1.667503214123093086e-08
1.663851484560710118e-08
1.660211837767934517e-08
1.656581010413243048e-08
1.652957535146989920e-08
1.649343452949017209e-08
1.645746831317056008e-08
1.642158866039605406e-08
1.638577984778572891e-08
1.635006382276995423e-08
1.631445872933347426e-08
1.627895493021746719e-08
1.624353944467756525e-08
1.620825687708930009e-08
1.617305372461260118e-08
1.613793605890257331e-08
1.610293252800023445e-08
1.606800367577754923e-08
1.603314897966992206e-08
1.599839121080435955e-08
1.596379784581033926e-08
1.592928162098384532e-08
1.589483453571191118e-08
1.586047590489908197e-08
1.582622202751458170e-08
1.579206520981491255e-08
1.575799177122874776e-08
1.572404398236400295e-08
1.569017451746311407e-08
1.565638239836000608e-08
1.562269981392781959e-08
1.558909328321536035e-08
1.555555428816401390e-08
1.552209807435122177e-08
1.548880173620282534e-08
1.545558753485542440e-08
1.542243499896048254e-08
1.538936190605510196e-08
1.535639443898013395e-08
1.532351442222827154e-08
1.529071892664352968e-08
1.525803083744415016e-08
1.522543514559320977e-08
1.519290170906078677e-08
1.516046840206813866e-08
1.512812539977355283e-08
1.509584271822533277e-08
1.506362620623482594e-08
1.503153862216668715e-08
1.499957070616365274e-08
1.496765815669543626e-08
1.493581319733302963e-08
1.490405938804103437e-08
1.487239217227920076e-08
1.484081661469535471e-08
1.480931963042570116e-08
1.477793854171211297e-08
1.474661304945454506e-08
1.471536853116837038e-08
1.468421960899613661e-08
1.465313326621403790e-08
1.462210980736961721e-08
1.459116963729519904e-08
1.456037388747278745e-08
1.452964787733680665e-08
1.449897781160531342e-08
1.446837890316496766e-08
1.443787604772040538e-08
1.440745061218576764e-08
1.437710491286743200e-08
1.434684990100816557e-08
1.431668951591283943e-08
1.428658062269998118e-08
1.425655752627141948e-08
1.422662203595593076e-08
1.419674104696948222e-08
1.416691694434330179e-08
1.413718862054715983e-08
1.410759167069681434e-08
1.407805278980286551e-08
1.404856962334322620e-08
1.401915726151277355e-08
1.398983432489918199e-08
1.396058758631927570e-08
1.393141247699892118e-08
1.390232902505438424e-08
1.387332970127010813e-08
1.384438017748971249e-08
1.381551456234557903e-08
1.378673169191873838e-08
1.375799970189837595e-08
1.372932142704701925e-08
1.370073432412079948e-08
1.367227362067070035e-08
1.364386861351279015e-08
1.361551566750090135e-08
1.358722834454561108e-08
1.355902865128207127e-08
1.353089862801522890e-08
1.350284000067354223e-08
1.347486221160940112e-08
1.344697369595274535e-08
1.341913047071150104e-08
1.339136191745212969e-08
1.336367441211420254e-08
1.333603841033422392e-08
1.330845640886775239e-08
1.328094509692167942e-08
1.325356043979083475e-08
1.322623979680244644e-08
1.319896506331971474e-08
1.317175148691019002e-08
1.314461379941149298e-08
1.311754498292334524e-08
1.309055222058816389e-08
1.306362101934613194e-08
1.303678655079829232e-08
1.301000129707957510e-08
1.298327532223943693e-08
1.295663059044585500e-08
1.293004852826320268e-08
1.290351368359916055e-08
1.287702971666233547e-08
1.285064053951966379e-08
1.282435745089711726e-08
1.279811810390551120e-08
1.277192758847908656e-08
1.274580087858554117e-08
1.271974954489846729e-08
1.269376424995844195e-08
1.266784093351196049e-08
1.264199290829648195e-08
1.261622500837941160e-08
1.259049751489585558e-08
1.256483641910596746e-08
1.253925011487554229e-08
1.251371143427728701e-08
1.248822406172343247e-08
1.246279004337344014e-08
1.243746787748569657e-08
1.241221934693122959e-08
1.238701173222054181e-08
1.236185343094743204e-08
1.233676039577272618e-08
1.231173498367893695e-08
1.228677671502146036e-08
1.226187328266853977e-08
1.223704837512597211e-08
1.221229121024853679e-08
1.218757402318038129e-08
1.216292328297974460e-08
1.213834166235090648e-08
1.211380366095683399e-08
1.208931422943044512e-08
1.206487730491099754e-08
1.204055009986683114e-08
1.201628949737732411e-08
1.199206800129527314e-08
1.196789351851335841e-08
1.194378045611811032e-08
1.191973236854169688e-08
1.189574761454878520e-08
1.187181587551110413e-08
1.184795573710909449e-08
1.182416517620443105e-08
1.180041118447593765e-08
1.177671738031646251e-08
1.175309171504390290e-08
1.172951123693062940e-08
1.170597556462716750e-08
1.168248620433275166e-08
1.165908634998145687e-08
1.163577053310185276e-08
1.161249189791422073e-08
1.158925541691611726e-08
1.156607157793889335e-08
1.154295628891343936e-08
1.151989321031279550e-08
1.149688852256710624e-08
1.147394018828752603e-08
1.145107011961411027e-08
1.142823619061713382e-08
1.140545192419117529e-08
1.138273370080607384e-08
1.136007083460077631e-08
1.133744438180332049e-08
1.131485588601405614e-08
1.129233570850031703e-08
1.126991449184057815e-08
1.124753721381187863e-08
1.122519538494513320e-08
1.120290042809790015e-08
1.118066349495679687e-08
1.115848190552513584e-08
1.113636057649111545e-08
1.111428482455109207e-08
1.109227751414513269e-08
1.107032955694965803e-08
1.104841467360312371e-08
1.102655421515529737e-08
1.100475585376903262e-08
1.098300018759517589e-08
1.096128398446674508e-08
1.093960700590669441e-08
1.091800401297344300e-08
1.089648771964089779e-08
1.087500778339863460e-08
1.085356344421636780e-08
1.083216397672978808e-08
1.081082367337937082e-08
1.078953200039258062e-08
1.076829988025675770e-08
1.074710798914276136e-08
1.072598864384900729e-08
1.070491784385420027e-08
1.068388004996444668e-08
1.066289676598904913e-08
1.064197065665139075e-08
1.062108272916298323e-08
1.060023389878607183e-08
1.057942327065645523e-08
1.055868424608640989e-08
1.053802650085260316e-08
1.051740316087756843e-08
1.049681367361456119e-08
1.047626690403399244e-08
1.045577569522376725e-08
1.043533094264017961e-08
1.041494375281879865e-08
1.039459494812169173e-08
1.037431207852549068e-08
1.035408013777783355e-08
1.033387774498643349e-08
1.031372432544347879e-08
1.029362754826387424e-08
1.027357156504326192e-08
1.025354995738679732e-08
1.023356109168413980e-08
1.021363507476379235e-08
1.019379452200900053e-08
1.017398943931008497e-08
1.015421453983299822e-08
1.013447911473707178e-08
1.011479338879176911e-08
1.009515747416083575e-08
1.007557083611297263e-08
1.005602530216202080e-08
1.003652989600157751e-08
1.001709799101026837e-08
9.997693377657576499e-09
9.978330077493559776e-09
9.959019952667396696e-09
9.939758944786323703e-09
9.920524708450136994e-09
9.901324415315199043e-09
9.882166504661378364e-09
9.863089705323546667e-09
9.844067295449570543e-09
9.825073837526635682e-09
9.806113098141530220e-09
9.787191924825369541e-09
9.768324274299793835e-09
9.749495895229810940e-09
9.730719494070712628e-09
9.711977275092700640e-09
9.693296393770040937e-09
9.674661267797758011e-09
9.656052096790948485e-09
9.637486114252141606e-09
9.618972362920850940e-09
9.600498373308186917e-09
9.582053503367548115e-09
9.563636592820150476e-09
9.545271719879846094e-09
9.526985879477114990e-09
9.508740065504301171e-09
9.490521602900227694e-09
9.472335683442247780e-09
9.454189542469149039e-09
9.436095507031054985e-09
9.418037414241572614e-09
9.400027777136188937e-09
9.382051266342905009e-09
9.364136057192967258e-09
9.346260581877060210e-09
9.328410407897009940e-09
9.310601997735355157e-09
9.292842782177360140e-09
9.275121013299733345e-09
9.257427125803755545e-09
9.239759356524657310e-09
9.222141092057820490e-09
9.204598338893471279e-09
9.187094868386909241e-09
9.169617592076633039e-09
9.152170702083181230e-09
9.134759948027540664e-09
9.117399415659992883e-09
9.100073140986503784e-09
9.082794466356269899e-09
9.065546597848899591e-09
9.048352316986045513e-09
9.031202516439174049e-09
9.014074645753375824e-09
8.996984362654983487e-09
8.979941985148557464e-09
8.962940156912942471e-09
8.945960751297700199e-09
8.929010406443353248e-09
8.912096163288830950e-09
8.895247980151074162e-09
8.878454195318631891e-09
8.861685524798852476e-09
8.844943475076572661e-09
8.828234495762689570e-09
8.811566921711890327e-09
8.794938835736281021e-09
8.778351723542836275e-09
8.761797540749359749e-09
8.745282954247215027e-09
8.728822038839494182e-09
8.712389098278152895e-09
8.695983570556438579e-09
8.679620559323418651e-09
8.663298388498255790e-09
8.647005497874532653e-09
8.630740435315438597e-09
8.614499162241283466e-09
8.598304847868116371e-09
8.582180161478637169e-09
8.566087761869523401e-09
8.550018852556119466e-09
8.533977889996147243e-09
8.517969617460152337e-09
8.502005896217596733e-09
8.486073497543249715e-09
8.470184901446353545e-09
8.454325200390973765e-09
8.438507863391754458e-09
8.422737435373795951e-09
8.406987320915964589e-09
8.391268930330185381e-09
8.375592310415605915e-09
8.359953866184029654e-09
8.344338729836476404e-09
8.328752999330386059e-09
8.313190840672885302e-09
8.297675494354209469e-09
8.282226271210496913e-09
8.253247631650644083e-09
8.237878898694398131e-09
8.222536874177087078e-09
8.207226435690462484e-09
8.191959421056458338e-09
8.176721244716205842e-09
8.161524892277977472e-09
8.092416459924994579e-09
8.077409404519896786e-09
8.062447670770451501e-09
8.047506102397253843e-09
8.032593503573642912e-09
8.017720470366169824e-09
8.002883323679224381e-09
7.988071018903865848e-09
7.946525601473897819e-09
7.931820535857040613e-09
7.917157988885666871e-09
7.902558924360094861e-09
7.887989326751590893e-09
7.873440527543332869e-09
7.858916123365168090e-09
7.791212843657603511e-09
7.776874592296847940e-09
7.762568796618126283e-09
7.748299185662611170e-09
7.734056810434534235e-09
7.719841966066569634e-09
7.705674205885214717e-09
7.691533041129632284e-09
7.651027594235747912e-09
7.636998962084478097e-09
7.623008066358811751e-09
7.609047825867349777e-09
7.595106071923056698e-09
7.581184857796966786e-09
7.567294181322018918e-09
7.501014568928116843e-09
7.487341858621083229e-09
7.473688861085789072e-09
7.460055108478405725e-09
7.446447339824367848e-09
7.432865272624986556e-09
7.419319735090517274e-09
7.379750747655040270e-09
7.366325953971253681e-09
7.352922973140694434e-09
7.339555243310714847e-09
7.326226643870164844e-09
7.312914512771790167e-09
7.299626847691022285e-09
7.286374996526528274e-09
7.221521105311481848e-09
7.208438719096089765e-09
7.195376611406792704e-09
7.182331389010952694e-09
7.169322294273239734e-09
7.156364267609891072e-09
7.143440023768894586e-09
7.104898007685869766e-09
7.092068615420885241e-09
7.079264337789297891e-09
7.066485530931700475e-09
7.053740049840745088e-09
7.041020071984724188e-09
7.028332429874608244e-09
7.015664330179145610e-09
6.952108288095655620e-09
6.939622269475430644e-09
6.927150900982977483e-09
6.914704046187303043e-09
6.902291386973916008e-09
6.889905434805909385e-09
6.877540182256953810e-09
6.839588560512368648e-09
6.827313747220435356e-09
6.815071986018898096e-09
6.802878631025651311e-09
6.790719636794973269e-09
6.778578819431157086e-09
6.766453255306144984e-09
6.702857294257115501e-09
6.690889047537003912e-09
6.678953823306817905e-09
6.667041555717773739e-09
6.655160885350148153e-09
6.643300613327471358e-09
6.631464369659825693e-09
6.619665250136080194e-09
6.582052036944213687e-09
6.570344564366248797e-09
6.558666460500136151e-09
6.547017389973446423e-09
6.535391299634646019e-09
6.523779868979555282e-09
6.512184840302064230e-09
6.448672242218585541e-09
6.437249693177464128e-09
6.425874051043574689e-09
6.414515662917274109e-09
6.403171344288071724e-09
6.391847571658813254e-09
6.380541044972236897e-09
6.343153596326079243e-09
6.331955927019722419e-09
6.320785093628486790e-09
6.309637031585973596e-09
6.298507799540650185e-09
6.287414074985571034e-09
6.276344690873678365e-09
6.212795231511511621e-09
6.201870002201186969e-09
6.190976212542312656e-09
6.180105803980027885e-09
6.169253248153737188e-09
6.158416767610345317e-09
6.147593355156237067e-09
6.136794289048897541e-09
6.099714400692339397e-09
6.089047103007695797e-09
6.078396500423911598e-09
6.067758724860005213e-09
6.057140783613695456e-09
6.046538134394823655e-09
6.035964837138194923e-09
5.972496160635529957e-09
5.962081275223354218e-09
5.951684993646155856e-09
5.941307475722752423e-09
5.930965096766052953e-09
5.920643497545455081e-09
5.910330702304933003e-09
5.873446931795351258e-09
5.863238520877860866e-09
5.853051761278590598e-09
5.842881019963838543e-09
5.832726051022778595e-09
5.822583236352276525e-09
5.812464088507066615e-09
5.748943855304255341e-09
5.739004851915682499e-09
5.729081543184298010e-09
5.719170301719928837e-09
5.709277841097152771e-09
5.699400138698253244e-09
5.689549321797333535e-09
5.679716070389513948e-09
5.643111175052731036e-09
5.633374404402437317e-09
5.623654929916952673e-09
5.613967872989712001e-09
5.604303138969280949e-09
5.594646274171386671e-09
5.585006551713039419e-09
5.521547523419024441e-09
5.512063833125181815e-09
5.502597716018472186e-09
5.493145250161928809e-09
5.483705796854542513e-09
5.474285905808479694e-09
5.464895856689916199e-09
5.428492556934383002e-09
5.419205575911269498e-09
5.409930837076291010e-09
5.400673024359720285e-09
5.391432009110044984e-09
5.382209682135308010e-09
5.373010294745658101e-09
5.309476611763133973e-09
5.300423301985275244e-09
5.291385704207068450e-09
5.282367887126952481e-09
5.273381168581034404e-09
5.264409081103866797e-09
5.255446684746562718e-09
5.219202604015021711e-09
5.210332294490781954e-09
5.201482306683845605e-09
5.192643619117337040e-09
5.183820995587919013e-09
5.175008795956053293e-09
5.166219138631330691e-09
5.102625111721540409e-09
5.094000518965369756e-09
5.085389796835388844e-09
5.076789657759048955e-09
5.068206408818677466e-09
5.059636782072239472e-09
5.051089936056091264e-09
5.042561520054960936e-09
5.006558435894393054e-09
4.998114164552555740e-09
4.989684698097182596e-09
4.981278588650696898e-09
4.972898737223273212e-09
4.964529670246965108e-09
4.956172271849065312e-09
4.892618219768453056e-09
4.884402343692532899e-09
4.876206117483687772e-09
4.868019592969843864e-09
4.859849218014978871e-09
4.851688690464987566e-09
4.843549915685289796e-09
4.807720012671547564e-09
4.799683146646425217e-09
4.791659578221261588e-09
4.783645886262662967e-09
4.775648240819995477e-09
4.767663954929614782e-09
4.759700298859199345e-09
4.696073183316096763e-09
4.688243842330653835e-09
4.680433190265804234e-09
4.672636209405207900e-09
4.664858019328090937e-09
4.657107450853877322e-09
4.649370314773344551e-09
4.613685060670871948e-09
4.606020582695270710e-09
4.598371978285157649e-09
4.590740716827305036e-09
4.583121992072623202e-09
4.575515973095671302e-09
4.567919689342851475e-09
4.504200478362939139e-09
4.496757624297470292e-09
4.489336934523906090e-09
4.481924728629794698e-09
4.474522911462021373e-09
4.467135791951143708e-09
4.459763127653878380e-09
4.424220940171630775e-09
4.416936604927869358e-09
4.409657533170627758e-09
4.402392747946303047e-09
4.395141257762641891e-09
4.387903973872253945e-09
4.380694381215740606e-09
4.316912003705500261e-09
4.309834769271751167e-09
4.302767825130827455e-09
4.295710684705118277e-09
4.288668927370650322e-09
4.281644399996127005e-09
4.274628315835000564e-09
4.239221321891347493e-09
4.232283345144161555e-09
4.225360429951444528e-09
4.218464698565992430e-09
4.211581603325706683e-09
4.204710406302446017e-09
4.197847806028365805e-09
4.133970390261638701e-09
4.127243519930626712e-09
4.120530728434448796e-09
4.113833422418251751e-09
4.107140512248701189e-09
4.100462352723019483e-09
4.093797876311416085e-09
4.058524276199591675e-09
4.051954618659294658e-09
4.045396539479960651e-09
4.038841060035033012e-09
4.032296259801273280e-09
4.025761644919358317e-09
4.019241246374713311e-09
3.955279679736140795e-09
3.948891486699730320e-09
3.942515391432410146e-09
3.936147240169871887e-09
3.929793293468642009e-09
3.923465254769903949e-09
3.917149614128225981e-09
3.882011467741545104e-09
3.875768787760436134e-09
3.869537340132278586e-09
3.863316026256578990e-09
3.857106948646660130e-09
3.850913578632888115e-09
3.844724485296878387e-09
3.780674111607155932e-09
3.774618410416144319e-09
3.768574415266223392e-09
3.762553859555426226e-09
3.756547523298088562e-09
3.750544263751962332e-09
3.744549973132470869e-09
3.709523863208134865e-09
3.703605009761336572e-09
3.697701110360000110e-09
3.691801394600930560e-09
3.685913579017325528e-09
3.680031232169112471e-09
3.674162396595923061e-09
3.610032191406061279e-09
3.604311529384864581e-09
3.598596638696031123e-09
3.592889376364228654e-09
3.587193398552695053e-09
3.581505734088560389e-09
3.575826343536242901e-09
3.540924684952168586e-09
3.535325299433552696e-09
3.529731161001614980e-09
3.524146831489666482e-09
3.518574056747538313e-09
3.513013716343113588e-09
3.448690747321700267e-09
3.443269096016388295e-09
3.437850546585272951e-09
3.432440351033966560e-09
3.427038578867689901e-09
3.421649647411385381e-09
3.416271299351124612e-09
3.381408342176357540e-09
3.376100115695129655e-09
3.370798838915059760e-09
3.365509412813938940e-09
3.360238733264917755e-09
3.354981239256764645e-09
3.349730895132882148e-09
3.285313872116588277e-09
3.280187990208343596e-09
3.275070100898455844e-09
3.269961314580436118e-09
3.264866691833423139e-09
3.259777585178395130e-09
3.254695292988687768e-09
3.219940403622837744e-09
3.214931822290351884e-09
3.209936672543833123e-09
3.204961824774351981e-09
3.199988592320161335e-09
3.195018929614954027e-09
3.190056798353124198e-09
3.125553980519589959e-09
3.120719508152129427e-09
3.115895103053868572e-09
3.111075468542713167e-09
3.106264118907493486e-09
3.101458731140256985e-09
3.096664625117686048e-09
3.062021439341579477e-09
3.057312384874592220e-09
3.052609231222629143e-09
3.047911219279137873e-09
3.043219448475806804e-09
3.038535062483205351e-09
2.973835783593484710e-09
2.969280114679985020e-09
2.964731603280222822e-09
2.960187066001757438e-09
2.955651361039526234e-09
2.951123593686127437e-09
2.946605707187649754e-09
2.911286425568572398e-09
2.906844188331765421e-09
2.902402979462069419e-09
2.897970510997607188e-09
2.893541339614037207e-09
2.889119538239386252e-09
2.884710784219332312e-09
2.818474057686187622e-09
2.814174331421425993e-09
2.809878707839895236e-09
2.805594820955496584e-09
2.801321604177306858e-09
2.797064210273356924e-09
2.792812767710075099e-09
2.757563680503317062e-09
2.753372431692494918e-09
2.749187961500992537e-09
2.745011663210539179e-09
2.740842219732559876e-09
2.736681435488650729e-09
2.732524154336660283e-09
2.666183017379614036e-09
2.662136476513795305e-09
2.658099637608223184e-09
2.654076688322603800e-09
2.650069358548023994e-09
2.646062238401690923e-09
2.610825770986245940e-09
2.606877578592194403e-09
2.602933524133881217e-09
2.598997961424321295e-09
2.595072966774373643e-09
2.591148112673689016e-09
2.587230366308905621e-09
2.520676507430576002e-09
2.516870870666815690e-09
2.513076347517653156e-09
2.509297343313380872e-09
2.505522637410443286e-09
2.501753507027023638e-09
2.497987229999542818e-09
2.462821878823489931e-09
2.459118295359656515e-09
2.455421437526810608e-09
2.451732814276726919e-09
2.448047153391129451e-09
2.444364958856584717e-09
2.377609769388974535e-09
2.374038912750762355e-09
2.370480944439473712e-09
2.366938407756690983e-09
2.363396144183987999e-09
2.359856072378574628e-09
2.356321560694073508e-09
2.321167982911150761e-09
2.317692827349633990e-09
2.314228673260612230e-09
2.310765099446976369e-09
2.307307223229750680e-09
2.303851326085921539e-09
2.300403324858367925e-09
2.233555077455054243e-09
2.230227689227390879e-09
2.226905775287847700e-09
2.223591071687401901e-09
2.220277454061686063e-09
2.216969025022035829e-09
2.181832337079531090e-09
2.178584380089860568e-09
2.175344193298125345e-09
2.172108885055784807e-09
2.168875409538510648e-09
2.165647400832462430e-09
2.162423335970915375e-09
2.095377000793477688e-09
2.092275704139769316e-09
2.089177803883588304e-09
2.086080347507230018e-09
2.082988224725509536e-09
2.079898763438379787e-09
2.076812580735923051e-09
2.041743626730326536e-09
2.038720948425994470e-09
2.035699798757182894e-09
2.032684546733552950e-09
2.029671528024222935e-09
2.026665807322129884e-09
1.959429949876699330e-09
1.956541525231853367e-09
1.953656937930003750e-09
1.950776542502491481e-09
1.947899308451198903e-09
1.945026207403303169e-09
1.942158719817903144e-09
1.907100227848847491e-09
1.904293150470487530e-09
1.901488970543336872e-09
1.898687640775463232e-09
1.895890801938702495e-09
1.893098275974386373e-09
1.825672224998470594e-09
1.822998017855111450e-09
1.820324733155985365e-09
1.817652266950874541e-09
1.814985277188036131e-09
1.812320429940865536e-09
1.809658986180715395e-09
1.774612696766875415e-09
1.772011286177570392e-09
1.769411854535715398e-09
1.766817584483580805e-09
1.764225842059697400e-09
1.761640756577149169e-09
1.759063296601436575e-09
1.691560086618000811e-09
1.689090363539215249e-09
1.686624792684039529e-09
1.684161990365394707e-09
1.681703137894906634e-09
1.679249862536545175e-09
1.644212833585595357e-09
1.641816561604817038e-09
1.639423635712336998e-09
1.637032979770132423e-09
1.634646960915502449e-09
1.632264691897534450e-09
1.629886750510869684e-09
1.562205075723808686e-09
1.559937224562806340e-09
1.557669620954526538e-09
1.555406739171807397e-09
1.553146448051155305e-09
1.550888836768040128e-09
1.515862502894591526e-09
1.513663306448998813e-09
1.511464262083450232e-09
1.509271465729357729e-09
1.507079372447541216e-09
1.504894981242469138e-09
1.502715706369339346e-09
1.435110051058157600e-09
1.433033363095978461e-09
1.430963414728442397e-09
1.428894034642873145e-09
1.426829435313558310e-09
1.424769020521977034e-09
1.390095208303844596e-09
1.388087894423234403e-09
1.386086459007643482e-09
1.384086114462587670e-09
1.382089357680576436e-09
1.380096013619225198e-09
1.378107203488779866e-09
1.311187666516271009e-09
1.309304096809509661e-09
1.307420787682242015e-09
1.305538530309577813e-09
1.303661595064017571e-09
1.301786309051232948e-09
1.267550094879647435e-09
1.265730581781567780e-09
1.263911700492595315e-09
1.262094277730621688e-09
1.260282044357104294e-09
1.258471139670050692e-09
1.256667442255608966e-09
1.190446512381769921e-09
1.188741957134233612e-09
1.187038545781284599e-09
1.185340578727101450e-09
1.183643588582668337e-09
1.181951047747268274e-09
1.148160725496579183e-09
1.146520688503792254e-09
1.144881402692299095e-09
1.143247904768903760e-09
1.141615206622207551e-09
1.139986094872007434e-09
1.138360133891690753e-09
1.072847590141281300e-09
1.071319527861704360e-09
1.069795554215770034e-09
1.068271849595569523e-09
1.066749059587205454e-09
1.065231263513713605e-09
1.031883397951963882e-09
1.030414919557875228e-09
1.028950416142285902e-09
1.027486954291345598e-09
1.026024190850494275e-09
1.024566929696932690e-09
9.596787406042028189e-10
9.583190116598681699e-10
9.569612932669412780e-10
9.556043174615397614e-10
9.542473416561388652e-10
9.528963288033635882e-10
9.515458111912697791e-10
9.186472746760646848e-10
9.173487672776202278e-10
9.160521302044336893e-10
9.147555129111436812e-10
9.134638165044604886e-10
9.121737864984453016e-10
8.480219931426668804e-10
8.468264608572649744e-10
8.456320277668284994e-10
8.444379198322541519e-10
8.432485867342963018e-10
8.420603922761993853e-10
8.408721978181024687e-10
8.084226533738048172e-10
8.072845005730738460e-10
8.061466747787548572e-10
8.050115766266149818e-10
8.038796134822211425e-10
8.027476503378274066e-10
7.393387329957650567e-10
7.382998767627242487e-10
7.372619816352073681e-10
7.362270399007565220e-10
7.351940621472973979e-10
7.341610843938383771e-10
7.021174187043420655e-10
7.011336809249196450e-10
7.001510191384786753e-10
6.991703147924150269e-10
6.981930753840387549e-10
6.972164323137441319e-10
6.962403283891443273e-10
6.335894159847257015e-10
6.327049743970032530e-10
6.318211979712509007e-10
6.309387862468678192e-10
6.300570234883930638e-10
6.291762404465281146e-10
5.975916190975887383e-10
5.967582971395767587e-10
5.959249751815647791e-10
5.950937077967377918e-10
5.942643793283350746e-10
5.934355158433136820e-10
5.314609995775023558e-10
5.307217913543467619e-10
5.299825831311912715e-10
5.292440944197739183e-10
5.285068660257431073e-10
5.277705077006215577e-10
4.965992803799730860e-10
4.959094512545085558e-10
4.952196221290439222e-10
4.945306744254528116e-10
4.938447712228684280e-10
4.931595959853794590e-10
4.924766198987088153e-10
4.312806278599577115e-10
4.306843324313842012e-10
4.300882271945951717e-10
4.294938778670827877e-10
4.288998602601547489e-10
4.283067223453924183e-10
3.975971167280582848e-10
3.970469569351378304e-10
3.964967971422174277e-10
3.959504304953840089e-10
3.954041292795228355e-10
3.948578280636615587e-10
3.343624832812363302e-10
3.339014159492898429e-10
3.334403486173432522e-10
3.329809650839470236e-10
3.325218102358104296e-10
3.320626553876737322e-10
3.316035005395371382e-10
3.013565261174478643e-10
3.009396271763744177e-10
3.005255368493496765e-10
3.001121937956330077e-10
2.996988507419162873e-10
2.992855076881995668e-10
2.395884104078368480e-10
2.392588591472046515e-10
2.389313106545429159e-10
2.386045750890146568e-10
2.382778395234863978e-10
2.379511039579581387e-10
2.081308797537216294e-10
2.078456802301426868e-10
2.075612319899003239e-10
2.072771977665862057e-10
2.069931635432719840e-10
2.067091293199578141e-10
1.477385114551368210e-10
1.475368316489658175e-10
1.473351518427948140e-10
1.471334720366238363e-10
1.469317922304528844e-10
1.467301124242818809e-10
1.173377294917153500e-10
1.171768682274688048e-10
1.170160069632222080e-10
1.168551456989756888e-10
1.166942844347291695e-10
1.165334231704826244e-10
1.163725619062360793e-10
6.182299237304900310e-11
6.173802515632264917e-11
6.165305793959629524e-11
6.156809072286992839e-11
6.148312350614356154e-11
6.139815628941719469e-11
1.809638912065060972e-11
1.807151787339284634e-11
1.804664662613508620e-11
1.802177537887731959e-11
1.799690413161955621e-11
1.797203288436179607e-11
0.000000000000000000e+00
0.000000000000000000e+00
0.000000000000000000e+00
0.000000000000000000e+00
0.000000000000000000e+00
0.000000000000000000e+00
0.000000000000000000e+00
0.000000000000000000e+00
0.000000000000000000e+00
0.000000000000000000e+00
0.000000000000000000e+00
0.000000000000000000e+00
0.000000000000000000e+00
0.000000000000000000e+00
0.000000000000000000e+00
0.000000000000000000e+00
0.000000000000000000e+00
0.000000000000000000e+00
0.000000000000000000e+00
0.000000000000000000e+00
0.000000000000000000e+00
0.000000000000000000e+00
0.000000000000000000e+00
0.000000000000000000e+00
0.000000000000000000e+00
0.000000000000000000e+00
0.000000000000000000e+00
0.000000000000000000e+00
0.000000000000000000e+00
0.000000000000000000e+00
0.000000000000000000e+00
0.000000000000000000e+00
0.000000000000000000e+00
0.000000000000000000e+00
0.000000000000000000e+00
0.000000000000000000e+00
0.000000000000000000e+00
0.000000000000000000e+00
0.000000000000000000e+00
0.000000000000000000e+00
0.000000000000000000e+00
0.000000000000000000e+00
0.000000000000000000e+00
0.000000000000000000e+00
0.000000000000000000e+00
0.000000000000000000e+00
0.000000000000000000e+00
0.000000000000000000e+00
0.000000000000000000e+00
0.000000000000000000e+00
0.000000000000000000e+00
0.000000000000000000e+00
0.000000000000000000e+00
0.000000000000000000e+00
0.000000000000000000e+00
0.000000000000000000e+00
0.000000000000000000e+00
0.000000000000000000e+00
0.000000000000000000e+00
0.000000000000000000e+00
0.000000000000000000e+00
0.000000000000000000e+00
0.000000000000000000e+00
0.000000000000000000e+00
0.000000000000000000e+00
0.000000000000000000e+00
0.000000000000000000e+00
0.000000000000000000e+00
0.000000000000000000e+00
0.000000000000000000e+00
0.000000000000000000e+00
0.000000000000000000e+00
0.000000000000000000e+00
0.000000000000000000e+00
0.000000000000000000e+00
0.000000000000000000e+00
0.000000000000000000e+00
