1.542194053092730896e-07
1.650458685972491303e-07
1.753012127176288294e-07
1.850084261964179621e-07
1.941896943908637197e-07
2.028661652999924160e-07
2.110577684349369016e-07
2.187834265216808072e-07
2.260612247503396302e-07
2.329087701410367536e-07
2.393425008573655719e-07
2.453782549045461239e-07
2.510311833135094941e-07
2.563156983328437341e-07
2.612453437335812298e-07
2.658333368542378327e-07
2.700924764116315297e-07
2.740344033012670770e-07
2.776710372423000485e-07
2.810132775292576601e-07
2.840716304498940974e-07
2.868566637646677620e-07
2.893782929984765216e-07
2.916461234244951798e-07
2.936695783472495341e-07
2.954578221868256770e-07
2.970196775285738527e-07
2.983635500155427299e-07
2.994980672418099907e-07
3.004310610886518794e-07
3.011708247181393754e-07
3.017243811416364966e-07
3.020999678470592298e-07
3.023041016907522458e-07
3.023444882162086744e-07
3.022273908862987830e-07
3.019601750437011146e-07
3.015487922465701882e-07
3.010000340675644561e-07
3.003199882623813608e-07
2.995147373450300743e-07
2.985902240063602588e-07
2.975525519307598811e-07
2.964070705273369357e-07
2.951595927700208238e-07
2.938154019720646581e-07
2.923802096664806139e-07
2.908590787925570183e-07
2.892569275364027851e-07
2.875792167866886259e-07
2.858302751175969763e-07
2.840153366229798092e-07
2.821391587277836521e-07
2.802056939362388434e-07
2.782197278198789518e-07
2.761856711695307393e-07
2.741072031673876625e-07
2.719886736685195818e-07
2.698340912584881895e-07
2.676468074730902439e-07
2.654306621771642807e-07
2.631893795213561775e-07
2.609262329854999488e-07
2.586443692871107758e-07
2.563471175692743929e-07
2.540376299230275710e-07
2.517186752229688680e-07
2.493931896477442655e-07
2.470638234379471501e-07
2.447333550268370635e-07
2.424042413760570905e-07
2.400787082706426850e-07
2.377590068416875609e-07
2.354475935384458588e-07
2.331464153455297650e-07
2.308572365563883314e-07
2.285820169812411687e-07
2.263226115770284099e-07
2.240806666832025735e-07
2.218576074625606468e-07
2.196549458987647197e-07
2.174740124264015435e-07
2.153162697706918962e-07
2.131828431278391855e-07
2.110744834269525486e-07
2.089923956979165289e-07
2.069377308789659271e-07
2.049113678492540617e-07
2.029135628246232471e-07
2.009452149433451585e-07
1.990072192140101039e-07
1.970999545796517806e-07
1.952239854450852414e-07
1.933795733919860838e-07
1.915667840312643249e-07
1.897865727331943793e-07
1.880387339240843231e-07
1.863235496534859981e-07
1.846411616562522429e-07
1.829912924859921425e-07
1.813744228813886985e-07
1.797901934109749159e-07
1.782386977058800399e-07
1.767199055258459248e-07
1.752330902993472409e-07
1.737786931834992940e-07
1.723559535259931929e-07
1.709649287967689529e-07
1.696051734086443035e-07
1.682762623537243882e-07
1.669780022865626632e-07
1.657093933312194107e-07
1.644707026311949979e-07
1.632609772836128006e-07
1.620801957400154947e-07
1.609272665776783571e-07
1.598020945100839959e-07
1.587036879944477480e-07
1.576319290534385663e-07
1.565858699167362659e-07
1.555651353666043468e-07
1.545689042737593364e-07
1.535966284512507901e-07
1.526475165082234172e-07
1.517211181380933336e-07
1.508165292322577099e-07
1.499333833472660743e-07
1.490707108201529709e-07
1.482280639073781808e-07
1.474043703528335129e-07
1.465993123271453479e-07
1.458118299263903762e-07
1.450416423955835317e-07
1.442875847328129642e-07
1.435494902581769273e-07
1.428261655952582544e-07
1.421172262806170926e-07
1.414216471144769766e-07
1.407390427925232212e-07
1.400685853984131552e-07
1.394096271466683862e-07
1.387616569768102052e-07
1.381236450299416180e-07
1.374953548200489277e-07
1.368757782089324584e-07
1.362645705103635407e-07
1.356608319068361024e-07
1.350641321632257371e-07
1.344739411055012239e-07
1.338894141090669352e-07
1.333103202994322250e-07
1.327357528108584252e-07
1.321654137954063506e-07
1.315986339264882953e-07
1.310348766880912731e-07
1.304738540015570391e-07
1.299148266184639782e-07
1.293575934292008244e-07
1.288015304856148478e-07
1.282462042540619420e-07
1.276913435327824287e-07
1.271363184205568576e-07
1.265809083951023009e-07
1.260248148430186253e-07
1.254675467170252646e-07
1.249090848059293341e-07
1.243487998862872692e-07
1.237865986534666682e-07
1.232221857223361971e-07
1.226552189010639668e-07
1.220855487092605241e-07
1.215130414612285252e-07
1.209374041044092012e-07
1.203586897127130923e-07
1.197765202079350546e-07
1.191908693346577540e-07
1.186017291983970747e-07
1.180087614992390632e-07
1.174120838412835551e-07
1.168115934042989041e-07
1.162072481289620790e-07
1.155991235479094802e-07
1.149871032103209797e-07
1.143712894985803101e-07
1.137517284313509240e-07
1.131283525475566256e-07
1.125013286531283994e-07
1.118706881367964458e-07
1.112364335842922738e-07
1.105988471983337679e-07
1.099579780978546564e-07
1.093138644272936102e-07
1.086668336501240377e-07
1.080169539545350687e-07
1.073643064557587358e-07
1.067091925849986078e-07
1.060517188295460299e-07
1.053919793085542089e-07
1.047303252956906255e-07
1.040669779801469516e-07
1.034019557706728582e-07
1.027357020894225440e-07
1.020684619887788578e-07
1.014002579732544757e-07
1.007314589566635722e-07
1.000623703873799356e-07
9.939306007433297900e-08
9.872374315981763246e-08
9.805492075094678823e-08
9.738663365649070460e-08
9.671903800337934341e-08
9.605273866944205656e-08
9.538784624270686603e-08
9.472437268783177588e-08
9.406283319070584468e-08
9.340347916892302280e-08
9.274636012784732594e-08
9.209176221567678190e-08
9.144012217728573896e-08
9.079150857170820836e-08
9.014595502243057153e-08
8.950406050557875723e-08
8.886599818238452634e-08
8.823178395846497463e-08
8.760172031244935380e-08
8.697622559077895105e-08
8.635524925862309871e-08
8.573886435497040581e-08
8.512753229626097272e-08
8.452148180307855878e-08
8.392061021232936428e-08
8.332507669352082295e-08
8.273540529131812853e-08
8.215158952888780707e-08
8.157360296899223039e-08
8.100172603203244183e-08
8.043626234406032688e-08
7.987707330181959193e-08
7.932420286406431250e-08
7.877805497427494109e-08
7.823863552838579917e-08
7.770595043555413371e-08
7.717995777372985220e-08
7.666110321794118403e-08
7.614929795065848937e-08
7.564447050320622983e-08
7.514658655542530978e-08
7.465619383728070183e-08
7.417298130699938481e-08
7.369693564812955100e-08
7.322807564155156182e-08
7.276675661425162468e-08
7.231269812111382331e-08
7.186584794620250987e-08
7.142621901164187970e-08
7.099411464400274663e-08
7.056921515497126919e-08
7.015147673497641442e-08
6.974087245738274461e-08
6.933773474937467715e-08
6.894161873987011090e-08
6.855256325833301325e-08
6.817045137246257103e-08
6.779555005819559969e-08
6.742749426528264994e-08
6.706619189473748995e-08
6.671166814763793085e-08
6.636400514808714354e-08
6.602284672411544898e-08
6.568810706343304342e-08
6.535969265136517863e-08
6.503778531504767514e-08
6.472212109976005081e-08
6.441245578960615569e-08
6.410875704775925177e-08
6.381106011892343312e-08
6.351920506965823303e-08
6.323285308100044118e-08
6.295200962950509230e-08
6.267659894521502127e-08
6.240663077628763592e-08
6.214167559872437898e-08
6.188164217187060453e-08
6.162645578690883625e-08
6.137618500147283401e-08
6.113054595652476423e-08
6.088927994340430918e-08
6.065231003449879727e-08
6.041957762972470759e-08
6.019105166061894125e-08
5.996629176880771340e-08
5.974521910974182386e-08
5.952779904207830142e-08
5.931403296683905538e-08
5.910362400520442550e-08
5.889625806827414074e-08
5.869192349238796719e-08
5.849061403033348084e-08
5.829224461420698452e-08
5.809641548973425647e-08
5.790301528870907628e-08
5.771198907378678773e-08
5.752331883894185737e-08
5.733685298903631189e-08
5.715222575013959451e-08
5.696938138644284520e-08
5.678830940309139370e-08
5.660896643422873714e-08
5.643113197484351844e-08
5.625454729545760659e-08
5.607916799298197076e-08
5.590498880838193999e-08
5.573193657671209503e-08
5.555977917015728720e-08
5.538832522864739923e-08
5.521755793177834176e-08
5.504747711711698877e-08
5.487798115056336946e-08
5.470886255518787043e-08
5.453998013224823766e-08
5.437132229605461925e-08
5.420290264551947557e-08
5.403461263177747934e-08
5.386630455805193924e-08
5.369785972443484789e-08
5.352927039221811236e-08
5.336054062225105886e-08
5.319158357562737841e-08
5.302230754132972230e-08
5.285258841440148380e-08
5.268244328274636788e-08
5.251182232132976720e-08
5.234072407269252305e-08
5.216907944625139134e-08
5.199681045016725158e-08
5.182388976870059998e-08
5.165027839410548979e-08
5.147603365961520581e-08
5.130111798060770526e-08
5.112546439498695992e-08
5.094902324705051890e-08
5.077185179436281907e-08
5.059393079071399837e-08
5.041526051425117428e-08
5.023580698518388696e-08
5.005558458128696924e-08
4.987458904019565695e-08
4.969283017665476197e-08
4.951028938438154053e-08
4.932702498903673373e-08
4.914306990684145815e-08
4.895837713596360958e-08
4.877298565458335048e-08
4.858689955003633025e-08
4.840015208312924821e-08
4.821281514112878519e-08
4.802492017900711487e-08
4.783644819066936921e-08
4.764742681084571442e-08
4.745785464537186625e-08
4.726783833906182752e-08
4.707744296155935940e-08
4.688669516565744986e-08
4.669557276156184290e-08
4.650406607069324925e-08
4.631227716450981622e-08
4.612031916970913026e-08
4.592820993573045546e-08
4.573596991049376749e-08
4.554364263553149948e-08
4.535118686896662718e-08
4.515866724764743702e-08
4.496631141264398881e-08
4.477407946933874897e-08
4.458196161348251073e-08
4.439005945663358720e-08
4.419829676286110433e-08
4.400677037230804237e-08
4.381569910736803034e-08
4.362505666167531775e-08
4.343479577675937726e-08
4.324503487925457559e-08
4.305570588110764059e-08
4.286691444909110652e-08
4.267884673232344925e-08
4.249148594162794455e-08
4.230476332175639822e-08
4.211881636234671456e-08
4.193356376161278454e-08
4.174908666754336340e-08
4.156562564020464668e-08
4.138309569147549991e-08
4.120144005461764474e-08
4.102085140289441362e-08
4.084116273397472195e-08
4.066247277403916370e-08
4.048504192103614266e-08
4.030875726627052357e-08
4.013357306691583457e-08
3.995966003026729892e-08
3.978684409943756594e-08
3.961527671392657978e-08
3.944508385305544100e-08
3.927614962557280661e-08
3.910863093064134355e-08
3.894240808094651493e-08
3.877745546728261294e-08
3.861395298758191378e-08
3.845187909759016346e-08
3.829119849459540765e-08
3.813204099739567487e-08
3.797429672435369283e-08
3.781800189728329452e-08
3.766315861961513116e-08
3.750976108261098732e-08
3.735800386097162916e-08
3.720774245725050228e-08
3.705893219663670620e-08
3.691169017003763598e-08
3.676589512849886468e-08
3.662168579130895002e-08
3.647905751220265649e-08
3.633786380330328668e-08
3.619826946801562149e-08
3.606015224514182568e-08
3.592355843538115131e-08
3.578843087101192126e-08
3.565483873659470573e-08
3.552280721250923198e-08
3.539220033549511371e-08
3.526308571042659048e-08
3.513542017397010337e-08
3.500916800971716856e-08
3.488443981197409562e-08
3.476108860179021191e-08
3.463925382766242335e-08
3.451876394050455515e-08
3.439959833371957396e-08
3.428182601662357049e-08
3.416541620534328785e-08
3.405038559883318002e-08
3.393668067878521665e-08
3.382426603130244444e-08
3.371310799690357863e-08
3.360314011216870018e-08
3.349443645686262092e-08
3.338695710969918668e-08
3.328071077381950116e-08
3.317566884821278355e-08
3.307171255725188594e-08
3.296888116095659611e-08
3.286708272781333663e-08
3.276637888443772214e-08
3.266675607518943284e-08
3.256819536808138015e-08
3.247065574030273867e-08
3.237406176084912381e-08
3.227838659755012304e-08
3.218359377025081828e-08
3.208969311404861509e-08
3.199673537160762462e-08
3.190464111251380327e-08
3.181338222267292907e-08
3.172294266469702880e-08
3.163321398849936201e-08
3.154419205770206424e-08
3.145590398416813670e-08
3.136834588524544983e-08
3.128150002108459680e-08
3.119532725211502639e-08
3.110978746051328482e-08
3.102479857697074270e-08
3.094034079835422877e-08
3.085647153453990411e-08
3.077311725648045932e-08
3.069028367115632947e-08
3.060803287254529719e-08
3.052623444346324588e-08
3.044481791851982499e-08
3.036383306683950501e-08
3.028323106537057977e-08
3.020298753182017258e-08
3.012318869084947337e-08
3.004373191385861687e-08
2.996464134856249374e-08
2.988586645672987696e-08
2.980735763485439165e-08
2.972907826393420849e-08
2.965110745000416299e-08
2.957337150488127599e-08
2.949587730026791104e-08
2.941867525896834527e-08
2.934168234709864030e-08
2.926484692220051534e-08
2.918818522435494928e-08
2.911167409818321679e-08
2.903530478637876340e-08
2.895911041251704615e-08
2.888305290798355017e-08
2.880716560175607233e-08
2.873139720821758464e-08
2.865571678471916931e-08
2.858013363596590375e-08
2.850463802240319748e-08
2.842921051875912148e-08
2.835389590036076181e-08
2.827865565693309195e-08
2.820352046288226184e-08
2.812846641707743021e-08
2.805346099429218032e-08
2.797850954359532276e-08
2.790360778753533146e-08
2.782875736149459955e-08
2.775396309996726488e-08
2.767922813056260721e-08
2.760456687535840265e-08
2.752997315983535241e-08
2.745540778660266281e-08
2.738089481948155763e-08
2.730640953545866824e-08
2.723197825875776393e-08
2.715757770786732815e-08
2.708324032625093794e-08
2.700896536460835891e-08
2.693477330250434044e-08
2.686061705133288175e-08
2.678654278281577285e-08
2.671249831914178615e-08
2.663853424705098773e-08
2.656460112816988743e-08
2.649075902923907579e-08
2.641698639015305327e-08
2.634333650185537218e-08
2.626974907932554446e-08
2.619627757073561809e-08
2.612286838619533773e-08
2.604958014785359469e-08
2.597635589008414901e-08
2.590324474686117202e-08
2.583022505937932168e-08
2.575736686471053594e-08
2.568463055236688325e-08
2.561203565386518696e-08
2.553958023960616964e-08
2.546724196948015227e-08
2.539505929994661787e-08
2.532298473334419437e-08
2.525109030205203617e-08
2.517934531955091925e-08
2.510781850156355560e-08
2.503643767158433645e-08
2.496528591308155271e-08
2.489427416797913621e-08
2.482349255829734682e-08
2.475285801431497039e-08
2.468244343613784475e-08
2.461220569719347215e-08
2.454222474992677500e-08
2.447246400200604339e-08
2.440293576721410706e-08
2.433365715138381736e-08
2.426457660098460293e-08
2.419577578811990804e-08
2.412715874682878647e-08
2.405883502571153051e-08
2.399072666562269812e-08
2.392293923732463489e-08
2.385538409272260316e-08
2.378814432451737428e-08
2.372115933975245789e-08
2.365445188403155426e-08
2.358802863611912438e-08
2.352185197755846716e-08
2.345600121426334872e-08
2.339041079642358363e-08
2.332517701061732201e-08
2.326020181141739132e-08
2.319557349598467944e-08
2.313122263130548933e-08
2.306719388099484180e-08
2.300346410982777417e-08
2.294001973185886818e-08
2.287691672757319740e-08
2.281410511356216920e-08
2.275166591780219920e-08
2.268950236686095120e-08
2.262770405474150679e-08
2.256619993585363169e-08
2.250503140264720835e-08
2.244418121652226490e-08
2.238362722091404822e-08
2.232343849236509972e-08
2.226354369931677049e-08
2.220402703459127064e-08
2.214479264896914603e-08
2.208592497703697580e-08
2.202735716166550302e-08
2.196911766590533818e-08
2.191121100030254748e-08
2.185360853067327088e-08
2.179636156771381874e-08
2.173942032973005271e-08
2.168282517605568242e-08
2.162653137603485567e-08
2.157055475164927695e-08
2.151489715766236647e-08
2.145954103119024213e-08
2.140451744795318256e-08
2.134979878990194583e-08
2.129538954038011186e-08
2.124129994460355664e-08
2.118750999814006803e-08
2.113404781024651574e-08
2.108085295460309856e-08
2.102798293796206217e-08
2.097537726224469459e-08
2.092308259548395915e-08
2.087107001290577570e-08
2.081933540764361247e-08
2.076791518496856376e-08
2.071676974533943088e-08
2.066592679212068551e-08
2.061533546629897345e-08
2.056501664277762008e-08
2.051496151876174475e-08
2.046517117971647252e-08
2.041565177440019982e-08
2.036639733745552341e-08
2.031739112342141041e-08
2.026866923221175786e-08
2.022019057257069051e-08
2.017198841535762039e-08
2.012398712409171104e-08
2.007625383391515164e-08
2.002872505914540092e-08
1.998144581616205556e-08
1.993438905078654699e-08
1.988757508511672554e-08
1.984098005923965695e-08
1.979463415453868501e-08
1.974850250909299688e-08
1.970260809263087982e-08
1.965688690112715330e-08
1.961140026579668015e-08
1.956608663467623758e-08
1.952099195747017198e-08
1.947608315853169737e-08
1.943138659629264721e-08
1.938687728350705993e-08
1.934258851785586092e-08
1.929848498312054009e-08
1.925458767612802276e-08
1.921083560499311990e-08
1.916728845701560231e-08
1.912388661365475341e-08
1.908067306023387169e-08
1.903762100204473068e-08
1.899475139898826135e-08
1.895204289503169716e-08
1.890952295340170869e-08
1.886716378542718070e-08
1.882498762948648497e-08
1.878293226462314959e-08
1.874105269275931169e-08
1.869930097447366047e-08
1.865770266232938451e-08
1.861625375135519984e-08
1.857495613873119707e-08
1.853379108793026057e-08
1.849279270597709857e-08
1.845193604161737055e-08
1.841123797955556444e-08
1.837065595219408487e-08
1.833020082699707797e-08
1.828988467354910490e-08
1.824968468085204107e-08
1.820962346987497845e-08
1.816968086341712919e-08
1.812985885373439594e-08
1.809017528878936656e-08
1.805062061426744493e-08
1.801119721214159024e-08
1.797190568136814559e-08
1.793270779733659291e-08
1.789364980269135338e-08
1.785468526139682151e-08
1.781583605182913162e-08
1.777710814001836013e-08
1.773849240315877235e-08
1.769997942831136130e-08
1.766159636390912386e-08
1.762332333300971821e-08
1.758518110303740866e-08
1.754713463173111958e-08
1.750918293623798711e-08
1.747136123525241681e-08
1.743362331451155357e-08
1.739599734005044400e-08
1.735847290107811332e-08
1.732104834067603147e-08
1.728373442736894394e-08
1.724652954069481064e-08
1.720942703078059421e-08
1.717245408088491881e-08
1.713555979181016484e-08
1.709876369188255792e-08
1.706208038260032861e-08
1.702548067234291310e-08
1.698899122117438237e-08
1.695259277226671746e-08
1.691628375697511551e-08
1.688008970648875553e-08
1.684399257493595705e-08
1.680799427046954016e-08
1.677212056034857949e-08
1.673632340993566567e-08
1.670062318715131168e-08
1.666503333325364963e-08
1.662952580312604630e-08
1.659412599080485520e-08
1.655881655554603408e-08
1.652359499475070475e-08
1.648848491800444550e-08
1.645346993627190731e-08
1.641854959000032773e-08
1.638375360733299306e-08
1.634903534685975790e-08
1.631440626846291711e-08
1.627989935265157481e-08
1.624547016347198726e-08
1.621113835675862707e-08
1.617690864761146770e-08
1.614276822156368859e-08
1.610872543810596155e-08
1.607478786442110258e-08
1.604094117450257017e-08
1.600720746179834487e-08
1.597356174155707641e-08
1.594000996731973745e-08
1.590657247455753816e-08
1.587321661761856206e-08
1.583994795278648761e-08
1.580679822397477364e-08
1.577373337822605911e-08
1.574075253471490814e-08
1.570788896797102914e-08
1.567510984505136801e-08
1.564243343381209732e-08
1.560987485971923270e-08
1.557739330661912814e-08
1.554501151310595874e-08
1.551273511359069453e-08
1.548054602868860787e-08
1.544845989646953999e-08
1.541646652453061547e-08
1.538456624807866788e-08
1.535276524676176725e-08
1.532106883605584414e-08
1.528946239000882349e-08
1.525796321186269136e-08
1.522656088568977403e-08
1.519524804316692424e-08
1.516404907729272099e-08
1.513293178425790791e-08
1.510190945106755955e-08
1.507099645097023930e-08
1.504017062685699191e-08
1.500943178268783862e-08
1.497880182877321060e-08
1.494826943905225792e-08
1.491782934279322135e-08
1.488750241649497493e-08
1.485725790155297844e-08
1.482710742290978170e-08
1.479706920629250749e-08
1.476711012890342057e-08
1.473724345912651917e-08
1.470748517427396306e-08
1.467781441796789439e-08
1.464822692060515284e-08
1.461874566470752861e-08
1.458936271801215458e-08
1.456006976464179093e-08
1.453088749823048374e-08
1.450178582177244024e-08
1.447277524463563971e-08
1.444387537370250242e-08
1.441505178898784410e-08
1.438632034984902725e-08
1.435769296672602459e-08
1.432914832054045443e-08
1.430069004087308080e-08
1.427233183469337622e-08
1.424407159060504111e-08
1.421589978125783353e-08
1.418782771537945056e-08
1.415984599215396321e-08
1.413194458516618592e-08
1.410415113132522917e-08
1.407643232504687371e-08
1.404880471662318493e-08
1.402127198828919144e-08
1.399381847719239000e-08
1.396646069583600959e-08
1.393918493300242789e-08
1.391200987078879226e-08
1.388491641327595410e-08
1.385791387838584315e-08
1.383101889645282054e-08
1.380419054730213331e-08
1.377744515644671516e-08
1.375080190623483075e-08
1.372422715684297714e-08
1.369773772437580702e-08
1.367134382672915783e-08
1.364502970202741170e-08
1.361878764662386931e-08
1.359263946683763665e-08
1.356658218306803222e-08
1.354060479968663424e-08
1.351472322846659528e-08
1.348891575933251272e-08
1.346318135811530877e-08
1.343754544250637643e-08
1.341197595937336192e-08
1.338648653313782922e-08
1.336108042304813590e-08
1.333574919843423699e-08
1.331050417953702402e-08
1.328532632649290357e-08
1.326024203170236898e-08
1.323523126579306081e-08
1.321030100923686832e-08
1.318546826431892801e-08
1.316069330029678019e-08
1.313598869305071903e-08
1.311137888894174243e-08
1.308682806184975330e-08
1.306235171640737168e-08
1.303795885649393357e-08
1.301362935540719371e-08
1.298938109915550361e-08
1.296519895284149810e-08
1.294110312494075409e-08
1.291707381094499363e-08
1.289312140194422420e-08
1.286926034934780157e-08
1.284545124252743824e-08
1.282170718892607644e-08
1.279805190712473477e-08
1.277445076334422126e-08
1.275091882186573541e-08
1.272746378530787871e-08
1.270406860618388927e-08
1.268074876582305821e-08
1.265748802628441057e-08
1.263430907061330704e-08
1.261119269897215177e-08
1.258814498654221797e-08
1.256518186131229334e-08
1.254226776790395632e-08
1.251941566159895034e-08
1.249664384502051412e-08
1.247392387316321885e-08
1.245126794974044760e-08
1.242867642798115214e-08
1.240615163211627236e-08
1.238369216358580849e-08
1.236128455155711078e-08
1.233894975053035533e-08
1.231668194679250368e-08
1.229447522780278286e-08
1.227233546154869291e-08
1.225025957851990012e-08
1.222823483615953951e-08
1.220626955107929796e-08
1.218437622881529251e-08
1.216252888747186804e-08
1.214073998046507021e-08
1.211902219068614945e-08
1.209735333212024294e-08
1.207574200205126784e-08
1.205419140865025423e-08
1.203270695140292744e-08
1.201127414090413308e-08
1.198990257106750077e-08
1.196860373932809103e-08
1.194734480663477609e-08
1.192613961558924622e-08
1.190500404366611115e-08
1.188391263483729814e-08
1.186287710182849328e-08
1.184189473095003360e-08
1.182097450283143651e-08
1.180010696801466691e-08
1.177928343906958673e-08
1.175852452334463359e-08
1.173782432097441930e-08
1.171717393515351090e-08
1.169657694848848998e-08
1.167604869377000693e-08
1.165555863718134356e-08
1.163511668147509540e-08
1.161474183628364282e-08
1.159440563861914180e-08
1.157412309500309404e-08
1.155389396638832617e-08
1.153371480677952696e-08
1.151359092229408090e-08
1.149350731649059030e-08
1.147348324773216251e-08
1.145351394541525643e-08
1.143359254007669138e-08
1.141372074613084117e-08
1.139391355261649211e-08
1.137414236395793634e-08
1.135441668738317205e-08
1.133475435975542953e-08
1.131512835072034804e-08
1.129555342013358499e-08
1.127602740572823069e-08
1.125655189507728993e-08
1.123712595231813520e-08
1.121773764377471135e-08
1.119840615942586206e-08
1.117912819454094368e-08
1.115989246825344252e-08
1.114070642800715699e-08
1.112158386472732790e-08
1.110249334503848799e-08
1.108344808927760145e-08
1.106446244512052942e-08
1.104551506054038887e-08
1.102661327469228431e-08
1.100775543864956561e-08
1.098895410741921313e-08
1.097019225344869385e-08
1.095147344589157535e-08
1.093280369113276246e-08
1.091418600568877325e-08
1.089560951503465120e-08
1.087708219225942924e-08
1.085861038746877757e-08
1.084017893001111243e-08
1.082178861881022577e-08
1.080344277717416083e-08
1.078515279549716229e-08
1.076689710531491835e-08
1.074868492483239839e-08
1.073052463660900810e-08
1.071240185495538605e-08
1.069433018600239579e-08
1.067629224815609080e-08
1.065830659300701710e-08
1.064036973198206823e-08
1.062247260652146964e-08
1.060461993846084381e-08
1.058682792874327774e-08
1.056906396455063132e-08
1.055134186103138514e-08
1.053367383912809851e-08
1.051604529033079222e-08
1.049845412091869287e-08
1.048090496293755145e-08
1.046340884854515433e-08
1.044594482885788177e-08
1.042852920267793015e-08
1.041114888480747896e-08
1.039381778604421414e-08
1.037653281946192945e-08
1.035928947800087514e-08
1.034208687453813217e-08
1.032494245224718883e-08
1.030782584524404264e-08
1.029074752936227788e-08
1.027372455499395795e-08
1.025673621406320604e-08
1.023978616562828218e-08
1.022287534108065283e-08
1.020601749230404508e-08
1.018918985250916926e-08
1.017240838955086543e-08
1.015566119630955151e-08
1.013896223859448237e-08
1.012230708373434346e-08
1.010569154055394953e-08
1.008911487509073181e-08
1.007259524121281018e-08
1.005610083782240492e-08
1.003964398860303429e-08
1.002323825061414736e-08
1.000686973673063220e-08
9.990534217043414968e-09
9.974238572717793843e-09
9.957990640295801666e-09
9.941773347598843906e-09
9.925601844196233127e-09
9.909459964917140048e-09
9.893365628946051030e-09
9.877314431327668073e-09
9.861296254128780107e-09
9.845319406289465192e-09
9.829394519420031808e-09
9.813497179876711962e-09
9.797636613075837281e-09
9.781812605611096301e-09
9.766038739308132577e-09
9.750290691071751260e-09
9.734581107512311678e-09
9.718908940425631706e-09
9.703280509843248462e-09
9.687685310761131137e-09
9.672122453494092642e-09
9.656599896239355589e-09
9.641120136177925643e-09
9.625675004841122775e-09
9.610268049757611207e-09
9.594898315727509139e-09
9.579575982758886813e-09
9.564278277822784704e-09
9.549013307945323841e-09
9.533795539652175396e-09
9.518610120840579481e-09
9.503455032642992362e-09
9.488335355213878736e-09
9.473258679743327441e-09
9.458210073110871453e-09
9.443203405871616746e-09
9.428221158279639828e-09
9.413282908627765600e-09
9.398383297184739364e-09
9.383513458209232660e-09
9.368681274312197612e-09
9.353889865529066339e-09
9.339133934334225529e-09
9.324405490059310537e-09
9.309706925766455581e-09
9.295054953350936783e-09
9.280428700085922945e-09
9.265835395740313193e-09
9.251273385736083344e-09
9.236753958638897708e-09
9.222258928871655280e-09
9.207803913990286843e-09
9.193372910959878172e-09
9.178982215956070780e-09
9.164628927115708897e-09
9.150303039443195807e-09
9.136013182111248927e-09
9.121761117867644361e-09
9.107543077341155136e-09
9.093350233068071856e-09
9.079185750769928386e-09
9.065064556701427230e-09
9.050969200368123059e-09
9.036902622252502326e-09
9.022867375268606511e-09
9.008869881332546625e-09
8.994897055342789272e-09
8.980962308246256877e-09
8.967049091229879687e-09
8.953173353749767545e-09
8.939332576272342312e-09
8.925519740269449211e-09
8.911739996703867734e-09
8.897990268632629464e-09
8.884282248335252846e-09
8.870592444862054093e-09
8.856932422408679597e-09
8.843307724417986867e-09
8.829716605136292957e-09
8.816148087717144022e-09
8.802609918172616289e-09
8.789101721576812202e-09
8.775628618884545988e-09
8.762180452580526994e-09
8.748762158599864873e-09
8.735371089239992546e-09
8.722013560119845537e-09
8.708689652954859479e-09
8.695389796857547093e-09
8.682121490294938298e-09
8.668891411127881972e-09
8.655684778003287568e-09
8.642504726071251567e-09
8.629349448189545260e-09
8.616233963388040793e-09
8.603139340821830497e-09
8.590072214899552082e-09
8.577032869257958470e-09
8.564027390687642277e-09
8.551044372452906190e-09
8.538094925351850528e-09
8.525165343958855974e-09
8.512268419333019048e-09
8.499402342367882998e-09
8.486564102232727738e-09
8.473754463065589707e-09
8.460969962021491920e-09
8.448225800042875872e-09
8.435498363176068955e-09
8.422798675101248873e-09
8.410123130810050936e-09
8.397485800001060473e-09
8.384865884775934959e-09
8.372273608101464811e-09
8.359706345916267165e-09
8.347172984372396763e-09
8.334658238961447712e-09
8.322177249094460001e-09
8.309713667488598444e-09
8.297281851811776470e-09
8.284879157015763563e-09
8.272502429401682469e-09
8.260152897298952502e-09
8.247827135331727756e-09
8.235540208419590978e-09
8.223269523890718260e-09
8.211025086192987022e-09
8.198802987202901724e-09
8.186617748301067503e-09
8.174449822605147497e-09
8.162306930431060657e-09
8.150188976410176310e-09
8.138101534428038690e-09
8.126035616641412334e-09
8.113997760604563821e-09
8.101979749727079717e-09
8.089988508431421829e-09
8.078025846132950893e-09
8.066091950861984660e-09
8.054178740662087529e-09
8.042291823832086436e-09
8.030438667906094335e-09
8.018607233860447523e-09
8.006796281830651686e-09
7.995005879379578487e-09
7.983249745246856869e-09
7.971515807763271716e-09
7.959801454177487297e-09
7.948111864898093110e-09
7.936446049470190623e-09
7.924811192322021073e-09
7.913193359906689606e-09
7.901603379213691883e-09
7.890031477227628360e-09
7.878488812971315094e-09
7.866973941376184885e-09
7.855478982811086307e-09
7.844010590034082351e-09
7.832564131914583232e-09
7.821153034888383970e-09
7.809754097768286049e-09
7.798379644337732814e-09
7.787025694019982565e-09
7.775705748468391668e-09
7.764400504525751158e-09
7.753117538099243595e-09
7.741856978526209171e-09
7.730623169479117115e-09
7.719411438313990148e-09
7.708221315660052335e-09
7.697052945169376601e-09
7.685905067614409608e-09
7.674784449666456803e-09
7.663689391767184115e-09
7.652612258154082193e-09
7.641560613131181630e-09
7.630533126613398702e-09
7.619534963596218399e-09
7.608548494470483402e-09
7.597585284476321063e-09
7.586643410248945657e-09
7.575733298376403768e-09
7.564835982181974644e-09
7.553960856679947600e-09
7.543106031691568137e-09
7.532277661215352368e-09
7.521469039746115052e-09
7.510681726340686160e-09
7.499914439726732131e-09
7.489166864273182961e-09
7.478445220337302918e-09
7.467747667449341169e-09
7.457067199334503535e-09
7.446411030726442392e-09
7.435775967205879614e-09
7.425171140703467092e-09
7.414576657006210295e-09
7.404004883291406145e-09
7.393451093994005645e-09
7.382928198589302306e-09
7.372418742153339975e-09
7.361928559510749373e-09
7.351458500463301073e-09
7.341010985051953363e-09
7.330587057656212839e-09
7.320178960517496770e-09
7.309793491091504812e-09
7.299423491533262856e-09
7.289079018915632389e-09
7.278757494661995707e-09
7.268453227309288356e-09
7.258170915032210426e-09
7.247906245630364328e-09
7.237671987726894300e-09
7.227451507368935963e-09
7.217249171471989298e-09
7.207062697432393908e-09
7.196903065175665182e-09
7.186763264280431111e-09
7.176637749844273996e-09
7.166533165931802830e-09
7.156445143262108647e-09
7.146384840252758621e-09
7.136335999478249785e-09
7.126312028131014480e-09
7.116301101218221833e-09
7.106310903947805414e-09
7.096343383140497989e-09
7.086397317241157760e-09
7.076465747288274847e-09
7.066556490888474619e-09
7.056665925843994441e-09
7.046802727661204376e-09
7.036948609325724132e-09
7.027115371554824803e-09
7.017297359402239978e-09
7.007506543491861709e-09
6.997729844125916613e-09
6.987969037734452884e-09
6.978226891400441804e-09
6.968502454483793341e-09
6.958803487485191476e-09
6.949115033106507060e-09
6.939450688815784279e-09
6.929797401146471289e-09
6.920166026976415387e-09
6.910554631136922149e-09
6.900964489119857975e-09
6.891387307263164926e-09
6.881831889553556094e-09
6.872295065632692022e-09
6.862782954495165246e-09
6.853279546642678204e-09
6.843796198034692806e-09
6.834327533461792091e-09
6.824884666627134688e-09
6.815455193949493603e-09
6.806040688395524150e-09
6.796644139375815764e-09
6.787264229877633532e-09
6.777908836571859572e-09
6.768563014947873076e-09
6.759240628164668647e-09
6.749929093629705705e-09
6.740637007909524049e-09
6.731364971094334534e-09
6.722112729461373511e-09
6.712873509966821293e-09
6.703655125298188360e-09
6.694451814936352688e-09
6.685274945660588938e-09
6.676107521594872600e-09
6.666957590195834306e-09
6.657820658152749059e-09
6.648707191418692486e-09
6.639611056136334645e-09
6.630526331429196710e-09
6.621460428269402559e-09
6.612409148575303463e-09
6.603379429551492895e-09
6.594363724526743412e-09
6.585364122042267413e-09
6.576381683141457461e-09
6.567412073394801023e-09
6.558463372200671041e-09
6.549533164187377519e-09
6.540617882745596675e-09
6.531719184681243728e-09
6.522836366075986229e-09
6.513975662754614818e-09
6.505132213906936134e-09
6.496297976529530747e-09
6.487481732098588306e-09
6.478680162484216212e-09
6.469902587640018889e-09
6.461135588145641685e-09
6.452382623566622158e-09
6.443645941406902993e-09
6.434924300578675777e-09
6.426225388212032548e-09
6.417534843476748391e-09
6.408865523530309574e-09
6.400207231096215765e-09
6.391564834748124261e-09
6.382940750323140707e-09
6.374335513262345524e-09
6.365742909222784735e-09
6.357167664224167161e-09
6.348605952064152716e-09
6.340067539618473911e-09
6.331542700123329185e-09
6.323028573250448683e-09
6.314529069712981462e-09
6.306045955671485397e-09
6.297585643462370402e-09
6.289134258057509980e-09
6.280696680044533471e-09
6.272274524199027869e-09
6.263866618238643830e-09
6.255480461532369015e-09
6.247102019030595162e-09
6.238743895315137602e-09
6.230396336290244821e-09
6.222063481198142280e-09
6.213748091496601694e-09
6.205451002126554609e-09
6.197165868994239800e-09
6.188896911442827245e-09
6.180641126264269690e-09
6.172406752286986876e-09
6.164187152384349678e-09
6.155975871278231531e-09
6.147781013057560010e-09
6.139598916826376743e-09
6.131438567219032133e-09
6.123288620806777697e-09
6.115150342510028063e-09
6.107027620254306649e-09
6.098917518669806289e-09
6.090827527294597142e-09
6.082748138126067710e-09
6.074682796611640343e-09
6.066632623041808488e-09
6.058592679085777042e-09
6.050571317202389359e-09
6.042564789850086236e-09
6.034574011078209718e-09
6.026593823428420476e-09
6.018630554388580785e-09
6.010680987554229004e-09
6.002752886385122318e-09
5.994831220332607384e-09
5.986924204373556950e-09
5.979026863461984389e-09
5.971148116925958516e-09
5.963286983088127629e-09
5.955433446825476275e-09
5.947593629249678914e-09
5.939767312435867265e-09
5.931954231474157858e-09
5.924160463910856505e-09
5.916373228200603436e-09
5.908604676183247422e-09
5.900844861168593003e-09
5.893098712540809422e-09
5.885368325061385692e-09
5.877654192734083095e-09
5.869950784909466801e-09
5.862261491111471628e-09
5.854584843181734834e-09
5.846925481435906049e-09
5.839282355076883096e-09
5.831645228699482103e-09
5.824023398028070658e-09
5.816410667565391216e-09
5.808816630661310103e-09
5.801236458537993077e-09
5.793664128896032783e-09
5.786106089842517781e-09
5.778559454865353299e-09
5.771026679945339669e-09
5.763511029368080667e-09
5.756001897650310092e-09
5.748510554047617460e-09
5.741026857619382518e-09
5.733556645696182961e-09
5.726101149277119688e-09
5.718661033673941319e-09
5.711231027996451275e-09
5.703814084064103735e-09
5.696409766591544991e-09
5.689020706819004498e-09
5.681648225638321188e-09
5.674281259950766418e-09
5.666928456432446696e-09
5.659584040471440648e-09
5.652256356856970510e-09
5.644944394042769208e-09
5.637639068159279302e-09
5.630346268485466038e-09
5.623065201079522214e-09
5.615795648238057157e-09
5.608544199984479037e-09
5.601298517727570772e-09
5.594068351566724530e-09
5.586848146799999094e-09
5.579637557130791971e-09
5.572442885779639411e-09
5.565260715523760684e-09
5.558092014568632926e-09
5.550931841153601289e-09
5.543786679848994910e-09
5.536651396049903143e-09
5.529535593617217717e-09
5.522427096433544027e-09
5.515327760504574558e-09
5.508239325479312482e-09
5.501163382393881597e-09
5.494105152111878822e-09
5.487054304885522791e-09
5.480012697181698887e-09
5.472984021845432476e-09
5.465965377237854502e-09
5.458961048939076613e-09
5.451968831782035004e-09
5.444984559343389815e-09
5.438015896382923374e-09
5.431053353238438164e-09
5.424104064594219238e-09
5.417167757346291445e-09
5.410245290680662849e-09
5.403331669966271698e-09
5.396429638258602619e-09
5.389539678432899509e-09
5.382662150090259430e-09
5.375801179599534848e-09
5.368945170042478563e-09
5.362100859966292418e-09
5.355264600644620808e-09
5.348442153674029037e-09
5.341636317426256804e-09
5.334836341314513643e-09
5.328045904018396635e-09
5.321267386006792546e-09
5.314498355268158320e-09
5.307744231476301643e-09
5.300999871273497736e-09
5.294263998676868268e-09
5.287542690014117401e-09
5.280826940394559226e-09
5.274124375347488784e-09
5.267434075421536134e-09
5.260756773847876936e-09
5.254087975665396260e-09
5.247430031429771631e-09
5.240783897030921397e-09
5.234149020249559504e-09
5.227530691385303374e-09
5.220917417592914224e-09
5.214314315292273773e-09
5.207719667481632766e-09
5.201137351089600844e-09
5.194571587045549527e-09
5.188011786144756494e-09
5.181460395356796721e-09
5.174920795257288406e-09
5.168390433568705553e-09
5.161872426749261619e-09
5.155366994834003160e-09
5.148867414184584365e-09
5.142382602172795207e-09
5.135904082928539482e-09
5.129435664308493184e-09
5.122980180238149021e-09
5.116536019450489285e-09
5.110103142775368687e-09
5.103677618211854765e-09
5.097265370321681410e-09
5.090860948672412576e-09
5.084473524368445335e-09
5.078094024993365007e-09
5.071720357429745408e-09
5.065359217343994408e-09
5.059005217524800666e-09
5.052665851659537728e-09
5.046337556264382929e-09
5.040015159076782562e-09
5.033703276922273350e-09
5.027401010443029231e-09
5.021107795241475986e-09
5.014829844239345567e-09
5.008558001003573677e-09
5.002295540646028026e-09
4.996045360421315283e-09
4.989800551324834436e-09
4.983567894929463640e-09
4.977346658030993324e-09
4.971137115270799008e-09
4.964935097259643388e-09
4.958742903617202787e-09
4.952561830671278772e-09
4.946390180707488294e-09
4.940234229867615155e-09
4.934083598040908638e-09
4.927940414470333229e-09
4.921806863135261494e-09
4.915682614236590353e-09
4.909572498861517414e-09
4.903470460550679163e-09
4.897374837793569818e-09
4.891289622598773942e-09
4.885213537750291224e-09
4.879146068254157684e-09
4.873093222672008078e-09
4.867045426224183311e-09
4.861007185057468911e-09
4.854980196250808610e-09
4.848958377984018153e-09
4.842948176650973453e-09
4.836948851536128140e-09
4.830960529699178107e-09
4.824979458366940426e-09
4.819007407696244640e-09
4.813046332418567781e-09
4.807093618428561345e-09
4.801156248654510122e-09
4.795224434575887045e-09
4.789298701981448286e-09
4.783383644849837439e-09
4.777475663259058144e-09
4.771580934105765962e-09
4.765696076730383036e-09
4.759816524751076474e-09
4.753946316245925011e-09
4.748084744195657378e-09
4.742231394545257232e-09
4.736391221484142835e-09
4.730558101088551554e-09
4.724731695080037874e-09
4.718918048007928512e-09
4.713108912140982870e-09
4.707309351850273733e-09
4.701520625229701756e-09
4.695741543383614550e-09
4.689972606133831780e-09
4.684209547884715292e-09
4.678458036532086174e-09
4.672712921434731401e-09
4.666981467590145026e-09
4.661259647767358031e-09
4.655541542948276087e-09
4.649833797994083118e-09
4.644131357387596150e-09
4.638439941280904587e-09
4.632762330119172608e-09
4.627089058373238425e-09
4.621422301204974120e-09
4.615765726073483522e-09
4.610116308436115895e-09
4.604475737214529519e-09
4.598848263978233132e-09
4.593224503739811528e-09
4.587610296274407611e-09
4.582005589922316553e-09
4.576405733120674231e-09
4.570816383008891548e-09
4.565236650317269273e-09
4.559667135844084865e-09
4.554104571322927024e-09
4.548549213793884528e-09
4.543004800404330440e-09
4.537466462795505679e-09
4.531942119342506288e-09
4.526424797811954302e-09
4.520911571403385547e-09
4.515408637209770863e-09
4.509910394349247078e-09
4.504423191115541136e-09
4.498948560086103149e-09
4.493477870630270992e-09
4.488013519036675446e-09
4.482558697032085347e-09
4.477110565680818029e-09
4.471671162915603545e-09
4.466244083102640796e-09
4.460820350030755419e-09
4.455405696884141634e-09
4.450000203575681965e-09
4.444599021674768095e-09
4.439207978599537433e-09
4.433825887431137124e-09
4.428453341358689584e-09
4.423088144977271748e-09
4.417729101912688828e-09
4.412380585852446884e-09
4.407037720005343887e-09
4.401707466225790958e-09
4.396385615754021825e-09
4.391067084199704781e-09
4.385757813158825666e-09
4.380453480131846281e-09
4.375158775677904330e-09
4.369876549846887986e-09
4.364598797959113853e-09
4.359326755397286783e-09
4.354063516133501930e-09
4.348807407322850048e-09
4.343558081149079571e-09
4.338320886379992530e-09
4.333088814271699493e-09
4.327862635096485073e-09
4.322647565764059254e-09
4.317436465848756588e-09
4.312232521821029189e-09
4.307038874770872315e-09
4.301852775393162299e-09
4.296676218751709398e-09
4.291504887286730116e-09
4.286341763178097282e-09
4.281186149910538134e-09
4.276038636615237102e-09
4.270903514545108824e-09
4.265772480737279862e-09
4.260645993479628604e-09
4.255529287838730116e-09
4.250416957393450899e-09
4.245314894666295989e-09
4.240223628884280492e-09
4.235135885357005454e-09
4.230054057694611422e-09
4.224980805249638344e-09
4.219913599858903325e-09
4.214854237294623963e-09
4.209806308122555056e-09
4.204761588133991086e-09
4.199724262429597380e-09
4.194696338237823880e-09
4.189671938914847838e-09
4.184655922628105756e-09
4.179648484207210982e-09
4.174648732578466086e-09
4.169658076500351009e-09
4.164671861578850249e-09
4.159694295051510955e-09
4.154722846874718891e-09
4.149760160223802233e-09
4.144808848106729498e-09
4.139861111836230525e-09
4.134917931915228460e-09
4.129983869912646330e-09
4.125054142176560113e-09
4.120134155921244614e-09
4.115224519758670114e-09
4.110318176422512597e-09
4.105417299556728016e-09
4.100524745439006014e-09
4.095637999997351695e-09
4.090758339296928837e-09
4.085889758853588476e-09
4.081024647329706993e-09
4.076165688507922128e-09
4.071316548859557502e-09
4.066470737010268491e-09
4.061631738483282932e-09
4.056801941868850243e-09
4.051979055630318585e-09
4.047164801114185186e-09
4.042355277108007164e-09
4.037552724784097196e-09
4.032757962215333662e-09
4.027969336535909927e-09
4.023192472919297897e-09
4.018420480025482471e-09
4.013651883095719917e-09
4.008891929865124389e-09
4.004135513872778404e-09
3.999387857223915855e-09
3.994651221882840618e-09
3.989918333498941334e-09
3.985190324372813118e-09
3.980469661838411954e-09
3.975755190794570885e-09
3.971046717563980519e-09
3.966347226505165142e-09
3.961655116889677567e-09
3.956965974618787812e-09
3.952286346413722763e-09
3.947612266544764175e-09
3.942942451619664296e-09
3.938281036098407273e-09
3.933627054493175689e-09
3.928980584135639927e-09
3.924340941417372083e-09
3.919705698080368752e-09
3.915078939443260631e-09
3.910456924134967199e-09
3.905843625325841069e-09
3.901240405814573664e-09
3.896640306754341214e-09
3.892044176407632915e-09
3.887456727205565357e-09
3.882872547389870288e-09
3.878297206925793508e-09
3.873732081804605951e-09
3.869169674813097392e-09
3.864611925070328705e-09
3.860061838398775548e-09
3.855517538894421972e-09
3.850978750046588350e-09
3.846449365931113430e-09
3.841925622325245769e-09
3.837405375312204910e-09
3.832894391747007004e-09
3.828388005543913393e-09
3.823886093497990753e-09
3.819392105178772084e-09
3.814905197138310905e-09
3.810425546796963802e-09
3.805952300987680931e-09
3.801483239344595794e-09
3.797022191781959439e-09
3.792565892830037535e-09
3.788117313206153456e-09
3.783678853344169986e-09
3.779243512310768738e-09
3.774811764266080714e-09
3.770388171336880373e-09
3.765967467206845653e-09
3.761554934868220061e-09
3.757152574929649520e-09
3.752753152006541294e-09
3.748358220242349444e-09
3.743969933956933589e-09
3.739587323662852079e-09
3.735210011060877966e-09
3.730840057727899229e-09
3.726478390292624450e-09
3.722118854431395977e-09
3.717766643247460625e-09
3.713421463355178644e-09
3.709079055560878712e-09
3.704743545664625707e-09
3.700415350692399901e-09
3.696093195615059727e-09
3.691778653453210873e-09
3.687467962216413801e-09
3.683163088028675406e-09
3.678865800691760020e-09
3.674572717538585718e-09
3.670289573961648881e-09
3.666012393785864563e-09
3.661737464926066588e-09
3.657468797665142324e-09
3.653205174427639980e-09
3.648946954649427704e-09
3.644696676702545129e-09
3.640454460596030979e-09
3.636214877447013356e-09
3.631979605305868128e-09
3.627751409984417865e-09
3.623528106573189922e-09
3.619309943126589405e-09
3.615100912575093666e-09
3.610896359187962922e-09
3.606695033779991598e-09
3.602502122432117230e-09
3.598313601971251704e-09
3.594128784860109428e-09
3.589951260521697254e-09
3.585780133114138508e-09
3.581614882538606366e-09
3.577456814671607382e-09
3.573302119819155146e-09
3.569153515660713687e-09
3.565011076152620978e-09
3.560873634453928125e-09
3.556745868897918890e-09
3.552622992710082290e-09
3.548502259755298505e-09
3.544387918414479060e-09
3.540277902264142077e-09
3.536173508969600057e-09
3.532076549104764554e-09
3.527987158931468866e-09
3.523900283813792116e-09
3.519817440313912686e-09
3.515741415898435498e-09
3.511670110400659826e-09
3.507603620354093440e-09
3.503545468840141249e-09
3.499492298142693102e-09
3.495441696498077319e-09
3.491398982669111416e-09
3.487361315670377367e-09
3.483326455178271311e-09
3.479298306180715505e-09
3.475276427705409291e-09
3.471260179581580448e-09
3.467250866662637603e-09
3.463244873810285593e-09
3.459244140763825997e-09
3.455250650324467629e-09
3.451260436335127727e-09
3.447278865488821061e-09
3.443303867720982958e-09
3.439331071542983798e-09
3.435362241745962033e-09
3.431400213562688679e-09
3.427440865236791547e-09
3.423488674312663498e-09
3.419545413415092365e-09
3.415604365122883448e-09
3.411667220495934988e-09
3.407735751630818787e-09
3.403809282498710957e-09
3.399887220513003721e-09
3.395970840828860439e-09
3.392062985190037228e-09
3.388157060597240683e-09
3.384255529017512296e-09
3.380361951327050302e-09
3.376470884684351329e-09
3.372583747068725757e-09
3.368703626421893360e-09
3.364829415310149955e-09
3.360960950128728986e-09
3.357097912619455918e-09
3.353238179447582784e-09
3.349384340805928446e-09
3.345535598682604293e-09
3.341691672889616567e-09
3.337856613823479722e-09
3.334026046638554191e-09
3.330197338132828445e-09
3.326374127625732688e-09
3.322555512947127691e-09
3.318740924978946954e-09
3.314933208590304198e-09
3.311133422910617229e-09
3.307335450182117950e-09
3.303541278501354971e-09
3.299752997857605553e-09
3.295969192013973916e-09
3.292189706623934432e-09
3.288415865925851461e-09
3.284649885457793214e-09
3.280885614062981215e-09
3.277125791954521387e-09
3.273373440577725128e-09
3.269623413257711688e-09
3.265877200649382104e-09
3.262137715630222211e-09
3.258403849477964066e-09
3.254675343968016932e-09
3.250952266693569468e-09
3.247232235169254278e-09
3.243517517245427451e-09
3.239808373296127985e-09
3.236103146484483837e-09
3.232406280610839775e-09
3.228714371087869826e-09
3.225024344517610512e-09
3.221338431816390810e-09
3.217658346773047789e-09
3.213980760940265068e-09
3.210309717587299281e-09
3.206646958856320221e-09
3.202986335466531758e-09
3.199329031713118320e-09
3.195676659888532327e-09
3.192029062346541969e-09
3.188385387656370188e-09
3.184746683626579303e-09
3.181115732871553025e-09
3.177487459500943544e-09
3.173862147116663763e-09
3.170243888987935591e-09
3.166629518855123908e-09
3.163017703180492698e-09
3.159411675443539278e-09
3.155811205835806840e-09
3.152215623453270223e-09
3.148625933553720918e-09
3.145039404696572227e-09
3.141457003559870512e-09
3.137880936825558715e-09
3.134307559295039865e-09
3.130740456918692111e-09
3.127181135706041811e-09
3.123624326334752024e-09
3.120069716994912758e-09
3.116520848004491054e-09
3.112974996116125010e-09
3.109433943268511400e-09
3.105898801566568646e-09
3.102370753557709337e-09
3.098844250693344995e-09
3.095321092196215103e-09
3.091803424814683284e-09
3.088289809559134317e-09
3.084779998439435030e-09
3.081275050839836897e-09
3.077777735075295394e-09
3.074282065810702196e-09
3.070789849932336062e-09
3.067304516720788272e-09
3.063821922694636949e-09
3.060342408675579598e-09
3.056868661592268746e-09
3.053399946435008938e-09
3.049935845697413671e-09
3.046477516409903508e-09
3.043021929561050216e-09
3.039570454117850485e-09
3.036125045626035198e-09
3.032682085902210442e-09
3.029245178434265069e-09
3.025815704432422161e-09
3.022388685564551779e-09
3.018963676826923114e-09
3.015543994772098736e-09
3.012127601554426722e-09
3.008715167886068930e-09
3.005308571793421324e-09
3.001909032025373286e-09
2.998510892418131261e-09
2.995116192471542959e-09
2.991726193948923593e-09
2.988340284161253717e-09
2.984957859085967470e-09
2.981580091079716521e-09
2.978209448124883736e-09
2.974841235819332176e-09
2.971475494796014419e-09
2.968116126564434170e-09
2.964760820152918335e-09
2.961407507395571264e-09
2.958058703154802768e-09
2.954715683765789882e-09
2.951377083023532099e-09
2.948043529248301164e-09
2.944713779423032159e-09
2.941386975229283486e-09
2.938065238048002090e-09
2.934747686024935871e-09
2.931433898368466976e-09
2.928127378845127871e-09
2.924825267175966038e-09
2.921524822454409926e-09
2.918227184438397650e-09
2.914935619716838909e-09
2.911645388962343187e-09
2.908361069505430040e-09
2.905082901358344464e-09
2.901808811410346878e-09
2.898536924259271397e-09
2.895267872118372217e-09
2.892004140362744111e-09
2.888744055340814195e-09
2.885487506871442453e-09
2.882235617891063836e-09
2.878990418193926004e-09
2.875746501633189374e-09
2.872505877426239817e-09
2.869271571702070648e-09
2.866039721092931982e-09
2.862810561989402434e-09
2.859586603980554199e-09
2.856367356878308419e-09
2.853152357150191133e-09
2.849942404759077903e-09
2.846735484616876082e-09
2.843531644158506050e-09
2.840333168566899363e-09
2.837137833262119133e-09
2.833946541187469896e-09
2.830762419835775573e-09
2.827582064188850010e-09
2.824403211150083714e-09
2.821227210271407437e-09
2.818056979170072192e-09
2.814887953561353495e-09
2.811724569674764344e-09
2.808567048151283427e-09
2.805413546380500860e-09
2.802262053627318954e-09
2.799113164799207077e-09
2.795969508925444720e-09
2.792829228687770028e-09
2.789692221923009299e-09
2.786559399654222536e-09
2.783433363633642147e-09
2.780308684429645032e-09
2.777186732864409119e-09
2.774070718800162546e-09
2.770958002052641553e-09
2.767847210357478810e-09
2.764740576709148174e-09
