1.748226726991169381e-12
2.244170874326133577e-12
2.816022822876934698e-12
3.466296011889140853e-12
4.197056737209420524e-12
5.009925687856248448e-12
5.906132702729478666e-12
6.886541076485463780e-12
7.951630768432364619e-12
9.101584785332391395e-12
1.033631432769242532e-11
1.165540948053508756e-11
1.305819726427238377e-11
1.454376144336526897e-11
1.611099777537112121e-11
1.775854851941505104e-11
1.948482899861373184e-11
2.128817821841528938e-11
2.316663716896024777e-11
2.511815506966325208e-11
2.714057928422704003e-11
2.923152583842156439e-11
3.138862441377607445e-11
3.360925539678855274e-11
3.589078663786936246e-11
3.823058907645214631e-11
4.062578612512055763e-11
4.307361596677562477e-11
4.557119271781440498e-11
4.811550379703389196e-11
5.070368692658059175e-11
5.333275574092121558e-11
5.599968064937238510e-11
5.870154678127551575e-11
6.143528421923800600e-11
6.419800778640002845e-11
6.698667822266771626e-11
6.979844586568453364e-11
7.263037836944340295e-11
7.547960771744261258e-11
7.834341002642433808e-11
8.121896282114267254e-11
8.410367511251525978e-11
8.699488605241741882e-11
8.989015021173180119e-11
9.278687975657377922e-11
9.568290248153803109e-11
9.857588847956632401e-11
1.014636211554329441e-10
1.043442240558740153e-10
1.072154831267626654e-10
1.100757499625741988e-10
1.129233251002260461e-10
1.157563213926633721e-10
1.185734180164128978e-10
1.213732363962362093e-10
1.241542536886551296e-10
1.269154578692921909e-10
1.296558013092693836e-10
1.323740849222767947e-10
1.350695520034900609e-10
1.377415657217757007e-10
1.403894145218124174e-10
1.430124259944359668e-10
1.456103239751418087e-10
1.481827726868347616e-10
1.507295698527530653e-10
1.532505251154767141e-10
1.557456985322886464e-10
1.582152257343395413e-10
1.606591583906391812e-10
1.630777077300287877e-10
1.654713029017510872e-10
1.678405440035029188e-10
1.701857876877711467e-10
1.725074293415946153e-10
1.748062063799458035e-10
1.770830840220143981e-10
1.793388071631325933e-10
1.815740245339232904e-10
1.837895733218992209e-10
1.859866708285491304e-10
1.881663092894432562e-10
1.903293464551426136e-10
1.924767791074020863e-10
1.946098542110689307e-10
1.967299305618387534e-10
1.988380307283257264e-10
2.009351515941933850e-10
2.030225823343230275e-10
2.051015931606458453e-10
2.071737182099714826e-10
2.092400688914353885e-10
2.113015774256765095e-10
2.133595809997858742e-10
2.154156333382100321e-10
2.174708754221222033e-10
2.195266011419949220e-10
2.215837837453020282e-10
2.236435975651390403e-10
2.257075955490644764e-10
2.277766920162053382e-10
2.298522960045458943e-10
2.319352817698782304e-10
2.340265500761552142e-10
2.361275316149643174e-10
2.382389293032142641e-10
2.403621681203140877e-10
2.424978562147440932e-10
2.446469751666647394e-10
2.468102406818587646e-10
2.489883331408645399e-10
2.511823930483992526e-10
2.533929211729882973e-10
2.556209009569411278e-10
2.578663711334862351e-10
2.601303074700204776e-10
2.624127532208107022e-10
2.647147222697363937e-10
2.670361524114919991e-10
2.693777603259481461e-10
2.717393581226682880e-10
2.741214400533180817e-10
2.765237803240600796e-10
2.789468890604867657e-10
2.813903882688514719e-10
2.838547121355959828e-10
2.863393182644960130e-10
2.888443229889094230e-10
2.913690235044240523e-10
2.939135310674940337e-10
2.964771211751053782e-10
2.990598038460696649e-10
3.016607049873839528e-10
3.042796875570583101e-10
3.069157109129130527e-10
3.095683190084389120e-10
3.122364465316216152e-10
3.149196482978259533e-10
3.176168928697380987e-10
3.203274303810012480e-10
3.230503147540468334e-10
3.257842956597186111e-10
3.285287061178041334e-10
3.312819271571736218e-10
3.340433693103937253e-10
3.368111770604727437e-10
3.395846559184797783e-10
3.423623390112856198e-10
3.451429165083164578e-10
3.479253645849670784e-10
3.507076097442872723e-10
3.534891163530814426e-10
3.562674311021788532e-10
3.590417537982307442e-10
3.618106116163779627e-10
3.645720982586801317e-10
3.673258208500804911e-10
3.700688958958737070e-10
3.728006283922916675e-10
3.755193187359619714e-10
3.782228452668469353e-10
3.809103881417569116e-10
3.835802719202578087e-10
3.862306122399156052e-10
3.888615228969597870e-10
3.914691450964797720e-10
3.940538665267790076e-10
3.966133408496835732e-10
3.991458912218610580e-10
4.016507489807641635e-10
4.041264471738543416e-10
4.065710850803737773e-10
4.089853439318642558e-10
4.113653743275399758e-10
4.137113828693246845e-10
4.160230867660045182e-10
4.182965457089826116e-10
4.205331753020720633e-10
4.227313793262421515e-10
4.248892597017573209e-10
4.270077105916691512e-10
4.290844410213329923e-10
4.311189181891579198e-10
4.331115344732305821e-10
4.350600057863429813e-10
4.369643405022098945e-10
4.388248265372562607e-10
4.406393898929295474e-10
4.424086484566037195e-10
4.441330015163013901e-10
4.458105732474159486e-10
4.474421592885088303e-10
4.490283659722334593e-10
4.505677475913581404e-10
4.520604869580922037e-10
4.535075116906416674e-10
4.549087834885589368e-10
4.562627147096836255e-10
4.575722181871630332e-10
4.588367099083236402e-10
4.600559565480139581e-10
4.612311330348995461e-10
4.623635040460806811e-10
4.634521789283985585e-10
4.644990647149916840e-10
4.655043228973236630e-10
4.664676589567447792e-10
4.673916673776717852e-10
4.682767934903236779e-10
4.691235461808455114e-10
4.699326532967079274e-10
4.707070109335548390e-10
4.714463173167081967e-10
4.721513655290722150e-10
4.728246679967616479e-10
4.734665911336563322e-10
4.740775212059708061e-10
4.746598628456128624e-10
4.752154878908403038e-10
4.757440841431758735e-10
4.762478277447428647e-10
4.767293490888610376e-10
4.771890493402603791e-10
4.776277360985339819e-10
4.780478387719650906e-10
4.784512763785466698e-10
4.788376875548328307e-10
4.792093797813610385e-10
4.795690405990434690e-10
4.799169016462449056e-10
4.802537979042219501e-10
4.805828998609713115e-10
4.809057865678864067e-10
4.812229014400976783e-10
4.815352835957872499e-10
4.818460290753732118e-10
4.821561727744460965e-10
4.824657336056634293e-10
4.827767696420348456e-10
4.830920616689033794e-10
4.834119556198186455e-10
4.837364999324920814e-10
4.840686637843055916e-10
4.844104461816173745e-10
4.847616525722091022e-10
4.851228049910888459e-10
4.854970289342454368e-10
4.858854612879771905e-10
4.862880098692914109e-10
4.867052175588093497e-10
4.871401567448775345e-10
4.875934315750690833e-10
4.880649273379618808e-10
4.885550299814713653e-10
4.890666772501161643e-10
4.896002226530968144e-10
4.901554929854104918e-10
4.907327476178100687e-10
4.913346997430711330e-10
4.919612844162659428e-10
4.926124724822557558e-10
4.932882330607339444e-10
4.939908892990387753e-10
4.947204129155342334e-10
4.954766325283235648e-10
4.962595339893095725e-10
4.970704324038313970e-10
4.979093233256278097e-10
4.987760695380083333e-10
4.996703349885920787e-10
5.005931807476111373e-10
5.015447939742743944e-10
5.025246720809208522e-10
5.035326322407828018e-10
5.045689371644375564e-10
5.056337734082447710e-10
5.067262097190359435e-10
5.078461682816147454e-10
5.089934160441301624e-10
5.101682024855784296e-10
5.113692499831518115e-10
5.125962004907295477e-10
5.138487042346587479e-10
5.151270530753615119e-10
5.164301584894738342e-10
5.177569657800248068e-10
5.191070972808312842e-10
5.204802344446393721e-10
5.218758655583315550e-10
5.232919754574035489e-10
5.247281683174034014e-10
5.261842864436265186e-10
5.276599362053039326e-10
5.291531204711304576e-10
5.306622722523221134e-10
5.321874444709018744e-10
5.337284942810497590e-10
5.352841922802864041e-10
5.368519590914908927e-10
5.384310467574392752e-10
5.400210865163822639e-10
5.416220932751071138e-10
5.432315349748635404e-10
5.448472357190354565e-10
5.464689470354708688e-10
5.480962923233952605e-10
5.497286744980344559e-10
5.513631836528061624e-10
5.529984178664572295e-10
5.546341268334725543e-10
5.562704210982691984e-10
5.579054625682496289e-10
5.595364500912297692e-10
5.611622574551808003e-10
5.627827647615964216e-10
5.643983139315385323e-10
5.660063558613731457e-10
5.676040825359640790e-10
5.691908473406164380e-10
5.707665034084198470e-10
5.723316502004729458e-10
5.738834188300800183e-10
5.754196199222132040e-10
5.769396956044298290e-10
5.784436797689665676e-10
5.799319171936362825e-10
5.814018817370079191e-10
5.828514852272854573e-10
5.842799512396587303e-10
5.856879353673718732e-10
5.870741801175536654e-10
5.884383928542174648e-10
5.897780067005957712e-10
5.910929779100838368e-10
5.923828314980377048e-10
5.936462102413975491e-10
5.948850405055054073e-10
5.960967165069882316e-10
5.972803187376496015e-10
5.984345188374082410e-10
5.995614332213150054e-10
6.006605057497051679e-10
6.017304316404536327e-10
6.027688966635600083e-10
6.037775217823358607e-10
6.047563688040474319e-10
6.057054843519027680e-10
6.066233985487835472e-10
6.075097933278623749e-10
6.083664120229036603e-10
6.091908607857878201e-10
6.099846759923369806e-10
6.107483424491376922e-10
6.114810732470309600e-10
6.121816127536401972e-10
6.128524139737336742e-10
6.134932854222787745e-10
6.141042038875948930e-10
6.146845494719283042e-10
6.152348742756553675e-10
6.157571971002280845e-10
6.162499369546799379e-10
6.167149358411949079e-10
6.171517815402704290e-10
6.175603301191711945e-10
6.179419001832029529e-10
6.182978030819739913e-10
6.186286143548505066e-10
6.189337123229934782e-10
6.192141747650216269e-10
6.194695063615445610e-10
6.197018798549732562e-10
6.199125224067893598e-10
6.201020732304065172e-10
6.202697734144133628e-10
6.204167225008814059e-10
6.205435153375575737e-10
6.206519049057791956e-10
6.207440047426703397e-10
6.208194057928597197e-10
6.208784191176166862e-10
6.209211791258498451e-10
6.209493337204889521e-10
6.209644245435187849e-10
6.209684415893302046e-10
6.209606120740312284e-10
6.209419051654409155e-10
6.209120057855008607e-10
6.208722972435695596e-10
6.208254787835104946e-10
6.207726315846473205e-10
6.207132152684147023e-10
6.206486121356725327e-10
6.205782495322605916e-10
6.205025068538312493e-10
6.204262051710452828e-10
6.203491525134804920e-10
6.202712080973127262e-10
6.201941270697690307e-10
6.201160374407212422e-10
6.200384457059116560e-10
6.199648620426655877e-10
6.198948256035174934e-10
6.198304116284525690e-10
6.197700761034629120e-10
6.197133590880038021e-10
6.196633233840602117e-10
6.196199118420544916e-10
6.195847858244684527e-10
6.195591327719015996e-10
6.195419923594264939e-10
6.195342309846194020e-10
6.195357592682990317e-10
6.195468031254020721e-10
6.195714509632731323e-10
6.196086441071951748e-10
6.196580110918617977e-10
6.197213551078117680e-10
6.197961099191771240e-10
6.198854221739475766e-10
6.199891784815430126e-10
6.201072742065937942e-10
6.202415846965887546e-10
6.203906855640493066e-10
6.205555319143932235e-10
6.207354627108661949e-10
6.209306074396595654e-10
6.211433333705872202e-10
6.213720714340096301e-10
6.216183418194786951e-10
6.218808114569467311e-10
6.221594569024608171e-10
6.224558910936953439e-10
6.227681589065544810e-10
6.230989776267034873e-10
6.234466095627423480e-10
6.238106830885607504e-10
6.241924158279170069e-10
6.245907765860266456e-10
6.250066499498367307e-10
6.254387393835511290e-10
6.258876045890051573e-10
6.263527879612812727e-10
6.268335704514635731e-10
6.273310453388737141e-10
6.278443553752147484e-10
6.283736620588985987e-10
6.289182301451438413e-10
6.294771268187341055e-10
6.300505842103720753e-10
6.306378543208130259e-10
6.312394431232027662e-10
6.318553857237482375e-10
6.324848390778362269e-10
6.331266059824816403e-10
6.337803542131645912e-10
6.344451541876214147e-10
6.351211703291746797e-10
6.358078400511139650e-10
6.365067003162287595e-10
6.372154006441555073e-10
6.379331804413283490e-10
6.386597516265479677e-10
6.393937281260182603e-10
6.401352237005653825e-10
6.408841043545401621e-10
6.416412455017875425e-10
6.424049216948349361e-10
6.431746971650094824e-10
6.439482782294772060e-10
6.447260012761234525e-10
6.455060485186421104e-10
6.462906934260545266e-10
6.470779301060547751e-10
6.478681252380476695e-10
6.486615392813557682e-10
6.494541020256153213e-10
6.502465306716553065e-10
6.510376306796813299e-10
6.518288907420273624e-10
6.526174357643380632e-10
6.534073198107424971e-10
6.541937961373901362e-10
6.549783493735037829e-10
6.557580248420122347e-10
6.565337980123618930e-10
6.573037073891809774e-10
6.580702444424597311e-10
6.588314898807392789e-10
6.595876949770051684e-10
6.603391395012767939e-10
6.610823046100229982e-10
6.618182186227484438e-10
6.625449748356979453e-10
6.632645389914848562e-10
6.639743734818041625e-10
6.646775467399210108e-10
6.653705875488823727e-10
6.660559201163215454e-10
6.667291452786887792e-10
6.673931790499717015e-10
6.680449027766195080e-10
6.686873680983111130e-10
6.693168740562884132e-10
6.699377341350641824e-10
6.705457036126573516e-10
6.711437923552987206e-10
6.717282270112027727e-10
6.723017346323908231e-10
6.728611512321749048e-10
6.734096219077465165e-10
6.739442328335070594e-10
6.744681773241639906e-10
6.749782242013136218e-10
6.754770424204432538e-10
6.759615296022843259e-10
6.764339698184938404e-10
6.768920491692819065e-10
6.773380525357844738e-10
6.777699373081408420e-10
6.781899053872094514e-10
6.785958749597316503e-10
6.789902731431966950e-10
6.793706922964137240e-10
6.797394026911855804e-10
6.800945528673451603e-10
6.804376425511540616e-10
6.807675392003356735e-10
6.810852192187196176e-10
6.813900144227110909e-10
6.816834674981968045e-10
6.819645630240648235e-10
6.822349481309890834e-10
6.824930586473973343e-10
6.827402415566805996e-10
6.829761253250419228e-10
6.832004857408749323e-10
6.834141185070957148e-10
6.836160713699089408e-10
6.838086596611195776e-10
6.839917759382378608e-10
6.841655055919456047e-10
6.843305162501376766e-10
6.844853731610932862e-10
6.846316658603892422e-10
6.847686412703881669e-10
6.848970135154689039e-10
6.850175717945918195e-10
6.851308868003410294e-10
6.852373934002588346e-10
6.853376806513315661e-10
6.854306159403105164e-10
6.855181509250738772e-10
6.855981075480789289e-10
6.856727664534770875e-10
6.857401686464635644e-10
6.858038046680885500e-10
6.858631929902131338e-10
6.859186350152840895e-10
6.859711592241062994e-10
6.860185077845152803e-10
6.860636929906823659e-10
6.861036185138343043e-10
6.861416550636820511e-10
6.861761225080230800e-10
6.862098601105610104e-10
6.862422975956107552e-10
6.862742224437476763e-10
6.863055578752401361e-10
6.863355496797096262e-10
6.863655396977998654e-10
6.863941317437626347e-10
6.864233795030761641e-10
6.864521248477748799e-10
6.864829709162391031e-10
6.865149657843876963e-10
6.865490568402087538e-10
6.865847433965714532e-10
6.866223641970060886e-10
6.866618803739500373e-10
6.867028711131632975e-10
6.867465594407207618e-10
6.867920917881211564e-10
6.868419169577243676e-10
6.868948661879926111e-10
6.869520767094967735e-10
6.870129167691651542e-10
6.870775650886335179e-10
6.871463293580793469e-10
6.872182344490200881e-10
6.872952634715532363e-10
6.873754834734975363e-10
6.874615555350845489e-10
6.875521247448933879e-10
6.876484686138969700e-10
6.877499859523546115e-10
6.878562226101513161e-10
6.879685012145104065e-10
6.880851183280773422e-10
6.882081422918201381e-10
6.883354497666899036e-10
6.884686942048402514e-10
6.886073019520496007e-10
6.887515406869420240e-10
6.889018998340879953e-10
6.890574918030476463e-10
6.892195986618973243e-10
6.893868656582002570e-10
6.895601038817554135e-10
6.897386208707207044e-10
6.899222463226700754e-10
6.901117461519259578e-10
6.903066312952303692e-10
6.905072902159549908e-10
6.907132208882598967e-10
6.909248198474760577e-10
6.911418679263099137e-10
6.913643185401000353e-10
6.915922290745014182e-10
6.918248359994570287e-10
6.920622486242378378e-10
6.923042220276127855e-10
6.925508686998586066e-10
6.928020161208780244e-10
6.930581740509805643e-10
6.933185638839153482e-10
6.935838948124104074e-10
6.938535046082404772e-10
6.941275669991865285e-10
6.944051061270272719e-10
6.946860212274329002e-10
6.949703152451663940e-10
6.952579063128390402e-10
6.955483922362118612e-10
6.958430932871941036e-10
6.961397454835334299e-10
6.964407669737651506e-10
6.967439206300555147e-10
6.970507079691812742e-10
6.973592715220044833e-10
6.976695741855042021e-10
6.979816903844288643e-10
6.982953032899095805e-10
6.986102987578046992e-10
6.989279009747235128e-10
6.992456357038257879e-10
6.995664312392570894e-10
6.998871695084782755e-10
7.002104198117306051e-10
7.005337073705359796e-10
7.008570073299367891e-10
7.011804862612782169e-10
7.015036884039246141e-10
7.018266092396500388e-10
7.021507096180544795e-10
7.024728865934160924e-10
7.027965274715013348e-10
7.031188237681626168e-10
7.034416351943627803e-10
7.037635921553978856e-10
7.040834798242072716e-10
7.044025019292384486e-10
7.047197897214061049e-10
7.050352871964468676e-10
7.053504286129164458e-10
7.056622125009635655e-10
7.059737371178503588e-10
7.062832736402147222e-10
7.065910949197028428e-10
7.068974932440583247e-10
7.072005881723449949e-10
7.075015234885548610e-10
7.078001323829492873e-10
7.080948189637302020e-10
7.083875253637910433e-10
7.086769071810406073e-10
7.089636312881578621e-10
7.092483144434152364e-10
7.095288634139948501e-10
7.098076466148594283e-10
7.100831646813907368e-10
7.103551663864290339e-10
7.106238554632357026e-10
7.108888109470238693e-10
7.111504032825244959e-10
7.114092872538336423e-10
7.116635497111430456e-10
7.119149893176665438e-10
7.121627817794864857e-10
7.124070613102968528e-10
7.126485063727350476e-10
7.128858969597699770e-10
7.131200788177521705e-10
7.133506326966401644e-10
7.135767885202349933e-10
7.137996246832394981e-10
7.140187893167522968e-10
7.142342107407756642e-10
7.144461938201689822e-10
7.146542203461308211e-10
7.148587999835140635e-10
7.150602879617240480e-10
7.152579430822641738e-10
7.154523384878275312e-10
7.156432983497598294e-10
7.158305419396702163e-10
7.160140161148439301e-10
7.161940818934616720e-10
7.163707789454512588e-10
7.165438562425071683e-10
7.167138378538400340e-10
7.168800579342946448e-10
7.170435735144838529e-10
7.172040852160718432e-10
7.173617703227236039e-10
7.175165908228430101e-10
7.176686969259772928e-10
7.178174394712041960e-10
7.179635447728978142e-10
7.181070620390401713e-10
7.182472649143944508e-10
7.183853566234897339e-10
7.185200953506780773e-10
7.186526014882763825e-10
7.187831389464392873e-10
7.189115509731172238e-10
7.190375343925536209e-10
7.191619216707142737e-10
7.192839369368345896e-10
7.194035556416829131e-10
7.195220382523410756e-10
7.196374662840167350e-10
7.197513879498174556e-10
7.198631023969810140e-10
7.199731284230960000e-10
7.200821150371315909e-10
7.201896058478096388e-10
7.202957697264510202e-10
7.204008812364694818e-10
7.205050635453063869e-10
7.206071013929547417e-10
7.207092003623847651e-10
7.208093774345715477e-10
7.209081873039298500e-10
7.210069613380042191e-10
7.211039124139911329e-10
7.212001320513854937e-10
7.212960812439810956e-10
7.213915779160075080e-10
7.214864254516789287e-10
7.215816287061157382e-10
7.216760378645175188e-10
7.217701506118457778e-10
7.218645478287373633e-10
7.219577062935271224e-10
7.220512858023476576e-10
7.221442253062254193e-10
7.222368078333615165e-10
7.223297835902494206e-10
7.224227519576020406e-10
7.225163130820853076e-10
7.226099925632929316e-10
7.227042022996159639e-10
7.227984630450240861e-10
7.228935543922637748e-10
7.229889691777936017e-10
7.230843374685765318e-10
7.231807505874866356e-10
7.232769234148955681e-10
7.233733947431671218e-10
7.234707172026522747e-10
7.235685029800605890e-10
7.236674963447139712e-10
7.237671494546445734e-10
7.238676438510159964e-10
7.239686838320620939e-10
7.240709890795746547e-10
7.241740685427461202e-10
7.242777257054659523e-10
7.243825150322754192e-10
7.244878123839694864e-10
7.245936508569543607e-10
7.247003839557156493e-10
7.248078917923349635e-10
7.249168216262944850e-10
7.250265000862534814e-10
7.251371617897504303e-10
7.252488688094938324e-10
7.253616134422815153e-10
7.254754244221345715e-10
7.255901067997052609e-10
7.257058452883948335e-10
7.258224615796615222e-10
7.259397318763164423e-10
7.260576956208954602e-10
7.261766913621278358e-10
7.262968808855398823e-10
7.264178629681680977e-10
7.265396327038388326e-10
7.266628264833773284e-10
7.267867684477798785e-10
7.269114597507152831e-10
7.270374115256956025e-10
7.271643151953094295e-10
7.272919576609564861e-10
7.274203360060806504e-10
7.275493393857501442e-10
7.276789951989992694e-10
7.278094523077326029e-10
7.279407155452491819e-10
7.280723178053040756e-10
7.282047274981924506e-10
7.283382915630673919e-10
7.284717762080983344e-10
7.286064565001876389e-10
7.287419883109419414e-10
7.288773030200381094e-10
7.290140030879154587e-10
7.291510239126942725e-10
7.292879999607803218e-10
7.294255612820804262e-10
7.295635361754061155e-10
7.297018511634616296e-10
7.298402476492388413e-10
7.299792956218874733e-10
7.301186219439555157e-10
7.302577570307167685e-10
7.303978907578250235e-10
7.305383668948589198e-10
7.306783337679743762e-10
7.308191452824925000e-10
7.309601485239108514e-10
7.311008254746721585e-10
7.312416369558549036e-10
7.313824678279710042e-10
7.315231009255867007e-10
7.316636998950538122e-10
7.318045153318142465e-10
7.319449617930819229e-10
7.320851064075414004e-10
7.322258055453546877e-10
7.323662123773091154e-10
7.325062094213411063e-10
7.326464789170774583e-10
7.327866873357826128e-10
7.329262848232064456e-10
7.330657003765558866e-10
7.332046390666514815e-10
7.333430863724202949e-10
7.334812039290899229e-10
7.336189748982409440e-10
7.337561921687372260e-10
7.338927921164930293e-10
7.340294352792246006e-10
7.341654923934257287e-10
7.343007839185518423e-10
7.344361074067640055e-10
7.345709299515847925e-10
7.347050757294884325e-10
7.348388189496899339e-10
7.349715712181882268e-10
7.351039367776821996e-10
7.352356208727003266e-10
7.353664849073111774e-10
7.354968464515374704e-10
7.356263965328236198e-10
7.357554352809163091e-10
7.358838024500032171e-10
7.360113607429919112e-10
7.361384542839744159e-10
7.362650432986327212e-10
7.363908945531360781e-10
7.365159422704957667e-10
7.366401684642483934e-10
7.367637694135172511e-10
7.368863446807468293e-10
7.370081244320858571e-10
7.371293381966712742e-10
7.372495277879121309e-10
7.373689067500109015e-10
7.374876950790961200e-10
7.376054626098991135e-10
7.377225689040182426e-10
7.378391116609137088e-10
7.379548978753603658e-10
7.380699801759802246e-10
7.381844507821619287e-10
7.382978252565723530e-10
7.384105876987240603e-10
7.385227184694467933e-10
7.386337661150689163e-10
7.387441261104758550e-10
7.388539436798800062e-10
7.389627188280871301e-10
7.390707224818941284e-10
7.391782579728156814e-10
7.392847475836017576e-10
7.393906979112577838e-10
7.394959863321309314e-10
7.396004661535977799e-10
7.397043401615497567e-10
7.398073239216614291e-10
7.399097343279835193e-10
7.400115089681671667e-10
7.401123486456081372e-10
7.402125194882977266e-10
7.403123317334679594e-10
7.404110206549586360e-10
7.405090403575552551e-10
7.406067880508237049e-10
7.407033741633092679e-10
7.407994786219244672e-10
7.408950223675587690e-10
7.409897959088638285e-10
7.410840878015097622e-10
7.411777049006433363e-10
7.412707662327570495e-10
7.413633121526842660e-10
7.414551710598216780e-10
7.415463538973551995e-10
7.416373388813098502e-10
7.417273726691850206e-10
7.418168763269317731e-10
7.419061060950861058e-10
7.419944205534819351e-10
7.420823081487140969e-10
7.421696944435437301e-10
7.422566116303513503e-10
7.423431836595047704e-10
7.424294555497298023e-10
7.425150818107629216e-10
7.426005771433325804e-10
7.426857306383028637e-10
7.427701245645013487e-10
7.428545914680476317e-10
7.429385581064906408e-10
7.430219686722705528e-10
7.431052313755455039e-10
7.431880629120842147e-10
7.432703817710955338e-10
7.433522545052981595e-10
7.434338914507572783e-10
7.435152011692736174e-10
7.435963761887891096e-10
7.436770961726927598e-10
7.437577946110229949e-10
7.438382552664427023e-10
7.439183349018754705e-10
7.439982584362498130e-10
7.440780839083625373e-10
7.441573886500137345e-10
7.442366828968109100e-10
7.443158023058334506e-10
7.443944456643070969e-10
7.444728407230959076e-10
7.445510533108046728e-10
7.446289388588443489e-10
7.447067228358049664e-10
7.447847156088686240e-10
7.448622152856725044e-10
7.449397411588727941e-10
7.450173461838278461e-10
7.450946091310529909e-10
7.451718492085539959e-10
7.452490733332978614e-10
7.453260487608138889e-10
7.454031153524015342e-10
7.454798862348611257e-10
7.455566357919427811e-10
7.456331705887010258e-10
7.457096689048090234e-10
7.457859953099555476e-10
7.458623840364610647e-10
7.459389758868440073e-10
7.460153350667889163e-10
7.460917301270991017e-10
7.461682918543765493e-10
7.462447511852141231e-10
7.463212327112927652e-10
7.463977409426493293e-10
7.464742158545917934e-10
7.465508868267028422e-10
7.466272490246989341e-10
7.467038158247442062e-10
7.467802032899647253e-10
7.468566655547292137e-10
7.469329736659493107e-10
7.470093669718094169e-10
7.470859508471786378e-10
7.471624834438018892e-10
7.472389284328992845e-10
7.473155357699230915e-10
7.473922897702054072e-10
7.474689001426511901e-10
7.475455322589455809e-10
7.476222982965256066e-10
7.476992332575388874e-10
7.477758630180228936e-10
7.478527360726736948e-10
7.479295410167765500e-10
7.480064203394711609e-10
7.480831639032984061e-10
7.481599668000465271e-10
7.482368086382244995e-10
7.483137642910780853e-10
7.483904700651590460e-10
7.484672814564730315e-10
7.485442305837814829e-10
7.486211269394483952e-10
7.486978221672247000e-10
7.487747164865383804e-10
7.488516536048386987e-10
7.489285245757388188e-10
7.490052556537710259e-10
7.490822338414233213e-10
7.491591795490844023e-10
7.492359891416114278e-10
7.493128973760882447e-10
7.493897731817763272e-10
7.494665670062556439e-10
7.495434667503024994e-10
7.496202221050930682e-10
7.496969042378558138e-10
7.497738038788359650e-10
7.498505121656434724e-10
7.499271393406090380e-10
7.500038850383141094e-10
7.500805665589632017e-10
7.501571611746109321e-10
7.502337615007000213e-10
7.503103943258054790e-10
7.503869718768826086e-10
7.504634802259469739e-10
7.505399065853653314e-10
7.506162789500728960e-10
7.506925187955659641e-10
7.507687522846723331e-10
7.508448487828258139e-10
7.509207666637337232e-10
7.509968626058563963e-10
7.510726273142561206e-10
7.511483364295839544e-10
7.512240685621222312e-10
7.512996962060327109e-10
7.513750880659973312e-10
7.514505439955671691e-10
7.515259351418403570e-10
7.516011809120307873e-10
7.516763172892395687e-10
7.517512533746719058e-10
7.518260452364495148e-10
7.519005838447230356e-10
7.519749916926161964e-10
7.520492183603273755e-10
7.521231467595309676e-10
7.521970632830679413e-10
7.522706431723024648e-10
7.523441070349804171e-10
7.524173591996403044e-10
7.524904642630495486e-10
7.525633129802918305e-10
7.526360017010340280e-10
7.527085752610296013e-10
7.527809337217231490e-10
7.528530894397868154e-10
7.529250422255480861e-10
7.529968394944885977e-10
7.530682782340694352e-10
7.531395507354934401e-10
7.532105959338062520e-10
7.532814420060882569e-10
7.533520003378039209e-10
7.534223491229982932e-10
7.534925626300826718e-10
7.535624311554541667e-10
7.536321390808146023e-10
7.537015638894656032e-10
7.537708976647395230e-10
7.538398493727331301e-10
7.539086921326855397e-10
7.539772280743088328e-10
7.540455703995859430e-10
7.541136372271488045e-10
7.541814922685988658e-10
7.542490784081074468e-10
7.543164137694499228e-10
7.543835632229423443e-10
7.544504393378273519e-10
7.545170295869508771e-10
7.545833945473961550e-10
7.546496112442365930e-10
7.547154559405020551e-10
7.547811530819737442e-10
7.548465408174472065e-10
7.549117994115809216e-10
7.549766546267048680e-10
7.550413627511660832e-10
7.551058156795722598e-10
7.551699535286792603e-10
7.552338788640853937e-10
7.552975584160073969e-10
7.553609469852286483e-10
7.554240593738153373e-10
7.554869602032675862e-10
7.555496414357886647e-10
7.556119494181957339e-10
7.556740563274715522e-10
7.557359894909338622e-10
7.557975416304387662e-10
7.558589210420586238e-10
7.559200347152478947e-10
7.559808973373428175e-10
7.560414521747135142e-10
7.561017448420694277e-10
7.561618254363222275e-10
7.562215747559893562e-10
7.562811875734432617e-10
7.563405915985164400e-10
7.563997459939637937e-10
7.564586502042508235e-10
7.565174005508375485e-10
7.565759877590854274e-10
7.566342150496336921e-10
7.566923100737538553e-10
7.567502341168289898e-10
7.568078741697333217e-10
7.568653157421799556e-10
7.569225992103848744e-10
7.569796756265143566e-10
7.570364193993224082e-10
7.570929841970465551e-10
7.571493939229731125e-10
7.572054994662988572e-10
7.572614656936324480e-10
7.573172939316475105e-10
7.573730470253910833e-10
7.574284724722322793e-10
7.574837951005233351e-10
7.575390114122828761e-10
7.575940279655079547e-10
7.576489069594657053e-10
7.577035445685549510e-10
7.577581541128122197e-10
7.578124536969016103e-10
7.578667350554724103e-10
7.579207940233508801e-10
7.579746631349980775e-10
7.580283584538892668e-10
7.580819149579356765e-10
7.581353561193384453e-10
7.581885113448761747e-10
7.582416261142509151e-10
7.582946447011733384e-10
7.583475490458091307e-10
7.584002193358855702e-10
7.584528038568037061e-10
7.585053415456093323e-10
7.585576969848538810e-10
7.586099324022594999e-10
7.586619994625610700e-10
7.587140049854640728e-10
7.587658492902866625e-10
7.588176323035487630e-10
7.588692050462997406e-10
7.589206636024333424e-10
7.589719934117923492e-10
7.590232214541132104e-10
7.590742840589467130e-10
7.591252299466519098e-10
7.591761326299692505e-10
7.592269790513978165e-10
7.592777253567580215e-10
7.593283109141245555e-10
7.593788547315851488e-10
7.594293397354702139e-10
7.594797464617236289e-10
7.595300344567053057e-10
7.595802176277201651e-10
7.596303505578939286e-10
7.596803975568647064e-10
7.597303988531140238e-10
7.597802238170387757e-10
7.598299978931017565e-10
7.598796779639345106e-10
7.599292964136166602e-10
7.599787856392410014e-10
7.600281939967108092e-10
7.600775696762864411e-10
7.601268851800855118e-10
7.601761685040358534e-10
7.602253016540077305e-10
7.602743991578305215e-10
7.603234454263756842e-10
7.603724831081243441e-10
7.604214117580384105e-10
7.604702144156479627e-10
7.605190161535153918e-10
7.605677711947624956e-10
7.606164740817343105e-10
7.606650261974205406e-10
7.607135622849107593e-10
7.607620540609145900e-10
7.608104882219689590e-10
7.608588720415143515e-10
7.609071407209926353e-10
7.609553769630795061e-10
7.610035417979314587e-10
7.610516499925422243e-10
7.610997106531777306e-10
7.611476407442220851e-10
7.611955533176490172e-10
7.612433728675023145e-10
7.612911907561287875e-10
7.613388550478620623e-10
7.613864792061568640e-10
7.614340454164379304e-10
7.614815694234264769e-10
7.615290167838181053e-10
7.615763463421926956e-10
7.616236444808561806e-10
7.616708942910374279e-10
7.617180383793059438e-10
7.617650986737234587e-10
7.618120841551139603e-10
7.618590156140831185e-10
7.619058415162447957e-10
7.619525991503219792e-10
7.619992727317647071e-10
7.620458653672152060e-10
7.620923750441844046e-10
7.621388276884565746e-10
7.621851993797881985e-10
7.622314536726842052e-10
7.622776499303402810e-10
7.623237695327140421e-10
7.623698455469708609e-10
7.624157867537007365e-10
7.624616558482723759e-10
7.625074441150972547e-10
7.625531851442429696e-10
7.625987849636492363e-10
7.626442792499053873e-10
7.626896817986056019e-10
7.627350127677691766e-10
7.627802195631020957e-10
7.628253283924572199e-10
7.628703113781108269e-10
7.629152194752158307e-10
7.629600131072331054e-10
7.630047300578705173e-10
7.630493346590173348e-10
7.630937982873292315e-10
7.631382024629444997e-10
7.631824796731599810e-10
7.632267056876784263e-10
7.632707758925541758e-10
7.633147603269894915e-10
7.633586384725624840e-10
7.634024495909873379e-10
7.634461453428630312e-10
7.634897422077366766e-10
7.635331921308401010e-10
7.635765724765148402e-10
7.636198249980522396e-10
7.636629775262335218e-10
7.637060007183153816e-10
7.637488976208040151e-10
7.637917232875322712e-10
7.638343980507501216e-10
7.638769798942882221e-10
7.639194380978993933e-10
7.639618007084244339e-10
7.640040382376189688e-10
7.640461613163668717e-10
7.640881774414887520e-10
7.641301088033039535e-10
7.641718773636496134e-10
7.642135416227652440e-10
7.642550909745823901e-10
7.642964905998430651e-10
7.643377766146176610e-10
7.643788925364496927e-10
7.644199514260396453e-10
7.644608577873710330e-10
7.645016291753671237e-10
7.645422493827059444e-10
7.645827747816635225e-10
7.646231863931183705e-10
7.646634545790237043e-10
7.647036124571269908e-10
7.647436073524427455e-10
7.647835391788350287e-10
7.648232776727281561e-10
7.648629398558596940e-10
7.649024765599522878e-10
7.649418798587131538e-10
7.649811234887028940e-10
7.650202450963173929e-10
7.650592468480667518e-10
7.650981157570499175e-10
7.651367890088668930e-10
7.651753463501807371e-10
7.652138017017380556e-10
7.652521741446517057e-10
7.652903536564555923e-10
7.653283563100548388e-10
7.653662828282547858e-10
7.654040991236041343e-10
7.654417857644722426e-10
7.654793295612160893e-10
7.655166960618872388e-10
7.655539995481047602e-10
7.655911340087735798e-10
7.656281735946385537e-10
7.656650886363441118e-10
7.657018489275703893e-10
7.657384709940211770e-10
7.657749887550646734e-10
7.658113856070353148e-10
7.658477245784901589e-10
7.658838505606980018e-10
7.659199028661768388e-10
7.659558863794281870e-10
7.659917547833421861e-10
7.660275502455185127e-10
7.660631714220219042e-10
7.660987259209436839e-10
7.661342078366692275e-10
7.661695655453941730e-10
7.662048159272278445e-10
7.662399807516614491e-10
7.662750322923039576e-10
7.663100064504896749e-10
7.663448352165866898e-10
7.663795953893104352e-10
7.664142905847636770e-10
7.664488240491190898e-10
7.664832469259613311e-10
7.665175805874040416e-10
7.665517773480979098e-10
7.665859284704249694e-10
7.666198786934941429e-10
7.666537905929546645e-10
7.666876146362801969e-10
7.667213727402000961e-10
7.667550001535950380e-10
7.667885001659968824e-10
7.668219396985092135e-10
7.668553153616767535e-10
7.668885744755922930e-10
7.669217490269992474e-10
7.669547789692853083e-10
7.669877924482783555e-10
7.670206482874502426e-10
7.670534581014656666e-10
7.670861800350683504e-10
7.671187720052378352e-10
7.671512716012945432e-10
7.671836661603440669e-10
7.672159826923563072e-10
7.672481961061722303e-10
7.672802682826208727e-10
7.673122448818238931e-10
7.673441663696222938e-10
7.673760038315868908e-10
7.674077845048313810e-10
7.674393976754080362e-10
7.674709345021358775e-10
7.675024044923393522e-10
7.675337984545115707e-10
7.675651319723630424e-10
7.675963202881291984e-10
7.676274004331557786e-10
7.676584380357457878e-10
7.676893730087964266e-10
7.677202576019569085e-10
7.677510303661301966e-10
7.677816816508482384e-10
7.678122610979906482e-10
7.678427878501298027e-10
7.678732170648534377e-10
7.679036157940423922e-10
7.679338762549461568e-10
7.679640708565980895e-10
7.679942479417492937e-10
7.680243245235461741e-10
7.680543657101605662e-10
7.680843312018493348e-10
7.681141956857276830e-10
7.681440397296835819e-10
7.681737945761897692e-10
7.682034844066306821e-10
7.682331372843493723e-10
7.682626936003534347e-10
7.682921966391431675e-10
7.683216286955793037e-10
7.683509986978771439e-10
7.683802977664596075e-10
7.684095800238782509e-10
7.684387253781492282e-10
7.684678194682739738e-10
7.684968568613715835e-10
7.685257686666559986e-10
7.685546695630411362e-10
7.685834364213013774e-10
7.686121374861533636e-10
7.686408107108356273e-10
7.686693936090493614e-10
7.686979078406843417e-10
7.687263326488011491e-10
7.687546881000983407e-10
7.687830020066214980e-10
7.688112183038884997e-10
7.688394124122837238e-10
7.688674842371627872e-10
7.688954791155919603e-10
7.689234510090293753e-10
7.689513037953655408e-10
7.689791554743963792e-10
7.690068909266515792e-10
7.690345371137109755e-10
7.690621355748892102e-10
7.690896325691717846e-10
7.691171069692227223e-10
7.691444592245997650e-10
7.691717088064727877e-10
7.691988684893228625e-10
7.692259655253597323e-10
7.692529826418941543e-10
7.692799476393084634e-10
7.693067899014832792e-10
7.693334969059381035e-10
7.693601718325355681e-10
7.693867538896217870e-10
7.694132873750346680e-10
7.694397297557674992e-10
7.694660228099684034e-10
7.694922666467574246e-10
7.695184282495926440e-10
7.695445171072696633e-10
7.695705491354879306e-10
7.695964537847161049e-10
7.696222600897795082e-10
7.696479933169099510e-10
7.696736761677898316e-10
7.696992689590496483e-10
7.697247959095864789e-10
7.697502011806144320e-10
7.697755098421167177e-10
7.698008017723194714e-10
7.698259962939814451e-10
7.698511206860303155e-10
7.698761555691132558e-10
7.699010837210817584e-10
7.699259710719115974e-10
7.699507910539677048e-10
7.699755016087968859e-10
7.700001451264276839e-10
7.700247355379878211e-10
7.700492274385822170e-10
7.700736478522014835e-10
7.700979715079402397e-10
7.701222302672653972e-10
7.701464244608837647e-10
7.701705752036558125e-10
7.701945779348649532e-10
7.702185097095285323e-10
7.702423808190968590e-10
7.702661271746914076e-10
7.702898575096586473e-10
7.703134326978857340e-10
7.703369241797775286e-10
7.703603889714460883e-10
7.703837509878674127e-10
7.704070505830063261e-10
7.704302610114666469e-10
7.704533479018673309e-10
7.704763995492867594e-10
7.704993784683397542e-10
7.705222644589862436e-10
7.705451137811711280e-10
7.705678024053240504e-10
7.705904532054440519e-10
7.706130498400404642e-10
7.706355095417520674e-10
7.706579825484983874e-10
7.706803103294193082e-10
7.707025564307628736e-10
7.707247366417939753e-10
7.707468042800784353e-10
7.707688476924761413e-10
7.707907732346971268e-10
7.708126082063072248e-10
7.708343155526342024e-10
7.708559581763795870e-10
7.708775321062492575e-10
7.708990446500116947e-10
7.709204665760966677e-10
7.709417298633744548e-10
7.709629388593558404e-10
7.709840675573582889e-10
7.710051282524703481e-10
7.710261208197050275e-10
7.710469995746215583e-10
7.710677439588038684e-10
7.710884416856569323e-10
7.711090650482284652e-10
7.711296007369756158e-10
7.711500677174954688e-10
7.711704244741721067e-10
7.711906768632374711e-10
7.712108403421329507e-10
7.712309608248005753e-10
7.712509789123104561e-10
7.712709233531179872e-10
7.712907665946641451e-10
7.713104844837713516e-10
7.713301955813534978e-10
7.713498411537407025e-10
7.713693826122129277e-10
7.713888646934687551e-10
7.714082418200218693e-10
7.714275627122313233e-10
7.714468349383447724e-10
7.714660193130795209e-10
7.714851158223321393e-10
7.715041443208361526e-10
7.715231084445466613e-10
7.715420051708629892e-10
7.715608236198371802e-10
7.715795425993500950e-10
7.715982106405845805e-10
7.716168225734136539e-10
7.716353758855657179e-10
7.716537982910918894e-10
7.716721513022030862e-10
7.716904495102825957e-10
7.717086410291857245e-10
7.717268049731132351e-10
7.717448492109780147e-10
7.717628049323695221e-10
7.717807329638486653e-10
7.717985903883901328e-10
7.718163988936356100e-10
7.718341393917307178e-10
7.718517572964891665e-10
7.718693277478397474e-10
7.718868675399890782e-10
7.719043216107911447e-10
7.719217247534477443e-10
7.719390624051960389e-10
7.719562717503125424e-10
7.719734711046588894e-10
7.719906061783035265e-10
7.720076378575148809e-10
7.720246771603536328e-10
7.720415890557472785e-10
7.720584266053055208e-10
7.720752243309149162e-10
7.720919194486570733e-10
7.721085943402202512e-10
7.721251653652781708e-10
7.721416761319655452e-10
7.721580814170775152e-10
7.721744028484919669e-10
7.721906907681728262e-10
7.722068885445643025e-10
7.722230550079096135e-10
7.722391047548297224e-10
7.722550334233117459e-10
7.722709357646614644e-10
7.722867658851614141e-10
7.723025294045112405e-10
7.723182363867693025e-10
7.723338385745495359e-10
7.723493331605663778e-10
7.723647902047016058e-10
7.723801738109562297e-10
7.723954911004040660e-10
7.724107481200662647e-10
7.724259127593704728e-10
7.724409899447976236e-10
7.724559722415242943e-10
7.724709209749840204e-10
7.724857975195645084e-10
7.725005757608429477e-10
7.725152963215351437e-10
7.725298947921887243e-10
7.725444527087824903e-10
7.725589758024786749e-10
7.725734142708419068e-10
7.725878067271181293e-10
7.726021057425494569e-10
7.726163143536332003e-10
7.726304875889731999e-10
7.726446160837268687e-10
7.726586536625631034e-10
7.726726243425882714e-10
7.726865410864256750e-10
7.727003734798436025e-10
7.727141614456389840e-10
7.727278772595714597e-10
7.727415049752531810e-10
7.727550969734828473e-10
7.727686274811323690e-10
7.727820985618519382e-10
7.727954691376455403e-10
7.728087639154468147e-10
7.728220216021799090e-10
7.728351906945193174e-10
7.728483053876566134e-10
7.728613522304769842e-10
7.728742946441438440e-10
7.728871919770463460e-10
7.729000576175990129e-10
7.729128459871161171e-10
7.729255916398269773e-10
7.729382735031814114e-10
7.729508369413622930e-10
7.729633735766579402e-10
7.729758737333712919e-10
7.729882953063134488e-10
7.730006775174939262e-10
7.730129923867426827e-10
7.730251924303356813e-10
7.730373727458778656e-10
7.730495106437636744e-10
7.730615484743020601e-10
7.730735760890771628e-10
7.730855265336086604e-10
7.730973766251672696e-10
7.731092124664718760e-10
7.731209370574434861e-10
7.731326267112838722e-10
7.731442671842737583e-10
7.731558332713099812e-10
7.731673327991754971e-10
7.731787109530099357e-10
7.731900492387240827e-10
7.732013436820046080e-10
7.732125494554525755e-10
7.732237212139929839e-10
7.732347804094234049e-10
7.732457351019158041e-10
7.732566616595553877e-10
7.732675248049915455e-10
7.732783163242380769e-10
7.732890504457941345e-10
7.732997031855164983e-10
7.733102456931858793e-10
7.733207512366559067e-10
7.733311905179957850e-10
7.733415493348659483e-10
7.733518663127546130e-10
7.733621094161767464e-10
7.733722629105647749e-10
7.733823300519704235e-10
7.733923323427675996e-10
7.734022894944841848e-10
7.734121601899035314e-10
7.734219563832950955e-10
7.734316811096259035e-10
7.734412921365073575e-10
7.734508729884604510e-10
7.734604132931159315e-10
7.734698681610156374e-10
7.734792862503766781e-10
7.734886089497037491e-10
7.734978373962874744e-10
7.735070318598514533e-10
7.735161803294643577e-10
7.735252501280385128e-10
7.735342532961596714e-10
7.735432027831128484e-10
7.735520712332080062e-10
7.735608707624077308e-10
7.735696362404900651e-10
7.735782995155687118e-10
7.735869188091026374e-10
7.735954901766604112e-10
7.736039922247457738e-10
7.736124195002946141e-10
7.736207573533385777e-10
7.736290391955017234e-10
7.736372717167726915e-10
7.736454191238262854e-10
7.736535238567147958e-10
7.736615346276346253e-10
7.736694548656009649e-10
7.736773370725117558e-10
7.736851823495098295e-10
7.736929531424299399e-10
7.737006841866332801e-10
7.737083394863835577e-10
7.737158838490127779e-10
7.737234019019838835e-10
7.737308790898132256e-10
7.737382807141766232e-10
7.737456363655579748e-10
7.737529378993715332e-10
7.737601344671086449e-10
7.737672713786420179e-10
7.737743900110968556e-10
7.737814216403019542e-10
7.737883981751216742e-10
7.737953489518886711e-10
7.738022020156297044e-10
7.738089800499325966e-10
7.738157187733040578e-10
7.738223749611937044e-10
7.738289955660067866e-10
7.738355505750043826e-10
7.738420545053303198e-10
7.738484872102976758e-10
7.738548038637896446e-10
7.738610902158980168e-10
7.738673416344734006e-10
7.738735017503416959e-10
7.738796396861270077e-10
7.738856949140667448e-10
7.738916315733998110e-10
7.738975400592714065e-10
7.739034011203349039e-10
7.739091910237445534e-10
7.739149264213285096e-10
7.739206032041704772e-10
7.739262062416274481e-10
7.739317176440988784e-10
7.739372009826482305e-10
7.739426146128468859e-10
7.739479558753918934e-10
7.739532617838032504e-10
7.739584995676459501e-10
7.739636643569148156e-10
7.739687470817812253e-10
7.739737618395741662e-10
7.739787420136694794e-10
7.739836464008153259e-10
7.739884654507772641e-10
7.739932429702340337e-10
7.739979119736033218e-10
7.740025259455770348e-10
7.740071128379322396e-10
7.740116377080989995e-10
7.740161081514771737e-10
7.740205094574660689e-10
7.740248403459830079e-10
7.740290865200796422e-10
7.740333031992110590e-10
7.740374741117213132e-10
7.740415692288655381e-10
7.740456154597803177e-10
7.740496054229746994e-10
7.740535005396961712e-10
7.740573517614166934e-10
7.740611674321345795e-10
7.740648880753303993e-10
7.740685703508081611e-10
7.740722145044473019e-10
7.740757807725177236e-10
7.740792778229830265e-10
7.740827054925784372e-10
7.740860657902775094e-10
7.740893841536831969e-10
7.740926379781827464e-10
7.740958200337419752e-10
7.740989395153212520e-10
7.741019609605503434e-10
7.741049304985002768e-10
7.741078718763270268e-10
7.741107487472595284e-10
7.741135849347818472e-10
7.741163496784251465e-10
7.741190315805504841e-10
7.741216323263315629e-10
7.741242080042801013e-10
7.741267383285773978e-10
7.741291956715357498e-10
7.741316143818714527e-10
7.741339697017792595e-10
7.741362239422428049e-10
7.741384273477841384e-10
7.741406073837567674e-10
7.741427070076615734e-10
7.741447486480872753e-10
7.741467643182057088e-10
7.741487016276435588e-10
7.741505547347686214e-10
7.741523658778217973e-10
7.741541069150433127e-10
7.741558004989189988e-10
7.741574503049018306e-10
7.741590352545893232e-10
7.741605795926038716e-10
7.741620254334872744e-10
7.741633976548825696e-10
7.741647539797069684e-10
7.741660608829919885e-10
7.741672877264847289e-10
7.741684979540489531e-10
7.741696300808947808e-10
7.741706544368808204e-10
7.741716542873310203e-10
7.741726160290740915e-10
7.741735125130703929e-10
7.741743518895925384e-10
7.741751419623037858e-10
7.741758858123898785e-10
7.741765227500849022e-10
7.741771350047311269e-10
7.741776998693315187e-10
7.741781853171278004e-10
7.741786347275806049e-10
7.741790346954216045e-10
7.741793852551649105e-10
7.741796519622446739e-10
7.741798438780522740e-10
7.741799851437504907e-10
7.741800934901832286e-10
7.741801208813386351e-10
7.741800805103959286e-10
7.741800062547852505e-10
7.741798207292167161e-10
7.741795821828805216e-10
7.741793214790640538e-10
7.741790061180891996e-10
7.741786320241062089e-10
7.741782030441253153e-10
7.741777107549249823e-10
7.741771211380614537e-10
7.741765098570895281e-10
7.741758559350811024e-10
7.741751334300598444e-10
7.741743586329550075e-10
7.741735432601595831e-10
7.741726529747032404e-10
7.741716740608974477e-10
7.741706792829462387e-10
7.741696304688424881e-10
7.741684940897713240e-10
7.741673361999717280e-10
7.741661430377846057e-10
7.741648548318626771e-10
7.741635057448893176e-10
7.741620965523256721e-10
7.741606236208636179e-10
7.741591079405213914e-10
7.741575401061727097e-10
7.741558922710304054e-10
7.741541858055330785e-10
7.741523853601586106e-10
7.741505300024818964e-10
7.741486433816793669e-10
7.741467053290817750e-10
7.741447114198932291e-10
7.741426760647580527e-10
7.741405554521998585e-10
7.741383274248210913e-10
7.741360818415884779e-10
7.741337899015620144e-10
7.741314375406653743e-10
7.741290394287399262e-10
7.741265972781322560e-10
7.741240722642104150e-10
7.741214463303247346e-10
7.741187965415428049e-10
7.741161092274228735e-10
7.741133416864201787e-10
7.741105309860075734e-10
7.741076862567700952e-10
7.741047648138099921e-10
7.741017581893413720e-10
7.740987036001225090e-10
7.740955940953753953e-10
7.740924383079911734e-10
7.740892353814656779e-10
7.740859726951320720e-10
7.740826872931367154e-10
7.740793069558912898e-10
7.740758366232356953e-10
7.740723543775869574e-10
7.740688420084398135e-10
7.740652540991532184e-10
7.740616290010670537e-10
7.740579678460745903e-10
7.740542325109103207e-10
7.740504062024636415e-10
7.740465635160683085e-10
7.740426900624832964e-10
7.740387442692447000e-10
7.740347478519735889e-10
7.740307062299644258e-10
7.740266334498400262e-10
7.740224576202580182e-10
7.740182574004491480e-10
7.740140141635261123e-10
7.740097037147248276e-10
7.740053512379933129e-10
7.740009496180273366e-10
7.739965105663188450e-10
7.739920163704907404e-10
7.739874430507425011e-10
7.739827994007691805e-10
7.739781428289525619e-10
7.739734214388288739e-10
7.739686109938407324e-10
7.739637721948589514e-10
7.739588877347835745e-10
7.739538922755899532e-10
7.739488567669994092e-10
7.739438043645063041e-10
7.739386904434123112e-10
7.739335284583477608e-10
7.739283079617733624e-10
7.739230351198863126e-10
7.739176625165018713e-10
7.739122690088985028e-10
7.739068360248241833e-10
7.739013462449573626e-10
7.738957993009958732e-10
7.738902217754847137e-10
7.738845749499812464e-10
7.738788371059899491e-10
7.738730673333853541e-10
7.738672824070800914e-10
7.738613985607269153e-10
7.738554678158799853e-10
7.738495282272728953e-10
7.738435287062871395e-10
7.738374316285711969e-10
7.738312939301867210e-10
7.738250964511285035e-10
7.738188373012268064e-10
7.738125381385516081e-10
7.738061906284310565e-10
7.737997675575328973e-10
7.737932790025299936e-10
7.737867053227631628e-10
7.737800749693577279e-10
7.737734109074117533e-10
7.737667028269047251e-10
7.737599356881421434e-10
7.737531440323665911e-10
7.737462572520406866e-10
7.737392734401408867e-10
7.737322461960890489e-10
7.737251894065105788e-10
7.737180847671806504e-10
7.737109138143526568e-10
7.737037133171147247e-10
7.736964457511007895e-10
7.736890921194670190e-10
7.736816562245558941e-10
7.736742047442178601e-10
7.736667058369003790e-10
7.736591292460944023e-10
7.736515264282656542e-10
7.736438768616628432e-10
7.736361485529044297e-10
7.736283383210880476e-10
7.736204794910044709e-10
7.736125739003801871e-10
7.736046253033950858e-10
7.735966327115683349e-10
7.735885765568258507e-10
7.735805066097358714e-10
7.735723533766631076e-10
7.735641084674939269e-10
7.735558342993334779e-10
7.735475506381381266e-10
7.735392220580990225e-10
7.735308046945934239e-10
7.735223874213952688e-10
7.735139085642489572e-10
7.735053486408176761e-10
7.734967403055863901e-10
7.734881084493089499e-10
7.734794490537694146e-10
7.734707137189137438e-10
7.734619305973998161e-10
7.734531069623372443e-10
7.734442648130286891e-10
7.734353233827112807e-10
7.734263599792301191e-10
7.734173520879283423e-10
7.734082878593402780e-10
7.733991715082199808e-10
7.733900151031532674e-10
7.733808223059859916e-10
