4.696741007492078346e-12
5.995178450825350779e-12
7.480801429886643186e-12
9.157159333009284267e-12
1.102645335530121561e-11
1.308970678667810330e-11
1.534677491950184281e-11
1.779659584974228512e-11
2.043711525251058661e-11
2.326546297784079975e-11
2.627794215043463316e-11
2.947014985597456755e-11
3.283711504867558055e-11
3.637319088810359480e-11
4.007225337898952093e-11
4.392766736815038116e-11
4.793256801883163790e-11
5.207942612398657465e-11
5.636073750109811032e-11
6.076856068159618791e-11
6.529480067218906055e-11
6.993124894540631378e-11
7.466954571486897720e-11
7.950118506513281129e-11
8.441781246671707455e-11
8.941090362885652796e-11
9.447187349675987883e-11
9.959253628049739057e-11
1.047645016634463002e-10
1.099797012438554487e-10
1.152301946331217867e-10
1.205080922963828359e-10
1.258061046892703494e-10
1.311167458192997884e-10
1.364332970476033114e-10
1.417488493805400492e-10
1.470573660937042593e-10
1.523525607150257011e-10
1.576291626455175558e-10
1.628814734604392583e-10
1.681051172287666151e-10
1.732950994895475684e-10
1.784476326449612198e-10
1.835588183952744208e-10
1.886253325173340247e-10
1.936443422365028815e-10
1.986130912705129343e-10
2.035295096931872421e-10
2.083918250404380722e-10
2.131987031877278957e-10
2.179490019111273401e-10
2.226420530710476113e-10
2.272776587053010241e-10
2.318556027040189984e-10
2.363762651202970554e-10
2.408404838603024427e-10
2.452489046384266760e-10
2.496028353476556987e-10
2.539039982494932512e-10
2.581538860065748088e-10
2.623544889372151601e-10
2.665081707715569130e-10
2.706173169846666182e-10
2.746841228635974101e-10
2.787116439288287649e-10
2.827028673293994476e-10
2.866603590960366279e-10
2.905873258519566383e-10
2.944872795678123625e-10
2.983633428252698976e-10
3.022187457209461268e-10
3.060568985656583955e-10
3.098813855157955393e-10
3.136954436533492783e-10
3.175024329833208250e-10
3.213058815011676339e-10
3.251092481029875094e-10
3.289155778642848969e-10
3.327282405150580345e-10
3.365503074894178948e-10
3.403850413650479103e-10
3.442352572982999281e-10
3.481040428407337204e-10
3.519939389350193503e-10
3.559073963571696459e-10
3.598475301396695619e-10
3.638160783835389523e-10
3.678153041490546437e-10
3.718476687498487235e-10
3.759144570951975073e-10
3.800174182313747142e-10
3.841584924567526197e-10
3.883382857281137776e-10
3.925580544706046740e-10
3.968190891653902304e-10
4.011214882959324328e-10
4.054661546934739359e-10
4.098531773467667828e-10
4.142824231657591359e-10
4.187541516839930121e-10
4.232672389390399861e-10
4.278218784885164173e-10
4.324168394241433559e-10
4.370511449554669619e-10
4.417236342317739574e-10
4.464328383364681477e-10
4.511772018655954677e-10
4.559545069030882016e-10
4.607632692063477653e-10
4.656010118525130402e-10
4.704654260785857395e-10
4.753539683452104208e-10
4.802639036650567170e-10
4.851920027488360225e-10
4.901359829936332308e-10
4.950920633237811374e-10
5.000573893467735918e-10
5.050282086457737643e-10
5.100009506751534906e-10
5.149724070699849404e-10
5.199388390824254705e-10
5.248962805680498352e-10
5.298411978006932962e-10
5.347690695408295586e-10
5.396766131837399435e-10
5.445599619472578739e-10
5.494152120576997799e-10
5.542382039612548221e-10
5.590253633509391549e-10
5.637717371115964581e-10
5.684754921289329974e-10
5.731302536409286707e-10
5.777357639933958133e-10
5.822855703808161454e-10
5.867774051107014100e-10
5.912066611682045131e-10
5.955716872996524738e-10
5.998689893459071025e-10
6.040939804012128683e-10
6.082464478417711647e-10
6.123211621946917402e-10
6.163180696257368406e-10
6.202317391449371287e-10
6.240624623804423882e-10
6.278067467665951614e-10
6.314624888188319284e-10
6.350308439642081269e-10
6.385071419396617935e-10
6.418931662326203763e-10
6.451843683343906349e-10
6.483826052879470634e-10
6.514868820029536944e-10
6.544955026929803452e-10
6.574100660890398219e-10
6.602287555688345712e-10
6.629539768872527855e-10
6.655854156031651313e-10
6.681224807588896660e-10
6.705677254546662241e-10
6.729204233875358034e-10
6.751831160388284822e-10
6.773577560444808081e-10
6.794447388590295637e-10
6.814477797370645068e-10
6.833670150839773697e-10
6.852040053898903682e-10
6.869629142637845763e-10
6.886448689278417773e-10
6.902531696857987810e-10
6.917909042202407685e-10
6.932602279362039485e-10
6.946645417675862426e-10
6.960073798137762815e-10
6.972899812879463651e-10
6.985173973426990135e-10
6.996923482786073820e-10
7.008173567609587188e-10
7.018968970798312394e-10
7.029357177429554095e-10
7.039346585067360711e-10
7.048992896610046934e-10
7.058330334795955128e-10
7.067379851832068577e-10
7.076188610195253043e-10
7.084797131041732666e-10
7.093231661593202252e-10
7.101528810044541871e-10
7.109734400322332609e-10
7.117873021065114318e-10
7.125975039978997952e-10
7.134089389416192563e-10
7.142232298501497764e-10
7.150436198035351333e-10
7.158758899286952797e-10
7.167197552016904425e-10
7.175793423379228871e-10
7.184600720703223552e-10
7.193602676508476426e-10
7.202854581519129118e-10
7.212378607894602083e-10
7.222195556342095053e-10
7.232318536324358233e-10
7.242785265437674361e-10
7.253614039117248094e-10
7.264806526322387991e-10
7.276409159678726858e-10
7.288413481443172351e-10
7.300851427537162818e-10
7.313715556167451697e-10
7.327049458415596663e-10
7.340824706267701086e-10
7.355075268153699808e-10
7.369804127720679751e-10
7.385025310987214500e-10
7.400722140933363802e-10
7.416916453247944704e-10
7.433603131468143987e-10
7.450779275525203820e-10
7.468441737871161984e-10
7.486593389630072318e-10
7.505241268533995760e-10
7.524357613488367635e-10
7.543945763073549546e-10
7.563995249179923291e-10
7.584493485586106941e-10
7.605429210922892301e-10
7.626799191509654330e-10
7.648587975294913182e-10
7.670775871541972053e-10
7.693353833436028454e-10
7.716290028023086691e-10
7.739581203159850449e-10
7.763222205511103525e-10
7.787162779090072993e-10
7.811399469140534578e-10
7.835902969434244025e-10
7.860655416046343741e-10
7.885639448626298165e-10
7.910830562735936356e-10
7.936204313110279674e-10
7.961752931279296606e-10
7.987409409273858140e-10
8.013188287896811554e-10
8.039066773782713812e-10
8.065011420498918707e-10
8.090957943128403974e-10
8.116935571732623065e-10
8.142915993322106609e-10
8.168844854169823656e-10
8.194693752519898942e-10
8.220478530542041525e-10
8.246172096026399822e-10
8.271712197484272903e-10
8.297080349149505883e-10
8.322292085063720923e-10
8.347317307717699801e-10
8.372099698095920368e-10
8.396621942752296520e-10
8.420900162100243045e-10
8.444901421718678016e-10
8.468596106265270991e-10
8.491952371992973642e-10
8.514979845980479440e-10
8.537664217301742059e-10
8.559988286827036046e-10
8.581910335913925528e-10
8.603420973832379096e-10
8.624529848625155665e-10
8.645230977228710192e-10
8.665477761773193261e-10
8.685287604120372292e-10
8.704639657472543823e-10
8.723534725941907483e-10
8.741949293008641518e-10
8.759896560031953463e-10
8.777382034453153593e-10
8.794366672540001125e-10
8.810863380659244827e-10
8.826879420371401950e-10
8.842386514666051047e-10
8.857412247263763684e-10
8.871960676021457468e-10
8.886000168315046177e-10
8.899559798748967662e-10
8.912657568890933443e-10
8.925250630672716711e-10
8.937373367199819548e-10
8.949050075149112799e-10
8.960244905670901275e-10
8.970992123577242017e-10
8.981304510317376406e-10
8.991163912201769549e-10
9.000603075371961065e-10
9.009651668718645532e-10
9.018253509558900643e-10
9.026477129786624080e-10
9.034342054709007583e-10
9.041814798949741706e-10
9.048936803132549724e-10
9.055724086629080240e-10
9.062164584586582694e-10
9.068308464483504469e-10
9.074133778869001593e-10
9.079668566326955751e-10
9.084942765700108789e-10
9.089951133900839317e-10
9.094726661677920254e-10
9.099280819961804901e-10
9.103614110837890188e-10
9.107752848132453844e-10
9.111730433577301771e-10
9.115527225497473658e-10
9.119193492320538842e-10
9.122701521153401301e-10
9.126097479672434920e-10
9.129414808910450866e-10
9.132613760814077825e-10
9.135757325742827083e-10
9.138820775932997200e-10
9.141850183809460162e-10
9.144875760271352562e-10
9.147862792624711609e-10
9.150861660483415856e-10
9.153864769178006654e-10
9.156894623387893261e-10
9.159980357962731899e-10
9.163092848309905940e-10
9.166266752820625325e-10
9.169518110037276532e-10
9.172844828119352089e-10
9.176281142715829361e-10
9.179803890824028063e-10
9.183420837294237348e-10
9.187172918037657935e-10
9.191052441743665848e-10
9.195075555368247371e-10
9.199239481007294981e-10
9.203545109951227425e-10
9.208009196855848528e-10
9.212640793188024544e-10
9.217450353961450215e-10
9.222408554531532130e-10
9.227552686020081525e-10
9.232860054303476535e-10
9.238376171818549338e-10
9.244068771817938682e-10
9.249952121234917195e-10
9.256011513876837204e-10
9.262246440762924192e-10
9.268693815046389021e-10
9.275322561788314448e-10
9.282155988754605402e-10
9.289144420811332536e-10
9.296336907664472768e-10
9.303689588022340804e-10
9.311255861713902641e-10
9.318985525890467906e-10
9.326883022902355256e-10
9.334940806135990910e-10
9.343157297390323121e-10
9.351551903189407663e-10
9.360100326849756247e-10
9.368810168665655687e-10
9.377632316277160748e-10
9.386609044847205988e-10
9.395691793017395807e-10
9.404939478884146332e-10
9.414291949820373146e-10
9.423771354520037089e-10
9.433329510698456237e-10
9.443008496087096541e-10
9.452746995353952247e-10
9.462604895475399688e-10
9.472525898122049476e-10
9.482516461437050947e-10
9.492563708838774831e-10
9.502684393904381435e-10
9.512844593586373043e-10
9.523055275743806738e-10
9.533291006776455666e-10
9.543542301940248719e-10
9.553818335965198309e-10
9.564121910942173072e-10
9.574430008936119831e-10
9.584735371198935415e-10
9.595025464548058773e-10
9.605289965451807888e-10
9.615543595918523745e-10
9.625786583945652943e-10
9.635992543226043761e-10
9.646155228651950540e-10
9.656269150510197898e-10
9.666329021508632509e-10
9.676346745120376146e-10
9.686321769887275478e-10
9.696216770687087367e-10
9.706039424794835157e-10
9.715790268263260449e-10
9.725458531505190269e-10
9.735053560384379601e-10
9.744562089478136826e-10
9.753981471937541949e-10
9.763293656530959471e-10
9.772518555844926483e-10
9.781633682405390469e-10
9.790667329326325042e-10
9.799586403655829520e-10
9.808414251325922293e-10
9.817117135990387345e-10
9.825715012120879264e-10
9.834190325522049022e-10
9.842559471595234244e-10
9.850825993631454528e-10
9.858984045902307569e-10
9.867025049304070275e-10
9.874923189634172343e-10
9.882718858532206321e-10
9.890370520579550737e-10
9.897933525359210883e-10
9.905360174870974983e-10
9.912696713725631332e-10
9.919878243337404826e-10
9.926948995121600204e-10
9.933896821451157372e-10
9.940743298326503150e-10
9.947481404009940923e-10
9.954095438414921086e-10
9.960619682685354696e-10
9.966993407358102812e-10
9.973276703385663377e-10
9.979420742554557737e-10
9.985497615379014286e-10
9.991454196872406075e-10
9.997315971112829658e-10
1.000306332335170802e-09
1.000870388891608128e-09
1.001426137146049554e-09
1.001969374570666184e-09
1.002505498796887613e-09
1.003031525944361985e-09
1.003550426488483020e-09
1.004058203922333910e-09
1.004557524678170214e-09
1.005049933478728184e-09
1.005533189556579373e-09
1.006009181167200638e-09
1.006476605038236937e-09
1.006938523168646303e-09
1.007391274048079482e-09
1.007837304796741866e-09
1.008277810426582544e-09
1.008711179006440494e-09
1.009138249452966800e-09
1.009558500235071820e-09
1.009974327354853452e-09
1.010383532136134156e-09
1.010787801126398416e-09
1.011188193719348660e-09
1.011583044320977934e-09
1.011973107369304852e-09
1.012359017970295010e-09
1.012741187250910819e-09
1.013118942239174346e-09
1.013494326130424731e-09
1.013866684551674677e-09
1.014235467352708836e-09
1.014600829351959377e-09
1.014963448978149298e-09
1.015322653023057882e-09
1.015679763327921434e-09
1.016036022102953050e-09
1.016390329301170174e-09
1.016743056416334222e-09
1.017093262135106081e-09
1.017441445236145465e-09
1.017787626313271775e-09
1.018132580699416771e-09
1.018478676527970896e-09
1.018824028757550283e-09
1.019168861715897461e-09
1.019512916786979150e-09
1.019855629216540851e-09
1.020198393571869196e-09
1.020539884805244955e-09
1.020882602671037642e-09
1.021226285723925407e-09
1.021569679344993352e-09
1.021915328413629509e-09
1.022258185242125510e-09
1.022601486943575065e-09
1.022945635394083488e-09
1.023288354520830300e-09
1.023635250737616938e-09
1.023983070417846813e-09
1.024330253747700579e-09
1.024679731308312758e-09
1.025028883973225278e-09
1.025378510998425828e-09
1.025728753737169694e-09
1.026079528187611308e-09
1.026433702074753936e-09
1.026789214777540782e-09
1.027145794827537080e-09
1.027502339152264466e-09
1.027860330136142997e-09
1.028219608535655098e-09
1.028578919952577659e-09
1.028940591598021858e-09
1.029303772968852336e-09
1.029668338171488584e-09
1.030035434278792726e-09
1.030401380597766231e-09
1.030769071786413105e-09
1.031138735816702786e-09
1.031508007155569803e-09
1.031880042244491447e-09
1.032252719290750265e-09
1.032626840797183286e-09
1.033003528507389661e-09
1.033379284750353192e-09
1.033757058261506741e-09
1.034136226296602658e-09
1.034515380278230840e-09
1.034896514110699467e-09
1.035278315669497454e-09
1.035661426919572037e-09
1.036045965010212032e-09
1.036430789433391528e-09
1.036817559303977177e-09
1.037204711294948135e-09
1.037592844525612011e-09
1.037982175478730405e-09
1.038372028649829222e-09
1.038763188773905935e-09
1.039154529285891039e-09
1.039546963315425814e-09
1.039940385177944735e-09
1.040334221145607145e-09
1.040730223411281815e-09
1.041126239839281188e-09
1.041522056327469467e-09
1.041918474186881857e-09
1.042315391312328777e-09
1.042711914804690623e-09
1.043110389638947667e-09
1.043509752148182437e-09
1.043908822349986705e-09
1.044308749651195410e-09
1.044708359801431094e-09
1.045107424609025152e-09
1.045506802961746503e-09
1.045906375592393091e-09
1.046306270280848093e-09
1.046706414863874869e-09
1.047106473298687827e-09
1.047507339826093522e-09
1.047908967158161568e-09
1.048308031393346642e-09
1.048707154758048878e-09
1.049106763927910101e-09
1.049503891663467144e-09
1.049903065975215924e-09
1.050302157678422163e-09
1.050699512379766145e-09
1.051097292051105527e-09
1.051494685475420961e-09
1.051889344760100719e-09
1.052283215658276908e-09
1.052677493902538366e-09
1.053067888939473260e-09
1.053459677065026724e-09
1.053850794228320271e-09
1.054239241217854911e-09
1.054627959584172706e-09
1.055014607397641528e-09
1.055398981022607306e-09
1.055781531158022086e-09
1.056163852837401335e-09
1.056542574514589062e-09
1.056920978715556352e-09
1.057298041502539683e-09
1.057672297944629925e-09
1.058046027968647465e-09
1.058416933246642881e-09
1.058785480137089829e-09
1.059151700793491337e-09
1.059516784016993580e-09
1.059878134687243351e-09
1.060238171178265395e-09
1.060596267165443500e-09
1.060951002075594318e-09
1.061304461672094799e-09
1.061655203310266747e-09
1.062002551233842288e-09
1.062347556306637370e-09
1.062690629761493526e-09
1.063029868062922750e-09
1.063366609470703891e-09
1.063700834999387530e-09
1.064031636753069556e-09
1.064360279698694333e-09
1.064686076766810185e-09
1.065008599863656848e-09
1.065328764959413825e-09
1.065646324733033664e-09
1.065960340133350792e-09
1.066271140853381550e-09
1.066579134546922392e-09
1.066884284623473488e-09
1.067186078001098843e-09
1.067484446167406171e-09
1.067781007579018908e-09
1.068074654340995720e-09
1.068365271362404028e-09
1.068652589380403448e-09
1.068937502397572522e-09
1.069219011601262527e-09
1.069497050443800564e-09
1.069772509967120328e-09
1.070045179354647412e-09
1.070314649014666623e-09
1.070582181645662212e-09
1.070847344129248000e-09
1.071109417131627084e-09
1.071369452747129291e-09
1.071625563306417947e-09
1.071879721105031219e-09
1.072130916784594754e-09
1.072379462601984759e-09
1.072624785866148759e-09
1.072869181605247278e-09
1.073111069632333354e-09
1.073351182162060391e-09
1.073588034022409668e-09
1.073824894325791458e-09
1.074057429237726429e-09
1.074288277681420817e-09
1.074517385446435127e-09
1.074744132818815164e-09
1.074968255878976432e-09
1.075192351377479690e-09
1.075414370730731290e-09
1.075635197797593920e-09
1.075853446320802819e-09
1.076072259196091001e-09
1.076287867229082711e-09
1.076502045051409756e-09
1.076715436245488343e-09
1.076927203295415036e-09
1.077137176647362237e-09
1.077347483470721379e-09
1.077556530950475398e-09
1.077765018059204985e-09
1.077971867667959072e-09
1.078179584567975359e-09
1.078385431699174300e-09
1.078590712457657156e-09
1.078795554709499325e-09
1.078999658370614492e-09
1.079203093442816356e-09
1.079406897830151338e-09
1.079610300186532795e-09
1.079813826411225749e-09
1.080016742654406160e-09
1.080220339256783682e-09
1.080423401781396031e-09
1.080626636292905034e-09
1.080829629586636016e-09
1.081032847989464334e-09
1.081236015109245343e-09
1.081439649408559485e-09
1.081643617979500094e-09
1.081848016478722129e-09
1.082052607300910743e-09
1.082257908511103372e-09
1.082463526030860903e-09
1.082669599591502874e-09
1.082876224953081823e-09
1.083083263901658326e-09
1.083290659748394335e-09
1.083498923351598921e-09
1.083707382405670853e-09
1.083916419272366740e-09
1.084126227046908981e-09
1.084336818464901159e-09
1.084547362803743337e-09
1.084759513075859914e-09
1.084972115663404889e-09
1.085185231657140658e-09
1.085399198682745634e-09
1.085613934214395336e-09
1.085829449109827922e-09
1.086045171305159256e-09
1.086261562245244720e-09
1.086478757012979684e-09
1.086696780880386222e-09
1.086914841619037692e-09
1.087134049715101416e-09
1.087354236969506202e-09
1.087574176472729615e-09
1.087795333234593819e-09
1.088017204917742669e-09
1.088238958653538846e-09
1.088461180524923509e-09
1.088683897115496311e-09
1.088907146323529632e-09
1.089130467793399522e-09
1.089354044179158376e-09
1.089578119240013932e-09
1.089803160461225275e-09
1.090027464996044822e-09
1.090252567138281099e-09
1.090478112601845538e-09
1.090703098705034816e-09
1.090928010049294693e-09
1.091152926644993407e-09
1.091378093294413446e-09
1.091602748477215792e-09
1.091827354229359092e-09
1.092051901096168946e-09
1.092277005357807389e-09
1.092500977627409764e-09
1.092725432446388234e-09
1.092949595138592447e-09
1.093173223049927966e-09
1.093396219413332576e-09
1.093618921464386315e-09
1.093841278391700258e-09
1.094063011190727952e-09
1.094283892964503882e-09
1.094504347082428965e-09
1.094724670322514040e-09
1.094943764431104120e-09
1.095162813041782660e-09
1.095380878933603911e-09
1.095598261996597613e-09
1.095814419437161916e-09
1.096030019345420212e-09
1.096244748704979056e-09
1.096458501230739796e-09
1.096671091367727627e-09
1.096882588347651098e-09
1.097093555870771169e-09
1.097303119685597094e-09
1.097511765975971144e-09
1.097719476520097040e-09
1.097926056921266410e-09
1.098131537044338963e-09
1.098335669306381862e-09
1.098538708589865976e-09
1.098740603189385576e-09
1.098941134493843346e-09
1.099140532219732633e-09
1.099338572900240490e-09
1.099535616951525568e-09
1.099731306168979302e-09
1.099925818851879035e-09
1.100118965494966228e-09
1.100310894618023559e-09
1.100501648370370010e-09
1.100691249512376446e-09
1.100879472581739408e-09
1.101066151113489140e-09
1.101252039020053693e-09
1.101436060153849079e-09
1.101619126934133868e-09
1.101800474444827192e-09
1.101980900597251938e-09
1.102160073454085328e-09
1.102337525482588106e-09
1.102514168027676665e-09
1.102689306409672256e-09
1.102863592857840900e-09
1.103036490830908122e-09
1.103207773909853369e-09
1.103378610516077757e-09
1.103547352826226306e-09
1.103715532475052742e-09
1.103881820545617802e-09
1.104047426649442948e-09
1.104211631958304065e-09
1.104374528077325475e-09
1.104536791131035860e-09
1.104697725363263624e-09
1.104857916937021005e-09
1.105016918452648552e-09
1.105174723387992570e-09
1.105332138642189608e-09
1.105488045203156336e-09
1.105643255778987874e-09
1.105797120164032851e-09
1.105950474836413906e-09
1.106102630950722588e-09
1.106253906433827330e-09
1.106404554501264632e-09
1.106554492586347290e-09
1.106703845355946963e-09
1.106852349770433891e-09
1.106999975937155097e-09
1.107147153746010828e-09
1.107293520391117643e-09
1.107439273125934879e-09
1.107583996356890251e-09
1.107728393877042187e-09
1.107871905699012625e-09
1.108014999871536084e-09
1.108157330995752498e-09
1.108299489245011153e-09
1.108441094373814317e-09
1.108582383468338287e-09
1.108723140567276123e-09
1.108863406905085050e-09
1.109003357278925136e-09
1.109142790192893119e-09
1.109281895483119783e-09
1.109420546774274630e-09
1.109558719254744315e-09
1.109696479446890007e-09
1.109834005161456181e-09
1.109971519630832800e-09
1.110108465161082766e-09
1.110245386477274661e-09
1.110382045773419618e-09
1.110518655690521599e-09
1.110654846671745314e-09
1.110790917984915247e-09
1.110926792452591322e-09
1.111062520761423625e-09
1.111197949683979180e-09
1.111333165262592687e-09
1.111468302270297657e-09
1.111603369757111737e-09
1.111738296758052123e-09
1.111873044870928005e-09
1.112007851436191001e-09
1.112142574576484190e-09
1.112277267115726926e-09
1.112411598883950527e-09
1.112546015791723909e-09
1.112680284601245856e-09
1.112814613260428407e-09
1.112948505500277829e-09
1.113082576495346548e-09
1.113216482078446430e-09
1.113350417929077542e-09
1.113484109441309054e-09
1.113617669305595409e-09
1.113751289333705565e-09
1.113884816286460579e-09
1.114018309301814858e-09
1.114151416785160111e-09
1.114284514040913398e-09
1.114417500064035353e-09
1.114550661110799427e-09
1.114683257471468685e-09
1.114815962350955121e-09
1.114948416601829707e-09
1.115081029617946035e-09
1.115213329230052081e-09
1.115345345632887183e-09
1.115477267760955255e-09
1.115609200602666620e-09
1.115741000397174105e-09
1.115872380979524997e-09
1.116003594171952772e-09
1.116134662415040268e-09
1.116265782721206390e-09
1.116396458723188346e-09
1.116526932853727043e-09
1.116657387387860720e-09
1.116787492750363556e-09
1.116917427734008850e-09
1.117046995452770893e-09
1.117176286342802363e-09
1.117305569418458586e-09
1.117434368289715745e-09
1.117562994261199726e-09
1.117691187231591741e-09
1.117819178594576547e-09
1.117946882693285609e-09
1.118074414136239773e-09
1.118201348876908078e-09
1.118328327045385721e-09
1.118454792696726294e-09
1.118580918370713971e-09
1.118706645867251725e-09
1.118831836887200530e-09
1.118956751562319421e-09
1.119081271333307509e-09
1.119205247357616243e-09
1.119328849893169361e-09
1.119451940463811186e-09
1.119574578478149618e-09
1.119696950112041232e-09
1.119818750358186142e-09
1.119940097877132147e-09
1.120061159131367459e-09
1.120181512039742251e-09
1.120301627661266729e-09
1.120421128279465166e-09
1.120540110951409299e-09
1.120658663071543260e-09
1.120776777826876650e-09
1.120894312238909718e-09
1.121011372730053096e-09
1.121127834677606571e-09
1.121243824524233139e-09
1.121359466629258711e-09
1.121474356280837395e-09
1.121588866518069427e-09
1.121702964909519095e-09
1.121816392274188758e-09
1.121929362635797492e-09
1.122041856929651975e-09
1.122153772021549945e-09
1.122265301968063107e-09
1.122376225480675938e-09
1.122486580783073671e-09
1.122596523339054789e-09
1.122705834214590664e-09
1.122814615688909676e-09
1.122923009117417781e-09
1.123030686501660840e-09
1.123137984242262782e-09
1.123244786568183125e-09
1.123350948495505441e-09
1.123456581850114997e-09
1.123561825168220783e-09
1.123666375056021418e-09
1.123770563190774095e-09
1.123874165210821880e-09
1.123977166367534452e-09
1.124079688809680248e-09
1.124181768093287027e-09
1.124283163848106024e-09
1.124384188129015941e-09
1.124484584847185704e-09
1.124584545647790097e-09
1.124683906881416732e-09
1.124782899482168818e-09
1.124881298950912004e-09
1.124979484647233585e-09
1.125076943236245736e-09
1.125174177426543261e-09
1.125270875853943269e-09
1.125367232576010081e-09
1.125462957160200771e-09
1.125558426952414152e-09
1.125653227971418390e-09
1.125747732922298188e-09
1.125841751854606402e-09
1.125935266867658268e-09
1.126028356294796050e-09
1.126121081843031701e-09
1.126213329033380857e-09
1.126305232418598833e-09
1.126396822449602800e-09
1.126487901989317734e-09
1.126578830085745553e-09
1.126669317390115371e-09
1.126759397291159022e-09
1.126849025331806329e-09
1.126938359445238059e-09
1.127027199568724078e-09
1.127115805075416081e-09
1.127203980500632808e-09
1.127291689200603995e-09
1.127379061027879278e-09
1.127466151064994675e-09
1.127552770372400468e-09
1.127639204368684301e-09
1.127725228272891385e-09
1.127810859338106784e-09
1.127896283180516669e-09
1.127981369867252162e-09
1.128066092814465458e-09
1.128150454870056685e-09
1.128234547236230490e-09
1.128318241349019191e-09
1.128401677424222014e-09
1.128484862671627894e-09
1.128567557366602536e-09
1.128649953454504565e-09
1.128732163166372313e-09
1.128813953638042047e-09
1.128895669787533743e-09
1.128977032530064426e-09
1.129058036357024807e-09
1.129138896364325471e-09
1.129219530754391748e-09
1.129299860230381397e-09
1.129379846604756976e-09
1.129459580365866262e-09
1.129538987928631859e-09
1.129618147587601262e-09
1.129697111322307855e-09
1.129775627199841398e-09
1.129853889925531350e-09
1.129932040072105369e-09
1.130009748333915798e-09
1.130087313181550445e-09
1.130164639489404304e-09
1.130241563599048719e-09
1.130318404944557919e-09
1.130395081929196686e-09
1.130471360172579225e-09
1.130547415678060371e-09
1.130623146056396723e-09
1.130698546163186615e-09
1.130773738147446639e-09
1.130848819032168692e-09
1.130923500191951333e-09
1.130997764196527411e-09
1.131071943096460731e-09
1.131145784743856810e-09
1.131219365723480818e-09
1.131292786254054227e-09
1.131365754398723451e-09
1.131438446555822067e-09
1.131510946740099659e-09
1.131583213911817316e-09
1.131655146350507162e-09
1.131726787707896326e-09
1.131798176543257218e-09
1.131869265721936018e-09
1.131940081841263580e-09
1.132010762596123492e-09
1.132081049925603383e-09
1.132151015353694713e-09
1.132220833936216928e-09
1.132290307592943668e-09
1.132359560152233607e-09
1.132428619935344711e-09
1.132497271333597133e-09
1.132565710873689324e-09
1.132633904167158960e-09
1.132701835166702156e-09
1.132769469365652481e-09
1.132836793828063206e-09
1.132903848351992425e-09
1.132970537454575824e-09
1.133036970627891290e-09
1.133103196784286495e-09
1.133168989293230803e-09
1.133234547290681187e-09
1.133299977258439850e-09
1.133364929493329689e-09
1.133429613855290729e-09
1.133494102599624812e-09
1.133558130448434158e-09
1.133621984510732710e-09
1.133685631613434617e-09
1.133748921154826321e-09
1.133811832362913716e-09
1.133874462335465825e-09
1.133936761644718735e-09
1.133998656439242896e-09
1.134060385483398631e-09
1.134121890607281007e-09
1.134182851348878446e-09
1.134243566332220764e-09
1.134304036341723335e-09
1.134364127193305243e-09
1.134423931033315085e-09
1.134483527823979186e-09
1.134542645290196247e-09
1.134601439711199396e-09
1.134659991039371512e-09
1.134718247976941470e-09
1.134776179746752065e-09
1.134833720558166098e-09
1.134891018036370410e-09
1.134947975162509010e-09
1.135004590898718381e-09
1.135061004286780305e-09
1.135117090035549915e-09
1.135172772927591594e-09
1.135228182710485761e-09
1.135283409155166447e-09
1.135338176456042779e-09
1.135392723338018565e-09
1.135447047606418205e-09
1.135500923292703706e-09
1.135554629802852275e-09
1.135608002553151022e-09
1.135661069529684331e-09
1.135713813726363268e-09
1.135766227411282496e-09
1.135818406212724679e-09
1.135870118220348048e-09
1.135921570439575054e-09
1.135972785886706241e-09
1.136023575441122056e-09
1.136074050760045637e-09
1.136124316342030949e-09
1.136174309284045593e-09
1.136223823942371843e-09
1.136273164053015699e-09
1.136322203235269990e-09
1.136370801830689789e-09
1.136419307731836554e-09
1.136467547396383210e-09
1.136515360030096687e-09
1.136562838171574629e-09
1.136610043129210649e-09
1.136656877467994189e-09
1.136703349658833747e-09
1.136749686563456941e-09
1.136795720877884720e-09
1.136841271442449181e-09
1.136886530346438378e-09
1.136931533149519665e-09
1.136976214423774539e-09
1.137020597450532214e-09
1.137064847699498732e-09
1.137108690950705739e-09
1.137152123628582316e-09
1.137195426557224115e-09
1.137238375875749342e-09
1.137281131243251110e-09
1.137323578349159029e-09
1.137365654486565223e-09
1.137407530863493079e-09
1.137449006402840881e-09
1.137490235166997716e-09
1.137531274988213393e-09
1.137572010618308297e-09
1.137612350304092777e-09
1.137652454805802779e-09
1.137692401734072865e-09
1.137731909980174536e-09
1.137771258587118148e-09
1.137810420815545937e-09
1.137849146992818687e-09
1.137887733382192743e-09
1.137926069542152312e-09
1.137964152097552342e-09
1.138001902271268168e-09
1.138039365318516540e-09
1.138076628497174069e-09
1.138113510586692360e-09
1.138150151993370332e-09
1.138186607521480443e-09
1.138222701525009882e-09
1.138258458112882064e-09
1.138293990028739145e-09
1.138329404214461183e-09
1.138364423205629306e-09
1.138399135127088124e-09
1.138433714940193055e-09
1.138467952672672947e-09
1.138501859818946874e-09
1.138535686682048397e-09
1.138569309934476703e-09
1.138602532365868567e-09
1.138635487879477086e-09
1.138668207401351976e-09
1.138700606832288513e-09
1.138732674251621452e-09
1.138764607364864336e-09
1.138796344649797361e-09
1.138827709947721172e-09
1.138858702761003912e-09
1.138889524501838166e-09
1.138920132122834957e-09
1.138950341519149813e-09
1.138980500244365577e-09
1.139010429252426248e-09
1.139039886284877877e-09
1.139069169857306899e-09
1.139098254842199693e-09
1.139127087618979257e-09
1.139155742905133244e-09
1.139184085348022686e-09
1.139212116782003311e-09
1.139239967173444808e-09
1.139267474422905821e-09
1.139294755974647775e-09
1.139321905245734120e-09
1.139348759519315893e-09
1.139375232947114963e-09
1.139401541031104880e-09
1.139427698467141840e-09
1.139453491402733157e-09
1.139479058512061547e-09
1.139504500840532788e-09
1.139529625453811113e-09
1.139554438167389819e-09
1.139579163652704980e-09
1.139603661442329029e-09
1.139627814489874417e-09
1.139651753996195182e-09
1.139675428662693018e-09
1.139698898980507096e-09
1.139722027800114004e-09
1.139744950067345283e-09
1.139767734022616237e-09
1.139790141815518398e-09
1.139812259113425496e-09
1.139834203751772667e-09
1.139856003650966152e-09
1.139877482088252136e-09
1.139898625485378147e-09
1.139919620134171479e-09
1.139940382874360121e-09
1.139960746157284997e-09
1.139981012947440748e-09
1.140001086768519147e-09
1.140020868614776367e-09
1.140040309282779877e-09
1.140059523833601039e-09
1.140078528024782367e-09
1.140097155402521043e-09
1.140115556859780919e-09
1.140133795977882499e-09
1.140151823532134709e-09
1.140169476061887777e-09
1.140186829017015072e-09
1.140203997280165094e-09
1.140220971052639025e-09
1.140237541036317913e-09
1.140254051818845796e-09
1.140270360817528846e-09
1.140286219316527660e-09
1.140301861464700183e-09
1.140317357011156434e-09
1.140332569936715309e-09
1.140347612221696696e-09
1.140362387107641058e-09
1.140376799444045250e-09
1.140391062494201212e-09
1.140404978690155536e-09
1.140418638938395800e-09
1.140432182570134280e-09
1.140445483176456945e-09
1.140458403964024357e-09
1.140471070809790693e-09
1.140483556514996999e-09
1.140495883848782252e-09
1.140507826707943455e-09
1.140519588713493583e-09
1.140531204200293655e-09
1.140542477936844625e-09
1.140553472947360851e-09
1.140564390567355275e-09
1.140575071345936144e-09
1.140585433029255963e-09
1.140595568088828027e-09
1.140605432291417233e-09
1.140615104674296546e-09
1.140624459978002116e-09
1.140633602441105040e-09
1.140642556807307138e-09
1.140651278827739592e-09
1.140659669475813626e-09
1.140667784197197546e-09
1.140675752374933274e-09
1.140683584233221335e-09
1.140690997471862278e-09
1.140698198277948771e-09
1.140705260783159158e-09
1.140712008753107058e-09
1.140718424829407317e-09
1.140724756821722975e-09
1.140730861445166581e-09
1.140736690013541641e-09
1.140742210856335889e-09
1.140747504531759283e-09
1.140752589281460435e-09
1.140757356954221231e-09
1.140761846382283682e-09
1.140766158245191583e-09
1.140770282983301312e-09
1.140774144346938569e-09
1.140777626726445809e-09
1.140780922703448989e-09
1.140784053193375332e-09
1.140786853076168041e-09
1.140789400269841993e-09
1.140791910682102828e-09
1.140794143026847404e-09
1.140795941178284598e-09
1.140797649419076955e-09
1.140799140560444566e-09
1.140800416195950880e-09
1.140801508370903699e-09
1.140802320466223421e-09
1.140802810184194859e-09
1.140803161839766361e-09
1.140803169972357989e-09
1.140802954206513826e-09
1.140802627786568451e-09
1.140802077752902852e-09
1.140801175943807281e-09
1.140799985930179762e-09
1.140798642869444640e-09
1.140797162352219381e-09
1.140795365190917381e-09
1.140793315141890560e-09
1.140791145203539143e-09
1.140788770645767753e-09
1.140786014602389457e-09
1.140783155215532204e-09
1.140780166344468839e-09
1.140776961139122795e-09
1.140773402877209445e-09
1.140769688531691180e-09
1.140765715499415692e-09
1.140761548334467883e-09
1.140757089759415099e-09
1.140752439157774551e-09
1.140747622315247475e-09
1.140742615284955137e-09
1.140737273960537020e-09
1.140731657944244007e-09
1.140725925072476731e-09
1.140720054926447207e-09
1.140713836798272563e-09
1.140707362285467058e-09
1.140700760152258799e-09
1.140693958758272011e-09
1.140686770713514417e-09
1.140679452764094808e-09
1.140671971446835091e-09
1.140664266497657176e-09
1.140656262596555052e-09
1.140648031117800489e-09
1.140639570907890124e-09
1.140630933229853494e-09
1.140621970194715859e-09
1.140612787065015198e-09
1.140603418669273919e-09
1.140593880810281317e-09
1.140584103728587613e-09
1.140573963613122209e-09
1.140563642641481470e-09
1.140553169260406661e-09
1.140542456368441025e-09
1.140531426878803480e-09
1.140520355986377453e-09
1.140509113269264890e-09
1.140497472341615180e-09
1.140485601389016472e-09
1.140473656373560848e-09
1.140461471884520242e-09
1.140449137702754852e-09
1.140436553744373642e-09
1.140423690315081548e-09
1.140410606696679683e-09
1.140397341812151770e-09
1.140383757213383555e-09
1.140370004921778683e-09
1.140356144979648122e-09
1.140342048054159813e-09
1.140327624356181753e-09
1.140312935634498515e-09
1.140298127111833570e-09
1.140283192606666201e-09
1.140267949079891437e-09
1.140252458317847849e-09
1.140236850085073058e-09
1.140221086631111859e-09
1.140204959810604199e-09
1.140188667631398135e-09
1.140172302177307406e-09
1.140155733984722699e-09
1.140138907927846451e-09
1.140121852450193924e-09
1.140104582263172313e-09
1.140087101374967992e-09
1.140069420986764509e-09
1.140051436209082343e-09
1.140033296013675655e-09
1.140015061333232626e-09
1.139996576517011955e-09
1.139977777583006852e-09
1.139958749025400784e-09
1.139939589049226743e-09
1.139920302115304335e-09
1.139900688373985154e-09
1.139880827396983559e-09
1.139860855151202841e-09
1.139840723927677680e-09
1.139820188218540528e-09
1.139799472130097662e-09
1.139778657080909598e-09
1.139757613486764086e-09
1.139736365753955974e-09
1.139714837006635235e-09
1.139693096451115974e-09
1.139671144994153578e-09
1.139649012538906217e-09
1.139626562842109559e-09
1.139603943778345401e-09
1.139581164634949507e-09
1.139558204414024746e-09
1.139534983448730987e-09
1.139511447246229274e-09
1.139487753409903460e-09
1.139463905762816900e-09
1.139439851651945755e-09
1.139415483810327986e-09
1.139391055895628130e-09
1.139366481788666406e-09
1.139341583826680951e-09
1.139316402341840380e-09
1.139291179541065292e-09
1.139265717509400014e-09
1.139240114721910649e-09
1.139214270711059793e-09
1.139188216700020439e-09
1.139161895433542614e-09
1.139135453091025527e-09
1.139108714612224318e-09
1.139081755680070491e-09
1.139054628205441441e-09
1.139027402204585166e-09
1.138999900781039925e-09
1.138972100755840105e-09
1.138944084838899232e-09
1.138915952594928430e-09
1.138887716437303076e-09
1.138859148959018089e-09
1.138830349495945079e-09
1.138801447241825684e-09
1.138772408815000463e-09
1.138743018145140069e-09
1.138713434211353792e-09
1.138683799221209053e-09
1.138653992145981321e-09
1.138623998116478702e-09
1.138593665318464933e-09
1.138563191711852955e-09
1.138532488500168856e-09
1.138501620303837426e-09
1.138470466330459633e-09
1.138439124624554073e-09
1.138407627596835583e-09
1.138376050992729164e-09
1.138344179633316655e-09
1.138311976351511978e-09
1.138279620317324149e-09
1.138247118889103743e-09
1.138214501138899210e-09
1.138181544165978655e-09
1.138148389814032745e-09
1.138115139250228248e-09
1.138081740923924927e-09
1.138047950451228246e-09
1.138013950787284348e-09
1.137979897570426821e-09
1.137945611956928043e-09
1.137911176016008798e-09
1.137876464172718548e-09
1.137841561858146881e-09
1.137806423108100545e-09
1.137771141416612149e-09
1.137735637512606126e-09
1.137699883499705832e-09
1.137663957884382433e-09
1.137627916668417760e-09
1.137591682049933093e-09
1.137555181518689525e-09
1.137518404177988693e-09
1.137481489885336538e-09
1.137444446356591098e-09
1.137407200714948376e-09
1.137369665904694704e-09
1.137332057046349290e-09
1.137294321515012436e-09
1.137256323113576487e-09
1.137218029917584729e-09
1.137179671806071500e-09
1.137141146117113308e-09
1.137102435389216936e-09
1.137063540434425592e-09
1.137024443910815015e-09
1.136985121059339186e-09
1.136945605437102556e-09
1.136905940589415470e-09
1.136865969482159771e-09
1.136825847053956971e-09
1.136785576131448657e-09
1.136745179416978974e-09
1.136704507854131823e-09
1.136663564233483718e-09
1.136622456290801312e-09
1.136581231999127331e-09
1.136539917976885733e-09
1.136498263514028738e-09
1.136456389508462262e-09
1.136414428366821519e-09
1.136372350734575882e-09
1.136329940331126691e-09
1.136287312743301305e-09
1.136244655305215948e-09
1.136201843851104977e-09
1.136158861634986403e-09
1.136115581705150279e-09
1.136072144327771128e-09
1.136028483792820501e-09
1.135984662733256328e-09
1.135940629278402192e-09
1.135896317178618371e-09
1.135851886605270933e-09
1.135807345317272663e-09
1.135762663527146599e-09
1.135717680523046865e-09
1.135672400350631117e-09
1.135627001764250113e-09
1.135581450599442041e-09
1.135535786101005240e-09
1.135489795480201291e-09
1.135443640771289716e-09
1.135397404718801551e-09
1.135351020927926876e-09
1.135304288684448108e-09
1.135257313738195324e-09
1.135210307195711092e-09
1.135163090559732389e-09
1.135115700467618827e-09
1.135068133187627793e-09
1.135020381473036734e-09
1.134972386407823803e-09
1.134924212124708099e-09
1.134875901238959445e-09
1.134827344614518491e-09
1.134778609565482330e-09
1.134729718748121145e-09
1.134680717460375563e-09
1.134631549020190417e-09
1.134582070926886837e-09
1.134532384807171776e-09
1.134482570257285500e-09
1.134432639656192671e-09
1.134382535270160690e-09
1.134332147716175436e-09
1.134281666843933453e-09
1.134231087868525771e-09
1.134180305214616063e-09
1.134129230515533466e-09
1.134078030418351547e-09
1.134026743034217618e-09
1.133975261514557595e-09
1.133923649395817431e-09
1.133871780119280688e-09
1.133819759398795086e-09
1.133767518543214607e-09
1.133715168290020268e-09
1.133662599882166874e-09
1.133609761714420269e-09
1.133556794655804206e-09
1.133503705448336986e-09
1.133450473500267158e-09
1.133396966715689904e-09
1.133343237480201572e-09
1.133289355171797600e-09
1.133235363049666560e-09
1.133181301722420829e-09
1.133126909451792544e-09
1.133072291046445682e-09
1.133017592538996251e-09
1.132962783820814418e-09
1.132907726638090653e-09
1.132852386693517936e-09
1.132796996996264761e-09
1.132741513945062016e-09
1.132685873915617163e-09
1.132630042158238108e-09
1.132573925603525408e-09
1.132517659097263110e-09
1.132461204739234959e-09
1.132404620905727453e-09
1.132347771585086830e-09
1.132290717791064971e-09
1.132233564188355066e-09
1.132176322818845679e-09
1.132118911278059723e-09
1.132061217720135521e-09
1.132003248343550993e-09
1.131945165911601295e-09
1.131886943492733248e-09
1.131828616412273938e-09
1.131769993085391407e-09
1.131711210698666758e-09
1.131652375782126822e-09
1.131593388559757188e-09
1.131534145103758515e-09
1.131474607460933627e-09
1.131414989004878999e-09
1.131355265733418873e-09
1.131295336156579249e-09
1.131235285325070711e-09
1.131175041691078994e-09
1.131114638004173475e-09
1.131053984908044406e-09
1.130993200391817079e-09
1.130932285789733822e-09
1.130871109585619350e-09
1.130809777974037396e-09
1.130748316384422505e-09
1.130686756113566743e-09
1.130625033873426496e-09
1.130563030814401837e-09
1.130500824917662885e-09
1.130438513163891249e-09
1.130376059238948139e-09
1.130313513576118220e-09
1.130250658574084909e-09
1.130187665305544846e-09
1.130124605738271892e-09
1.130061420428751122e-09
1.129997973862795198e-09
1.129934292966125673e-09
1.129870592708632166e-09
1.129806732394088955e-09
1.129742703583020402e-09
1.129678517623145101e-09
1.129614121989279976e-09
1.129549568485885635e-09
1.129484813922181342e-09
1.129419978909537650e-09
1.129354918017608754e-09
1.129289627650516453e-09
1.129224215754255350e-09
1.129158680909962542e-09
1.129093028002635854e-09
1.129027114120074059e-09
1.128960998672373986e-09
1.128894702562058839e-09
1.128828313643898762e-09
1.128761850966374336e-09
1.128695186138109115e-09
1.128628234740275788e-09
1.128561163309436593e-09
1.128494007366215958e-09
1.128426742710328368e-09
1.128359135491610801e-09
1.128291364265725232e-09
1.128223573499145257e-09
1.128155658937376552e-09
1.128087590437792160e-09
1.128019311780441362e-09
1.127950817167118936e-09
1.127882168078147989e-09
1.127813350912776734e-09
1.127744411307924414e-09
1.127675225548432022e-09
1.127605835706070362e-09
1.127536364522158704e-09
1.127466792153585410e-09
1.127397087498359449e-09
1.127327172253661521e-09
1.127256955149085941e-09
1.127186599875031894e-09
1.127116137402092774e-09
1.127045531779179360e-09
1.126974776531576768e-09
1.126903760411185388e-09
1.126832669681336143e-09
1.126761518505553150e-09
1.126690213077708554e-09
1.126618583210230329e-09
1.126546757763630405e-09
1.126474904937600360e-09
1.126402897052014998e-09
1.126330704951239269e-09
1.126258415579110665e-09
1.126185957684648684e-09
1.126113344418453424e-09
1.126040484593788518e-09
1.125967506721268495e-09
1.125894412684673125e-09
1.125821086791957675e-09
1.125747609337171974e-09
1.125673981323065721e-09
1.125600288167080022e-09
1.125526441213361671e-09
1.125452391456505178e-09
1.125378090366857979e-09
1.125303678982395469e-09
1.125229137629495316e-09
1.125154530325443566e-09
1.125079714875370019e-09
1.125004668238489585e-09
1.124929521922168077e-09
1.124854310441840041e-09
1.124778962892824141e-09
1.124703345697776441e-09
1.124627542103781557e-09
1.124551726824247518e-09
1.124475772789053473e-09
1.124399656847564744e-09
1.124323398798059782e-09
1.124246923789957571e-09
1.124170324139468248e-09
1.124093540503000304e-09
1.124016647045981054e-09
1.123939608402799714e-09
1.123862324857247032e-09
1.123784949824525986e-09
1.123707414463026403e-09
1.123629826869248399e-09
1.123552000159558311e-09
1.123473987288156438e-09
1.123395773433537846e-09
1.123317456795813804e-09
1.123239033994710737e-09
1.123160552586124192e-09
1.123081826838269506e-09
1.123002875659047918e-09
1.122923825912033281e-09
1.122844683689493523e-09
1.122765446418359273e-09
1.122685891383187091e-09
1.122606176287284251e-09
1.122526442838352929e-09
1.122446589951530830e-09
1.122366595062240743e-09
1.122286453487482348e-09
1.122206055049486389e-09
1.122125537940272005e-09
1.122044864530359154e-09
1.121964064600938226e-09
1.121883108919984040e-09
1.121801909742410604e-09
1.121720599848821488e-09
1.121639181571121557e-09
1.121557681941325076e-09
1.121476025231377837e-09
1.121394165154072559e-09
1.121312052120800059e-09
1.121229824935858565e-09
1.121147484632768892e-09
1.121065034550941891e-09
1.120982429093659298e-09
1.120899576338490309e-09
1.120816654497734228e-09
1.120733696451944479e-09
1.120650602281135866e-09
1.120567219468051327e-09
1.120483627379305788e-09
1.120399988108426262e-09
1.120316271934854701e-09
1.120232350547120307e-09
1.120148325002126668e-09
1.120064183839493195e-09
1.119979914591788257e-09
1.119895429373842827e-09
1.119810742165836436e-09
1.119725993547941370e-09
1.119641103097605291e-09
1.119555975311367086e-09
1.119470733104543470e-09
1.119385395942803566e-09
1.119299982565758715e-09
1.119214398661625555e-09
1.119128614429692235e-09
1.119042614613811769e-09
1.118956519263368200e-09
1.118870304412044051e-09
1.118784022820438000e-09
1.118697574916477016e-09
1.118610911366985288e-09
1.118524127052226055e-09
1.118437280255386635e-09
1.118350335261951467e-09
1.118263177534578593e-09
1.118175797305712546e-09
1.118088355577043290e-09
1.118000861701791525e-09
1.117913229424209952e-09
1.117825479705013933e-09
1.117737509257138231e-09
1.117649423735866176e-09
1.117561192900756706e-09
1.117472797895731447e-09
1.117384315231067954e-09
1.117295686517575711e-09
1.117206835973516490e-09
1.117117913314693413e-09
1.117028843851494815e-09
1.116939733923282395e-09
1.116850415675381610e-09
1.116760907057032724e-09
1.116671231602723577e-09
1.116581441678280899e-09
1.116491559485811357e-09
1.116401591772709928e-09
1.116311512134420199e-09
1.116221163456587494e-09
1.116130688397013644e-09
1.116040136545135010e-09
1.115949503813852186e-09
1.115858689745057628e-09
1.115767628471724007e-09
1.115676472219072269e-09
1.115585291060219083e-09
1.115493970544511021e-09
1.115402511242206396e-09
1.115310906009980235e-09
1.115219104617744790e-09
1.115127182667657378e-09
1.115035118141865813e-09
1.114942935703090930e-09
1.114850621275779273e-09
1.114758089568097110e-09
1.114665438943937470e-09
1.114572682562875359e-09
1.114479833934962208e-09
1.114386863868415173e-09
1.114293770301031630e-09
1.114200435691480509e-09
1.114106917554581060e-09
1.114013310704835661e-09
1.113919599312571648e-09
1.113825830213665202e-09
1.113731806601541313e-09
1.113637627507338251e-09
1.113543417494695535e-09
1.113449156756483885e-09
1.113354759292927040e-09
1.113260070511785373e-09
1.113165217961910516e-09
1.113070339415237930e-09
1.112975381862311652e-09
1.112880238131667645e-09
1.112784999291755447e-09
1.112689668470310392e-09
1.112594217480450001e-09
1.112498564749261861e-09
1.112402724932359833e-09
1.112306816568820241e-09
1.112210805761939633e-09
1.112114576109456006e-09
1.112018237137568446e-09
1.111921771576482841e-09
1.111825269375142489e-09
1.111728643292503906e-09
1.111631854019455458e-09
1.111534841132479989e-09
1.111437675461192196e-09
1.111340438004523869e-09
1.111243086579034821e-09
1.111145687968392577e-09
1.111048105322058160e-09
1.110950350476944775e-09
1.110852488011456435e-09
1.110754561926266412e-09
1.110656551255241311e-09
1.110558351225451358e-09
1.110459942647877985e-09
1.110361456687682385e-09
1.110262949972160367e-09
1.110164332875548100e-09
1.110065579775140288e-09
1.109966695734233538e-09
1.109867628972065965e-09
1.109768483882884060e-09
1.109669176099269785e-09
1.109569746490810999e-09
1.109470222422793034e-09
1.109370554821154408e-09
1.109270719510011435e-09
1.109170808806980456e-09
1.109070780791912875e-09
1.108970720312405075e-09
1.108870441824194240e-09
1.108770009243278147e-09
1.108669410560690023e-09
1.108568727427634927e-09
1.108467958111169478e-09
1.108367100768417986e-09
1.108266161706260394e-09
1.108164979171099557e-09
1.108063667838251159e-09
1.107962290753312178e-09
1.107860827373913845e-09
1.107759260155803522e-09
1.107657439027159550e-09
1.107555479858490879e-09
1.107453503206863652e-09
1.107351429515949071e-09
1.107249223405908848e-09
1.107146914951830643e-09
1.107044418015426803e-09
1.106941811284486487e-09
1.106839073732905702e-09
1.106736195674399477e-09
1.106633228070324580e-09
1.106530147948510552e-09
1.106426856339816310e-09
1.106323465412083586e-09
1.106219970943134380e-09
1.106116389968546611e-09
1.106012704886330436e-09
1.105908907182770758e-09
1.105804924220573729e-09
1.105700754885237551e-09
1.105596490089453654e-09
1.105492125737685388e-09
1.105387695072170903e-09
1.105283140803993976e-09
1.105178361887128441e-09
1.105073503902301539e-09
1.104968638970150109e-09
1.104863677525914888e-09
1.104758562407445081e-09
1.104653199192197843e-09
1.104547717519475649e-09
1.104442232026047565e-09
1.104336638867866286e-09
1.104230903571187167e-09
1.099359787613032526e-09
1.099254629181400612e-09
1.099149366501767742e-09
1.099043923220400292e-09
1.098938315176028555e-09
1.098832635049980188e-09
1.079775469081604993e-09
1.079672525249336053e-09
1.079569459628742625e-09
1.079466296021409169e-09
1.079363073067423639e-09
1.079259777486318583e-09
1.069736098410484014e-09
1.069633963891726395e-09
1.069531659383382430e-09
1.069429253310949082e-09
1.069326777648762058e-09
1.069224203978741900e-09
1.050392891887312636e-09
1.050293026314221902e-09
1.050193017782731905e-09
1.050092929856999149e-09
1.049992783406583694e-09
1.049892556127594298e-09
1.040484245971247659e-09
1.040385120759670823e-09
1.040285928566957770e-09
1.040186725943621270e-09
1.040087427852371745e-09
1.039987991948530829e-09
1.039888492999982155e-09
1.021289491375285685e-09
1.021192639325639393e-09
1.021095644312940947e-09
1.020998512103094166e-09
1.020901309350085335e-09
1.020804050603587158e-09
1.011514348542810608e-09
1.011418288051512623e-09
1.011322111763572919e-09
1.011225887874614966e-09
1.011129593379050210e-09
1.011033129266357858e-09
9.926674183527199893e-10
9.925735133085410269e-10
9.924795524056618000e-10
9.923854989066131607e-10
9.922913671857468832e-10
9.921971874720269015e-10
9.830265590857384090e-10
9.829334886356128035e-10
9.828403624080367492e-10
9.827471678012651654e-10
9.826539022781696774e-10
9.825603938078269433e-10
9.644314830805034477e-10
9.643405938282910779e-10
9.642496801354558669e-10
9.641586246007497837e-10
9.640674478248371501e-10
9.639762107764919008e-10
9.549263867974138974e-10
9.548363275444320178e-10
9.547461343586873724e-10
9.546558106240724494e-10
9.545654196895733963e-10
9.544749529909137025e-10
9.365864805728387081e-10
9.364985176421322581e-10
9.364104537842654973e-10
9.363223132234708186e-10
9.362340839279305835e-10
9.361457494381568094e-10
9.272184637969333343e-10
9.271312381618165211e-10
9.270439148286043544e-10
9.269564933650329256e-10
