8.098998213203920705e-07
8.528571920256469466e-07
8.914189785515240856e-07
9.258704730209374239e-07
9.564753050964280982e-07
9.834756840329799458e-07
1.007099769354182560e-06
1.027556781042419139e-06
1.045048700584748983e-06
1.059760830475223390e-06
1.071870142546572958e-06
1.081545267826067747e-06
1.088944791325388789e-06
1.094220224393792108e-06
1.097517057990162896e-06
1.098971395758697871e-06
1.098716370669175770e-06
1.096877680304281724e-06
1.093575578206114168e-06
1.088927394280708327e-06
1.083044617604612973e-06
1.076033126270043677e-06
1.067995500619400641e-06
1.059030190631150271e-06
1.049230971493252968e-06
1.038686886725176642e-06
1.027484125446216554e-06
1.015703742147397594e-06
1.003422729733181311e-06
9.907154292393758077e-07
9.776501073816770037e-07
9.642923600249494072e-07
9.507036906140663832e-07
9.369411542038930874e-07
9.230592486859123320e-07
9.091071699632624576e-07
8.951314690609426747e-07
8.811749107053583938e-07
8.672766439053688671e-07
8.534728996002437699e-07
8.397954185380209197e-07
8.262752580949293796e-07
8.129377580450070350e-07
7.998079666384698709e-07
7.869055519630686836e-07
7.742500506874488800e-07
7.618566599686315921e-07
7.497381815294065055e-07
7.379076136098766838e-07
7.263725157849353502e-07
7.151404945282128978e-07
7.042168451332798722e-07
6.936050330953357387e-07
6.833074571539562144e-07
6.733234242434323222e-07
6.636523109040409169e-07
6.542924647474819151e-07
6.452394265604876917e-07
6.364888051691151142e-07
6.280352701776044906e-07
6.198722810712877954e-07
6.119922080067154147e-07
6.043878225870235462e-07
5.970492726547307087e-07
5.899682772632303956e-07
5.831364670361214169e-07
5.765416703001318007e-07
5.701744693400946220e-07
5.640248849312775464e-07
5.580822648328959001e-07
5.523343538676544784e-07
5.467730712413711850e-07
5.413855197640364274e-07
5.361608380873017541e-07
5.310896620127115999e-07
5.261600521192722689e-07
5.213644257099336922e-07
5.166894081632365629e-07
5.121276700461993333e-07
5.076680800249738822e-07
5.033039909093135676e-07
4.990236486162177687e-07
4.948204318296389221e-07
4.906861491622311237e-07
4.866135874920834496e-07
4.825950429428380461e-07
4.786235501412399319e-07
4.746942892284597330e-07
4.708001682669232504e-07
4.669363625384127435e-07
4.630983703401745470e-07
4.592809129912808517e-07
4.554807914998029710e-07
4.516943600675352904e-07
4.479183306011945851e-07
4.441502221481501137e-07
4.403873469512685000e-07
4.366281386388214309e-07
4.328711186699225038e-07
4.291144594308967620e-07
4.253581649894029355e-07
4.216009548769359992e-07
4.178430435928744268e-07
4.140841651381147906e-07
4.103244740010985630e-07
4.065650156111152028e-07
4.028057742894765418e-07
3.990485320632059543e-07
3.952933559472368741e-07
3.915423517905007796e-07
3.877963282210793968e-07
3.840569039058853272e-07
3.803259349551510244e-07
3.766049208760171746e-07
3.728953205042048067e-07
3.691996070634471098e-07
3.655190558549932768e-07
3.618559754384108033e-07
3.582122056899739087e-07
3.545890053996074777e-07
3.509891569209094707e-07
3.474135626922449447e-07
3.438651722783210282e-07
3.403447709861551251e-07
3.368548344489980978e-07
3.333964766051515546e-07
3.299711731983158796e-07
3.265815542297218229e-07
3.232275208195833823e-07
3.199122329690894494e-07
3.166352739812656072e-07
3.133988483447778168e-07
3.102037750053789709e-07
3.070504746196841282e-07
3.039414447045750858e-07
3.008763910508363393e-07
2.978555467920922045e-07
2.948812560256008371e-07
2.919521970191601955e-07
2.890694040516150534e-07
2.862340992437380013e-07
2.834450862591619350e-07
2.807029872233346376e-07
2.780091792610246631e-07
2.753625027924652010e-07
2.727622029594086586e-07
2.702089464527872560e-07
2.677025663370687533e-07
2.652419541370333134e-07
2.628276135098718549e-07
2.604589221743726888e-07
2.581350431475470237e-07
2.558554112421054610e-07
2.536189216471297512e-07
2.514255120890858375e-07
2.492752902894549083e-07
2.471661790633795235e-07
2.450977308752129546e-07
2.430684922231596720e-07
2.410791056945176983e-07
2.391281199121265860e-07
2.372143655603184055e-07
2.353363445877358210e-07
2.334942231077996080e-07
2.316872524068866390e-07
2.299134724162946645e-07
2.281723785055561224e-07
2.264627018779161738e-07
2.247850141398942231e-07
2.231371542894138710e-07
2.215172377439937950e-07
2.199266183431083227e-07
2.183632796255277047e-07
2.168259392888426580e-07
2.153138009250959609e-07
2.138274303222399182e-07
2.123642371728989007e-07
2.109240220813666106e-07
2.095064816912183725e-07
2.081102913985034307e-07
2.067350806010154607e-07
2.053789861624208749e-07
2.040427731300601553e-07
2.027251692647161542e-07
2.014244020713737953e-07
2.001416534408396788e-07
1.988754624089896410e-07
1.976242280072118534e-07
1.963890960297934343e-07
1.951686523848617814e-07
1.939613937464162544e-07
1.927682349257509727e-07
1.915880916709620289e-07
1.904197816987595454e-07
1.892636198305721730e-07
1.881192350914527683e-07
1.869854712455114586e-07
1.858621656294066679e-07
1.847491849711173858e-07
1.836460312376203584e-07
1.825515732466867177e-07
1.814663895620350009e-07
1.803896888355598818e-07
1.793208666420149339e-07
1.782601800677449281e-07
1.772071607095346758e-07
1.761612501425066150e-07
1.751224523190236536e-07
1.740906321379130926e-07
1.730651081731927370e-07
1.720456855476853624e-07
1.710327522310297656e-07
1.700253755675919332e-07
1.690235948054270081e-07
1.680274053940330697e-07
1.670368574510989629e-07
1.660516130834611831e-07
1.650714328249264345e-07
1.640966403710161619e-07
1.631263952664744257e-07
1.621610398879357989e-07
1.612004842874641586e-07
1.602448832213511917e-07
1.592942061269302989e-07
1.583481225052981949e-07
1.574069707734353380e-07
1.564701814110936161e-07
1.555381957866331111e-07
1.546108365632347646e-07
1.536885603313393963e-07
1.527710629776956659e-07
1.518582866994292382e-07
1.509503278639073855e-07
1.500472743232485860e-07
1.491494375902768309e-07
1.482567649886801424e-07
1.473691446891149772e-07
1.464868111854357708e-07
1.456096233909657656e-07
1.447380654279947431e-07
1.438719326057977498e-07
1.430115679526861739e-07
1.421567932195851229e-07
1.413076480326666767e-07
1.404646000473786678e-07
1.396275352168796283e-07
1.387965819691680151e-07
1.379715236806722384e-07
1.371531253870186321e-07
1.363408905607294462e-07
1.355352222664348359e-07
1.347357172330311007e-07
1.339432812330034219e-07
1.331572537956431113e-07
1.323781594828573688e-07
1.316055249737800602e-07
1.308402052850794484e-07
1.300815497808590458e-07
1.293300422287109404e-07
1.285853348503907482e-07
1.278479157152373773e-07
1.271174535924117610e-07
1.263940679914666148e-07
1.256778626715266332e-07
1.249686565331399889e-07
1.242668866592345399e-07
1.235717274414695540e-07
1.228842213806439652e-07
1.222033198954388337e-07
1.215302213253510573e-07
1.208632805582067014e-07
1.202043325351530294e-07
1.195516169866920249e-07
1.189064784778860689e-07
1.182675473155384689e-07
1.176359181925007730e-07
1.170106605744251197e-07
1.163924111992270027e-07
1.157805793019787644e-07
1.151749908323995671e-07
1.145762897320859665e-07
1.139835855611726288e-07
1.133977106126513216e-07
1.128172983703454290e-07
1.122436990347558818e-07
1.116756297245415187e-07
1.111137241023741122e-07
1.105573655673394280e-07
1.100064684708307972e-07
1.094614552667415403e-07
1.089216704664757826e-07
1.083875566441469255e-07
1.078581313455299888e-07
1.073343391793464010e-07
1.068152720764242239e-07
1.063013248885124989e-07
1.057920098247794113e-07
1.052869051199495743e-07
1.047870295224140254e-07
1.042913767614730687e-07
1.038001091418597162e-07
1.033129503189167694e-07
1.028297653076109430e-07
1.023508166525758567e-07
1.018757708495036146e-07
1.014045306719310964e-07
1.009368674715998935e-07
1.004728697963224913e-07
1.000123838283018282e-07
9.955546527289461302e-08
9.910180091932325079e-08
9.865117677677721981e-08
9.820396864796783019e-08
9.775978275142508261e-08
9.731874743025809641e-08
9.688051541564525455e-08
9.644496598407875525e-08
9.601242153834833814e-08
9.558255628366325454e-08
9.515549023798199116e-08
9.473088872339009913e-08
9.430868232547868217e-08
9.388914798825486451e-08
9.347199713527633042e-08
9.305736894931484470e-08
9.264497111678967778e-08
9.223476200924420190e-08
9.182694814754441988e-08
9.142129106389281220e-08
9.101793295479372915e-08
9.061665520085557541e-08
9.021748884305454253e-08
8.982039227287172897e-08
8.942535870065518187e-08
8.903244886847423302e-08
8.864155596918728196e-08
8.825263395835265921e-08
8.786558111135999354e-08
8.748062403671635062e-08
8.709757824484697796e-08
8.671655197467299789e-08
8.633738969086129629e-08
8.595991467523737003e-08
8.558472728061047202e-08
8.521116410986310528e-08
8.483961006105173810e-08
8.446996126529018189e-08
8.410210070337930904e-08
8.373618148657888154e-08
8.337204827615151031e-08
8.300980718977253204e-08
8.264956075304175854e-08
8.229112915747690818e-08
8.193428548178942792e-08
8.157980060998164063e-08
8.122681796613139248e-08
8.087583560221028906e-08
8.052679173730803449e-08
8.017954813938254924e-08
7.983418330090047469e-08
7.949071653535257195e-08
7.914906010277734544e-08
7.880944870029271960e-08
7.847165113017565706e-08
7.813553433222759966e-08
7.780170750437222048e-08
7.746946073818367286e-08
7.713912758105472614e-08
7.681089576396400425e-08
7.648446805702182337e-08
7.615962617102059247e-08
7.583722826993824257e-08
7.551632980566649353e-08
7.519736537189128011e-08
7.488047352590281336e-08
7.456536661781359990e-08
7.425190590367316190e-08
7.394074871848614116e-08
7.363114244819032332e-08
7.332349258017562637e-08
7.301779456548269583e-08
7.271387728233597567e-08
7.241164407186515301e-08
7.211154975302560040e-08
7.181305764154778768e-08
7.151647536703710335e-08
7.122177317437157683e-08
7.092879762945013225e-08
7.063746273106282841e-08
7.034820494817365866e-08
7.006052027620026555e-08
6.977462568464048281e-08
6.949059841770242054e-08
6.920819208813355488e-08
6.892732241285616277e-08
6.864851475654369495e-08
6.837119226408862604e-08
6.809552861796296986e-08
6.782171471710220084e-08
6.754942499962579479e-08
6.727852811057993774e-08
6.700964212075169433e-08
6.674215344253661383e-08
6.647627597969206856e-08
6.621210024739560258e-08
6.594936272336748035e-08
6.568802169667726274e-08
6.542840957705254752e-08
6.517023792167977054e-08
6.491356458177566094e-08
6.465841331283384294e-08
6.440468926488572827e-08
6.415235939927094591e-08
6.390134610364960398e-08
6.365196572107947745e-08
6.340386091911204792e-08
6.315712307323306292e-08
6.291186554955859041e-08
6.266788185450970131e-08
6.242503617853133430e-08
6.218376022138039784e-08
6.194366900932660603e-08
6.170489661484634263e-08
6.146743312665487733e-08
6.123118759946426597e-08
6.099616982293355295e-08
6.076222871081324595e-08
6.052980044176265104e-08
6.029839061967150355e-08
6.006820635742529699e-08
5.983929165502658650e-08
5.961143475386731984e-08
5.938466794507983831e-08
5.915908229618027711e-08
5.893470374914016430e-08
5.871134610598479889e-08
5.848911696599732751e-08
5.826808079701585196e-08
5.804807720343921467e-08
5.782896248603493223e-08
5.761112804284573222e-08
5.739429871902008368e-08
5.717845514169589367e-08
5.696369353667039851e-08
5.675003240812841835e-08
5.653735415229303551e-08
5.632548083206032032e-08
5.611488272978869677e-08
5.590517510514419443e-08
5.569642085700376858e-08
5.548869449386590485e-08
5.528200327502896019e-08
5.507625556499652068e-08
5.487126413023056811e-08
5.466748874171175139e-08
5.446456715532342522e-08
5.426254411159238323e-08
5.406149848548416998e-08
5.386147493636427175e-08
5.366233071070090361e-08
5.346393647347562262e-08
5.326664890091667365e-08
5.307025847457298687e-08
5.287469369985441485e-08
5.268005595655184587e-08
5.248642848774369486e-08
5.229361557944440445e-08
5.210162414538933902e-08
5.191051557947580128e-08
5.172043954390428064e-08
5.153109457329708819e-08
5.134265361073396612e-08
5.115517045492358022e-08
5.096847138251800584e-08
5.078262810522641935e-08
5.059749061644604523e-08
5.041349847640712605e-08
5.023015433380898427e-08
5.004769336574833425e-08
4.986608347915628913e-08
4.968534281347074344e-08
4.950540256817947179e-08
4.932613556569565995e-08
4.914784702570376268e-08
4.897035427270986225e-08
4.879362103365264050e-08
4.861769838939726720e-08
4.844265953139665400e-08
4.826832939244802128e-08
4.809478408566941406e-08
4.792190305313507435e-08
4.775005035246248303e-08
4.757881233472769915e-08
4.740836566201482321e-08
4.723869720707109037e-08
4.706984298921587119e-08
4.690169261448402847e-08
4.673421819793286261e-08
4.656749345865294645e-08
4.640162493522550167e-08
4.623638198894739190e-08
4.607190609012459050e-08
4.590817263468702023e-08
4.574514816752258092e-08
4.558283809042277212e-08
4.542109994765010046e-08
4.526019547409289917e-08
4.509999093171912626e-08
4.494041766594811735e-08
4.478155987064548484e-08
4.462341474201075643e-08
4.446590832251324055e-08
4.430909682700127392e-08
4.415280773093329742e-08
4.399733282099786773e-08
4.384249945812332158e-08
4.368826109533490916e-08
4.353469246159393995e-08
4.338180905324012979e-08
4.322951814719703735e-08
4.307789044988767482e-08
4.292674395511212652e-08
4.277636412184763061e-08
4.262660984248571001e-08
4.247739553130498360e-08
4.232882485773324799e-08
4.218089136835553807e-08
4.203354299111367904e-08
4.188680633677094359e-08
4.174054240073459865e-08
4.159493165541449114e-08
4.145001555007475537e-08
4.130555414335148826e-08
4.116171337564729278e-08
4.101844723342161793e-08
4.087581136156789600e-08
4.073369875971581044e-08
4.059211331914894184e-08
4.045099005571530553e-08
4.031068559986963814e-08
4.017077104537669250e-08
4.003141274807495680e-08
3.989262174512633419e-08
3.975446870739367980e-08
3.961676680384605411e-08
3.947963747880339960e-08
3.934290367009551608e-08
3.920688976198953834e-08
3.907138665907506924e-08
3.893633843321614628e-08
3.880184992423101438e-08
3.866791264268928379e-08
3.853452483267145178e-08
3.840163203004406393e-08
3.826920698021210588e-08
3.813721971276565161e-08
3.800600240996789407e-08
3.787512822525833506e-08
3.774477474867212530e-08
3.761493799463502872e-08
3.748569241060621918e-08
3.735687367796665079e-08
3.722859893851321324e-08
3.710068757545763279e-08
3.697337996267104457e-08
3.684664224232684594e-08
3.672027850837144336e-08
3.659443912902880113e-08
3.646908533895496873e-08
3.634431721230706407e-08
3.621995128529731007e-08
3.609608340286219501e-08
3.597258126442627831e-08
3.584971535297229270e-08
3.572731780503972522e-08
3.560532207790982275e-08
3.548383068254991618e-08
3.536280437214268209e-08
3.524232648484532198e-08
3.512224942122575746e-08
3.500263894480488460e-08
3.488339603585985046e-08
3.476476918545366480e-08
3.464657528051849146e-08
3.452877660577019617e-08
3.441146482332947657e-08
3.429459853542718257e-08
3.417825252365614739e-08
3.406229243430252962e-08
3.394678444014775723e-08
3.383162431648228093e-08
3.371703757627239908e-08
3.360288868283972373e-08
3.348910601869492077e-08
3.337578486757112505e-08
3.326290239027181349e-08
3.315051683370812779e-08
3.303847815496274667e-08
3.292690544275630470e-08
3.281565093741727386e-08
3.270488933458850452e-08
3.259462049493373200e-08
3.248468004423282146e-08
3.237516675737539358e-08
3.226608475374870537e-08
3.215744638975589557e-08
3.204917117571925095e-08
3.194132620263499645e-08
3.183382581120996467e-08
3.172666937911085129e-08
3.162008946898511604e-08
3.151381191376691723e-08
3.140791129693601606e-08
3.130242848027100513e-08
3.119733232487273512e-08
3.109265572320602632e-08
3.098832229615604648e-08
3.088437666751552525e-08
3.078071617659710337e-08
3.067753675145738525e-08
3.057476068727901664e-08
3.047228128201336306e-08
3.037018983976710260e-08
3.026848376695082794e-08
3.016717146965450350e-08
3.006619044654349481e-08
2.996558213176503180e-08
2.986529245728603299e-08
2.976528076671254719e-08
2.966579879349772955e-08
2.956661492435956972e-08
2.946773504585212794e-08
2.936922557553809439e-08
2.927106369187890285e-08
2.917331276057588018e-08
2.907582334293835335e-08
2.897872364119236584e-08
2.888188569002699283e-08
2.878534274283771960e-08
2.868931340671599882e-08
2.859352638799113651e-08
2.849804699205930095e-08
2.840292150420673561e-08
2.830811030657135260e-08
2.821370302858867058e-08
2.811953800234455541e-08
2.802574514659039091e-08
2.793218764450671606e-08
2.783892418627323982e-08
2.774615329711103200e-08
2.765360160122148046e-08
2.756134473778038273e-08
2.746942274932668252e-08
2.737779914844924154e-08
2.728656838812785335e-08
2.719556635110471034e-08
2.710491849685974679e-08
2.701450456906073354e-08
2.692434589914867514e-08
2.683467264402210215e-08
2.674522430984534449e-08
2.665603833986567306e-08
2.656717194354414647e-08
2.647860589688850074e-08
2.639039831078169343e-08
2.630243300409439043e-08
2.621478309590599744e-08
2.612739403913667375e-08
2.604021975030364144e-08
2.595348690822104922e-08
2.586702691482797308e-08
2.578078420333717257e-08
2.569485807985598708e-08
2.560922375530876137e-08
2.552390377138445423e-08
2.543886966737385938e-08
2.535409992513717873e-08
2.526962281194477871e-08
2.518534407927193484e-08
2.510138635918803519e-08
2.501782787256195171e-08
2.493444641470861810e-08
2.485134089782766800e-08
2.476853069716712405e-08
2.468598526493869286e-08
2.460379028574660682e-08
2.452179885369033963e-08
2.444011640275775715e-08
2.435866258087463290e-08
2.427741601425310599e-08
2.419658039544338639e-08
2.411599676400001249e-08
2.403561811634934391e-08
2.395552934389838916e-08
2.387571645040293750e-08
2.379617520784973199e-08
2.371692904797770679e-08
2.363790555042162568e-08
2.355917609951491576e-08
2.348064217795597289e-08
2.340233790412932885e-08
2.332444477449940852e-08
2.324675099062891354e-08
2.316926998163775565e-08
2.309207085950423195e-08
2.301513941511118628e-08
2.293848493797896621e-08
2.286207795671088061e-08
2.278591010893097889e-08
2.271000935006816137e-08
2.263429393470017915e-08
2.255882054336316127e-08
2.248373090080532645e-08
2.240882299131269329e-08
2.233412815551839351e-08
2.225970005485620200e-08
2.218553268537212072e-08
2.211162784133737525e-08
2.203796042780344207e-08
2.196452111171264555e-08
2.189133915339678942e-08
2.181833387589503658e-08
2.174554992488847374e-08
2.167314053477742088e-08
2.160091602690427675e-08
2.152888296383812482e-08
2.145711203890853533e-08
2.138558547997247071e-08
2.131429618847030657e-08
2.124326150811417132e-08
2.117241679819251419e-08
2.110184071259149860e-08
2.103143821576656432e-08
2.096121435947150875e-08
2.089135006219930418e-08
2.082169282440166672e-08
2.075220974935014640e-08
2.068296358736041782e-08
2.061395230057609309e-08
2.054515233968063178e-08
2.047663437957237235e-08
2.040827587521770204e-08
2.034016241782752657e-08
2.027224771608960162e-08
2.020449515967343553e-08
2.013700399914730074e-08
2.006981740142876434e-08
2.000277009347513152e-08
1.993592347083557143e-08
1.986930283527294142e-08
1.980290831864893011e-08
1.973674205949590900e-08
1.967078555583167118e-08
1.960501533942836372e-08
1.953947966073928126e-08
1.947409794338329311e-08
1.940887734768410115e-08
1.934399056780077839e-08
1.927929331512638648e-08
1.921474953044696480e-08
1.915041713077219250e-08
1.908629897162483533e-08
1.902237356955356930e-08
1.895869712025964733e-08
1.889519045910150148e-08
1.883187823255479518e-08
1.876877569804551166e-08
1.870581039180144038e-08
1.864302831253904661e-08
1.858056854230907984e-08
1.851826427185135212e-08
1.845610813228064367e-08
1.839416347241865837e-08
1.833241998403704854e-08
1.827085505083153116e-08
1.820954165036000811e-08
1.814837160907411916e-08
1.808739705515608156e-08
1.802662039727328314e-08
1.796597240103032427e-08
1.790550518984155315e-08
1.784534702958852522e-08
1.778533170874995453e-08
1.772545803949647332e-08
1.766578812953045486e-08
1.760631081953394835e-08
1.754700433194957780e-08
1.748793793372245873e-08
1.742901352312271842e-08
1.737027148207239370e-08
1.731172242350040696e-08
1.725330068169336206e-08
1.719503497738103800e-08
1.713707289542257599e-08
1.707925929734417638e-08
1.702157592431072633e-08
1.696408049390891966e-08
1.690677145649627739e-08
1.684963992813797595e-08
1.679271334857369644e-08
1.673594811397371440e-08
1.667934738159014080e-08
1.662294046692010953e-08
1.656666207380605721e-08
1.651051648291212058e-08
1.645462956218480814e-08
1.639894276130528017e-08
1.634337033646037448e-08
1.628795950093917292e-08
1.623273024573980615e-08
1.617768599069774207e-08
1.612280792450990235e-08
1.606813408280895687e-08
1.601357661760680836e-08
1.595921473425225359e-08
1.590500660341913908e-08
1.585091704124927449e-08
1.579699727938317496e-08
1.574334712778522563e-08
1.568982176779644889e-08
1.563642015330550897e-08
1.558319449527488504e-08
1.553013941718031189e-08
1.547724805862500965e-08
1.542454618835698132e-08
1.537199271598143674e-08
1.531958322694049866e-08
1.526736045247106998e-08
1.521526158573309479e-08
1.516327960365694694e-08
1.511150379461685804e-08
1.505996051613425993e-08
1.500851498119860473e-08
1.495720114420918642e-08
1.490606649804362947e-08
1.485509479949206490e-08
1.480426611217973014e-08
1.475363699063055768e-08
1.470313521380916271e-08
1.465278321957480829e-08
1.460260207662499492e-08
1.455253265575772012e-08
1.450258069815187461e-08
1.445284306462480887e-08
1.440330883073584201e-08
1.435387037343641057e-08
1.430456184908261353e-08
1.425542626780059953e-08
1.420644520799440243e-08
1.415759985709055328e-08
1.410894640900640895e-08
1.406041430567263876e-08
1.401202465080643038e-08
1.396380143633212473e-08
1.391568666542323635e-08
1.386768097464635974e-08
1.381986691708885953e-08
1.377226812055133237e-08
1.372476015107433982e-08
1.367737187375087091e-08
1.363014455143476715e-08
1.358306484041565338e-08
1.353612367892396669e-08
1.348935324752824552e-08
1.344271452077462783e-08
1.339619376198172874e-08
1.334984466424067662e-08
1.330360485366220831e-08
1.325746950704170250e-08
1.321148363976481398e-08
1.316572722582054635e-08
1.312007744329592950e-08
1.307452737092329073e-08
1.302911920121449835e-08
1.298385396678709412e-08
1.293873850191945800e-08
1.289375597795058872e-08
1.284894320791042899e-08
1.280422094541475770e-08
1.275964795349489191e-08
1.271521618419185501e-08
1.267087840730601888e-08
1.262664337502765718e-08
1.258261717043855475e-08
1.253875145952925796e-08
1.249497046931012780e-08
1.245130261904150808e-08
1.240778669781073333e-08
1.236440387532199000e-08
1.232114486599677701e-08
1.227804323496666789e-08
1.223506500991083895e-08
1.219219028927105257e-08
1.214947226376336486e-08
1.210686291670663776e-08
1.206434520166802018e-08
1.202194440425040855e-08
1.197976661235706137e-08
1.193769692124101387e-08
1.189571647467930669e-08
1.185385281714345140e-08
1.181213027615770204e-08
1.177053998726915330e-08
1.172906047201371190e-08
1.168774473460252659e-08
1.164653040207277485e-08
1.160542576503405023e-08
1.156446912201936014e-08
1.152360614314696795e-08
1.148283619080984974e-08
1.144218536433228667e-08
1.140174717555459500e-08
1.136140588874301350e-08
1.132115077229350864e-08
1.128100825735154988e-08
1.124100007163522694e-08
1.120111969106715310e-08
1.116134453840135415e-08
1.112172555911652922e-08
1.108220728368468412e-08
1.104278939430964165e-08
1.100351467322647930e-08
1.096433488769017671e-08
1.092524138661806999e-08
1.088625229444877108e-08
1.084746914800414647e-08
1.080879109128805831e-08
1.077019122321866984e-08
1.073169196501237354e-08
1.069332935018627789e-08
1.065508245202875386e-08
1.061694470436190596e-08
1.057894142254479219e-08
1.054105541471000200e-08
1.050325168191771995e-08
1.046558091145612520e-08
1.042802375050635292e-08
1.039054399824707732e-08
1.035314903364551647e-08
1.031591987737193549e-08
1.027884661527965182e-08
1.024184324814165817e-08
1.020492640686968776e-08
1.016812848253825042e-08
1.013144330162596136e-08
1.009487972720764797e-08
1.005841637860214469e-08
1.002209747949260607e-08
9.985853248866720795e-09
9.949715986494885403e-09
9.913704022706505103e-09
9.877772925132587129e-09
9.841922824148876166e-09
9.806177587516677202e-09
9.770622280542423002e-09
9.735156814006877126e-09
9.699763294754604369e-09
9.664461834880907443e-09
9.629286111271947137e-09
9.594214117068600795e-09
9.559246180168073993e-09
9.524394953966427770e-09
9.489663468289097707e-09
9.455000492424906057e-09
9.420453388949182918e-09
9.386019783824205351e-09
9.351657212168036793e-09
9.317367915470399799e-09
9.283202873343110128e-09
9.249210979204312195e-09
9.215294106217787205e-09
9.181449270585074180e-09
9.147696704004928465e-09
9.114062058024446543e-09
9.080530188036160409e-09
9.047092492174981837e-09
9.013772161823494528e-09
8.980560416980292455e-09
8.947415985746229725e-09
8.914385073254734466e-09
8.881460659570205742e-09
8.848602507983731583e-09
8.815814937733856886e-09
8.783146690204501124e-09
8.750645574300611353e-09
8.718216655138725011e-09
8.685856677357813200e-09
8.653581968384819529e-09
8.621423420214184075e-09
8.589359071446484942e-09
8.557388922006033448e-09
8.525522926932340486e-09
8.493771931499108770e-09
8.462082523040521813e-09
8.430493664020972189e-09
8.399011975200534783e-09
8.367598244149519646e-09
8.336254944435333053e-09
8.305002624811666042e-09
8.273919226996009632e-09
8.242919925686979582e-09
8.211980746102476161e-09
8.181122027995856477e-09
8.150364096816958164e-09
8.119698475942372463e-09
8.089135056391553166e-09
8.058652397519109589e-09
8.028293656993740238e-09
7.998001265381760436e-09
7.967787790946461013e-09
7.937685247148032883e-09
7.907664385380708595e-09
7.877705843803157420e-09
7.847813122200171239e-09
7.818045992112428235e-09
7.788421090284691135e-09
7.758853282350458602e-09
7.729348832568609990e-09
7.699929311735448014e-09
7.670610590900286615e-09
7.641381784007018400e-09
7.612235487858399345e-09
7.583187569142349240e-09
7.554244087703220102e-09
7.525356271519070340e-09
7.496558812450242031e-09
7.467860359382493386e-09
7.439224364922191862e-09
7.410656695556085391e-09
7.382159897332037339e-09
7.353811908985139026e-09
7.325562906075276995e-09
7.297367904070136985e-09
7.269238283226204364e-09
7.241195517623094933e-09
7.213243232581178138e-09
7.185382973178216978e-09
7.157595365596134288e-09
7.129910155773607649e-09
7.102314670361910101e-09
7.074773549094341720e-09
7.047323009983117644e-09
7.019964756877940296e-09
6.992664764065213688e-09
6.965428888500741989e-09
6.938262297181789754e-09
6.911242987742429402e-09
6.884313054517594308e-09
6.857434532784261490e-09
6.830618691094293248e-09
6.803885194072281335e-09
6.777238934220234589e-09
6.750679322143510726e-09
6.724190469676939178e-09
6.697796130937304509e-09
6.671493217891872677e-09
6.645239959662995375e-09
6.619068935641947046e-09
6.592989878704731404e-09
6.566971518936861018e-09
6.541012727579502333e-09
6.515114280524594112e-09
6.489336311963269086e-09
6.463672212445905651e-09
6.438057318883476624e-09
6.412497766267874530e-09
6.387008833518698331e-09
6.361612845957866954e-09
6.336288293493796542e-09
6.311042882191282674e-09
6.285872101909577644e-09
6.260804089479947776e-09
6.235786518513730807e-09
6.210835967790845912e-09
6.185976317823422614e-09
6.161189316975552406e-09
6.136451693414882522e-09
6.111765072321279357e-09
6.087170147436576202e-09
6.062709105099399078e-09
6.038306902096733540e-09
6.013952484657218945e-09
5.989660936844334732e-09
5.965447510739719688e-09
5.941308818521777525e-09
5.917253194996034370e-09
5.893258832243283562e-09
5.869354739112976411e-09
5.845530393087526141e-09
5.821751562431097885e-09
5.798047133381070651e-09
5.774427004498058202e-09
5.750863993231509608e-09
5.727353879054148327e-09
5.703896512273827774e-09
5.680539117573215574e-09
5.657299526696699379e-09
5.634107756096467322e-09
5.610964638271737031e-09
5.587881509006951732e-09
5.564878817491467709e-09
5.541942313305428354e-09
5.519087193557711578e-09
5.496285875341853666e-09
5.473581037156620116e-09
5.450942072373715242e-09
5.428347618554863690e-09
5.405828077247044345e-09
5.383386026201557111e-09
5.360996012702441460e-09
5.338658440547097595e-09
5.316371313928783820e-09
5.294181264765095350e-09
5.272102240679226614e-09
5.250068785052816839e-09
5.228081032845015174e-09
5.206150595187266785e-09
5.184295992397310552e-09
5.162504550878344744e-09
5.140791985981875423e-09
5.119130854512495797e-09
5.097557906321998398e-09
5.076053903251497335e-09
5.054590108538459838e-09
5.033193540622700034e-09
5.011874112580609010e-09
4.990609650930599166e-09
4.969391675226617768e-09
4.948217789667650388e-09
4.927129167850369706e-09
4.906156807893259901e-09
4.885232122700778229e-09
4.864348352402822316e-09
4.843517996833423185e-09
4.822754666160163529e-09
4.802059066054958993e-09
4.781431120521171478e-09
4.760859463875416558e-09
4.740354577944778577e-09
4.719935010579373059e-09
4.699553691634877882e-09
4.679228151542655458e-09
4.658976203045183123e-09
4.638789495060337231e-09
4.618639471309032762e-09
4.598535391317881174e-09
4.578488961630802186e-09
4.558552657568255263e-09
4.538690426087871029e-09
4.518867048174956280e-09
4.499088554770685988e-09
4.479362739226517402e-09
4.459710242130646375e-09
4.440111156379584399e-09
4.420583161727831887e-09
4.401101115830501469e-09
4.381701289034447822e-09
4.362364061115491634e-09
4.343062115511550934e-09
4.323818557841389744e-09
4.304646791060953836e-09
4.285528926878295824e-09
4.266450767294813550e-09
4.247410233574275870e-09
4.228439356627656579e-09
4.209576891678922964e-09
4.190768398224503863e-09
4.171996818645341579e-09
4.153269344923738857e-09
4.134595359628763183e-09
4.115992828346678503e-09
4.097439142940116461e-09
4.078951346074776405e-09
4.060508291591576257e-09
4.042147808412157031e-09
4.023841670756701338e-09
4.005569460987004653e-09
3.987354252686366645e-09
3.969206324237048156e-09
3.951109210674138151e-09
3.933050093463241409e-09
3.915026082862535629e-09
3.897068894951436025e-09
3.879214923343500312e-09
3.861414059618164432e-09
3.843648685287466245e-09
3.825924471047976021e-09
3.808248570528445570e-09
3.790641580574764856e-09
3.773080659510007163e-09
3.755584857172570635e-09
3.738131043232087346e-09
3.720748961889579046e-09
3.703427953767777982e-09
3.686137002479911595e-09
3.668896872410604412e-09
3.651722440892946426e-09
3.634601943723733645e-09
3.617512394755885632e-09
3.600462310081318415e-09
3.583461605823755635e-09
3.566550598566984902e-09
3.549713452718127902e-09
3.532910136831157263e-09
3.516143552625716227e-09
3.499421400614896630e-09
3.482755024727894122e-09
3.466142588311239584e-09
3.449585606090212096e-09
3.433073696798487970e-09
3.416614256551490029e-09
3.400228154306428603e-09
3.383880859890299522e-09
3.367569790071072474e-09
3.351316330398862306e-09
3.335118437422317479e-09
3.318960801161866295e-09
3.302840674936742138e-09
3.286752691119422114e-09
3.270728289984061024e-09
3.254798647126867917e-09
3.238912342968998150e-09
3.223057719063364378e-09
3.207241357952476976e-09
3.191468627934949225e-09
3.175756780545044535e-09
3.160087109723274318e-09
3.144476271820816447e-09
3.128904989244851018e-09
3.113390486269408872e-09
3.097940170781602845e-09
3.082517186063612399e-09
3.067136399885327857e-09
3.051812510990552345e-09
3.036540245062039473e-09
3.021300320323420256e-09
3.006099583487922838e-09
2.990930639778170930e-09
2.975825120731997173e-09
2.960809307827292105e-09
2.951183500440441847e-09
2.936246075397558366e-09
2.921344864213531796e-09
2.906485514751356888e-09
2.891685673500465309e-09
2.876924146354747914e-09
2.862218908788089796e-09
2.868802850637505552e-09
2.854234024943953155e-09
2.839727696085008099e-09
2.825248697934666432e-09
2.810808310578836027e-09
2.796421292333295670e-09
2.782082303323427531e-09
2.767777252783591473e-09
2.764075123702150237e-09
2.749856640186859871e-09
2.735695946907964051e-09
2.721620596977375068e-09
2.707585110583007739e-09
2.693578119744067856e-09
2.679604740271053596e-09
2.686641880996869104e-09
2.672802698751978994e-09
2.659007370295583864e-09
2.645260156823711971e-09
2.631550277982524356e-09
2.617878043804443123e-09
2.604270572904744395e-09
2.590699520521455992e-09
2.587580105447582698e-09
2.574101910002063880e-09
2.560674704576114789e-09
2.547289182906010258e-09
2.533929047047675620e-09
2.520596757801807437e-09
2.507305802272689904e-09
2.514764813677190294e-09
2.501654800912674506e-09
2.488571353706507647e-09
2.475513872839210121e-09
2.462492034407164112e-09
2.449504888516066453e-09
2.436567810292742484e-09
2.433919658986138726e-09
2.421087845725921067e-09
2.408286515475374132e-09
2.395533205158563499e-09
2.382833956904527598e-09
2.370156523940951708e-09
2.357511587261608563e-09
2.344914169033164093e-09
2.352740117810456229e-09
2.340261777969506527e-09
2.327811246683436740e-09
2.315383565532008222e-09
2.303003804692156775e-09
2.290694406374115902e-09
2.278430117914319172e-09
2.276294129991360303e-09
2.264103712854146846e-09
2.251947193142924806e-09
2.239825438435617065e-09
2.227748925525747677e-09
2.215705419360215357e-09
2.203705637202758942e-09
2.191733107524664745e-09
2.199932058673966971e-09
2.188099617901083257e-09
2.176286439018566748e-09
2.164505884747304362e-09
2.152770306268781545e-09
2.141071391317773285e-09
2.129401080111749166e-09
2.127858811216793853e-09
2.116257642869077736e-09
2.104700947618120061e-09
2.093210115893285007e-09
2.081764985844147154e-09
2.070345075547251601e-09
2.058946229160511939e-09
2.067866547582024460e-09
2.056572546647126008e-09
2.045323531873924256e-09
2.034104042995050229e-09
2.022926803674768872e-09
2.011778020549682739e-09
2.000662759118229900e-09
1.989599692764652157e-09
1.988765878797454957e-09
1.977771805057937345e-09
1.966815644445640484e-09
1.955898642708298905e-09
1.945013590166038883e-09
1.934148819910997953e-09
1.923306646778175992e-09
1.932992505125988555e-09
1.922276192243714476e-09
1.911622819992052667e-09
1.900992511320345158e-09
1.890381510540504779e-09
1.879798815262660302e-09
1.869239934318568062e-09
1.869007667614073316e-09
1.858542150272378104e-09
1.848110909492840534e-09
1.837710498378196407e-09
1.827336535093999348e-09
1.817012567586895557e-09
1.806722051450458282e-09
1.817104927532467398e-09
1.806900460725370413e-09
1.796736502118202198e-09
1.786605231127311668e-09
1.776498491747723562e-09
1.766414160164842441e-09
1.756347684781324430e-09
1.746314329537893065e-09
1.746733425605269025e-09
1.736823780817329192e-09
1.726937142047003092e-09
1.717067908981732541e-09
1.707225606485833383e-09
1.697404805741719158e-09
1.687624260018103844e-09
1.698739599315087158e-09
1.689063006984443309e-09
1.679411821897818610e-09
1.669787133364109343e-09
1.660212027810329404e-09
1.650664912302134344e-09
1.641129494017061508e-09
1.642095858766366315e-09
1.632645671850355351e-09
1.623225845012815909e-09
1.613827842085414031e-09
1.604451742198066704e-09
1.595092323214520553e-09
1.585765496202880966e-09
1.597530079126036646e-09
1.588338830939161094e-09
1.579169333974794905e-09
1.570016202055520197e-09
1.560888569897934405e-09
1.551781440762120578e-09
1.542710971918800237e-09
1.533663798597209036e-09
1.535227505535119095e-09
1.526255946318311750e-09
1.517308826502930556e-09
1.508407187446010850e-09
1.499536150496970512e-09
1.490675293750222630e-09
1.481837842400390681e-09
1.494280196194517743e-09
1.485545143933770691e-09
1.476834109224083352e-09
1.468142038572056356e-09
1.459467720897053907e-09
1.450820779463556748e-09
1.442214080917266479e-09
1.444321272003326913e-09
1.435800536136891458e-09
1.427296502533094778e-09
1.418815591076742314e-09
1.410357521083449017e-09
1.401924930448111339e-09
1.393523364478341813e-09
1.406555478916076667e-09
1.398243093068817982e-09
1.389952499133248839e-09
1.381689598261188276e-09
1.373470773068326322e-09
1.365270534893158443e-09
1.357083525481443641e-09
1.359667402614157831e-09
1.351549924102632418e-09
1.343461309233675970e-09
1.335387782780902133e-09
1.327336443905864291e-09
1.319299308056580108e-09
1.311292637012251029e-09
1.324920304127965338e-09
1.317030533041480695e-09
1.309159908883802552e-09
1.301303424807486017e-09
1.293469601944170113e-09
1.285654836143476210e-09
1.277870703281916700e-09
1.270111216164468683e-09
1.273222765411840288e-09
1.265523047131716825e-09
1.257844196777888288e-09
1.250198101096850900e-09
1.242588704802516903e-09
1.234992542284102548e-09
1.227412283960997818e-09
1.241649122032076870e-09
1.234152889453688538e-09
1.226684377985442995e-09
1.219228758828038095e-09
1.211795093753811524e-09
1.204374930791033945e-09
1.196984148327931129e-09
1.200579395324753071e-09
1.193274328976997003e-09
1.185987737358118320e-09
1.178714194762011793e-09
1.171462058033478059e-09
1.164228424198163307e-09
1.157022343055047956e-09
1.171809520438519505e-09
1.164678345705401143e-09
1.157572470403483613e-09
1.150485686383450821e-09
1.143425057523384816e-09
1.136403509695904260e-09
1.129398420575796331e-09
1.133431900119896386e-09
1.126472477922484837e-09
1.119534170573176944e-09
1.112620214575517438e-09
1.105722639729437863e-09
1.098842745923131732e-09
1.091975894948523311e-09
1.107275097189067827e-09
1.100509933770846396e-09
1.093775953458022008e-09
1.087053921882097462e-09
1.080345906628700588e-09
1.073657664951285506e-09
1.066988589130181514e-09
1.071451461772334289e-09
1.064848726666101922e-09
1.058253587703984442e-09
1.051677933845806390e-09
1.045120059592837780e-09
1.038581946962924848e-09
1.032082922442293356e-09
1.047919606496988495e-09
1.041492560501249032e-09
1.035080019350981263e-09
1.028680236781843738e-09
1.022301578672028200e-09
1.015946860780363910e-09
1.009603138667418274e-09
1.014478080391161846e-09
1.008187343905548306e-09
1.001917836605161311e-09
9.956853247774283002e-10
9.894708103364224058e-10
9.832725640037081096e-10
9.770854931498615381e-10
9.934016231107866927e-10
9.872923770331370937e-10
9.812021763711996758e-10
9.751330652956012919e-10
9.690702227812140628e-10
9.630269216932871693e-10
9.570021425602118048e-10
9.622807015064790395e-10
9.563334704850238609e-10
9.504014776967599648e-10
9.444728504336870990e-10
9.385594422204529281e-10
9.326591418779769492e-10
9.267783442857671246e-10
9.435764780933267652e-10
9.377690712837526218e-10
9.319781890231008581e-10
9.261984718830719858e-10
9.204385693029288150e-10
9.147137272429286513e-10
9.090064795345874300e-10
9.146861437301449597e-10
9.090247213422668746e-10
9.033783584714034924e-10
8.977465485021859764e-10
8.921312438138768338e-10
8.865370815914124092e-10
8.809489529050686708e-10
8.982090079852486703e-10
8.926955475783273823e-10
8.871986168768899015e-10
8.817351028897327086e-10
8.762908249011559852e-10
8.708502895708768920e-10
8.654226214795114599e-10
8.714636677860815090e-10
8.660846620864818745e-10
8.607268505121002931e-10
8.553749304603286518e-10
8.500393333866544512e-10
8.447113994537202077e-10
8.394028796891279735e-10
8.571254577085387423e-10
8.519124663513775066e-10
8.467077808304694835e-10
8.415138634130206740e-10
8.363346671451131558e-10
8.311672650420284802e-10
8.260114979767572568e-10
8.324250548430889915e-10
8.273246334282617744e-10
8.222316497711356388e-10
8.171524167790258432e-10
8.120890073737437099e-10
8.070431627010784166e-10
8.251684597890214020e-10
8.202057726392941550e-10
8.152475169246168954e-10
8.103010515858203235e-10
8.053656053782920759e-10
8.004478194734502914e-10
7.955450879140694440e-10
8.022623551964315362e-10
7.974021635005522132e-10
7.925517721251166846e-10
7.877182869523353148e-10
7.829106597759193381e-10
7.781215943937103899e-10
7.733426412171485153e-10
7.918839834894935772e-10
7.871681965481224957e-10
7.824637854096144747e-10
7.777719754701236574e-10
7.730989973951322949e-10
7.684339418724553318e-10
7.637783674466446170e-10
7.708340434162165562e-10
7.662262474706592141e-10
7.616374619397416644e-10
7.570773164615581089e-10
7.525194204801640808e-10
7.479665748509718291e-10
7.434243676586394582e-10
7.623804174519015738e-10
7.579060989980617867e-10
7.534460556915222915e-10
7.489925998929967608e-10
7.445509089793128897e-10
7.401174529035848317e-10
7.356998343438889636e-10
7.430939497311132404e-10
7.387402735361975716e-10
7.343950049364255320e-10
7.300569763680997892e-10
7.257277324465054193e-10
7.214089307373861078e-10
7.407232985718355729e-10
7.364740362824731522e-10
7.322349529527295464e-10
7.280013805749126674e-10
7.237802344312006971e-10
7.195702175991113488e-10
7.153741206043908180e-10
7.091089831826302949e-10
7.049880213289383757e-10
7.008685152645071127e-10
6.967614293336823818e-10
6.926590190302479252e-10
6.885669833077608737e-10
6.844933355832503740e-10
6.762261311646111357e-10
6.722432320407137794e-10
6.682661232295563986e-10
6.643056308874155192e-10
6.603600740203113800e-10
6.564366407897166552e-10
6.525215898018622090e-10
6.465214576199410711e-10
6.426600115129845552e-10
6.388081793384435368e-10
6.349678597433339319e-10
6.311370546838255821e-10
6.273185188085047313e-10
6.235049635226480417e-10
6.155125946253321164e-10
6.117924117246692991e-10
6.080857847881809206e-10
6.043985088105935666e-10
6.007332409310370795e-10
5.970682698079847380e-10
5.912787548473346005e-10
5.876655467092061999e-10
5.840581607850722805e-10
5.804626923780357647e-10
5.768820200533435130e-10
5.733015441791042350e-10
5.697312235525451155e-10
5.619144228896538498e-10
5.584395485926401255e-10
5.549801333840145395e-10
5.515422481828365336e-10
5.481104338503429807e-10
5.446865587125206604e-10
5.412667847557588790e-10
5.357344750981389303e-10
5.323717445443768324e-10
5.290183356607430079e-10
5.256765534408356273e-10
5.223390150260624281e-10
5.190064191991660473e-10
5.113721050084556802e-10
5.081337346625208292e-10
5.049133262166237505e-10
5.017144591071365240e-10
4.985159831521704871e-10
4.953206111541132339e-10
4.921331109759564223e-10
4.868008425620391601e-10
4.836656783046009321e-10
4.805459139853540604e-10
4.774269425625442137e-10
4.743160400290049962e-10
4.712079398270854349e-10
4.681109005201836198e-10
4.607396204403472376e-10
4.577498116826831941e-10
4.547675252331313525e-10
4.517954478360290622e-10
4.488249120305982374e-10
4.458616625561251470e-10
4.407322953593423279e-10
4.378231013954015805e-10
4.349246829589692869e-10
4.320331736132062000e-10
4.291442531588781022e-10
4.262629572318787373e-10
4.233872609581956490e-10
4.161846077008388370e-10
4.134191692163744062e-10
4.106584299790703582e-10
4.078983069599932481e-10
4.051457324861840740e-10
4.023969479962810447e-10
3.996527895210880994e-10
3.947621338602967875e-10
3.920760983720026259e-10
3.893921898650403873e-10
3.867165724835858599e-10
3.840441057900091165e-10
3.813819508874850586e-10
3.743509502007683128e-10
3.717913621974188678e-10
3.692371864980286708e-10
3.666889503009293187e-10
3.641451843257718391e-10
3.616072601358880426e-10
3.590772504052662502e-10
3.543714540089757490e-10
3.518952349440588254e-10
3.494230619321301317e-10
3.469549137024057038e-10
3.444931040446396284e-10
3.420373440289247036e-10
3.351680955162680127e-10
3.328165391362361748e-10
3.304662610934789351e-10
3.281171366881305188e-10
3.257757580882096411e-10
3.234373908115051544e-10
3.211038130975522067e-10
3.165809328928402988e-10
3.143006347204067244e-10
3.120231276656705746e-10
3.097529102516175142e-10
3.074862474137263785e-10
3.052290204297581898e-10
3.029822175146166183e-10
2.963629207395250879e-10
2.942057528956523890e-10
2.920544562053567144e-10
2.899071010870107513e-10
2.877653078952557066e-10
2.856312007606695476e-10
2.812828334978309589e-10
2.791979540781793448e-10
2.771177968176811825e-10
2.750408595951078790e-10
2.729703955661938498e-10
2.709050622404932545e-10
2.688456456553270103e-10
2.623872172641095162e-10
2.604209250952936379e-10
2.584549789392506490e-10
2.564956074903017924e-10
2.545398126839949267e-10
2.525877094708177558e-10
2.484114962409630980e-10
2.465107002722162221e-10
2.446101168708541833e-10
2.427182494233199991e-10
2.408273512159728378e-10
2.389470951331908866e-10
2.370739574770612883e-10
2.307828528963956178e-10
2.289926350372242438e-10
2.272117944398778458e-10
2.254317575333445686e-10
2.236583753384833975e-10
2.218908506783527340e-10
2.179052600218073543e-10
2.161819329916578783e-10
2.144668062722111954e-10
2.127532180366254364e-10
2.110445326101213447e-10
2.093405718186050480e-10
2.076428530128790265e-10
2.015613472806301043e-10
1.999511394673455011e-10
1.983412958748367250e-10
1.967328777285253420e-10
1.951318968306200666e-10
1.935331927488087234e-10
1.897345054388409087e-10
1.881841708012926057e-10
1.866347192646510826e-10
1.850872505623146725e-10
1.835469288320028035e-10
1.820084330333479095e-10
1.804798960508624551e-10
1.746057793858806393e-10
1.731571778395233543e-10
1.717101708509286081e-10
1.702707359931266805e-10
1.688326573348934050e-10
1.674007234913310624e-10
1.637914958862589643e-10
1.624038521492058858e-10
1.610172657246791260e-10
1.596386022325251343e-10
1.582610490341156001e-10
1.568884296806146819e-10
1.555201825874722383e-10
1.498479782239646962e-10
1.485588477961487658e-10
1.472753775129744748e-10
1.459922718411914273e-10
1.447104223127137516e-10
1.434355229322734031e-10
1.400021976602578425e-10
1.387675988391524999e-10
1.375384265231776303e-10
1.363106658429167495e-10
1.350838643708687749e-10
1.338646668803892985e-10
1.283150281001734608e-10
1.271753411817679113e-10
1.260384129928132158e-10
1.249024912350061478e-10
1.237665694771887400e-10
1.226389352903909193e-10
1.215119902405103635e-10
1.182555948339522912e-10
1.171730782059223748e-10
1.160930964354290509e-10
1.150131423119535936e-10
1.139399971187782386e-10
1.128691518700131763e-10
1.075225650175591266e-10
1.065278080894710029e-10
1.055345409036675416e-10
1.045417281991977164e-10
1.035555665134934859e-10
1.025709686549752098e-10
1.015863707964466069e-10
9.849783819667322987e-11
9.755524911091297871e-11
9.661311709307496927e-11
9.567477341518361122e-11
9.474073540978207498e-11
9.380669740437536887e-11
8.865408184777780643e-11
8.779501773392791095e-11
8.693729698972373757e-11
8.608370226900590084e-11
8.523280491290578792e-11
8.438190755680049220e-11
8.142012867773315255e-11
8.061056500132557293e-11
7.980250527666115750e-11
7.899718153249702154e-11
7.819661659217172154e-11
7.739687067261173202e-11
7.659785545885533068e-11
7.164270650906007631e-11
7.091755398100984191e-11
7.019333117230775331e-11
6.947098266746142449e-11
6.874952546333222972e-11
6.802939607211985834e-11
6.523273419328945736e-11
6.455193769475523869e-11
6.387114119622100709e-11
6.319316648312093311e-11
6.251785471052990591e-11
6.184317313133052824e-11
5.700754754772270712e-11
5.640480242466913697e-11
5.580205730160522706e-11
5.520030036810751470e-11
5.460027437574556605e-11
5.400142759041858388e-11
5.132477996294026337e-11
5.076441194021724195e-11
5.020404391749422699e-11
4.964488645442775977e-11
4.908991036036508056e-11
4.853592087961906656e-11
4.798491191465742764e-11
4.334046557371391881e-11
4.285817798967950933e-11
4.237615161824485927e-11
4.189653684220873544e-11
4.141737164808703234e-11
4.093939870343620023e-11
3.841568202477547146e-11
3.797178260872005469e-11
3.752788319266204652e-11
3.708919334738658033e-11
3.665059336611072452e-11
3.621199338483227730e-11
3.168516568693779094e-11
3.131414006806504632e-11
3.094311444918972323e-11
3.057440138762892451e-11
3.020600240625462049e-11
2.983760342488289494e-11
2.946920444351376079e-11
2.709250690048828200e-11
2.675760886787393281e-11
2.642656823313707417e-11
2.609655391616398496e-11
2.576653959918831404e-11
2.543652528221005171e-11
2.109523090191936930e-11
2.083164764184777343e-11
2.057081501706572006e-11
2.031109888011420642e-11
2.005138274315752290e-11
1.979166660620342432e-11
1.752962833087845691e-11
1.730284242569062109e-11
1.707708834569969332e-11
1.685190288353779251e-11
1.662671742137588847e-11
1.640153195921527690e-11
1.217954879543009354e-11
1.201965482268431711e-11
1.185976084993724659e-11
1.169986687719017930e-11
1.153997290444698619e-11
1.138007893170120976e-11
9.226343778592563542e-12
9.098811195683992866e-12
8.971278612778008744e-12
8.843746029869436452e-12
8.716213446963452331e-12
8.588680864056175740e-12
8.461148281147603448e-12
4.663499229719623204e-12
4.596136284002042335e-12
4.528773338284462273e-12
4.461410392566881404e-12
4.394047446848654300e-12
4.326684501130428004e-12
1.335459421332684574e-12
1.315741222437775848e-12
1.296023023542705765e-12
1.276304824647796838e-12
1.256586625752726755e-12
1.236868426857817827e-12
0.000000000000000000e+00
0.000000000000000000e+00
0.000000000000000000e+00
0.000000000000000000e+00
0.000000000000000000e+00
0.000000000000000000e+00
0.000000000000000000e+00
0.000000000000000000e+00
0.000000000000000000e+00
0.000000000000000000e+00
0.000000000000000000e+00
0.000000000000000000e+00
0.000000000000000000e+00
0.000000000000000000e+00
0.000000000000000000e+00
0.000000000000000000e+00
0.000000000000000000e+00
0.000000000000000000e+00
0.000000000000000000e+00
0.000000000000000000e+00
0.000000000000000000e+00
0.000000000000000000e+00
0.000000000000000000e+00
0.000000000000000000e+00
0.000000000000000000e+00
0.000000000000000000e+00
0.000000000000000000e+00
0.000000000000000000e+00
0.000000000000000000e+00
0.000000000000000000e+00
0.000000000000000000e+00
0.000000000000000000e+00
0.000000000000000000e+00
0.000000000000000000e+00
0.000000000000000000e+00
0.000000000000000000e+00
0.000000000000000000e+00
0.000000000000000000e+00
0.000000000000000000e+00
0.000000000000000000e+00
0.000000000000000000e+00
0.000000000000000000e+00
0.000000000000000000e+00
0.000000000000000000e+00
0.000000000000000000e+00
0.000000000000000000e+00
0.000000000000000000e+00
0.000000000000000000e+00
0.000000000000000000e+00
0.000000000000000000e+00
0.000000000000000000e+00
0.000000000000000000e+00
0.000000000000000000e+00
0.000000000000000000e+00
0.000000000000000000e+00
0.000000000000000000e+00
0.000000000000000000e+00
0.000000000000000000e+00
0.000000000000000000e+00
0.000000000000000000e+00
0.000000000000000000e+00
0.000000000000000000e+00
0.000000000000000000e+00
0.000000000000000000e+00
0.000000000000000000e+00
0.000000000000000000e+00
0.000000000000000000e+00
0.000000000000000000e+00
0.000000000000000000e+00
0.000000000000000000e+00
0.000000000000000000e+00
0.000000000000000000e+00
0.000000000000000000e+00
0.000000000000000000e+00
0.000000000000000000e+00
0.000000000000000000e+00
0.000000000000000000e+00
