1.159610801576588654e-07
1.244996269861276981e-07
1.326565970128984475e-07
1.404452698607717234e-07
1.478782220578304668e-07
1.549678054380002034e-07
1.617264126002763024e-07
1.681652931652468915e-07
1.742953791923399387e-07
1.801273075689456092e-07
1.856711779009459878e-07
1.909366053721744525e-07
1.959329094797489254e-07
2.006691288302196571e-07
2.051537417866592168e-07
2.093951829497602843e-07
2.134012095086413360e-07
2.171795836604612476e-07
2.207376616441673277e-07
2.240824513566505306e-07
2.272205787787266467e-07
2.301585083206712206e-07
2.329028726615433627e-07
2.354597018084488952e-07
2.378344076286241566e-07
2.400332006821901452e-07
2.420613236710479491e-07
2.439239013597616198e-07
2.456268479670970690e-07
2.471746367731674304e-07
2.485722907180628145e-07
2.498250026034581240e-07
2.509369914788813391e-07
2.519134350462979775e-07
2.527581358328375809e-07
2.534762293887318973e-07
2.540711146892030374e-07
2.545479944469306766e-07
2.549097152883890125e-07
2.551614886118309173e-07
2.553063080189764254e-07
2.553483369078929717e-07
2.552913486359195916e-07
2.551386820127514759e-07
2.548943126327294289e-07
2.545610587257287741e-07
2.541431076731543075e-07
2.536432655326880342e-07
2.530649320622332723e-07
2.524116131214147578e-07
2.516859338932017120e-07
2.508914504328993332e-07
2.500308317983499600e-07
2.491072003473767277e-07
2.481237981652651152e-07
2.470828712530450562e-07
2.459877627182757625e-07
2.448413647502060555e-07
2.436455567177154354e-07
2.424037885119539957e-07
2.411187953474404750e-07
2.397923981244960773e-07
2.384274610016408612e-07
2.370267738745502081e-07
2.355923540378600135e-07
2.341262078736727403e-07
2.326313028407609039e-07
2.311096984750798947e-07
2.295630312438848289e-07
2.279937953914503944e-07
2.264040843510322452e-07
2.247957336938677986e-07
2.231704551225745501e-07
2.215304975113224521e-07
2.198775956218940435e-07
2.182134269175952189e-07
2.165396233484778391e-07
2.148580249108987402e-07
2.131701007970580971e-07
2.114774657993685514e-07
2.097815874481502326e-07
2.080840503549194261e-07
2.063860431075569614e-07
2.046889640648003390e-07
2.029942528506830094e-07
2.013031788397750626e-07
1.996166748439400746e-07
1.979356950432165591e-07
1.962619309356790728e-07
1.945963622120927293e-07
1.929396386701182739e-07
1.912925384937284733e-07
1.896563633475841597e-07
1.880318993156587161e-07
1.864201256678928122e-07
1.848216061164280261e-07
1.832366590326670122e-07
1.816666213733491306e-07
1.801119105083460386e-07
1.785732420324989052e-07
1.770511112735602428e-07
1.755455610088500630e-07
1.740576560776843881e-07
1.725876143629753622e-07
1.711360676277334267e-07
1.697033456828506205e-07
1.682892962577751751e-07
1.668947883939294922e-07
1.655196311484703444e-07
1.641646610401888041e-07
1.628296520680817467e-07
1.615150222539154912e-07
1.602205614319240547e-07
1.589466587304161549e-07
1.576933760103684463e-07
1.564608415093097868e-07
1.552492395892857542e-07
1.540581854550743519e-07
1.528880697505914677e-07
1.517384387682624889e-07
1.506097330556294522e-07
1.495014033939057263e-07
1.484139198488600159e-07
1.473466569492869751e-07
1.462999446225288384e-07
1.452731277803961414e-07
1.442664845945191494e-07
1.432793745669894310e-07
1.423120623365698889e-07
1.413642214492894119e-07
1.404356381988331607e-07
1.395260329203172172e-07
1.386350353131472516e-07
1.377624496612397648e-07
1.369078336310232408e-07
1.360713908875264822e-07
1.352523531640139367e-07
1.344509193257590923e-07
1.336662434752946798e-07
1.328984208840858392e-07
1.321466948029207423e-07
1.314109415490862318e-07
1.306909224372160640e-07
1.299861423345054297e-07
1.292964628800023583e-07
1.286212653799418753e-07
1.279604598243667027e-07
1.273132641436241255e-07
1.266795050874320621e-07
1.260588827499837233e-07
1.254508699092907729e-07
1.248553937702750977e-07
1.242717547174729287e-07
1.236998362246506506e-07
1.231389666736229202e-07
1.225887182516443528e-07
1.220489490250350218e-07
1.215190667958014753e-07
1.209989116342797165e-07
1.204879411911636740e-07
1.199857723957452477e-07
1.194922025225063161e-07
1.190065281737451418e-07
1.185285415240259240e-07
1.180578314148816277e-07
1.175940090787953130e-07
1.171368294823493046e-07
1.166857451582690242e-07
1.162404950832232994e-07
1.158007728194902938e-07
1.153660507949545541e-07
1.149361359067523742e-07
1.145105842489377010e-07
1.140890768023573669e-07
1.136713931120651940e-07
1.132569967619296065e-07
1.128456921284705570e-07
1.124372216986813971e-07
1.120311079263753408e-07
1.116272069248476179e-07
1.112251990867936651e-07
1.108246765106520936e-07
1.104255545321841261e-07
1.100274052006383981e-07
1.096299011249861513e-07
1.092329792808276850e-07
1.088362766958090363e-07
1.084395522335462268e-07
1.080427631844389466e-07
1.076454827465297983e-07
1.072475142678486055e-07
1.068488389487279619e-07
1.064490251313535422e-07
1.060478816414825383e-07
1.056454052001647024e-07
1.052413365488054815e-07
1.048354903645139347e-07
1.044279259136944862e-07
1.040183527491089953e-07
1.036065810824856546e-07
1.031926238161960497e-07
1.027763557368160646e-07
1.023574684785274899e-07
1.019360215673996480e-07
1.015120093642683675e-07
1.010852099606980706e-07
1.006556994011970411e-07
1.002235045162771283e-07
9.978835710445756344e-08
9.935031417030243308e-08
9.890945930650498635e-08
9.846562949733726831e-08
9.801875109664424489e-08
9.756893764613671832e-08
9.711620216507633113e-08
9.666050954505295646e-08
9.620193636391086726e-08
9.574059475042443879e-08
9.527637170937154605e-08
9.480940103067168267e-08
9.433972549076770473e-08
9.386739316205745260e-08
9.339242487810473256e-08
9.291489890945707428e-08
9.243492142864755917e-08
9.195253708525563058e-08
9.146793446525863547e-08
9.098118656955070986e-08
9.049236106335762757e-08
9.000158216160436378e-08
8.950900654065600131e-08
8.901470210948804552e-08
8.851872001786676058e-08
8.802131519478006589e-08
8.752254007983901734e-08
8.702244984301153673e-08
8.652125229135183034e-08
8.601919043516636481e-08
8.551630325132254712e-08
8.501265438451748576e-08
8.450854222749413580e-08
8.400414384234784086e-08
8.349947734689013632e-08
8.299462731616994335e-08
8.248995952968492292e-08
8.198555962652738013e-08
8.148143045518139575e-08
8.097771593792831492e-08
8.047482082288588403e-08
7.997280309122645187e-08
7.947163605046200268e-08
7.897151112855362161e-08
7.847284698325070913e-08
7.797568572991745214e-08
7.747996036478337130e-08
7.698588402920098577e-08
7.649387739283191144e-08
7.600393841888075190e-08
7.551599347609936624e-08
7.503024267305106490e-08
7.454711325554503465e-08
7.406657456195455976e-08
7.358864972845054023e-08
7.311336486488082930e-08
7.264125172895196757e-08
7.217229878598408159e-08
7.170646160185784293e-08
7.124370274245823662e-08
7.078463258354146847e-08
7.032917283903359048e-08
6.987731200993473479e-08
6.942900781701807481e-08
6.898462122173983877e-08
6.854437380563346881e-08
6.810811715488064050e-08
6.767578139388145397e-08
6.724763114124296155e-08
6.682398939553749621e-08
6.640467659488070908e-08
6.598977378339687838e-08
6.557908860714856723e-08
6.517328790001203196e-08
6.477217632949663284e-08
6.437571170732372078e-08
6.398376110104909069e-08
6.359669838181976802e-08
6.321459802532519804e-08
6.283737798878458582e-08
6.246497942341199783e-08
6.209728165009993473e-08
6.173484011548940057e-08
6.137740984519171829e-08
6.102489333663803914e-08
6.067718753797011783e-08
6.033460133991835753e-08
5.999722431568834211e-08
5.966488265200065383e-08
5.933749146418097519e-08
5.901504436170165375e-08
5.869776669771572816e-08
5.838557028878421623e-08
5.807844749701155630e-08
5.777615525771872805e-08
5.747871064856631332e-08
5.718646735140497878e-08
5.689917616733846786e-08
5.661667077181129041e-08
5.633890147905985576e-08
5.606592277631897293e-08
5.579794600043668891e-08
5.553465075929202852e-08
5.527602340445397283e-08
5.502191397572499560e-08
5.477251248150192072e-08
5.452773184711702909e-08
5.428743098861293581e-08
5.405154596054137455e-08
5.381990648772558583e-08
5.359274394167532956e-08
5.336985031900797293e-08
5.315110016111030810e-08
5.293642234417958313e-08
5.272566558725716791e-08
5.251901577754228829e-08
5.231628999295825434e-08
5.211733881619080141e-08
5.192209950521988383e-08
5.173049749911723824e-08
5.154251928053672573e-08
5.135816833702737834e-08
5.117717775237015554e-08
5.099950013794804338e-08
5.082507240112371832e-08
5.065386057728935598e-08
5.048584372866339414e-08
5.032075849528457605e-08
5.015855662521018896e-08
4.999917050312385718e-08
4.984250605838891231e-08
4.968861538201180178e-08
4.953720834705402426e-08
4.938823127030877002e-08
4.924161062006498308e-08
4.909733422439423472e-08
4.895538822491221038e-08
4.881549489559500975e-08
4.867757023032853034e-08
4.854157020715507009e-08
4.840744881909847082e-08
4.827517973953786334e-08
4.814460212031908877e-08
4.801553302199459814e-08
4.788790755917815574e-08
4.776170056889269018e-08
4.763690373797072918e-08
4.751341839818552081e-08
4.739101206569143625e-08
4.726962006576222559e-08
4.714921145970625934e-08
4.702976163382493895e-08
4.691124290827422347e-08
4.679348849287690231e-08
4.667631393006254893e-08
4.655969851178058670e-08
4.644362562369242667e-08
4.632807433191898593e-08
4.621299162723239605e-08
4.609818917560410878e-08
4.598354395956816299e-08
4.586904759737466831e-08
4.575469006076937514e-08
4.564047604906921743e-08
4.552630769657156861e-08
4.541199191473501724e-08
4.529748903013074758e-08
4.518279562789186456e-08
4.506791183839135670e-08
4.495282936992117263e-08
4.483742107318784039e-08
4.472154177485844538e-08
4.460517815380475728e-08
4.448833328928747151e-08
4.437101269923496032e-08
4.425321194598126857e-08
4.413481405598692376e-08
4.401571650005055645e-08
4.389591924453283546e-08
4.377543157496158548e-08
4.365426251113066902e-08
4.353241240273463404e-08
4.340978056625874941e-08
4.328629781901046362e-08
4.316197637446760667e-08
4.303682327809446580e-08
4.291084528023169185e-08
4.278403864236179543e-08
4.265636053604193255e-08
4.252775876187076349e-08
4.239824259100947462e-08
4.226780607579110132e-08
4.213646839304058342e-08
4.200424555668454395e-08
4.187112976905589777e-08
4.173708746625503941e-08
4.160212199150008731e-08
4.146626743606258464e-08
4.132953712336123802e-08
4.119193247219228142e-08
4.105346829964586658e-08
4.091412694711028578e-08
4.077395683426899873e-08
4.063296359978920023e-08
4.049116454163082520e-08
4.034857632033114170e-08
4.020520464143965499e-08
4.006106533908184856e-08
3.991621314467719450e-08
3.977067143679953537e-08
3.962445332209029358e-08
3.947757244115711969e-08
3.933004261477857341e-08
3.918187816372448785e-08
3.903316346827029174e-08
3.888395639001336109e-08
3.873427666526535777e-08
3.858412834284901069e-08
3.843352234454302434e-08
3.828247483477109697e-08
3.813101817557057218e-08
3.797926551334218744e-08
3.782728100105541504e-08
3.767505035018213545e-08
3.752258719787640767e-08
3.736989660998907931e-08
3.721698361628548863e-08
3.706396337676332379e-08
3.691093017975934009e-08
3.675789095855164610e-08
3.660488706893194782e-08
3.645188538428577955e-08
3.629890457014767938e-08
3.614595661700580200e-08
3.599318296776189181e-08
3.584069732293091656e-08
3.568847231330546983e-08
3.553653879945327438e-08
3.538489409383917521e-08
3.523351349098809071e-08
3.508244290944589303e-08
3.493182283297887822e-08
3.478175948038094459e-08
3.463220952687951289e-08
3.448320415674022153e-08
3.433474862051383303e-08
3.418680221282974350e-08
3.403940930926991969e-08
3.389271393532876247e-08
3.374681024437721424e-08
3.360163209215295004e-08
3.345726410847607960e-08
3.331363224416255246e-08
3.317075265357773592e-08
3.302861619585764252e-08
3.288738960698706268e-08
3.274712666402707424e-08
3.260784352013292558e-08
3.246955160085907165e-08
3.233218989530866890e-08
3.219577750234343522e-08
3.206027903733663344e-08
3.192584118549502381e-08
3.179253298300546734e-08
3.166041275242709548e-08
3.152938461470177630e-08
3.139947851617067700e-08
3.127064112590952585e-08
3.114294035602722144e-08
3.101634249859583403e-08
3.089103530194792578e-08
3.076695639230252802e-08
3.064408679948589155e-08
3.052245121354044222e-08
3.040202789718115755e-08
3.028279082267261699e-08
3.016471707896778143e-08
3.004794668925129088e-08
2.993246544870915811e-08
2.981833499320073449e-08
2.970543742394232339e-08
2.959381947165130995e-08
2.948340228333852864e-08
2.937427439071321048e-08
2.926637544140186141e-08
2.915982687124638181e-08
2.905460259245408472e-08
2.895061432656400881e-08
2.884797561454993837e-08
2.874656703318598676e-08
2.864640789939220411e-08
2.854744303397243652e-08
2.844978692665911451e-08
2.835346280838029695e-08
2.825834270530562152e-08
2.816446224154024443e-08
2.807178053019496699e-08
2.798032223548665035e-08
2.789005243170340801e-08
2.780092762306315736e-08
2.771301378609273396e-08
2.762631907733142914e-08
2.754076238855172630e-08
2.745633685688014439e-08
2.737299623864739538e-08
2.729081250604772999e-08
2.720969059798794348e-08
2.712964148578066463e-08
2.705068627940721565e-08
2.697281801384617721e-08
2.689596323579278963e-08
2.682010629767754526e-08
2.674521764482740438e-08
2.667134710738498996e-08
2.659842586822099087e-08
2.652644639919004008e-08
2.645542054014895575e-08
2.638534114459759383e-08
2.631609720351218249e-08
2.624769472665514231e-08
2.618012663574940025e-08
2.611337985344726176e-08
2.604745868535095946e-08
2.598229129299689293e-08
2.591796119620874182e-08
2.585438207517634503e-08
2.579147658224358432e-08
2.572922811345771560e-08
2.566766142924672737e-08
2.560674697916976016e-08
2.554645465351238698e-08
2.548682605229810973e-08
2.542780931900182582e-08
2.536938589084781825e-08
2.531145980350243339e-08
2.525403274308689961e-08
2.519708654369262296e-08
2.514060858028874019e-08
2.508461410520601375e-08
2.502907268172684937e-08
2.497399232489755247e-08
2.491931766508148367e-08
2.486502568375999072e-08
2.481103272923802733e-08
2.475734698569611098e-08
2.470396657085245146e-08
2.465088326006478646e-08
2.459808571442379864e-08
2.454558117575983519e-08
2.449334488936462002e-08
2.444134270407212281e-08
2.438949415012214355e-08
2.433778562382935004e-08
2.428622464367529716e-08
2.423480782006174034e-08
2.418352176577460124e-08
2.413236969161256166e-08
2.408133869038269806e-08
2.403043671358031978e-08
2.397957038459699606e-08
2.392872221604329654e-08
2.387787990456730115e-08
2.382704433142499325e-08
2.377621604368471839e-08
2.372538484575671908e-08
2.367455627789332789e-08
2.362373083716255531e-08
2.357288041115137104e-08
2.352196374439115427e-08
2.347095711824578130e-08
2.341986608605005816e-08
2.336867236198447358e-08
2.331738570829940928e-08
2.326600920423116546e-08
2.321453606846955169e-08
2.316297412548506116e-08
2.311130092393924808e-08
2.305948300488897491e-08
2.300751245471250177e-08
2.295539094502294769e-08
2.290310243844594161e-08
2.285066627448072217e-08
2.279806699840153790e-08
2.274531632071813746e-08
2.269241758008380671e-08
2.263935784446837277e-08
2.258612298310193164e-08
2.253271320039642985e-08
2.247911110844667177e-08
2.242533137441055603e-08
2.237138358893144540e-08
2.231724079686561538e-08
2.226292023216316113e-08
2.220843948771949685e-08
2.215377052746467838e-08
2.209894391376037634e-08
2.204395445913444129e-08
2.198878866119845272e-08
2.193346093964578566e-08
2.187796615888790089e-08
2.182230575437965249e-08
2.176649364913710555e-08
2.171050687742627248e-08
2.165436815398388772e-08
2.159810221085015330e-08
2.154169485756664931e-08
2.148517471645959180e-08
2.142853355676014899e-08
2.137176955345241652e-08
2.131489082087098203e-08
2.125789107650836263e-08
2.120077551349791533e-08
2.114355745139354389e-08
2.108622071347474593e-08
2.102882852370392503e-08
2.097137976900812486e-08
2.091387998674424804e-08
2.085633099622514927e-08
2.079872967821194821e-08
2.074107661366338409e-08
2.068337627412965486e-08
2.062562656310174493e-08
2.056782803091818889e-08
2.051002200035214080e-08
2.045223886503345273e-08
2.039448563242390816e-08
2.033676857350558142e-08
2.027908464473974721e-08
2.022142519073780665e-08
2.016380774487153830e-08
2.010621923619764387e-08
2.004866634916540958e-08
1.999115331028154172e-08
1.993372733041873897e-08
1.987640523315908886e-08
1.981920369906251062e-08
1.976212216888483144e-08
1.970516203585170061e-08
1.964830733155262116e-08
1.959158689732799487e-08
1.953497339532204947e-08
1.947848271382315497e-08
1.942211639512846291e-08
1.936591469148120811e-08
1.930990627666669450e-08
1.925409246069230741e-08
1.919848199971213027e-08
1.914306925712150014e-08
1.908783934657852241e-08
1.903282058429263574e-08
1.897797977843346561e-08
1.892334792852414568e-08
1.886890035709484615e-08
1.881468358438799342e-08
1.876073844591696226e-08
1.870704856830930681e-08
1.865363968198241354e-08
1.860048424268545771e-08
1.854759399925059886e-08
1.849496802891605797e-08
1.844258399983926377e-08
1.839047353524442051e-08
1.833860187168839370e-08
1.828702036412358877e-08
1.823575330406485263e-08
1.818478211101508651e-08
1.813414981703787606e-08
1.808380309964004088e-08
1.803379596485443485e-08
1.798407230470694123e-08
1.793467854341694668e-08
1.788557890613031683e-08
1.783677809568033372e-08
1.778828523048763253e-08
1.774011725017209379e-08
1.769230953094160229e-08
1.764482613755781079e-08
1.759769149371827702e-08
1.755088382034930033e-08
1.750440534716284506e-08
1.745826482205735826e-08
1.741243013287862987e-08
1.736694017174746426e-08
1.732174682085442419e-08
1.727691202241721154e-08
1.723242183296694964e-08
1.718826841723130472e-08
1.714446438362433883e-08
1.710098059896898803e-08
1.705785431899457272e-08
1.701503267031647416e-08
1.697257019628270110e-08
1.693040202139324562e-08
1.688858962184656931e-08
1.684708104478297066e-08
1.680590590504925590e-08
1.676507580712060158e-08
1.672455025011633694e-08
1.668437142836519613e-08
1.664448812531103035e-08
1.660494077448221904e-08
1.656568284947872722e-08
1.652676176437807890e-08
1.648812366543851783e-08
1.644981317851191406e-08
1.641179309463009918e-08
1.637407735670106848e-08
1.633667329548598877e-08
1.629953780572456823e-08
1.626270773870949758e-08
1.622613819067438916e-08
1.618986058879241733e-08
1.615383770312793035e-08
1.611810982969430274e-08
1.608262448928060307e-08
1.604743204951426063e-08
1.601248914272984107e-08
1.597781732120750688e-08
1.594340139337526744e-08
1.590921546409945938e-08
1.587527308168595083e-08
1.584155128237055247e-08
1.580807080822487958e-08
1.577480604387025337e-08
1.574177588132010710e-08
1.570895311272075587e-08
1.567636838281809137e-08
1.564397915048042663e-08
1.561182785817677960e-08
1.557987477470173414e-08
1.554812011675338681e-08
1.551653415089725155e-08
1.548512803033818946e-08
1.545389696000342273e-08
1.542284097859446906e-08
1.539195444953560690e-08
1.536124429397908251e-08
1.533069862821233149e-08
1.530032134958933168e-08
1.527010881923414494e-08
1.524004766557929398e-08
1.521014148208377647e-08
1.518035338414491413e-08
1.515069578167642754e-08
1.512115743283392600e-08
1.509174028757196071e-08
1.506244019823993916e-08
1.503326158851436263e-08
1.500419413475360356e-08
1.497524895866576168e-08
1.494640578446755048e-08
1.491768618527109714e-08
1.488906604360918164e-08
1.486053746958968714e-08
1.483208128350041974e-08
1.480370043065891028e-08
1.477539321437448782e-08
1.474716030128165129e-08
1.471899924873014366e-08
1.469091045546613132e-08
1.466288699218657342e-08
1.463494061642044434e-08
1.460705620803997495e-08
1.457924553949906694e-08
1.455149287817816218e-08
1.452378440265993556e-08
1.449611548955022070e-08
1.446848142603294934e-08
1.444088908933441371e-08
1.441333092106784785e-08
1.438580950582227889e-08
1.435832290894502257e-08
1.433086958765861005e-08
1.430345357173734755e-08
1.427606854828479577e-08
1.424872088169737935e-08
1.422140572296889056e-08
1.419410711577467737e-08
1.416682604812883676e-08
1.413955517912351649e-08
1.411230184494362062e-08
1.408505814517781619e-08
1.405783016707986733e-08
1.403061213793160326e-08
1.400340760660093168e-08
1.397621418169171306e-08
1.394903293663897454e-08
1.392186373739652621e-08
1.389471507435753487e-08
1.386757213927551131e-08
1.384043619335715430e-08
1.381330187634071174e-08
1.378617366580935721e-08
1.375904668839077420e-08
1.373192555516859213e-08
1.370480404733999448e-08
1.367768934982380675e-08
1.365057396952656943e-08
1.362346435027000391e-08
1.359635628177606550e-08
1.356926159992099395e-08
1.354218110663965925e-08
1.351510764682193502e-08
1.348804614326229005e-08
1.346098913128603250e-08
1.343394068969145089e-08
1.340689818326994407e-08
1.337986211760498962e-08
1.335283433985231847e-08
1.332581406775866361e-08
1.329880218664771042e-08
1.327179596814372032e-08
1.324480226018791987e-08
1.321783549817153725e-08
1.319088730571052170e-08
1.316396097411395887e-08
1.313705797466130790e-08
1.311017454453779702e-08
1.308331704980451215e-08
1.305647577835878205e-08
1.302965610044016375e-08
1.300285570363696032e-08
1.297607371268778446e-08
1.294931479301171856e-08
1.292257785018881183e-08
1.289586978997821552e-08
1.286920863839327838e-08
1.284258284260725505e-08
1.281599732498676839e-08
1.278945294160936197e-08
1.276294492060982916e-08
1.273648710389710971e-08
1.271006128855933345e-08
1.268368104688503934e-08
1.265733417972664966e-08
1.263102712350801751e-08
1.260475852944362310e-08
1.257853203217708533e-08
1.255235464074087794e-08
1.252624553103290455e-08
1.250019253422527241e-08
1.247419808728509911e-08
1.244826904296219078e-08
1.242239391972203240e-08
1.239659484223072677e-08
1.237084497743933928e-08
1.234516296541823190e-08
1.231953299896223293e-08
1.229396288019576472e-08
1.226845368203780123e-08
1.224300570534782127e-08
1.221762636952934528e-08
1.219232463704507048e-08
1.216710475484566555e-08
1.214195700427110903e-08
1.211689826524495695e-08
1.209191134780515802e-08
1.206701599061295912e-08
1.204218768355725731e-08
1.201743890812940065e-08
1.199276537532483167e-08
1.196816955089879657e-08
1.194365886165315559e-08
1.191921344116089366e-08
1.189485906985907841e-08
1.187058432553946683e-08
1.184640906825802136e-08
1.182232052385944525e-08
1.179833622407906762e-08
1.177443497244669298e-08
1.175062191786928901e-08
1.172690345179171081e-08
1.170327123507908806e-08
1.167974456000951886e-08
1.165629341998637056e-08
1.163293934928868294e-08
1.160966480130580064e-08
1.158648344187354414e-08
1.156339670950503790e-08
1.154040938611946355e-08
1.151752380294334821e-08
1.149472760334295669e-08
1.147203997910669946e-08
1.144944134059482712e-08
1.142694994083654291e-08
1.140454578529453463e-08
1.138223535440621777e-08
1.136002706936478287e-08
1.133790548744690389e-08
1.131589155183484828e-08
1.129395711964229003e-08
1.127212507151672726e-08
1.125038436173034000e-08
1.122875293689910584e-08
1.120721511461070270e-08
1.118576680451445084e-08
1.116442577975272790e-08
1.114317161166385646e-08
1.112202641911529733e-08
1.110096536565901139e-08
1.107999898417739175e-08
1.105912670676214094e-08
1.103834382118610691e-08
1.101766645645990357e-08
1.099706643530349163e-08
1.097656967804673716e-08
1.095615759844961165e-08
1.093584799673108377e-08
1.091562401074735672e-08
1.089548248766941637e-08
1.087543897855459890e-08
1.085547539510360157e-08
1.083560925151198084e-08
1.081582184721534212e-08
1.079611970563462162e-08
1.077650918116204701e-08
1.075697588490553761e-08
1.073754042142282710e-08
1.071817641908826175e-08
1.069890172447256242e-08
1.067970850391707746e-08
1.066059901868328020e-08
1.064157001683893278e-08
1.062261180114213184e-08
1.060373556946314732e-08
1.058493048463993547e-08
1.056620384556100282e-08
1.054754964853875808e-08
1.052896440746284971e-08
1.051046290690952052e-08
1.049202652101347701e-08
1.047366507589208489e-08
1.045537244862391930e-08
1.043714790932935348e-08
1.041900013423656770e-08
1.040092065175264052e-08
1.038291367491184200e-08
1.036496316190145927e-08
1.034707867980533516e-08
1.032925209433886060e-08
1.031148508403336734e-08
1.029378419564957601e-08
1.027613969922547972e-08
1.025855370265091477e-08
1.024102797222678344e-08
1.022355730849647724e-08
1.020615400748593160e-08
1.018880043929413670e-08
1.017150840606157009e-08
1.015427167126381671e-08
1.013709110877895814e-08
1.011996338409811335e-08
1.010287992014332457e-08
1.008584902484504960e-08
1.006886286494053869e-08
1.005192315742470942e-08
1.003503061006654157e-08
1.001818452062585282e-08
1.000138551596270993e-08
9.984631003916719630e-09
9.967918076106006914e-09
9.951256238737061493e-09
9.934632326462776234e-09
9.918060315030752746e-09
9.901528968157186344e-09
9.885044887391863221e-09
9.868597204047409169e-09
9.852185159545998220e-09
9.835811852441291171e-09
9.819474047289726029e-09
9.803172180984717949e-09
9.786904802543664408e-09
9.770673234381411763e-09
9.754477277931578100e-09
9.738315487716734081e-09
9.722184902264031733e-09
9.706093831207067271e-09
9.690032034887275087e-09
9.674007922171855356e-09
9.658017399448419537e-09
9.642066483267677349e-09
9.626144597688669838e-09
9.610250803717794929e-09
9.594391162840942913e-09
9.578557828485040327e-09
9.562752608736760925e-09
9.546977571065707427e-09
9.531231499745629181e-09
9.515511555803065354e-09
9.499820098391108490e-09
9.484156182065815333e-09
9.468522824086512153e-09
9.452913461614924448e-09
9.437331661294937262e-09
9.421780667971720045e-09
9.406262512217382492e-09
9.390772645937784507e-09
9.375308506399071182e-09
9.359874486478471074e-09
9.344462204620707920e-09
9.329076043092352626e-09
9.313718882256819969e-09
9.298384138090469413e-09
9.283072096913164743e-09
9.267791063466526251e-09
9.252531746303462850e-09
9.237294177308953233e-09
9.222086109501063461e-09
9.206898722482906486e-09
9.191739642447531059e-09
9.176607003458245779e-09
9.161509481937108821e-09
9.146434717366452720e-09
9.131383609851672155e-09
9.116364238633439734e-09
9.101366868280350949e-09
9.086392509884262858e-09
9.071447552994446946e-09
9.056526063129432477e-09
9.041627396312711240e-09
9.026754967058812601e-09
9.011906290849127339e-09
8.997083340646787933e-09
8.982281819416171753e-09
8.967505513747972560e-09
8.952758058986444480e-09
8.938036964596245187e-09
8.923350820067687089e-09
8.908690622903007777e-09
8.894055701021630579e-09
8.879452757848022501e-09
8.864876398715135999e-09
8.850324700355529617e-09
8.835803082397598825e-09
8.821308107904887651e-09
8.806839455705819063e-09
8.792396823508354897e-09
8.777980727835249377e-09
8.763594680129875723e-09
8.749230117038092570e-09
8.734893638428507690e-09
8.720588804793379717e-09
8.706311296287089285e-09
8.692072575958391874e-09
8.677862465270136277e-09
8.663679973764477544e-09
8.649535901911909524e-09
8.635419424113648851e-09
8.621329080645380461e-09
8.607278008141673928e-09
8.593253476356613166e-09
8.579256655965185042e-09
8.565294869131689778e-09
8.551360241652844137e-09
8.537456083461832668e-09
8.523582314702212209e-09
8.509735452209969156e-09
8.495924102982435501e-09
8.482142281809375344e-09
8.468400195797100580e-09
8.454690782559463545e-09
8.441010448562328798e-09
8.427374043407320137e-09
8.413763950530279151e-09
8.400185419066179253e-09
8.386649184755277969e-09
8.373138905658740460e-09
8.359659188362009474e-09
8.346222553218480083e-09
8.332810155426070664e-09
8.319429067557191595e-09
8.306088004890283499e-09
8.292772872515654208e-09
8.279491363891310072e-09
8.266245231457931593e-09
8.253032854461639410e-09
8.239861159938489936e-09
8.226723503929656516e-09
8.213616601546801448e-09
8.200551108174610042e-09
8.187518755520280690e-09
8.174515822460742801e-09
8.161557046465059349e-09
8.148627692662591472e-09
8.135729550831992993e-09
8.122873116410024493e-09
8.110046179059692173e-09
8.097251324854989387e-09
8.084494674735161488e-09
8.071766934299300089e-09
8.059076823583416464e-09
8.046421153451489654e-09
8.033800276412129441e-09
8.021219347625702890e-09
8.008672615728284119e-09
7.996157526534412033e-09
7.983682657060058800e-09
7.971240714890567573e-09
7.958831263385195439e-09
7.946461330773623779e-09
7.934123163205869481e-09
7.921816806852795220e-09
7.909550221931261173e-09
7.897313948670032041e-09
7.885110454402831369e-09
7.872943700932880077e-09
7.860806457768091571e-09
7.848707035464335362e-09
7.836640686964891435e-09
7.824607655050388046e-09
7.812613477621190441e-09
7.800651526637400727e-09
7.788719105301284002e-09
7.776824308667622966e-09
7.764961519637120191e-09
7.753126832055170172e-09
7.741333140073019485e-09
7.729566546962196108e-09
7.717829559988350937e-09
7.706133232971888154e-09
7.694463103209094828e-09
7.682822106786753463e-09
7.671219655458122525e-09
7.659643850812470257e-09
7.648099992496052906e-09
7.636588523823212264e-09
7.625108716102425903e-09
7.613666796745053437e-09
7.602251339840343449e-09
7.590863230561350098e-09
7.579512735771975718e-09
7.568187099960902902e-09
7.556890339155733366e-09
7.545627741241894221e-09
7.534392377286992686e-09
7.523184804411734656e-09
7.512011259419405881e-09
7.500862065869018667e-09
7.489742055346191611e-09
7.478656034654718391e-09
7.467593614753168821e-09
7.456557699555658257e-09
7.445557475651344455e-09
7.434582766607122591e-09
7.423637706719904774e-09
7.412723901158275805e-09
7.401836115436660698e-09
7.390973702468003070e-09
7.380140301340163087e-09
7.369333693430128085e-09
7.358549904693851646e-09
7.347799280920502197e-09
7.337070472061626497e-09
7.326366208775740097e-09
7.315694236283127054e-09
7.305043563815021063e-09
7.294416600672417060e-09
7.283822494096963440e-09
7.273247761961430762e-09
7.262697149232087370e-09
7.252178279286844025e-09
7.241682627150024152e-09
7.231215043620043874e-09
7.220772411104668956e-09
7.210353198011711556e-09
7.199958069596557863e-09
7.189587069554126243e-09
7.179239475026756763e-09
7.168912573772709855e-09
7.158613718467841043e-09
7.148334462010862297e-09
7.138076634036411335e-09
7.127846920823316728e-09
7.117635908006078672e-09
7.107446003265432226e-09
7.097284190251981934e-09
7.087139572014338999e-09
7.077016288350128553e-09
7.066920638609654345e-09
7.056845459497832016e-09
7.046795648608784330e-09
7.036768402849542288e-09
7.026762148771610427e-09
7.016775679046161521e-09
7.006811553052562605e-09
6.996867675215991888e-09
6.986941879109228189e-09
6.977041412209723676e-09
6.967157935489267988e-09
6.957293856370365284e-09
6.947453269745198924e-09
6.937629439617606135e-09
6.927826757556235597e-09
6.918044249881917835e-09
6.908281082091390837e-09
6.898536222090254138e-09
6.888813082381571255e-09
6.879110082404318513e-09
6.869428484367094024e-09
6.859771492207331465e-09
6.850131305095310773e-09
6.840507509687711877e-09
6.830909570214798009e-09
6.821325808102528537e-09
6.811761673987678763e-09
6.802217617124021073e-09
6.792691023206892831e-09
6.783184244056923451e-09
6.773692184487085690e-09
6.764224456616100532e-09
6.754771380395155115e-09
6.745334187969977350e-09
6.735921254879332078e-09
6.726521097845539428e-09
6.717139071141964217e-09
6.707779149417346704e-09
6.698436504728906364e-09
6.689115628719302240e-09
6.679813988489829285e-09
6.670531153517930567e-09
6.661263526423611022e-09
6.652018524156089965e-09
6.642788012929015528e-09
6.633574470936955477e-09
6.624382916777973120e-09
6.615204790025793253e-09
6.606046914361266394e-09
6.596903973917858193e-09
6.587781601183888878e-09
6.578674503426142576e-09
6.569582090492085174e-09
6.560512502344564960e-09
6.551455066700104599e-09
6.542414826757156036e-09
6.533395768301012976e-09
6.524392533484297271e-09
6.515410568448232124e-09
6.506446745935676808e-09
6.497501086024593598e-09
6.488569698143378607e-09
6.479660775476866910e-09
6.470765411184827045e-09
6.461886507985311734e-09
6.453028970495844898e-09
6.444184748274789759e-09
6.435359876016003982e-09
6.426548608853880167e-09
6.417759140881367011e-09
6.408983087184064860e-09
6.400221674221722478e-09
6.391482789781729534e-09
6.382755388150412497e-09
6.374044423609957938e-09
6.365353539038372550e-09
6.356679389781248764e-09
6.348023189394112647e-09
6.339387712197990837e-09
6.330768087999488937e-09
6.322162435949944353e-09
6.313581011665610653e-09
6.305012041686360619e-09
6.296461271252741112e-09
6.287926211909861693e-09
6.279411736208697307e-09
6.270911229706516018e-09
6.262425163819574930e-09
6.253962219701599708e-09
6.245510245884943907e-09
6.237076844330358045e-09
6.228659785232126783e-09
6.220260411125032376e-09
6.211875368400332071e-09
6.203506712363693664e-09
6.195157170294100288e-09
6.186823196296174865e-09
6.178509975717819054e-09
6.170214019075294023e-09
6.161935683019197356e-09
6.153671798160031506e-09
6.145429160751792122e-09
6.137200510701465559e-09
6.128987366285021458e-09
6.120795446604291232e-09
6.112617188635517215e-09
6.104457148006861735e-09
6.096309724667014648e-09
6.088186037509787224e-09
6.080073313753412820e-09
6.071976533852937816e-09
6.063900625426925193e-09
6.055837411954559016e-09
6.047790013699936385e-09
6.039760657737223736e-09
6.031747829745733811e-09
6.023751515646523368e-09
6.015775932188967174e-09
6.007815284300416989e-09
5.999871939291154854e-09
5.991943729806509799e-09
5.984034960342203206e-09
5.976140693509911362e-09
5.968260938961363770e-09
5.960402100343739103e-09
5.952556304650809374e-09
5.944728367947675960e-09
5.936912846099349589e-09
5.929120210497527424e-09
5.921338068408543825e-09
5.913571834067220980e-09
5.905825587594823544e-09
5.898091986253391111e-09
5.890374061643661737e-09
5.882672651494781057e-09
5.874988071773043115e-09
5.867318816705300822e-09
5.859668514451265745e-09
5.852034657084989239e-09
5.844416970702598437e-09
5.836812118212040589e-09
5.829227887653163336e-09
5.821655782879823258e-09
5.814099522199539366e-09
5.806560165689155256e-09
5.799037149914710840e-09
5.791528026268579436e-09
5.784032435399456811e-09
5.776557711668362590e-09
5.769093779270701184e-09
5.761646610373628639e-09
5.754212637118023232e-09
5.746797729554072378e-09
5.739394516349045470e-09
5.732005047481940220e-09
5.724635510920380137e-09
5.717279194824381865e-09
5.709938626587247314e-09
5.702617202271668991e-09
5.695308673421045638e-09
5.688013315487578374e-09
5.680736373265339030e-09
5.673473273576239010e-09
5.666225473142750799e-09
5.658989273662892208e-09
5.651772769279797777e-09
5.644567602607978607e-09
5.637378800922720239e-09
5.630201241433087515e-09
5.623043765450832224e-09
5.615896159334679888e-09
5.608762630926690344e-09
5.601646738845531669e-09
5.594543328565906368e-09
5.587453473076091266e-09
5.580377149603059638e-09
5.573317671579369552e-09
5.566271624259336019e-09
5.559241576757235208e-09
5.552227507750662896e-09
5.545226634223010941e-09
5.538236536979904842e-09
5.531266053853785308e-09
5.524306082246647188e-09
5.517360823978056730e-09
5.510426569720338701e-09
5.503510687121192809e-09
5.496604895512017573e-09
5.489714587261587184e-09
5.482835086703894439e-09
5.475973512581470410e-09
5.469121513440066051e-09
5.462282492702203442e-09
5.455459739080153009e-09
5.448648788793033042e-09
5.441850316666495176e-09
5.435064134190949078e-09
5.428294147362011174e-09
5.421536492425827246e-09
5.414793476347531754e-09
5.408066027046225109e-09
5.401350128924087135e-09
5.394644855279278211e-09
5.387956535826970969e-09
5.381279134579457473e-09
5.374615146052819746e-09
5.367961319885237197e-09
5.361324062534753273e-09
5.354696558274146905e-09
5.348083083104843597e-09
5.341478941575134153e-09
5.334892447845723822e-09
5.328313986588496189e-09
5.321749755093894922e-09
5.315195576181576886e-09
5.308657508881768879e-09
5.302128112500561438e-09
5.295610178469243601e-09
5.289107965898096958e-09
5.282616959586160925e-09
5.276138488172547132e-09
5.269676432129632698e-09
5.263223895012178610e-09
5.256784772283419744e-09
5.250355847465794027e-09
5.243942253714741864e-09
5.237537548270263735e-09
5.231145417977140092e-09
5.224764321711372447e-09
5.218398420751109035e-09
5.212041006266193855e-09
5.205695770610761937e-09
5.199361619061059742e-09
5.193041773276035079e-09
5.186730812786307049e-09
5.180430395329439433e-09
5.174144251810155102e-09
5.167868422547370788e-09
5.161603158274811493e-09
5.155347999821628190e-09
5.149107814252973708e-09
5.142878001188202052e-09
5.136660498267461188e-09
5.130457676627383729e-09
5.124264036059308304e-09
5.118081440510461815e-09
5.111910913512497671e-09
5.105753074027977396e-09
5.099604238854437483e-09
5.093466802826065461e-09
5.087340865845029059e-09
5.081227615624714575e-09
5.075123249155807124e-09
5.069029468944437029e-09
5.062947644891623137e-09
5.056877881061379103e-09
5.050817158152856373e-09
5.044766029003081966e-09
5.038728602492262098e-09
5.032700734317527469e-09
5.026682743679815588e-09
5.020674202914692782e-09
5.014680020846564745e-09
5.008695473189066396e-09
5.002722056499585002e-09
4.996763118734752250e-09
4.990812325119294304e-09
4.984872968508061652e-09
4.978943298873018932e-09
4.973026972930012785e-09
4.967118254771229438e-09
4.961220918399510071e-09
4.955332707861981685e-09
4.949458829951269495e-09
4.943591396454497015e-09
4.937736145518325064e-09
4.931888794493924412e-09
4.926055981964045783e-09
4.920229045366938004e-09
4.914414279879245103e-09
4.908608068682760322e-09
4.902815205697691974e-09
4.897028932907274725e-09
4.891252630298691993e-09
4.885488859160740626e-09
4.879734421218235939e-09
4.873990508342161759e-09
4.868259198290578379e-09
4.862538055295357414e-09
4.856827244630128359e-09
4.851123176169210566e-09
4.845434264501673892e-09
4.839752799438219899e-09
4.834082104133817913e-09
4.828418990443072687e-09
4.822769182128415075e-09
4.817127819447643631e-09
4.811496028011335050e-09
4.805872509991856287e-09
4.800261549772103267e-09
4.794659592172891902e-09
4.789066505900573380e-09
4.783481437218311864e-09
4.777909361329585031e-09
4.772345355527133723e-09
4.766790261077707726e-09
4.761243409811235815e-09
4.755709723772407956e-09
4.750184499264057013e-09
4.744668865120261851e-09
4.739166473695498120e-09
4.733672054683504987e-09
4.728188500652129264e-09
4.722711612486716738e-09
4.717248788811323476e-09
4.711792828763246608e-09
4.706347527214599512e-09
4.700909183852644699e-09
4.695484378907337499e-09
4.690066853074382954e-09
4.684659041094681823e-09
4.679258928980254450e-09
4.673871391964736658e-09
4.668491911959333932e-09
4.663121222720953941e-09
4.657758124540094687e-09
4.652407574052333622e-09
4.647064873947643227e-09
4.641730609119092647e-09
4.636404276253881270e-09
4.631090440273327229e-09
4.625784859245919265e-09
4.620488507653848000e-09
4.615204066503814105e-09
4.609928365345140779e-09
4.604662329688568917e-09
4.599402227308401298e-09
4.594156008793053731e-09
4.588916686338709029e-09
4.583686942182805079e-09
4.578464545401780450e-09
4.573253391201765741e-09
4.568051277094679548e-09
4.562856688582128925e-09
4.557670863178644312e-09
4.552494043917828959e-09
4.547328546765510191e-09
4.542168430465775143e-09
4.537018683017494518e-09
4.531876659114579957e-09
4.526746351973709998e-09
4.521621550579487192e-09
4.516505239943003576e-09
4.511399819275939422e-09
4.506302837960702704e-09
4.501214325163350121e-09
4.496136078753040175e-09
4.491068522030239856e-09
4.486008015123514866e-09
4.480956311583153077e-09
4.475913005855224673e-09
4.470880836719164488e-09
4.465854703951391420e-09
4.460838504950404663e-09
4.455828697958317561e-09
4.450831345224494873e-09
4.445839948904116392e-09
4.440857958776214323e-09
4.435882500105638988e-09
4.430918744230760009e-09
4.425962017139829667e-09
4.421013183225535293e-09
4.416071246867416581e-09
4.411140342691084052e-09
4.406217260772178381e-09
4.401301168266120798e-09
4.396392445145332726e-09
4.391494975072221588e-09
4.386604818739146062e-09
4.381723354343561250e-09
4.376851813698485649e-09
4.371989783566802561e-09
4.367135171436978230e-09
4.362287897614656363e-09
4.357449865620704545e-09
4.352621710546420806e-09
4.347799453612964494e-09
4.342986546000641553e-09
4.338179920211628846e-09
4.333385167448502521e-09
4.328595920056999512e-09
4.323815884934057820e-09
4.319041932980416246e-09
4.314279017778426856e-09
4.309523110003437165e-09
4.304774431263758164e-09
4.300032555203062910e-09
4.295300566624482819e-09
4.290577279921904809e-09
4.285859666502485882e-09
4.281149610480047617e-09
4.276449790321151371e-09
4.271757335503780248e-09
4.267072695512031769e-09
4.262397255564663635e-09
4.257731570254185264e-09
4.253071816611925615e-09
4.248420738165327138e-09
4.243776018305074720e-09
4.239142125625328856e-09
4.234513535566771149e-09
4.229893794895699773e-09
4.225279719004305436e-09
4.220676155452434173e-09
4.216079278464951597e-09
4.211489337101265751e-09
4.206906797258710335e-09
4.202331409816689930e-09
4.197766333172432926e-09
4.193205416751172567e-09
4.188654039682635006e-09
4.184107702306067082e-09
4.179572659646695581e-09
4.175041754221085531e-09
4.170519001479764366e-09
4.166002441667866602e-09
4.161496143564806320e-09
4.156996073011867682e-09
4.152503605790251665e-09
4.148020782810048835e-09
4.143545177026157341e-09
4.139076909747624949e-09
4.134614233489943741e-09
4.130160682555758823e-09
4.125715228746174255e-09
4.121275062252233286e-09
4.116842978125243595e-09
4.112416442927866590e-09
4.108000437444361573e-09
4.103589272905254505e-09
4.099185852937741569e-09
4.094788158142272858e-09
4.090399224844795295e-09
4.086017954009143515e-09
4.081641461177914571e-09
4.077273080445955809e-09
4.072910534032421356e-09
4.068558060236782417e-09
4.064209452908718379e-09
4.059868236972446972e-09
4.055533584424072706e-09
4.051207946318878647e-09
4.046888409967435162e-09
4.042575975291822984e-09
4.038272898431235061e-09
4.033976448494752005e-09
4.029687052779250612e-09
4.025402895449235947e-09
4.021127408130992014e-09
4.016859724089251851e-09
4.012596843190798718e-09
4.008341913234555641e-09
4.004091814352477116e-09
3.999852049631095881e-09
3.995617017319497095e-09
3.991388987500844236e-09
3.987166644928366821e-09
3.982951736460253118e-09
3.978745461461835948e-09
3.974542787062306961e-09
3.970348780867154104e-09
3.966158980238425183e-09
3.961979558730357279e-09
3.957803850485394659e-09
3.953635236544692770e-09
3.949471827635419531e-09
3.945317698528857906e-09
3.941169277887795181e-09
3.937027893848534634e-09
3.932894329358365208e-09
3.928768417415878112e-09
3.924647769147911614e-09
3.920533973606616668e-09
3.916425583302304817e-09
3.912326473061649458e-09
3.908231612713548828e-09
3.904144201600861890e-09
3.900061806186965249e-09
3.895987020436020411e-09
3.891919752285932918e-09
3.887856306340527489e-09
3.883801246418372214e-09
3.879749878318638618e-09
3.875708461763180779e-09
3.871671343985876802e-09
3.867640293319189536e-09
3.863614518927705850e-09
3.859596081924384515e-09
3.855585521686264567e-09
3.851578566512301814e-09
3.847578089948094866e-09
3.843583998062560313e-09
3.839597440960794298e-09
3.835616414887133160e-09
3.831641565321830807e-09
3.827675073879672205e-09
3.823714661634512095e-09
3.819760316326551108e-09
3.815810912194802159e-09
3.811868426795227090e-09
3.807933610167190836e-09
3.804002785820811316e-09
3.800079154073447319e-09
3.796159698968089040e-09
3.792248706425114664e-09
3.788343583574808662e-09
3.784442822229248817e-09
3.780549265345524997e-09
3.776659495200102010e-09
3.772779484692620051e-09
3.768903110797320304e-09
3.765032663615755800e-09
3.761166890070314644e-09
3.757308451416588206e-09
3.753457282454935019e-09
3.749609511186071873e-09
3.745767877660589347e-09
3.741931998319555639e-09
3.738103615419605378e-09
3.734280230304260235e-09
3.730462931805118182e-09
3.726653179584893316e-09
3.722849887948681362e-09
3.719051742490522735e-09
3.715259054494982949e-09
3.711471729264229317e-09
3.707692608511706748e-09
3.703917243822997051e-09
3.700148549918226414e-09
3.696384472466124294e-09
3.692626601014874974e-09
3.688876491923306244e-09
3.685129506832570918e-09
3.681389828879951242e-09
3.677653770724389416e-09
3.673925654083469126e-09
3.670203180072936343e-09
3.666484311322866431e-09
3.662772631678589437e-09
3.659064668270314361e-09
3.655365594642368343e-09
3.651669525685730162e-09
3.647979333621181411e-09
3.644293480855317398e-09
3.640615735964601691e-09
3.636942927579626596e-09
3.633275583437631359e-09
3.629614462202273106e-09
3.625960795094093949e-09
3.622311123829489825e-09
3.618668120162841439e-09
3.615028398038788664e-09
3.611396556569078714e-09
3.607770769158240494e-09
3.604148499786099102e-09
3.600532990546074093e-09
3.596921011456058089e-09
3.593317040901833872e-09
3.589717891077739200e-09
3.586122875888020683e-09
3.582534346391112912e-09
3.578949121572960595e-09
3.575372747319820125e-09
3.571799808422497701e-09
3.568231869004837253e-09
3.564669010569122792e-09
3.561111350808051581e-09
3.557561411344099572e-09
3.554014012596960509e-09
3.550472570664492917e-09
3.546935190081354075e-09
3.543405472827398203e-09
3.539880263160241774e-09
3.536360384220502148e-09
3.532846598956150188e-09
3.529339666519753495e-09
3.525836282091946252e-09
3.522339406940192446e-09
3.518845335750821197e-09
3.515359077649951946e-09
3.511878350244246961e-09
3.508400953087628132e-09
3.504929876121181876e-09
3.501462151196770583e-09
3.498001872247603967e-09
3.494546466934375474e-09
3.491094512645752304e-09
3.487649162069496320e-09
3.484206751781620589e-09
3.480772305226167720e-09
3.477341846266791288e-09
3.473915221297209597e-09
3.470494680444791806e-09
3.467077664500485713e-09
3.463668576250730436e-09
3.460262145912623141e-09
3.456860843959899720e-09
3.453463578916376035e-09
3.450073444233750546e-09
3.446687749129939505e-09
3.443307069779628486e-09
3.439931286897106027e-09
3.436562544099139552e-09
3.433198235437833512e-09
3.429839038828591155e-09
3.426483880834640393e-09
3.423133837563675257e-09
3.419790540496868950e-09
3.416450334767460989e-09
3.413115798606894468e-09
3.409785369587463441e-09
3.406459506968330457e-09
3.403141006568627394e-09
3.399825448971783512e-09
3.396515167367974119e-09
3.393208986788527891e-09
3.389907260641000586e-09
3.386613039221184689e-09
3.383321264976604030e-09
3.380034817502002569e-09
3.376751686141875177e-09
3.373474602168214665e-09
3.370203812784603876e-09
3.366935336141311507e-09
3.363672106723557361e-09
3.360412520411112525e-09
3.357159965414160818e-09
3.353911400165911010e-09
3.350667560279046338e-09
3.347429181703110656e-09
3.344197056604473862e-09
3.340968319951411261e-09
3.337745067182753257e-09
3.334525127894970595e-09
3.331311025871037794e-09
3.328102656010418131e-09
3.324897165309805249e-09
3.321697191111299689e-09
3.318500872652304192e-09
3.315309292549105683e-09
3.312124385349319951e-09
3.308942071542699152e-09
3.305765157634640434e-09
3.302591850100492557e-09
3.299423026448724434e-09
3.296261094543500906e-09
3.293101517754561028e-09
3.289946969630916295e-09
3.286795583003480417e-09
3.283649782506596498e-09
3.280510228979618397e-09
3.277372644661296341e-09
3.274240139886619036e-09
3.271110962551956853e-09
3.267988429419374051e-09
3.264869823231569807e-09
3.261755639536714058e-09
3.258646009077947481e-09
3.255542695766297866e-09
3.252443015987164249e-09
3.249348079963579942e-09
3.246256719966619318e-09
3.243169659973479571e-09
3.240088905978144495e-09
3.237010861787380426e-09
3.233937659218006631e-09
3.230868565579370276e-09
3.227803016597728562e-09
3.224744227211053234e-09
3.221688363096605219e-09
3.218636380500666748e-09
3.215589233848959630e-09
3.212544735906904128e-09
3.209507351860361041e-09
3.206472998658040611e-09
3.203441785353159638e-09
3.200416134892337734e-09
3.197392850612159083e-09
3.194376588557790123e-09
3.191362966619130262e-09
3.188352989424409202e-09
3.185347191780514603e-09
3.182346085754251934e-09
3.179350000888197370e-09
3.176357422831797472e-09
3.173369359563791076e-09
3.170386438632493959e-09
3.167408774145177438e-09
3.164433779778306379e-09
3.161464136141327549e-09
3.158496828523788606e-09
3.155535347245396960e-09
3.152578727309960892e-09
3.149624566314172542e-09
3.146675348994856340e-09
3.143729370303254903e-09
3.140787407955809758e-09
3.137851742936075280e-09
3.134918478372429105e-09
3.131989480391920880e-09
3.129064309142292201e-09
3.126141953020845319e-09
3.123226842096021661e-09
3.120313846910013405e-09
3.117404395095793143e-09
3.114499485442790640e-09
3.111597376265402578e-09
3.108701838914608916e-09
3.105808534048843872e-09
3.102918842986311100e-09
3.100032992838947532e-09
3.097151740477410287e-09
3.094275174495842415e-09
3.091401901254087783e-09
3.088532951053601033e-09
3.085668790478547500e-09
3.082809691483439335e-09
3.079953189444362767e-09
3.077101600258234358e-09
3.074252592973143099e-09
3.071408518652046604e-09
3.068569419450715867e-09
3.065732668578217172e-09
3.062900501037097540e-09
3.060071704651058208e-09
3.057246316071432353e-09
3.054427059920011533e-09
3.051610347595039039e-09
3.048796989192519614e-09
3.045988166455067089e-09
3.043181503002979842e-09
3.040381061521609042e-09
3.037584027346267419e-09
3.034789174020255195e-09
3.031999692422377267e-09
3.029212051885784397e-09
3.026430011790660019e-09
3.023652073670155622e-09
3.020876342561714919e-09
3.018104779822970470e-09
3.015336029233251081e-09
3.012573017267485651e-09
3.009813267697956210e-09
3.007057245556204708e-09
3.004304813137647209e-09
3.001557779005618640e-09
2.998814509956264415e-09
2.996074384064411543e-09
2.993338298158010845e-09
2.990604240253481081e-09
2.987876284398462388e-09
2.985152046534710052e-09
2.982430062315779668e-09
2.979712711894701155e-09
2.976997746734070564e-09
2.974287080585241754e-09
2.971581597125075344e-09
2.968878179877269504e-09
2.966178895161986704e-09
2.963482851986631266e-09
2.960789355434021450e-09
2.958102418027149813e-09
2.955417393283237296e-09
2.952735219749052104e-09
2.950057736413017620e-09
2.947382115420173240e-09
2.944712495472561157e-09
2.942045518047553165e-09
2.939381266891400156e-09
2.936720804769146233e-09
2.934063205607289336e-09
2.931410985905175117e-09
2.928761726951365241e-09
2.926116033460994117e-09
2.923473863430061437e-09
2.920836724428369608e-09
2.918203043342981388e-09
2.915572450527953040e-09
2.912945605945298407e-09
2.910320613995553223e-09
2.907701481647218288e-09
2.905085978178947225e-09
2.902472496672349360e-09
2.899863334202305503e-09
2.897256562560714149e-09
2.894653521393582707e-09
2.892055758609534384e-09
2.889460002653041678e-09
2.886867714764252941e-09
2.884278955991661640e-09
2.881692335068526085e-09
2.879111505028395023e-09
2.876533364814205504e-09
2.873957232327800949e-09
