-2.170483362087872385e-12
-2.321699946101500665e-12
-2.395718857809850348e-12
-2.374911979816278861e-12
-2.241793693035623109e-12
-1.979211242796293183e-12
-1.570424591124369917e-12
-9.992279033440381487e-13
-2.499777893736555662e-13
6.922920034603844958e-13
1.841645827372364444e-12
3.211377465093405640e-12
4.813964588933301690e-12
6.660856760398161632e-12
8.762634512189384767e-12
1.112875751895569808e-11
1.376814964114988098e-11
1.668795039359406335e-11
1.989521885516764756e-11
2.339540448316992277e-11
2.719312015751586810e-11
3.129187855380153763e-11
3.569460171620754303e-11
4.040313352354583197e-11
4.541817075528321121e-11
5.073998491385487949e-11
5.636747789611301656e-11
6.229906711554573695e-11
6.853231552495608146e-11
7.506472730661312384e-11
8.189170368179460677e-11
8.900906868966151559e-11
9.641219788607569261e-11
1.040947939522864654e-10
1.120514174543589374e-10
1.202748548228627161e-10
1.287586140927816612e-10
1.374949794992271455e-10
1.464762263590064416e-10
1.556948141915936747e-10
1.651415053460869083e-10
1.748086912484522165e-10
1.846875155558683744e-10
1.947688545787283989e-10
2.050441405661711720e-10
2.155044288950606071e-10
2.261405958446612345e-10
2.369443165127990353e-10
2.479058505706225794e-10
2.590166836214525537e-10
2.702685287398371812e-10
2.816523172557239376e-10
2.931599671934469259e-10
3.047832148026932881e-10
3.165142055790246114e-10
3.283450089867367955e-10
3.402681511135174371e-10
3.522764958375465783e-10
3.643629441110012428e-10
3.765206857426104005e-10
3.887436619354543737e-10
4.010258178692743016e-10
4.133607862407576214e-10
4.257439009714497751e-10
4.381702224493289900e-10
4.506340050998303382e-10
4.631314741379357200e-10
4.756592393551959777e-10
4.882125289920321498e-10
5.007878099370136595e-10
5.133827011274802330e-10
5.259946420296310979e-10
5.386201229951129105e-10
5.512575751028080752e-10
5.639056577043842431e-10
5.765623826017030319e-10
5.892260355582096622e-10
6.018963179274511076e-10
6.145725912724781341e-10
6.272538866810376115e-10
6.399399669853865130e-10
6.526311909021251160e-10
6.653278138169280343e-10
6.780297371537419925e-10
6.907376400811070934e-10
7.034525420016400069e-10
7.161752559518267626e-10
7.289064439639896829e-10
7.416474687176292563e-10
7.543992884090261852e-10
7.671636857806953802e-10
7.799421595668574220e-10
7.927353235585024902e-10
8.055448819688211895e-10
8.183729916032597849e-10
8.312210387444741752e-10
8.440901050909133328e-10
8.569816503650543264e-10
8.698971760948970944e-10
8.828389581055579183e-10
8.958078947488514868e-10
9.088047400105736700e-10
9.218308491227406038e-10
9.348875280098866018e-10
9.479767833760199988e-10
9.610990570429493241e-10
9.742542741545084410e-10
9.874431491244372060e-10
1.000666601899920099e-09
1.013925977993111472e-09
1.027220895068691199e-09
1.040551412784354839e-09
1.053916481519532079e-09
1.067317292101273381e-09
1.080752983827637306e-09
1.094223280052210506e-09
1.107727492867137504e-09
1.121263951335552511e-09
1.134831796195205398e-09
1.148430349444873343e-09
1.162057848007446554e-09
1.175713201141658193e-09
1.189393778017860651e-09
1.203097888897597808e-09
1.216823321029796896e-09
1.230568262216637375e-09
1.244330403644616412e-09
1.258106637066882932e-09
1.271894597841039842e-09
1.285690413921193135e-09
1.299492375249783894e-09
1.313296043141763843e-09
1.327100251019153490e-09
1.340899984460457618e-09
1.354691812113184043e-09
1.368471615121655095e-09
1.382236745348798957e-09
1.395983294172780166e-09
1.409707199780825284e-09
1.423406078145288662e-09
1.437073413705780697e-09
1.450707469509752331e-09
1.464301231155447548e-09
1.477853436928528500e-09
1.491358600009760809e-09
1.504814085522796962e-09
1.518216858831813588e-09
1.531558973669560756e-09
1.544839700758458571e-09
1.558051418691765191e-09
1.571193669554257846e-09
1.584262160159204943e-09
1.597252736884329557e-09
1.610164820055434250e-09
1.622987463450442119e-09
1.635721764896235897e-09
1.648362616714342830e-09
1.660906634953134437e-09
1.673354018877561544e-09
1.685697010434721461e-09
1.697937360619990126e-09
1.710070265074507995e-09
1.722089603892295759e-09
1.733997400862995679e-09
1.745787140173299617e-09
1.757458211098370677e-09
1.769011561130190102e-09
1.780439430916241753e-09
1.791745991032141353e-09
1.802927203785781533e-09
1.813978749904780748e-09
1.824903759604901290e-09
1.835696240474557219e-09
1.846357138317010778e-09
1.856890353606222810e-09
1.867289169785332460e-09
1.877555452947199518e-09
1.887690030365689571e-09
1.897687331178615106e-09
1.907552706298350597e-09
1.917287163921266928e-09
1.926884614448832447e-09
1.936351649274258145e-09
1.945690526051421305e-09
1.954893869490755491e-09
1.963968883220038935e-09
1.972916500528892633e-09
1.981732291210882822e-09
1.990422578226829742e-09
1.998989460362619865e-09
2.007429490398028110e-09
2.015749460310284822e-09
2.023952609272547250e-09
2.032033535372348934e-09
2.039999539296008920e-09
2.047853249768112651e-09
2.055591395662137444e-09
2.063221246637109856e-09
2.070743538764395938e-09
2.078159935829097611e-09
2.085472857403672126e-09
2.092688413075014033e-09
2.099805565580552166e-09
2.106826199250533297e-09
2.113756484162233445e-09
2.120595435897534733e-09
2.127346964066601254e-09
2.134013860993535305e-09
2.140600001393496409e-09
2.147105762831367867e-09
2.153536011782852773e-09
2.159893508260711103e-09
2.166179076243082655e-09
2.172395093419080660e-09
2.178546486793700260e-09
2.184633857897209237e-09
2.190659712286655720e-09
2.196627532516958869e-09
2.202540635516279984e-09
2.208399765387128418e-09
2.214206458027215905e-09
2.219966422909874894e-09
2.225679761358245328e-09
2.231347686903698773e-09
2.236973233263769005e-09
2.242559270299663148e-09
2.248105369220724578e-09
2.253613775739174800e-09
2.259088613951946070e-09
2.264530703164018009e-09
2.269940713026403825e-09
2.275320582888904772e-09
2.280673051484086804e-09
2.285997857597471019e-09
2.291295534549085444e-09
2.296567848240947693e-09
2.301817147323208114e-09
2.307042299408610360e-09
2.312244093533596970e-09
2.317425548680266583e-09
2.322587076222901996e-09
2.327727958043476517e-09
2.332848427601555176e-09
2.337951444400530115e-09
2.343036077516543362e-09
2.348099863369276191e-09
2.353144490994848827e-09
2.358171690417782268e-09
2.363179952880491550e-09
2.368168025785386788e-09
2.373136845684740777e-09
2.378088657119566681e-09
2.383021222504116799e-09
2.387932228779744661e-09
2.392823147550271721e-09
2.397696014727930198e-09
2.402546229333604789e-09
2.407372193700989866e-09
2.412175383902786540e-09
2.416956588286720152e-09
2.421713558076360924e-09
2.426442704029827676e-09
2.431145752661907035e-09
2.435824603738671276e-09
2.440477247569725354e-09
2.445098538449290579e-09
2.449689458894703191e-09
2.454250412575951936e-09
2.458782101451501290e-09
2.463278552467776880e-09
2.467740690793762488e-09
2.472166913043297813e-09
2.476558811656998122e-09
2.480912243547624534e-09
2.485227597881248587e-09
2.489504575871339180e-09
2.493743943760523422e-09
2.497942271001758052e-09
2.502095541930212992e-09
2.506205821393970315e-09
2.510273292080129937e-09
2.514297988107430438e-09
2.518273400207322562e-09
2.522201928368570653e-09
2.526083540316797435e-09
2.529917500013710432e-09
2.533700381015386624e-09
2.537433027574321442e-09
2.541114641858336640e-09
2.544747531194550842e-09
2.548330548067275746e-09
2.551857504562627286e-09
2.555331998296043426e-09
2.558754130378601469e-09
2.562122248931835756e-09
2.565435095634410670e-09
2.568692284863062620e-09
2.571892423593878412e-09
2.575038191074880916e-09
2.578130428465174771e-09
2.581164603342188550e-09
2.584143049217913006e-09
2.587065801318092605e-09
2.589934170785169903e-09
2.592748827807124060e-09
2.595503197837077968e-09
2.598202893476594034e-09
2.600848218566687181e-09
2.603437001780484071e-09
2.605971589857625774e-09
2.608448630502182923e-09
2.610871015246607950e-09
2.613241524127043248e-09
2.615556033634106257e-09
2.617818710938736884e-09
2.620027361367716182e-09
2.622182807204628364e-09
2.624289688006479325e-09
2.626343336757069676e-09
2.628347588153977040e-09
2.630301108840711012e-09
2.632203450584945664e-09
2.634060290620655689e-09
2.635866422794482559e-09
2.637626362840251644e-09
2.639338644821466889e-09
2.641004723388611776e-09
2.642628060394233499e-09
2.644205660949662087e-09
2.645741624898867768e-09
2.647233072785295374e-09
2.648683980413780915e-09
2.650094671304363133e-09
2.651465616891744436e-09
2.652799879195066062e-09
2.654092453757831311e-09
2.655349445196108647e-09
2.656568877630848054e-09
2.657752851186459819e-09
2.658903591090692704e-09
2.660018817304415044e-09
2.661102155929497505e-09
2.662151407347186931e-09
2.663172341497850896e-09
2.664160223781510535e-09
2.665120633760758156e-09
2.666051848516143944e-09
2.666954729132878513e-09
2.667830779621456550e-09
2.668680713773048696e-09
2.669507417890525969e-09
2.670306377142788358e-09
2.671082653976709528e-09
2.671833817203079758e-09
2.672563731634316976e-09
2.673270179521285132e-09
2.673956244357872367e-09
2.674620857581840172e-09
2.675264981171577238e-09
2.675888523331198161e-09
2.676494116154944268e-09
2.677082649813681744e-09
2.677652696631683927e-09
2.678204638915087802e-09
2.678738650930744638e-09
2.679257026424036498e-09
2.679759860562450200e-09
2.680247986234647448e-09
2.680719073685453605e-09
2.681175389730241077e-09
2.681615918018927778e-09
2.682042435821256102e-09
2.682454660405198614e-09
2.682853621527476363e-09
2.683238140327986540e-09
2.683609114596286114e-09
2.683965670725741109e-09
2.684310274753873125e-09
2.684642590082798819e-09
2.684962903236381261e-09
2.685269891595503498e-09
2.685563820693718367e-09
2.685845215633140243e-09
2.686114379176961094e-09
2.686372786026284224e-09
2.686618373696845055e-09
2.686850634701346975e-09
2.687070213690758103e-09
2.687277184731359883e-09
2.687472159370947892e-09
2.687655140512251099e-09
2.687825745946408958e-09
2.687983255216869159e-09
2.688128261851939523e-09
2.688260329644607642e-09
2.688379906992569390e-09
2.688487791994540458e-09
2.688583616307444064e-09
2.688666408231084098e-09
2.688735665933816173e-09
2.688791921680218942e-09
2.688833424235616422e-09
2.688863597017661583e-09
2.688881188196275651e-09
2.688884824908087631e-09
2.688873842984584473e-09
2.688847538133639908e-09
2.688807566751237467e-09
2.688754577724734236e-09
2.688688917145221340e-09
2.688607695639783313e-09
2.688510938030449361e-09
2.688400397105400214e-09
2.688275863997527647e-09
2.688136969976594646e-09
2.687983544021864747e-09
2.687816358084146559e-09
2.687633832510785623e-09
2.687436726640700096e-09
2.687223072494659658e-09
2.686994877407023976e-09
2.686751689952854358e-09
2.686495513055996681e-09
2.686221896041108667e-09
2.685931844925568942e-09
2.685627401097300534e-09
2.685307965592188152e-09
2.684973160140094305e-09
2.684621523870679933e-09
2.684256215510459139e-09
2.683874615841672962e-09
2.683477566127511831e-09
2.683064571758134265e-09
2.682637080399575357e-09
2.682195321489992103e-09
2.681737582843417080e-09
2.681265435048286067e-09
2.680776698455726282e-09
2.680274224373409437e-09
2.679754825480411882e-09
2.679221740707672530e-09
2.678673179870056042e-09
2.678110688489805128e-09
2.677532227660518744e-09
2.676938123180449859e-09
2.676331286512047941e-09
2.675707573406593413e-09
2.675071199656709206e-09
2.674419552022273600e-09
2.673754480264404867e-09
2.673075036111937482e-09
2.672380990793058062e-09
2.671674491812612542e-09
2.670952314921595105e-09
2.670218435728343351e-09
2.669470466671158150e-09
2.668710212335006260e-09
2.667936587697502751e-09
2.667148702330971636e-09
2.666349304650875711e-09
2.665535663699954873e-09
2.664710958290362564e-09
2.663873121742301346e-09
2.663023115564314704e-09
2.662161483985010650e-09
2.661285561718453754e-09
2.660399767579033885e-09
2.659501154443731423e-09
2.658591640081569401e-09
2.657671926738950553e-09
2.656739321289422311e-09
2.655797084100732677e-09
2.654842329487716028e-09
2.653877826929102721e-09
2.652903097287841826e-09
2.651917447648286737e-09
2.650922594573844678e-09
2.649916511504440374e-09
2.648901980444118600e-09
2.647877190142530927e-09
2.646842143775753124e-09
2.645798169058242071e-09
2.644743694588330953e-09
2.643681093403373637e-09
2.642609019278179466e-09
2.641528078255670274e-09
2.640438784693777633e-09
2.639339233311827883e-09
2.638231789658834536e-09
2.637115917113207192e-09
2.635991070034856691e-09
2.634859000538810799e-09
2.633718177221529314e-09
2.632570167663660487e-09
2.631414815230680571e-09
2.630251030244554219e-09
2.629079916133341578e-09
2.627900832183824821e-09
2.626714816008770295e-09
2.625521852670407869e-09
2.624321526920906903e-09
2.623115253558538927e-09
2.621901459566848220e-09
2.620680307108578616e-09
2.619452597339844317e-09
2.618217266595302803e-09
2.616975729036064923e-09
2.615727966639724632e-09
2.614473314497495172e-09
2.613213016547417737e-09
2.611945691486417394e-09
2.610671690301508494e-09
2.609392045081128357e-09
2.608105156851576002e-09
2.606812509343153898e-09
2.605515006046791166e-09
2.604211251240126164e-09
2.602902400380495758e-09
2.601587644857492148e-09
2.600266636081965227e-09
2.598940267003969074e-09
2.597607739385682687e-09
2.596270029505131443e-09
2.594927410006775947e-09
2.593579461050364825e-09
2.592227002012862261e-09
2.590868896157782274e-09
2.589504814431029447e-09
2.588136085364182758e-09
2.586761199149071693e-09
2.585381505385406612e-09
2.583996955642166315e-09
2.582606944566118928e-09
2.581213062231143932e-09
2.579813343812685957e-09
2.578408979154330657e-09
2.576999910013755089e-09
2.575585428213611967e-09
2.574166204866006630e-09
2.572742091821839195e-09
2.571314102930214476e-09
2.569881942737292206e-09
2.568445295996394868e-09
2.567004741140472321e-09
2.565558645517747278e-09
2.564108481506361657e-09
2.562653836888645925e-09
2.561194706300777179e-09
2.559732029313516147e-09
2.558264887586685138e-09
2.556794323589090387e-09
2.555319205100791024e-09
2.553839613425435631e-09
2.552356688674029895e-09
2.550868511877159513e-09
2.549377089875019836e-09
2.547881361831067222e-09
2.546381704587421021e-09
2.544878674903840250e-09
2.543371731805613816e-09
2.541861013024507638e-09
2.540346264644694111e-09
2.538828525211820643e-09
2.537306288406049859e-09
2.535780669138925653e-09
2.534252304008872440e-09
2.532719842447306515e-09
2.531184599104458864e-09
2.529645973977301814e-09
2.528103902731088982e-09
2.526558542188087645e-09
2.525010112621068620e-09
2.523458100378327291e-09
2.521903223681976142e-09
2.520345312986962305e-09
2.518783805848691605e-09
2.517220085705456834e-09
2.515652680457326695e-09
2.514081948760590071e-09
2.512508909843738909e-09
2.510932633009569339e-09
2.509353354076600062e-09
2.507771414067819678e-09
2.506186911216868392e-09
2.504598950199174226e-09
2.503008453263482232e-09
2.501415454514912286e-09
2.499819276227533892e-09
2.498220942383738620e-09
2.496620318254684256e-09
2.495016363863786957e-09
2.493410444895416446e-09
2.491802515218166564e-09
2.490191371667415958e-09
2.488578150034123612e-09
2.486963097921848937e-09
2.485344595729421842e-09
2.483724399865652155e-09
2.482102146565292362e-09
2.480476979269404603e-09
2.478850246729448681e-09
2.477221106065499736e-09
2.475589054897274257e-09
2.473955543053262598e-09
2.472319658881042318e-09
2.470680896079116613e-09
2.469040344785638390e-09
2.467397968482059297e-09
2.465753034776007830e-09
2.464106209125882631e-09
2.462457727591447974e-09
2.460806608299337650e-09
2.459153556400628895e-09
2.457498471252144084e-09
2.455841510545801867e-09
2.454182284205023227e-09
2.452521354252222587e-09
2.450858872259657757e-09
2.449193696492779264e-09
2.447527263954178844e-09
2.445859313519844685e-09
2.444188880657881545e-09
2.442517088171870898e-09
2.440843870471227521e-09
2.439168148883772490e-09
2.437490961484821627e-09
2.435812044584210632e-09
2.434131158253977596e-09
2.432448750535786623e-09
2.430764604638390685e-09
2.429078727610440626e-09
2.427390884003554600e-09
2.425701807737344221e-09
2.424010768308546450e-09
2.422317751895151922e-09
2.420623175403554993e-09
2.418927180660372498e-09
2.417229273453137629e-09
2.415529703594071368e-09
2.413828764436815638e-09
2.412126229380280815e-09
2.410422076472092676e-09
2.408716209289411945e-09
2.407009155653715879e-09
2.405300525278308349e-09
2.403590194310339518e-09
2.401878575306000933e-09
2.400165305782634938e-09
2.398450657624486761e-09
2.396734525405296217e-09
2.395017473238921194e-09
2.393299062069608733e-09
2.391579397701051605e-09
2.389858447604008261e-09
2.388136294538355591e-09
2.386412566301574054e-09
2.384687551120350800e-09
2.382961333968574495e-09
2.381233936390058314e-09
2.379504989961472410e-09
2.377775124628991845e-09
2.376043916631638329e-09
2.374311890360435459e-09
2.372578276616038731e-09
2.370843826657585196e-09
2.369107977461199477e-09
2.367371300348437286e-09
2.365633373748985761e-09
2.363894158803339019e-09
2.362153994742167253e-09
2.360413244274295837e-09
2.358671168768042406e-09
2.356928178824342057e-09
2.355184672912785055e-09
2.353439982163001621e-09
2.351694780999846259e-09
2.349948547595043186e-09
2.348201455632271410e-09
2.346453490411601696e-09
2.344704925123701860e-09
2.342955369863199418e-09
2.341205561896988286e-09
2.339455201611201241e-09
2.337704209960948638e-09
2.335952537956842511e-09
2.334200511123789032e-09
2.332447750328322307e-09
2.330694385354723104e-09
2.328940390322108167e-09
2.327185901617396634e-09
2.325430908419070931e-09
2.323675343523216077e-09
2.321919271744637687e-09
2.320163005120863522e-09
2.318406214698965662e-09
2.316648939521329699e-09
2.314891427892878175e-09
2.313133731230046236e-09
2.311375554620823389e-09
2.309617121485359669e-09
2.307858053832214588e-09
2.306099162761586428e-09
2.304340055408953404e-09
2.302580730857971448e-09
2.300820940734651746e-09
2.299061589769225263e-09
2.297301795779653452e-09
2.295542345458503027e-09
2.293782615464669205e-09
2.292022842060737634e-09
2.290263060740935756e-09
2.288503227995457470e-09
2.286743505636851426e-09
2.284983781232035466e-09
2.283224288916645877e-09
2.281464949891902409e-09
2.279705654293307301e-09
2.277946430364102155e-09
2.276187377124407193e-09
2.274428578903654666e-09
2.272669642243450120e-09
2.270911048907794744e-09
2.269152499655390081e-09
2.267394299679879955e-09
2.265635985115641760e-09
2.263877869202540056e-09
2.262119968183308418e-09
2.260362317618322265e-09
2.258604817206817042e-09
2.256847537094347276e-09
2.255090844216886045e-09
2.253334299138815894e-09
2.251578119708292373e-09
2.249821869867622408e-09
2.248066329804983549e-09
2.246311227494106968e-09
2.244556215844872501e-09
2.242801479718508500e-09
2.241047103882677576e-09
2.239293518220937155e-09
2.237539954482874407e-09
2.235787286992537054e-09
2.234034581452033798e-09
2.232282724741855241e-09
2.230530997635509656e-09
2.228779942522593955e-09
2.227029178002614811e-09
2.225278802611255775e-09
2.223529061596040880e-09
2.221779807661471006e-09
2.220030904141443634e-09
2.218282424626558418e-09
2.216534432955938276e-09
2.214787097206734596e-09
2.213039954230252137e-09
2.211293560946269660e-09
2.209547484948851649e-09
2.207802043704523984e-09
2.206056897487479395e-09
2.204312066442695847e-09
2.202567746745624434e-09
2.200823747239791986e-09
2.199080513313647708e-09
2.197337434241381941e-09
2.195595224960081789e-09
2.193853426241292543e-09
2.192112267149629672e-09
2.190371551289310946e-09
2.188631017886519738e-09
2.186891527016737216e-09
2.185152342360055608e-09
2.183413821511964222e-09
2.181675548965877085e-09
2.179937838418858027e-09
2.178201033787383357e-09
2.176464531243029397e-09
2.174729003243721034e-09
2.172993597436753676e-09
2.171259028728085966e-09
2.169525002217380584e-09
2.167791535187742630e-09
2.166058745609715612e-09
2.164326167375941364e-09
2.162594572602598442e-09
2.160863449537304721e-09
2.159132765822025189e-09
2.157402720739706814e-09
2.155673254160863717e-09
2.153944490840098333e-09
2.152216380810394473e-09
2.150488579279301486e-09
2.148761738465408146e-09
2.147035178766321426e-09
2.145309508482749335e-09
2.143584124079556662e-09
2.141859416449471756e-09
2.140135241243012482e-09
2.138411409869858160e-09
2.136688579457653110e-09
2.134966183130861313e-09
2.133244686548396547e-09
2.131523775162998898e-09
2.129803310362064282e-09
2.128083918045067857e-09
2.126364626219497811e-09
2.124646262716127350e-09
2.122928639251542962e-09
2.121211570463056247e-09
2.119495427831395563e-09
2.117779477137824242e-09
2.116064686796540250e-09
2.114350478457278701e-09
2.112637167954266813e-09
2.110924712110383910e-09
2.109212566656165874e-09
2.107501425143447233e-09
2.105791008417541631e-09
2.104081229770607861e-09
2.102372358835427943e-09
2.100663772285002178e-09
2.098956459619169672e-09
2.097249715791911743e-09
2.095543578673432881e-09
2.093838267392532969e-09
2.092133818341787370e-09
2.090430210225924214e-09
2.088727529763485118e-09
2.087025203305575544e-09
2.085324166680245191e-09
2.083623668789349518e-09
2.081923881338937508e-09
2.080225156383632443e-09
2.078526876324071412e-09
2.076829773378501093e-09
2.075133075796015959e-09
2.073437264009875502e-09
2.071742469741134411e-09
2.070048457520010022e-09
2.068355693267089738e-09
2.066663605443891387e-09
2.064972156557643069e-09
2.063282132949743549e-09
2.061592420956705658e-09
2.059903777288551765e-09
2.058216175036186642e-09
2.056529277369236257e-09
2.054843736735861781e-09
2.053158632740434344e-09
2.051474572816928874e-09
2.049791714841116492e-09
2.048109658566166789e-09
2.046428986612779540e-09
2.044749024894136283e-09
2.043069660781142834e-09
2.041391961058310761e-09
2.039714835575813981e-09
2.038038786080666379e-09
2.036363616234965209e-09
2.034689200565721523e-09
2.033016245977420392e-09
2.031343987112650310e-09
2.029672577655540599e-09
2.028002313795827791e-09
2.026333093683620023e-09
2.024664968273775731e-09
2.022998029916169646e-09
2.021331655818336106e-09
2.019666746437638449e-09
2.018002763050342403e-09
2.016339431132120158e-09
2.014677725410897021e-09
2.013016560549598778e-09
2.011356631463389263e-09
2.009697647539390251e-09
2.008039298399610045e-09
2.006382524643507729e-09
2.004726657103047618e-09
2.003071854360227788e-09
2.001418513509149639e-09
1.999765812836755279e-09
1.998114406315041313e-09
1.996464310039367510e-09
1.994814773947583414e-09
1.993166657966337240e-09
1.991519617726330850e-09
1.989873445376508438e-09
1.988228891143417641e-09
1.986584921856420745e-09
1.984942032101526501e-09
1.983300672279839070e-09
1.981660229400953268e-09
1.980021181809603419e-09
1.978383304500519897e-09
1.976746082954778623e-09
1.975110375524122246e-09
1.973475840200151828e-09
1.971842136595093925e-09
1.970210014053198863e-09
1.968578388864827272e-09
1.966948036031376919e-09
1.965319068026299687e-09
1.963690939248903376e-09
1.962063825144543323e-09
1.960437949539012320e-09
1.958813198583856004e-09
1.957189823125830299e-09
1.955567605701507974e-09
1.953946092468144421e-09
1.952326215468276676e-09
1.950707380034003420e-09
1.949089251104895446e-09
1.947472854383678166e-09
1.945857197754262618e-09
1.944242593765850640e-09
1.942629413817458378e-09
1.941016774154573633e-09
1.939405523759272349e-09
1.937795545390584319e-09
1.936186604640985606e-09
1.934579222897116956e-09
1.932972874226609580e-09
1.931367174819919110e-09
1.929763302209811332e-09
1.928160438335472295e-09
1.926558278636527801e-09
1.924957896280283031e-09
1.923358252173910602e-09
1.921759736208191530e-09
1.920162851992010761e-09
1.918566598339710449e-09
1.916971462644192987e-09
1.915377861157181875e-09
1.913785313819931918e-09
1.912194100554154198e-09
1.910604250214959125e-09
1.909015104749117052e-09
1.907427216190211158e-09
1.905840970260727004e-09
1.904255480076282932e-09
1.902671284838726915e-09
1.901088194470867887e-09
1.899505843558136292e-09
1.897925292358767336e-09
1.896345465901950640e-09
1.894766677792823797e-09
1.893189106682000843e-09
1.891612829678083886e-09
1.890037596567586627e-09
1.888463908808125543e-09
1.886891277277709520e-09
1.885319405644092038e-09
1.883749303010260401e-09
1.882180191454091727e-09
1.880611784011303866e-09
1.879045190228888234e-09
1.877479389553690963e-09
1.875914574889513277e-09
1.874351445766313324e-09
1.872788783824646627e-09
1.871227211275022544e-09
1.869667397746323896e-09
1.868108561380623038e-09
1.866550968793430012e-09
1.864994906476506661e-09
1.863439572131713380e-09
1.861885334479559538e-09
1.860333000536335276e-09
1.858781330047858185e-09
1.857230652995511345e-09
1.855681715192167121e-09
1.854133371514651253e-09
1.852586490288702978e-09
1.851041065007987606e-09
1.849496370861859368e-09
1.847952808851771070e-09
1.846410756441924896e-09
1.844869866495507990e-09
1.843330196616953039e-09
1.841792069541521108e-09
1.840254708969660335e-09
1.838718302131766769e-09
1.837183935581599696e-09
1.835650325268205109e-09
1.834117633138129952e-09
1.832586695620898350e-09
1.831056254030388035e-09
1.829527173806875840e-09
1.827999655862689107e-09
1.826472817552023860e-09
1.824947030437807047e-09
1.823422738568748102e-09
1.821899689621434744e-09
1.820377692931855781e-09
1.818857309770235565e-09
1.817337929301571636e-09
1.815819399526805806e-09
1.814302733792853264e-09
1.812786990216205919e-09
1.811271974384061774e-09
1.809758842162075551e-09
1.808246594228162802e-09
1.806735246704677507e-09
1.805225769974449586e-09
1.803716850073776529e-09
1.802208855350355751e-09
1.800702671848830042e-09
1.799197559918059942e-09
1.797693619345919979e-09
1.796191395077215954e-09
1.794690181556200641e-09
1.793189643623952438e-09
1.791690853183912378e-09
1.790193529746761350e-09
1.788696924067470997e-09
1.787201649116018446e-09
1.785707812869981711e-09
1.784214615179814555e-09
1.782723183655527354e-09
1.781232979730000906e-09
1.779743645052880728e-09
1.778255420485496173e-09
1.776768730121024574e-09
1.775283302290688019e-09
1.773798963875254042e-09
1.772316276999034140e-09
1.770834551507573453e-09
1.769353639783631242e-09
1.767874545842879775e-09
1.766396658721911894e-09
1.764919557879113093e-09
1.763444057163227469e-09
1.761969575222768771e-09
1.760495853261550398e-09
1.759024023392752328e-09
1.757553004871721080e-09
1.756083042472730809e-09
1.754614273470834547e-09
1.753146838768523774e-09
1.751680710254852850e-09
1.750215713957718120e-09
1.748752368842306547e-09
1.747289929926243376e-09
1.745828431317566775e-09
1.744368798797372525e-09
1.742910162709422881e-09
1.741452233044926308e-09
1.739996068404284285e-09
1.738541043455872873e-09
1.737086743884985683e-09
1.735634364203991108e-09
1.734182806548554989e-09
1.732732074027389157e-09
1.731282737205481811e-09
1.729834910359790030e-09
1.728388229493305179e-09
1.726942805509923780e-09
1.725499033580105632e-09
1.724056091278972492e-09
1.722613980641061104e-09
1.721173837971436438e-09
1.719734883136882130e-09
1.718296690236095018e-09
1.716859997974687565e-09
1.715424586013740974e-09
1.713989806759188431e-09
1.712556819725767115e-09
1.711125139319945584e-09
1.709694234479238791e-09
1.708264376246937138e-09
1.706836101442345393e-09
1.705409123657845832e-09
1.703983173283030014e-09
1.702558828276138771e-09
1.701135659639073474e-09
1.699713204843276183e-09
1.698292118687106861e-09
1.696872836765222729e-09
1.695454371223702047e-09
1.694036730621898772e-09
1.692621025539880116e-09
1.691205915327611391e-09
1.689791813276937220e-09
1.688379616378774999e-09
1.686968022952275111e-09
1.685557502767983263e-09
1.684148276594050544e-09
1.682740328101410539e-09
1.681333691574171774e-09
1.679928150018022651e-09
1.678524256562851828e-09
1.677121336110408646e-09
1.675719138834610231e-09
1.674318797662597170e-09
1.672919782409804290e-09
1.671521405850527151e-09
1.670124218728949720e-09
1.668728758678580567e-09
1.667333942369401629e-09
1.665940354913849519e-09
1.664548562982206967e-09
1.663157227053332373e-09
1.661766891303790855e-09
1.660378225315042967e-09
1.658990734670827345e-09
1.657604444401344776e-09
1.656219508371415567e-09
1.654836058355353257e-09
1.653453371157057792e-09
1.652071580226915774e-09
1.650691703467054889e-09
1.649313029038399455e-09
1.647935117653678591e-09
1.646558520755521101e-09
1.645183367666631045e-09
1.643808765790797396e-09
1.642435611571271194e-09
1.641064199259069522e-09
1.639693326250612896e-09
1.638323609527072448e-09
1.636955136770756126e-09
1.635587921964422612e-09
1.634222019391486930e-09
1.632857219190918831e-09
1.631494031135768075e-09
1.630131805332352807e-09
1.628770294819381311e-09
1.627410390286689580e-09
1.626052054510475070e-09
1.624694453270118420e-09
1.623337733709853887e-09
1.621982912675387017e-09
1.620628655757453135e-09
1.619275355668579591e-09
1.617923974083652583e-09
1.616573176621860793e-09
1.615223413570251755e-09
1.613874777055207577e-09
1.612527602520669831e-09
1.611181648792808604e-09
1.609836673332032761e-09
1.608493369904428187e-09
1.607151110061633806e-09
1.605809491347184461e-09
1.604469303198788003e-09
1.603130890885792831e-09
1.601793206396337965e-09
1.600456252438113115e-09
1.599120999642489503e-09
1.597786945734242175e-09
1.596453510698463167e-09
1.595121589644013951e-09
1.593791201564605826e-09
1.592461256940277658e-09
1.591132335787639751e-09
1.589805025927791190e-09
1.588478860534500917e-09
1.587153862659366928e-09
1.585830102882039864e-09
1.584507936266389679e-09
1.583186565251882794e-09
1.581865897673712492e-09
1.580546883496627326e-09
1.579229428018851436e-09
1.577912706496922633e-09
1.576596829351030340e-09
1.575282809036551173e-09
1.573969380043177404e-09
1.572656797690192479e-09
1.571346111169663783e-09
1.570036458351388546e-09
1.568727512896499982e-09
1.567419649591423073e-09
1.566113125304568569e-09
1.564807793607413622e-09
1.563503715347830620e-09
1.562200684646800386e-09
1.560899245914837877e-09
1.559598737498755592e-09
1.558298895885918734e-09
1.557000573279226178e-09
1.555703864004480343e-09
1.554407890023375836e-09
1.553112641593433996e-09
1.551819235061026209e-09
1.550526671897357394e-09
1.549234753048566599e-09
1.547944483784949389e-09
1.546655543843039041e-09
1.545367066654638398e-09
1.544079656395691219e-09
1.542793726491797232e-09
1.541508874578174323e-09
1.540225273525756845e-09
1.538942701819797032e-09
1.537661755762926777e-09
1.536381717268734231e-09
1.535102261794562073e-09
1.533824333101840069e-09
1.532548071660179543e-09
1.531272497627103164e-09
1.529997679509057444e-09
1.528724372651519490e-09
1.527452414368884600e-09
1.526181009463463718e-09
1.524910807968773582e-09
1.523642423169237413e-09
1.522374449090043174e-09
1.521107442736816086e-09
1.519841612356283876e-09
1.518577260084448665e-09
1.517314045865006478e-09
1.516051774885835529e-09
1.514791085261899933e-09
1.513531511380735410e-09
1.512272661834048481e-09
1.511014690966475493e-09
1.509758438219219154e-09
1.508503523798549731e-09
1.507249314879882301e-09
1.505995909347877843e-09
1.504744354937159481e-09
1.503493327585027892e-09
1.502243090245507917e-09
1.500994608549718568e-09
1.499747346704621523e-09
1.498500600181951952e-09
1.497254952677071929e-09
1.496010471631250948e-09
1.494767154229552026e-09
1.493525171094850987e-09
1.492284040379002520e-09
1.491044483436663668e-09
1.489805979590095743e-09
1.488568137048708854e-09
1.487331316280808774e-09
1.486096197267680260e-09
1.484862273131220408e-09
1.483629019286339123e-09
1.482396555085878126e-09
1.481165988741709694e-09
1.479935987220544394e-09
1.478706701836127896e-09
1.477479149353669491e-09
1.476252740959607213e-09
1.475026778026221896e-09
1.473801843185887313e-09
1.472578284666128406e-09
1.471355826126952611e-09
1.470134589512159629e-09
1.468914256392916399e-09
1.467695504098751922e-09
1.466477718829677845e-09
1.465260628204123143e-09
1.464044526558221784e-09
1.462830085839197344e-09
1.461616879742292627e-09
1.460404291711920924e-09
1.459192423973947540e-09
1.457982431786779021e-09
1.456773166006076268e-09
1.455564558048301189e-09
1.454357446843711990e-09
1.453151824108247037e-09
1.451946560088652788e-09
1.450742277735712311e-09
1.449539142326231477e-09
1.448337372233658611e-09
1.447136720115378355e-09
1.445937010670247691e-09
1.444738641480452558e-09
1.443541523115870574e-09
1.442345212090293319e-09
1.441149543756293491e-09
1.439955307402259607e-09
1.438762690678821936e-09
1.437570704865082465e-09
1.436379518432648548e-09
1.435189700718636516e-09
1.434001142405728586e-09
1.432813004112790254e-09
1.431625869967334177e-09
1.430440601456322668e-09
1.429255956238020913e-09
1.428072083796404743e-09
1.426889181245642898e-09
1.425707540536407843e-09
1.424526940321996864e-09
1.423347609988524063e-09
1.422169084491133189e-09
1.420992084096201115e-09
1.419816082625006467e-09
1.418640745346157595e-09
1.417466284470640351e-09
1.416293382959803232e-09
1.415121844417377630e-09
1.413950919840067137e-09
1.412780604575626011e-09
1.411611970073943883e-09
1.410444382589471135e-09
1.409277275795797253e-09
1.408111229965369576e-09
1.406946951955250909e-09
1.405783118660428479e-09
1.404620081198023879e-09
1.403457930717277377e-09
1.402297370809924876e-09
1.401137672664340630e-09
1.399979135623233785e-09
1.398821488713839358e-09
1.397665379782656525e-09
1.396510132921608468e-09
1.395355540133481115e-09
1.394201842328242245e-09
1.393049747285621694e-09
1.391898928207851073e-09
1.390748678881351228e-09
1.389599056207732568e-09
1.388451091685693993e-09
1.387304183024509153e-09
1.386157749565300050e-09
1.385012318555126559e-09
1.383868698141847010e-09
1.382725633980786653e-09
1.381583274650034472e-09
1.380441874872812523e-09
1.379301812451115427e-09
1.378162753520284617e-09
1.377024861725800064e-09
1.375887776311417733e-09
1.374752154252544314e-09
1.373617548246087074e-09
1.372483701146640599e-09
1.371350501457165275e-09
1.370218667824385245e-09
1.369088403857130769e-09
1.367958764887842042e-09
1.366829894176018686e-09
1.365702078924756514e-09
1.364575748874373394e-09
1.363449803379158554e-09
1.362324601870450915e-09
1.361201046997495199e-09
1.360078701996128184e-09
1.358956670773780399e-09
1.357835654354332921e-09
1.356715510049055637e-09
1.355596692299186451e-09
1.354478878764893030e-09
1.353362122361640459e-09
1.352246258117098125e-09
1.351131876462292001e-09
1.350018310035853085e-09
1.348905296288426528e-09
1.347793256694507898e-09
1.346682705011346747e-09
1.345573426068807920e-09
1.344464696628962495e-09
1.343356540245111705e-09
1.342249901353783810e-09
1.341144441697073018e-09
1.340039409962826622e-09
1.338935140024944450e-09
1.337832666739621732e-09
1.336730972965189352e-09
1.335629709181561672e-09
1.334529374217702569e-09
1.333430166512442702e-09
1.332332144837532040e-09
1.331235120093407739e-09
1.330139061543876230e-09
1.329044006185599573e-09
1.327950383778350921e-09
1.326857476376282881e-09
1.325765048712677359e-09
1.324673716996330555e-09
1.323583889346169202e-09
1.322495189650133631e-09
1.321407048028304975e-09
1.320319486788116462e-09
1.319233480963914184e-09
1.318148554615151032e-09
1.317064043408187202e-09
1.315980308483508664e-09
1.314898385854657092e-09
1.313817291334789345e-09
1.312736615732019557e-09
1.311656879138482247e-09
1.310578098843362295e-09
1.309500605417538008e-09
1.308424071236877639e-09
1.307348520005947286e-09
1.306273872221928464e-09
1.305200655990588822e-09
1.304128211916040651e-09
1.303056354697366091e-09
1.301985298478190663e-09
1.300915682700329124e-09
1.299847398683381181e-09
1.298779653052861454e-09
1.297712657544074001e-09
1.296646671858605889e-09
1.295582120264488851e-09
1.294517928599036534e-09
1.293454420498533026e-09
1.292392326403011681e-09
1.291331602449796114e-09
1.290271082475061275e-09
1.289211551016700735e-09
1.288152748954232558e-09
1.287095266071672797e-09
1.286038621936248342e-09
1.284983143414185880e-09
1.283928323231953775e-09
1.282874826680027217e-09
1.281822370039509285e-09
1.280770738495567020e-09
1.279719509180949426e-09
1.278669436565524050e-09
1.277620858218844275e-09
1.276573250247455495e-09
1.275526176275570676e-09
1.274479606544624473e-09
1.273434590582531184e-09
1.272390649329817842e-09
1.271347107530645953e-09
1.270304214981672270e-09
1.269263003852924724e-09
1.268222772330880737e-09
1.267182797926518379e-09
1.266143687186773038e-09
1.265105358507655123e-09
1.264068597690314372e-09
1.263032544863914929e-09
1.261997536424126736e-09
1.260963270401290384e-09
1.259930383333883680e-09
1.258898365148394260e-09
1.257867093866246094e-09
1.256836258326250552e-09
1.255806617814918109e-09
1.254778550613208258e-09
1.253751264554322621e-09
1.252724554128406113e-09
1.251698366912577219e-09
1.250673763262833968e-09
1.249650106826131766e-09
1.248626821826383524e-09
1.247604210260729243e-09
1.246583310700472994e-09
1.245563415158442932e-09
1.244543744071827418e-09
1.243525024489359914e-09
1.242506991940111094e-09
1.241490381909478468e-09
1.240474539540006638e-09
1.239459785293484666e-09
1.238445682597140728e-09
1.237432813441080905e-09
1.236421012109904176e-09
1.235409960246275661e-09
1.234399316311155248e-09
1.233389677343922266e-09
1.232381414476812227e-09
1.231374301985317826e-09
1.230367682143179851e-09
1.229361682523707183e-09
1.228356777038017200e-09
1.227353173236216723e-09
1.226349913962761362e-09
1.225347285883902575e-09
1.224345869015156305e-09
1.223345881344512984e-09
1.222346175646776081e-09
1.221347186498848063e-09
1.220349060899899693e-09
1.219351902473415531e-09
1.218355717429158721e-09
1.217360522380850861e-09
1.216366226308872538e-09
1.215372709273926695e-09
1.214380557002264281e-09
1.213389131364572907e-09
1.212398340738970402e-09
1.211408098351589172e-09
1.210419073605995691e-09
1.209431472243805749e-09
1.208444551102079013e-09
1.207458196465386653e-09
1.206472308539774367e-09
1.205487957191714533e-09
1.204504589484412226e-09
1.203521588560115796e-09
1.202539164905099810e-09
1.201558255600334516e-09
1.200578490810036156e-09
1.199598858471338549e-09
1.198620051474231643e-09
1.197641976212637080e-09
1.196665204877883539e-09
1.195689209049514086e-09
1.194714206207128159e-09
1.193739993354372286e-09
1.192766689600897087e-09
1.191794713385443627e-09
1.190823353531753568e-09
1.189852556282069450e-09
1.188882375483643059e-09
1.187913448375950549e-09
1.186945909830222523e-09
1.185978975646114661e-09
1.185012644431844297e-09
1.184046798350866219e-09
1.183082481216468660e-09
1.182119048505966804e-09
1.181155936113041690e-09
1.180193450692307675e-09
1.179232450516713493e-09
1.178272630000469670e-09
1.177312953021328111e-09
1.176354136848821762e-09
1.175396074779450782e-09
1.174439007547963555e-09
1.173482831007893062e-09
1.172527644118075372e-09
1.171573295229404289e-09
1.170619691935219960e-09
1.169667373482968691e-09
1.168715789441210271e-09
1.167764869573193508e-09
1.166814397838645491e-09
1.165864901125189649e-09
1.164916868427992939e-09
1.163969717252935726e-09
1.163023052839213620e-09
1.162076939099271657e-09
1.161131854753817601e-09
1.160188043795631004e-09
1.159244606012120372e-09
1.158301684837396538e-09
1.157359730210257379e-09
1.156419245774364170e-09
1.155479291147184290e-09
1.154539733037256521e-09
1.153601002913622666e-09
1.152662928990223870e-09
1.151726214205463146e-09
1.150790140408483000e-09
1.149855088661254753e-09
1.148920617071079668e-09
1.147987159175096665e-09
1.147054935735012267e-09
1.146123303733494569e-09
1.145192135718222263e-09
1.144261638239786749e-09
1.143332385428479346e-09
1.142404362545946626e-09
1.141476937211427422e-09
1.140550057924342469e-09
1.139623577695491836e-09
1.138698558113974026e-09
1.137774535766988261e-09
1.136850823633961793e-09
1.135927687713672035e-09
1.135005700440030790e-09
1.134085061513787336e-09
1.133164712640839386e-09
1.132244869691590870e-09
1.131325792402891564e-09
1.130407513094230692e-09
1.129490511617397824e-09
1.128574181923634540e-09
1.127658786509523221e-09
1.126743968220601619e-09
1.125830281542062394e-09
1.124917679775499339e-09
1.124005636119378673e-09
1.123094010693827489e-09
1.122183086065868063e-09
1.121273373574822436e-09
1.120364929541560670e-09
1.119457050745334885e-09
1.118549729906462691e-09
1.117642845549287256e-09
1.116737327850461897e-09
1.115832765863233771e-09
1.114928461366012847e-09
1.114024782413086479e-09
1.113122137430166970e-09
1.112220889299596548e-09
1.111320074615819550e-09
1.110419673044412143e-09
1.109520091377450416e-09
1.108621100374005353e-09
1.107723402516010273e-09
1.106826321609638607e-09
1.105930234092704503e-09
1.105034790765769788e-09
1.104140139316236042e-09
1.103246731845234808e-09
1.102353946768109023e-09
1.101461745320075736e-09
1.100569978318351295e-09
1.099679145926410737e-09
1.098789652835280642e-09
1.097901069279716055e-09
1.097012878497354998e-09
1.096125317359004060e-09
1.095238354637588441e-09
1.094352877903045508e-09
1.093467926706658592e-09
1.092583304404955326e-09
1.091699269302025122e-09
1.090816657054166000e-09
1.089935086855608464e-09
1.089053596077792418e-09
1.088172831426164396e-09
1.087292813865256372e-09
1.086413580996789860e-09
1.085535373328494351e-09
1.084657884864438584e-09
1.083781336554923782e-09
1.082905266650697887e-09
1.082030282074791324e-09
1.081156346388057634e-09
1.080282976450641978e-09
1.079410048108259149e-09
1.078537701088909214e-09
1.077666446258421139e-09
1.076796436766511804e-09
1.075927108189741053e-09
1.075058203152401499e-09
1.074189771045511211e-09
1.073322275075280128e-09
1.072456059554586051e-09
1.071590294623834022e-09
1.070724921181263749e-09
1.069860164961110182e-09
1.068996887161424605e-09
1.068134495324669608e-09
1.067272173852584320e-09
1.066410572408427030e-09
1.065549668949964403e-09
1.064689625116349835e-09
1.063830585904075381e-09
1.062972253424593078e-09
1.062114794768184830e-09
1.061257851307136706e-09
1.060401960972987969e-09
1.059547145885671511e-09
1.058692808098826793e-09
1.057838938951081188e-09
1.056985588638293712e-09
1.056133205616161317e-09
1.055282186529125060e-09
1.054431874207103775e-09
1.053581956282316187e-09
1.052732649988130744e-09
1.051883953299859943e-09
1.051036663291898560e-09
1.050189857460029295e-09
1.049343350048688523e-09
1.048497410508508134e-09
1.047652818342961135e-09
1.046809309909427088e-09
1.045965977234843302e-09
1.045123215431911692e-09
1.044281182907775931e-09
1.043439708300380847e-09
1.042599455168194615e-09
1.041759757640974462e-09
1.040920993875530827e-09
1.040082852194258774e-09
1.039245395363443686e-09
1.038409105205817404e-09
1.037573421795759169e-09
1.036738418703683771e-09
1.035903699989188389e-09
1.035069781691263072e-09
1.034236965864076138e-09
1.033405251337756798e-09
1.032574014360815290e-09
1.031743302378740879e-09
1.030912944632835514e-09
1.030083761335303211e-09
1.029255611812008932e-09
1.028427798247856572e-09
1.027600386853203871e-09
1.026773625627890138e-09
1.025948256236312354e-09
1.025123722255409579e-09
1.024299241593669324e-09
1.023475467975640834e-09
1.022652392380393651e-09
1.021829999964272597e-09
1.021008674575975808e-09
1.020187950844162980e-09
1.019368109423887960e-09
1.018548798043601005e-09
1.017730274088737145e-09
1.016912901506694029e-09
1.016096033792900971e-09
1.015279774292145530e-09
1.014463785759899227e-09
1.013648751428668639e-09
1.012834787028477668e-09
1.012021822449764068e-09
1.011209274835445489e-09
1.010397234679362185e-09
1.009585526844525132e-09
1.008775031886875587e-09
1.007965528323523818e-09
1.007156365078028054e-09
1.006347618487709827e-09
1.005539453645157748e-09
1.004732685831633089e-09
1.003926781155608739e-09
1.003120934420350367e-09
1.002315711350613707e-09
1.001511158746458845e-09
1.000707218224633598e-09
9.999044870073970025e-10
9.991022785159329458e-10
9.983008936350253395e-10
9.975001080210059455e-10
9.967000122123405854e-10
9.959010584480501565e-10
9.951026618965837656e-10
9.943048993634058123e-10
9.935073952745169384e-10
9.927105843983326017e-10
9.919148294846558794e-10
9.911201956367170301e-10
9.903261048003363336e-10
9.895324281177911135e-10
9.887392756061815444e-10
9.879467665106156892e-10
9.871555661694773838e-10
9.863648234298453283e-10
9.855743262030587960e-10
9.847843454874178351e-10
9.839955104469949297e-10
9.832078051651757701e-10
9.824204309924168236e-10
9.816333405334477847e-10
9.808470126184124124e-10
9.800612405373075406e-10
9.792763622658156891e-10
9.784921690874855206e-10
9.777087393390341963e-10
9.769261584556838979e-10
9.761439872473185857e-10
9.753626564403960384e-10
9.745824181562367332e-10
9.738026452012240743e-10
9.730233976118233456e-10
9.722444542326016312e-10
9.714663572616428540e-10
9.706892912099801816e-10
9.699132309254524916e-10
9.691375968878025167e-10
9.683624426968350992e-10
9.675876406633607988e-10
9.668137789961253155e-10
9.660410242652247900e-10
9.652686888142633443e-10
9.644966465237284937e-10
9.637250764195997386e-10
9.629546833354683342e-10
9.621853608956560433e-10
9.614162885116206208e-10
9.606475330937453901e-10
9.598794525616933939e-10
9.591119224114706253e-10
9.583454150956558389e-10
9.575795306138923925e-10
9.568143405757452364e-10
9.560499709827791720e-10
9.552860200397656425e-10
9.545229036245218331e-10
9.537608533894597083e-10
9.529992206230493498e-10
9.522381524242914695e-10
9.514773274487349049e-10
9.507173358484654371e-10
9.499583643482848177e-10
9.492003486484661828e-10
9.484428125771876883e-10
9.476856770427454031e-10
9.469289880240646656e-10
9.461729319611704494e-10
9.454181628978007333e-10
9.446638908754539243e-10
9.439098615387345043e-10
9.431563130656012267e-10
9.424036726848158732e-10
9.416522197454960827e-10
9.409012399896658981e-10
9.401503662149363908e-10
9.394002062927832766e-10
9.386506393653767123e-10
9.379017176375773900e-10
9.371537999208301162e-10
9.364064236117956901e-10
9.356598123284601069e-10
9.349137511832762691e-10
9.341683137639255352e-10
9.334239099229223945e-10
9.326801272284675501e-10
9.319368958895790982e-10
9.311939740446826922e-10
9.304515579814621172e-10
9.297099388777285247e-10
9.289694747411801356e-10
9.282298204194434709e-10
9.274904523054214452e-10
9.267516003157495462e-10
9.260130237104507812e-10
9.252756229314458520e-10
9.245390803988818259e-10
9.238028243706039853e-10
9.230668838433815541e-10
9.223314325670415207e-10
9.215972021258313636e-10
9.208639387393809209e-10
9.201308948609868820e-10
9.193981453983718969e-10
9.186660960294320305e-10
9.179345837633577535e-10
9.172038243955285402e-10
9.164738015382689198e-10
9.157444404303788803e-10
9.150158737806337633e-10
9.142877536873847034e-10
9.135602567579541151e-10
9.128338070329900536e-10
9.121078758281732413e-10
9.113825697628593978e-10
9.106574952738387046e-10
9.099329560083027793e-10
9.092091913499518493e-10
9.084865686267830467e-10
9.077647249976750362e-10
9.070431515034170731e-10
9.063220759003781029e-10
9.056012541346160120e-10
9.048815189401229661e-10
9.041626939065613418e-10
9.034442260033860448e-10
9.027260418891467053e-10
9.020082882519726715e-10
9.012915968768069132e-10
9.005759465345255392e-10
8.998606361004447618e-10
8.991454721224890231e-10
8.984309698922005275e-10
8.977170395301613348e-10
8.970037245408273401e-10
8.962913823983354907e-10
8.955795074847991616e-10
8.948683645545869061e-10
8.941578013635039078e-10
8.934477772050078782e-10
8.927386472980030977e-10
8.920302844795656667e-10
8.913223589166590743e-10
8.906148581071936514e-10
8.899076277413093774e-10
8.892012604740148354e-10
8.884958294903885179e-10
8.877912806151138442e-10
8.870871378298225547e-10
8.863833636328662733e-10
8.856800458381193316e-10
8.849772068168526226e-10
8.842755899689965170e-10
8.835745532899882392e-10
8.828736956266238401e-10
8.821733072553266589e-10
8.814734529326580410e-10
8.807748216619277723e-10
8.800769776320385532e-10
8.793791879463621336e-10
8.786818479926495605e-10
8.779850935493558365e-10
8.772888260071105057e-10
8.765934956063900048e-10
8.758987462806474741e-10
8.752046260017593172e-10
8.745112355541971893e-10
8.738182744774240529e-10
8.731259241840968646e-10
8.724345806737138838e-10
8.717437556508905448e-10
8.710534649304656821e-10
8.703634656000362057e-10
8.696738772146572358e-10
8.689850650932026307e-10
8.682972414393625074e-10
8.676102560276713714e-10
8.669236010565081145e-10
8.662373608822991982e-10
8.655514998329228925e-10
8.648662216920638560e-10
8.641821270867781238e-10
8.634984995068969611e-10
8.628150140007156180e-10
8.621320126517790812e-10
8.614495778064177749e-10
8.607683145958300988e-10
8.600878224972849277e-10
8.594073771091839243e-10
8.587273630746089513e-10
8.580479454039500288e-10
8.537252244276622939e-10
8.530503378348496086e-10
8.523760885958128942e-10
8.517024481683070929e-10
8.510295419682928370e-10
8.503570759976717870e-10
8.351924328101253327e-10
8.345343934666910191e-10
8.338770112985664803e-10
8.332200918826140958e-10
8.325635432207350611e-10
8.319072649827386963e-10
8.240471158821693395e-10
8.233989240327845739e-10
8.227516101401145870e-10
8.221047560272135335e-10
8.214582130678405930e-10
8.208121766523043911e-10
8.058412584303994647e-10
8.052093748249219099e-10
8.045782214553187790e-10
8.039473085546561598e-10
8.033166993280577748e-10
8.026864897472434082e-10
7.949373324758681479e-10
7.943154243002253568e-10
7.936938472624609242e-10
7.930723381348384274e-10
7.924514630003340894e-10
7.918311356983474745e-10
7.912111063880827502e-10
7.764506725502392169e-10
7.758445968500142321e-10
7.752391826300070782e-10
7.746344773741312166e-10
7.740301104065600340e-10
7.734261187344736021e-10
7.657955916233109151e-10
7.651990367033288149e-10
7.646030698331670309e-10
7.640073016867950793e-10
7.634119562359812082e-10
7.628172838769698262e-10
7.482561438811784065e-10
7.476753856746940688e-10
7.470949297169309277e-10
7.465148378180077576e-10
7.459351661074032239e-10
7.453557764989611776e-10
7.378378361180330120e-10
7.372660412580892042e-10
7.366944104341902739e-10
7.361231345201605338e-10
7.355522511580912202e-10
7.349824861997899981e-10
7.206236855155511894e-10
7.200669096219582598e-10
7.195102477516740920e-10
7.189542331028879722e-10
7.183987377665049080e-10
7.178435374371592597e-10
7.104392693158431901e-10
7.098910707970343522e-10
7.093435339766465598e-10
7.087966802118438182e-10
7.082501588641046216e-10
7.077040078356130880e-10
6.935496657041032774e-10
6.930164127185119033e-10
6.924836857704086711e-10
6.919512178474564609e-10
6.914190956214434005e-10
6.908876316407809553e-10
6.835981075961243775e-10
6.830737136262068633e-10
6.825497135661072831e-10
6.820260322298923683e-10
