4.914225981122480552e-13
6.341178447527661517e-13
7.998295441388049529e-13
9.896012845365180998e-13
1.204361772721609908e-12
1.444940715847096389e-12
1.712045157460341326e-12
2.006287573850614505e-12
2.328200975058354475e-12
2.678247981362593972e-12
3.056743008746375833e-12
3.463968427554068100e-12
3.900137355245666894e-12
4.365381710585262173e-12
4.859747790540866285e-12
5.383221289520093492e-12
5.935796787835570347e-12
6.517271078312783603e-12
7.127562246248288870e-12
7.766399222570119048e-12
8.433497679493704552e-12
9.128551467548172156e-12
9.851197754876609558e-12
1.060106327258800751e-11
1.137769397661192423e-11
1.218058481031866953e-11
1.300927780152250874e-11
1.386315237418161395e-11
1.474162970833147894e-11
1.564424519316564492e-11
1.657021831561648564e-11
1.751894909048372535e-11
1.848980311258918325e-11
1.948200319611652901e-11
2.049494242078323124e-11
2.152777623783085127e-11
2.257989330387668626e-11
2.365040284466269011e-11
2.473866681806296473e-11
2.584389011424992252e-11
2.696513851941021301e-11
2.810190921625750035e-11
2.925312265865353097e-11
3.041823021806441233e-11
3.159616568912081012e-11
3.278641439607512690e-11
3.398806125217675243e-11
3.520019502732196439e-11
3.642226103404431944e-11
3.765321323694653975e-11
3.889244667715676242e-11
4.013915608045203279e-11
4.139245854733373625e-11
4.265182936206687246e-11
4.391629037629790806e-11
4.518514771651832010e-11
4.645786115834923957e-11
4.773345836620073368e-11
4.901137486937581826e-11
5.029103830388923196e-11
5.157152217186837821e-11
5.285231797825919658e-11
5.413294254238134871e-11
5.541256589106053360e-11
5.669057767485427245e-11
5.796674021102360980e-11
5.924026203595309816e-11
6.051038596174489629e-11
6.177704960706941687e-11
6.303967701863928455e-11
6.429761711399168046e-11
6.555045496080250228e-11
6.679810198854222478e-11
6.803990651917798805e-11
6.927533961239796731e-11
7.050429766813177948e-11
7.172658897635368131e-11
7.294169155168643836e-11
7.414921482988504962e-11
7.534915816111642587e-11
7.654134843037499407e-11
7.772533292237324842e-11
7.890088397053683473e-11
8.006814064841126930e-11
8.122689702375822889e-11
8.237676076415143510e-11
8.351789730041944262e-11
8.465035512387499277e-11
8.577377496549350766e-11
8.688818724831617247e-11
8.799372322803909816e-11
8.909030188331390189e-11
9.017811258953176604e-11
9.125717888097373447e-11
9.232715508481752168e-11
9.338856742557556534e-11
9.444162456319697664e-11
9.548610969827541685e-11
9.652245147580431096e-11
9.755030690037958018e-11
9.857023376172583719e-11
9.958267791945767092e-11
1.005873964670251215e-10
1.015848961842405312e-10
1.025749136253284582e-10
1.035580631128452995e-10
1.045346675106042578e-10
1.055049004166843839e-10
1.064691521862194200e-10
1.074273484682454428e-10
1.083800779586017280e-10
1.093274471213888115e-10
1.102700235123564901e-10
1.112078828562502483e-10
1.121415251394134936e-10
1.130710764122601782e-10
1.139969593521719160e-10
1.149194268633344223e-10
1.158388659776006103e-10
1.167557572260258802e-10
1.176703615979901268e-10
1.185829923408356235e-10
1.194939025135962964e-10
1.204033865369836773e-10
1.213118425111890197e-10
1.222198984105575503e-10
1.231277573112383731e-10
1.240357915358278768e-10
1.249441415594464075e-10
1.258531845327781531e-10
1.267630801744732301e-10
1.276746558292568253e-10
1.285879213147701927e-10
1.295034746839196973e-10
1.304212493718270857e-10
1.313418076760204367e-10
1.322651096138976620e-10
1.331917775879153820e-10
1.341220705069288147e-10
1.350561324538892661e-10
1.359945871335665130e-10
1.369371787803916651e-10
1.378847014956937070e-10
1.388367521513467499e-10
1.397941988753889017e-10
1.407568815905045321e-10
1.417250465807874781e-10
1.426993529080156195e-10
1.436793484074728663e-10
1.446659718404807046e-10
1.456586349161874865e-10
1.466579394965008615e-10
1.476639053728750380e-10
1.486762425768154131e-10
1.496960437464132315e-10
1.507226088976113490e-10
1.517566306770440042e-10
1.527980763548287196e-10
1.538464950341518479e-10
1.549028154945809875e-10
1.559661672880018483e-10
1.570370799833835207e-10
1.581157826396107659e-10
1.592015635504845433e-10
1.602954253925796542e-10
1.613967579474790288e-10
1.625053879850335527e-10
1.636219100813440402e-10
1.647454711260018404e-10
1.658764941259373230e-10
1.670149773334832899e-10
1.681601690737352463e-10
1.693128682416992630e-10
1.704725765113488580e-10
1.716387899046978599e-10
1.728121004891737210e-10
1.739917383283709995e-10
1.751774934302489256e-10
1.763697278855105829e-10
1.775676589146134667e-10
1.787712515496552342e-10
1.799806524484350021e-10
1.811951859989451945e-10
1.824147923305148194e-10
1.836392989462076575e-10
1.848681667313903495e-10
1.861012902701656317e-10
1.873383395340127077e-10
1.885788624111550466e-10
1.898227223916452865e-10
1.910695283514025880e-10
1.923189222264390894e-10
1.935706769550149004e-10
1.948243146034217442e-10
1.960795697419741979e-10
1.973361731055157742e-10
1.985934775655069823e-10
1.998512564235056570e-10
2.011093053427394404e-10
2.023666719795811884e-10
2.036231725947175403e-10
2.048787872173615312e-10
2.061325462700742627e-10
2.073842463974504558e-10
2.086340610453679286e-10
2.098808016181521690e-10
2.111239894607934059e-10
2.123639567518202840e-10
2.135998563749057431e-10
2.148304492915780288e-10
2.160561304957997583e-10
2.172768795899587705e-10
2.184910674074279288e-10
2.196989993690974230e-10
2.209011489617525566e-10
2.220956656725134632e-10
2.232820958656060515e-10
2.244610496707736294e-10
2.256321010655161861e-10
2.267929897913830657e-10
2.279445281185599716e-10
2.290873753417588441e-10
2.302194166665410841e-10
2.313406082523342260e-10
2.324517928869946208e-10
2.335526067533278103e-10
2.346404285411189047e-10
2.357163366933780926e-10
2.367811885259002592e-10
2.378327277361433099e-10
2.388701415648923634e-10
2.398946300010768167e-10
2.409066655018075472e-10
2.419034942001838866e-10
2.428858705279378749e-10
2.438549040572022571e-10
2.448101118667005349e-10
2.457485583096441143e-10
2.466717781276771032e-10
2.475808552708473366e-10
2.484741369733956739e-10
2.493499982919483138e-10
2.502100433533826343e-10
2.510552129618253621e-10
2.518833700518270858e-10
2.526940102212234157e-10
2.534886518599521110e-10
2.542683072921608932e-10
2.550298097455483648e-10
2.557734869001041269e-10
2.565007797071022250e-10
2.572127312942346475e-10
2.579061102473512317e-10
2.585815608276525929e-10
2.592405859091534322e-10
2.598841851012428396e-10
2.605094065688767612e-10
2.611169084884189491e-10
2.617081452703646316e-10
2.622841399141236436e-10
2.628421828625446257e-10
2.633828107573217777e-10
2.639075632270822667e-10
2.644171404874938081e-10
2.649100607291923079e-10
2.653858817175994936e-10
2.658461412423545945e-10
2.662919142491481692e-10
2.667224516107920098e-10
2.671362846892843520e-10
2.675352703277528541e-10
2.679204005122900807e-10
2.682916302111834843e-10
2.686474071961908077e-10
2.689893270312157275e-10
2.693183735192184446e-10
2.696351952578112177e-10
2.699381045854627128e-10
2.702281402775714075e-10
2.705062653636144712e-10
2.707732413202557850e-10
2.710286222045009543e-10
2.712717838582852265e-10
2.715043234965647811e-10
2.717266667375137457e-10
2.719393434154607511e-10
2.721417534558700154e-10
2.723350089302832221e-10
2.725199760165774671e-10
2.726970051302977960e-10
2.728660501366035965e-10
2.730271506409025976e-10
2.731815419011202823e-10
2.733294628420900140e-10
2.734712758681817643e-10
2.736068802598989153e-10
2.737371503438402131e-10
2.738626152681052524e-10
2.739835268800737980e-10
2.741002033332617725e-10
2.742133338716132465e-10
2.743238773668647585e-10
2.744319707908613244e-10
2.745377069936340864e-10
2.746415148650219310e-10
2.747442942789313867e-10
2.748465394883515994e-10
2.749482888288026216e-10
2.750495252894805924e-10
2.751510379556912620e-10
2.752538888459465762e-10
2.753582007337017726e-10
2.754639361106174111e-10
2.755709173221207169e-10
2.756806982898580975e-10
2.757941722094106880e-10
2.759112187769536878e-10
2.760317113795903279e-10
2.761553748427858251e-10
2.762839193154727740e-10
2.764180145379998902e-10
2.765574272914256757e-10
2.767019624335865898e-10
2.768512404245699633e-10
2.770071268981172601e-10
2.771705000589808102e-10
2.773409083717635336e-10
2.775181099212087166e-10
2.777015295636733672e-10
2.778929257494821528e-10
2.780936731581836744e-10
2.783029497581992561e-10
2.785203781589623324e-10
2.787455656826160010e-10
2.789794584983804417e-10
2.792238172807035529e-10
2.794782511549821678e-10
2.797419017168517151e-10
2.800144395085460212e-10
2.802961057776216092e-10
2.805894752213423630e-10
2.808939269599257335e-10
2.812090548241990278e-10
2.815340280240643721e-10
2.818685954509797245e-10
2.822150850724302176e-10
2.825737754808609258e-10
2.829436345696034699e-10
2.833241792807311145e-10
2.837150305266335493e-10
2.841166390419970215e-10
2.845310571833513890e-10
2.849572207239433428e-10
2.853946533797936197e-10
2.858425006984757430e-10
2.863005315548077814e-10
2.867711073016152623e-10
2.872541712631295914e-10
2.877486251486380903e-10
2.882540139876280310e-10
2.887700492972211911e-10
2.892965432680447239e-10
2.898356357481836215e-10
2.903860552786492010e-10
2.909471354704977165e-10
2.915186098081210369e-10
2.920996448253265707e-10
2.926913891682739659e-10
2.932944603660025462e-10
2.939077285288384890e-10
2.945307876550304573e-10
2.951629654710718277e-10
2.958040853980554940e-10
2.964552219604716471e-10
2.971164313625959320e-10
2.977867081035280638e-10
2.984654677967088863e-10
2.991524627121328515e-10
2.998474609295320233e-10
3.005511056539628111e-10
3.012628360351323357e-10
3.019818829558748340e-10
3.027078545691536109e-10
3.034405265541744539e-10
3.041797376788775978e-10
3.049256394999566188e-10
3.056776452598218528e-10
3.064351203534482829e-10
3.071977707690824723e-10
3.079654334763740039e-10
3.087379966898040250e-10
3.095150983570506327e-10
3.102961201076663843e-10
3.110805210138380179e-10
3.118681026428775159e-10
3.126587686428018947e-10
3.134524294779272904e-10
3.142483220893587460e-10
3.150457754883665654e-10
3.158441458878900603e-10
3.166435163378553477e-10
3.174438673343362003e-10
3.182451799080959389e-10
3.190466321063034818e-10
3.198471870044596900e-10
3.206464009971825800e-10
3.214442777419339481e-10
3.222408951839429153e-10
3.230363689137591520e-10
3.238302816713723121e-10
3.246206182770579882e-10
3.254069289533433381e-10
3.261893018859534661e-10
3.269678581734683054e-10
3.277428029110193994e-10
3.285143171879642984e-10
3.292804585737899800e-10
3.300400564338908809e-10
3.307933450354117711e-10
3.315404970403941203e-10
3.322817792427096176e-10
3.330175954133689241e-10
3.337473490985712352e-10
3.344683927873211944e-10
3.351805749302044147e-10
3.358844271022684079e-10
3.365803273501994014e-10
3.372685326075453106e-10
3.379493670559834899e-10
3.386207870247113856e-10
3.392809171576374860e-10
3.399302759153569993e-10
3.405691839732940996e-10
3.411982235640296284e-10
3.418178346599683189e-10
3.424281068282268983e-10
3.430262117262019388e-10
3.436115074084676678e-10
3.441848035630827885e-10
3.447466077702396039e-10
3.452972388911897687e-10
3.458371792625585242e-10
3.463666472732624742e-10
3.468821349121968911e-10
3.473836508634347178e-10
3.478721574139758057e-10
3.483480791907010364e-10
3.488118840178481121e-10
3.492641268644557569e-10
3.497048996971262189e-10
3.501305504482732441e-10
3.505415961478004533e-10
3.509390354095023512e-10
3.513233029167908344e-10
3.516948719367520358e-10
3.520542847438492548e-10
3.524017875973609098e-10
3.527343508913834994e-10
3.530523283941905279e-10
3.533569157046984456e-10
3.536485262123740764e-10
3.539277018330152056e-10
3.541947458920980954e-10
3.544500753121434019e-10
3.546913701959709207e-10
3.549183731170330917e-10
3.551322863079040054e-10
3.553337457103325486e-10
3.555231785035481008e-10
3.557009693116462482e-10
3.558675930732797055e-10
3.560217021653159639e-10
3.561623376984822559e-10
3.562909162533265477e-10
3.564081204295473576e-10
3.565142379311496433e-10
3.566097580076724615e-10
3.566950092910248621e-10
3.567698190678801778e-10
3.568330178550682577e-10
3.568854892085382505e-10
3.569281714935575650e-10
3.569612471990733480e-10
3.569851777482688496e-10
3.570002316016192572e-10
3.570065856093469180e-10
3.570037839261128883e-10
3.569917559527136310e-10
3.569717154711498217e-10
3.569440347921064481e-10
3.569089222509469489e-10
3.568666837446866744e-10
3.568175352551466458e-10
3.567616076691004211e-10
3.566988050382291553e-10
3.566297430155265427e-10
3.565553653564997358e-10
3.564758608363376644e-10
3.563913408977755353e-10
3.563019224128312239e-10
3.562077429380010031e-10
3.561091781320661080e-10
3.560065679335019455e-10
3.559007290130950778e-10
3.557920903966728840e-10
3.556807185792995736e-10
3.555666884406729175e-10
3.554500410463398620e-10
3.553308158273384630e-10
3.552098493322671467e-10
3.550878962734376172e-10
3.549655612560193075e-10
3.548431206579293560e-10
3.547205357995405753e-10
3.545978534218515305e-10
3.544749709452018422e-10
3.543518275387292632e-10
3.542296027679429945e-10
3.541092016888706664e-10
3.539910013148844851e-10
3.538751273430268450e-10
3.537614694201248423e-10
3.536500455208131876e-10
3.535405841247101718e-10
3.534329798973131033e-10
3.533284362745784279e-10
3.532280505989389699e-10
3.531320307481618534e-10
3.530403504680307442e-10
3.529529902620640406e-10
3.528695773709139906e-10
3.527899502670519141e-10
3.527140347930741513e-10
3.526427429799606934e-10
3.525778076964831479e-10
3.525196361122064405e-10
3.524679290931439091e-10
3.524224714710893830e-10
3.523830396609430865e-10
3.523494650827998728e-10
3.523213843429817577e-10
3.522988928016821703e-10
3.522845189697083116e-10
3.522782042072339412e-10
3.522796923852270074e-10
3.522887033723556242e-10
3.523049467962956140e-10
3.523283061023355842e-10
3.523587024611557754e-10
3.523955580439194913e-10
3.524402390001234201e-10
3.524940721837183786e-10
3.525564936012905961e-10
3.526275300162687916e-10
3.527064994284949549e-10
3.527933564826634830e-10
3.528878587139388630e-10
3.529895076300313098e-10
3.530983667555994536e-10
3.532170079890588571e-10
3.533451483079159575e-10
3.534824072866785218e-10
3.536283001081720877e-10
3.537828116750269873e-10
3.539456477898704541e-10
3.541162665064644561e-10
3.542947215740125802e-10
3.544810795552424103e-10
3.546768902489667446e-10
3.548819430148006494e-10
3.550954920546270100e-10
3.553171731020922957e-10
3.555466576025461255e-10
3.557840491904695961e-10
3.560289893386537029e-10
3.562810315631279305e-10
3.565409032172052228e-10
3.568091160982100817e-10
3.570854998787355983e-10
3.573694822518719737e-10
3.576606296765437370e-10
3.579586366668443025e-10
3.582635155891238279e-10
3.585752099535639206e-10
3.588931536738184240e-10
3.592179252714050795e-10
3.595498747965859741e-10
3.598887448626836530e-10
3.602339031953371933e-10
3.605849418260906336e-10
3.609416654286500287e-10
3.613042487411147497e-10
3.616723106051105409e-10
3.620457176486824121e-10
3.624244475903970754e-10
3.628085130947205810e-10
3.631977581188280186e-10
3.635913653220819657e-10
3.639891647408695472e-10
3.643912021207601789e-10
3.647972610165462605e-10
3.652073195749431889e-10
3.656212549242266699e-10
3.660388651932843155e-10
3.664597698166649331e-10
3.668838105846612796e-10
3.673104644681596236e-10
3.677394827979735498e-10
3.681707064290199782e-10
3.686042197069207376e-10
3.690399065021352702e-10
3.694777521955697383e-10
3.699177026140077729e-10
3.703590065439462249e-10
3.708011537377007521e-10
3.712434000094946896e-10
3.716856589957163866e-10
3.721278421928379474e-10
3.725701044843079360e-10
3.730121912581435443e-10
3.734543889112389262e-10
3.738966001317507152e-10
3.743387713450104335e-10
3.747789786695339871e-10
3.752174175530454349e-10
3.756537689640593523e-10
3.760876758201203925e-10
3.765194079172695600e-10
3.769489922323481719e-10
3.773767716757261400e-10
3.778023735123748225e-10
3.782262964405519770e-10
3.786475763117705013e-10
3.790647002868054190e-10
3.794774628693425896e-10
3.798860122214917918e-10
3.802904314937643051e-10
3.806904907800769849e-10
3.810866236234905353e-10
3.814790332518589849e-10
3.818677829109156612e-10
3.822528466625926601e-10
3.826331410544740035e-10
3.830073876757797042e-10
3.833751470596778195e-10
3.837368895149257395e-10
3.840928436808622188e-10
3.844425645305126731e-10
3.847867864318470768e-10
3.851255466055114529e-10
3.854591678286304760e-10
3.857874288613268429e-10
3.861094980310664023e-10
3.864242464163075206e-10
3.867312898847962039e-10
3.870313739284273042e-10
3.873245694374064978e-10
3.876107105429958138e-10
3.878901821708808896e-10
3.881636358156259254e-10
3.884306306452200952e-10
3.886917191456713602e-10
3.889460953457743816e-10
3.891921414514773923e-10
3.894301042459950112e-10
3.896604515218012051e-10
3.898830372284128631e-10
3.900983573499427168e-10
3.903065775210366240e-10
3.905079700940545539e-10
3.907024372762303321e-10
3.908902452374105935e-10
3.910717917169704086e-10
3.912449524540508120e-10
3.914099982798266266e-10
3.915673406076301929e-10
3.917171782536304604e-10
3.918598949806625614e-10
3.919956347624899609e-10
3.921243845380962230e-10
3.922463119015526403e-10
3.923622123565902080e-10
3.924713803591745768e-10
3.925736719370312067e-10
3.926687016077819081e-10
3.927563222800194871e-10
3.928376030643370255e-10
3.929121528533627321e-10
3.929805635196403069e-10
3.930429027210844647e-10
3.930993155051391058e-10
3.931498363493539057e-10
3.931945304029702175e-10
3.932338636909424753e-10
3.932670835660980924e-10
3.932940610772661443e-10
3.933155509140935864e-10
3.933315512880504980e-10
3.933427713033565851e-10
3.933487723691641734e-10
3.933499260305198756e-10
3.933465867286913425e-10
3.933383278729054823e-10
3.933255851200003366e-10
3.933084082280330367e-10
3.932868741001505678e-10
3.932608958898332372e-10
3.932311633110291398e-10
3.931979709642788724e-10
3.931615108130563180e-10
3.931216281960936249e-10
3.930784852836388094e-10
3.930322792626458866e-10
3.929828942075570379e-10
3.929304155140171615e-10
3.928749658150262270e-10
3.928172403573780103e-10
3.927569837033980157e-10
3.926948204664312051e-10
3.926310299852050013e-10
3.925656444620260872e-10
3.924985967462068997e-10
3.924299622701672948e-10
3.923598232634356580e-10
3.922880799690227322e-10
3.922147935218623577e-10
3.921400472519640069e-10
3.920649926190594637e-10
3.919892518894676445e-10
3.919136039481992940e-10
3.918380973585318667e-10
3.917626545914735261e-10
3.916875339220937048e-10
3.916125598519486128e-10
3.915375697048865714e-10
3.914627300965896447e-10
3.913879261740223963e-10
3.913132970137081928e-10
3.912395963465916595e-10
3.911672132943148090e-10
3.910965202125612544e-10
3.910275558446510903e-10
3.909604140238023350e-10
3.908951450143066550e-10
3.908312226349958766e-10
3.907692591449416408e-10
3.907087991272845611e-10
3.906497354371544575e-10
3.905921556959738203e-10
3.905363295378216900e-10
3.904836386557456454e-10
3.904335417497011489e-10
3.903864339493084383e-10
3.903424862911990796e-10
3.903011592162128524e-10
3.902629782414573344e-10
3.902275545622661238e-10
3.901946172965100718e-10
3.901643946315564463e-10
3.901366602074453888e-10
3.901114777754830169e-10
3.900896282234497746e-10
3.900717249142071120e-10
3.900579893258603487e-10
3.900480374118514022e-10
3.900423340281630648e-10
3.900402238273892793e-10
3.900420192614554422e-10
3.900474856435053405e-10
3.900561412036978886e-10
3.900687089546330479e-10
3.900845875045726291e-10
3.901036405786540004e-10
3.901270069011707986e-10
3.901547706714993199e-10
3.901871875594209399e-10
3.902237249506184250e-10
3.902646589055369946e-10
3.903096467649387708e-10
3.903586591577908714e-10
3.904116907974165656e-10
3.904682449297634075e-10
3.905288764767208260e-10
3.905931727550688043e-10
3.906608637950584094e-10
3.907328906732896618e-10
3.908092456738218078e-10
3.908900813247893351e-10
3.909749066016890287e-10
3.910638813520457448e-10
3.911566139657273158e-10
3.912533336741683787e-10
3.913538157165146352e-10
3.914576467456509088e-10
3.915653619681130367e-10
3.916765257070452064e-10
3.917909985926058064e-10
3.919092802112791360e-10
3.920314918940828806e-10
3.921574666425157886e-10
3.922872078233683892e-10
3.924203876122253462e-10
3.925567159477823921e-10
3.926966166931018309e-10
3.928395750485244093e-10
3.929858141360941960e-10
3.931352133732265240e-10
3.932873869946474341e-10
3.934427803098964078e-10
3.936010617145081457e-10
3.937621252557451665e-10
3.939261910203949994e-10
3.940927779561130220e-10
3.942616457015840193e-10
3.944330134465181461e-10
3.946066112681503282e-10
3.947823948495347856e-10
3.949604782046149411e-10
3.951405505294573327e-10
3.953228672593376322e-10
3.955073671667604887e-10
3.956936803361423782e-10
3.958819200981755376e-10
3.960716304468825483e-10
3.962627979345400378e-10
3.964553050932292174e-10
3.966488299505067126e-10
3.968435003542499467e-10
3.970391708783317350e-10
3.972358966534300056e-10
3.974336970900822946e-10
3.976325578079190888e-10
3.978323848249952958e-10
3.980332883583298906e-10
3.982350976651058609e-10
3.984371918365893363e-10
3.986395296599952217e-10
3.988417309974419829e-10
3.990439518096982138e-10
3.992456742366191128e-10
3.994473126614462917e-10
3.996485450239725127e-10
3.998496103077609628e-10
4.000504651478680288e-10
4.002511475544836283e-10
4.004516341523935495e-10
4.006520070381155352e-10
4.008521654334231440e-10
4.010511697285557358e-10
4.012491139778367065e-10
4.014455368096161581e-10
4.016407461221074969e-10
4.018342399680529552e-10
4.020265532245223322e-10
4.022172172668979648e-10
4.024067051015386569e-10
4.025947332450458082e-10
4.027815343158277919e-10
4.029671055430777101e-10
4.031514763793884534e-10
4.033346736268180756e-10
4.035158497702557433e-10
4.036947304289291889e-10
4.038713287935567687e-10
4.040455155491735248e-10
4.042171738376582162e-10
4.043866218188133381e-10
4.045535873809057613e-10
4.047186085488411061e-10
4.048811850729016578e-10
4.050419097186553059e-10
4.052002540249759545e-10
4.053567623323759187e-10
4.055111983774754560e-10
4.056634200818300390e-10
4.058123069180441722e-10
4.059584233085074919e-10
4.061012636309642052e-10
4.062413306555513529e-10
4.063782044223410697e-10
4.065123660293383476e-10
4.066435187698353142e-10
4.067718830829984393e-10
4.068975777092811661e-10
4.070205150743275810e-10
4.071410331206262730e-10
4.072588656008237835e-10
4.073742774983415951e-10
4.074864319814373578e-10
4.075953573332360121e-10
4.077010355249225172e-10
4.078035279820192625e-10
4.079027786931491218e-10
4.079990351958327145e-10
4.080922419209036697e-10
4.081826666185371830e-10
4.082700441844606842e-10
4.083548590658507476e-10
4.084366947139069179e-10
4.085160849424410348e-10
4.085926107745466729e-10
4.086665828813948058e-10
4.087374065823289900e-10
4.088051341474711591e-10
4.088697814673744706e-10
4.089314869682328934e-10
4.089903521982125831e-10
4.090464938796117242e-10
4.090998653540670947e-10
4.091506958179408736e-10
4.091986911336654529e-10
4.092443890605387582e-10
4.092873218818565667e-10
4.093279683039138472e-10
4.093660247434848590e-10
4.094017600805907960e-10
4.094350424202903700e-10
4.094658266843007651e-10
4.094942714436417160e-10
4.095204270433377169e-10
4.095445354670533181e-10
4.095665249934317639e-10
4.095865339969682347e-10
4.096045645332892709e-10
4.096205436037058146e-10
4.096347016489078404e-10
4.096468287652801861e-10
4.096572971888961481e-10
4.096656915888960049e-10
4.096724207446208725e-10
4.096774529020132419e-10
4.096809245437235148e-10
4.096828344794387897e-10
4.096833992437848913e-10
4.096827907519419142e-10
4.096808322863672814e-10
4.096777825915554233e-10
4.096734709799449925e-10
4.096680838238479575e-10
4.096614757898640803e-10
4.096537296159069511e-10
4.096448949203228956e-10
4.096348713375658801e-10
4.096239018315921990e-10
4.096118416406661357e-10
4.095994788302624632e-10
4.095862382389538067e-10
4.095726856112125754e-10
4.095586411906000581e-10
4.095444931109391801e-10
4.095299218517980565e-10
4.095152043990715760e-10
4.095000516016022992e-10
4.094846497225143536e-10
4.094689331802817982e-10
4.094529134072024429e-10
4.094366239861474128e-10
4.094199341371321674e-10
4.094030281297755580e-10
4.093863065706260942e-10
4.093700413115167568e-10
4.093540522558721667e-10
4.093387327223660466e-10
4.093239256214591388e-10
4.093099407311327916e-10
4.092963577045040490e-10
4.092835580636584820e-10
4.092711608172296006e-10
4.092595213167973197e-10
4.092482714600407361e-10
4.092376721615626172e-10
4.092274348903428287e-10
4.092178058298073273e-10
4.092086083462896500e-10
4.092005085125023946e-10
4.091934030921692114e-10
4.091873262642275749e-10
4.091824760095594521e-10
4.091787636793840319e-10
4.091763885288550149e-10
4.091749905716995140e-10
4.091749318686766746e-10
4.091757979600306783e-10
4.091779701680002600e-10
4.091810216017939198e-10
4.091852601672351256e-10
4.091903610729316933e-10
4.091965534287227098e-10
4.092036699066408855e-10
4.092122061002042669e-10
4.092222149258937184e-10
4.092335973744085383e-10
4.092465877038772282e-10
4.092609666630473956e-10
4.092770799860354096e-10
4.092944757327874343e-10
4.093135188976586575e-10
4.093337898922080268e-10
4.093556268441298704e-10
4.093786654016229004e-10
4.094031716164123603e-10
4.094288536211278333e-10
4.094559098190097072e-10
4.094841210448323733e-10
4.095137569726276956e-10
4.095450593345146003e-10
4.095778573854426874e-10
4.096122278601449693e-10
4.096481021133012340e-10
4.096854876529817475e-10
4.097243421861035344e-10
4.097646314073359225e-10
4.098063800845344034e-10
4.098494925942966767e-10
4.098940330087922200e-10
4.099398423666547674e-10
4.099870646208028326e-10
4.100354983168576203e-10
4.100852999565638448e-10
4.101363061603354346e-10
4.101886776630138888e-10
4.102423351725546132e-10
4.102973119120051665e-10
4.103535458259451226e-10
4.104109809360845800e-10
4.104696458885980500e-10
4.105294496266992402e-10
4.105904438825118138e-10
4.106525415086704897e-10
4.107158137643034972e-10
4.107801291049459737e-10
4.108456140786437280e-10
4.109120873953651931e-10
4.109796975570259433e-10
4.110482642860634814e-10
4.111178904196395116e-10
4.111883236050496329e-10
4.112596914368058469e-10
4.113318924037169715e-10
4.114048543484193499e-10
4.114785505882170906e-10
4.115529085791223187e-10
4.116279916734092245e-10
4.117037187441811788e-10
4.117801721962461392e-10
4.118572886690581092e-10
4.119350548230889403e-10
4.120135255058726369e-10
4.120925887328706910e-10
4.121723677994065885e-10
4.122527001424042406e-10
4.123336525881309740e-10
4.124147797791535498e-10
4.124962537423214451e-10
4.125780284560350736e-10
4.126598897543002947e-10
4.127419469809642288e-10
4.128239040879202072e-10
4.129060870780491391e-10
4.129882553307974056e-10
4.130706098613936146e-10
4.131529996049030638e-10
4.132355429589955505e-10
4.133181808915130694e-10
4.134009005673422098e-10
4.134837699657573545e-10
4.135666727045142687e-10
4.136496894657345661e-10
4.137325059088740757e-10
4.138149393055995815e-10
4.138972104300857017e-10
4.139789141758386762e-10
4.140603509953710635e-10
4.141412377008358963e-10
4.142217833409571735e-10
4.143018640293908614e-10
4.143815283823539740e-10
4.144608865697161914e-10
4.145396954566257048e-10
4.146182481431174797e-10
4.146963886601511163e-10
4.147742264044305762e-10
4.148517402594410280e-10
4.149289099798542614e-10
4.150056658603181095e-10
4.150814593934806393e-10
4.151566093977455500e-10
4.152309879140623438e-10
4.153044974937719809e-10
4.153772925882038735e-10
4.154489889784982173e-10
4.155200471420399504e-10
4.155901838033009603e-10
4.156596306517657923e-10
4.157282516887674212e-10
4.157960884905541035e-10
4.158632767848084957e-10
4.159295516680147626e-10
4.159952549957220988e-10
4.160601959525833116e-10
4.161245196684294902e-10
4.161880301462886488e-10
4.162503491957932875e-10
4.163118046455773637e-10
4.163721250683997050e-10
4.164314177934263321e-10
4.164897499433033854e-10
4.165469042969278498e-10
4.166031685875041588e-10
4.166583297357053424e-10
4.167126192029622512e-10
4.167659075572638706e-10
4.168182217606449849e-10
4.168697065660731962e-10
4.169200856509697489e-10
4.169697307686653340e-10
4.170183985766858089e-10
4.170663178511028833e-10
4.171132615080082265e-10
4.171591214075988177e-10
4.172039475943017162e-10
4.172477278009457199e-10
4.172904792130352352e-10
4.173322932221992663e-10
4.173730021308035081e-10
4.174128131657893785e-10
4.174516460779815964e-10
4.174895150608068566e-10
4.175264934031291757e-10
4.175624212396393146e-10
4.175975696942513148e-10
4.176317050507226943e-10
4.176651016499556151e-10
4.176975619832228037e-10
4.177292645559350130e-10
4.177600531611546989e-10
4.177899834329819101e-10
4.178191069706951036e-10
4.178473836937540064e-10
4.178749015060632882e-10
4.179015894932635986e-10
4.179275725449036183e-10
4.179527331748665850e-10
4.179772033273110337e-10
4.180008772511661162e-10
4.180239065827001841e-10
4.180461687593063378e-10
4.180677863153018999e-10
4.180886807351994351e-10
4.181088848457442707e-10
4.181284576743794825e-10
4.181472937598783089e-10
4.181655701351872945e-10
4.181831307573988106e-10
4.182002898682916631e-10
4.182167781356250170e-10
4.182327702848423800e-10
4.182482725914321873e-10
4.182633138718854383e-10
4.182779898482043622e-10
4.182921669056564592e-10
4.183059698599231811e-10
4.183192760506248801e-10
4.183322044139259321e-10
4.183446883018991503e-10
4.183567961908717475e-10
4.183684497637969175e-10
4.183797389704451389e-10
4.183905725605525741e-10
4.184010497798281435e-10
4.184111523743809617e-10
4.184208815561133440e-10
4.184305297302285417e-10
4.184398233131082435e-10
4.184489763669354232e-10
4.184579587637242200e-10
4.184667789276474283e-10
4.184756027152007461e-10
4.184842175252503154e-10
4.184927664281129365e-10
4.185011562032632705e-10
4.185094290542833505e-10
4.185176205449764327e-10
4.185256655384261552e-10
4.185335670354783440e-10
4.185413567579304643e-10
4.185489929024731814e-10
4.185565431657332627e-10
4.185639721431397200e-10
4.185713173486568216e-10
4.185790211278704783e-10
4.185867220726670480e-10
4.185945940507037431e-10
4.186026934503866130e-10
4.186109854549392128e-10
4.186196135782953051e-10
4.186283998828209095e-10
4.186374130064743305e-10
4.186467302477121681e-10
4.186561973110458376e-10
4.186659254730299608e-10
4.186757935852883315e-10
4.186858668274198313e-10
4.186962121101469276e-10
4.187066999735826194e-10
4.187173601542909015e-10
4.187282010497266345e-10
4.187392057863979391e-10
4.187506901921197275e-10
4.187624017157469698e-10
4.187743908719589037e-10
4.187867973597323066e-10
4.187995269277093605e-10
4.188126981796105531e-10
4.188262738928873459e-10
4.188401723502015888e-10
4.188544931336765573e-10
4.188691218249602272e-10
4.188841284371986714e-10
4.188995652683070920e-10
4.189152616377551768e-10
4.189313242913811785e-10
4.189476724926349991e-10
4.189643744288269455e-10
4.189814251041169901e-10
4.189987364414715610e-10
4.190163863191181495e-10
4.190344146889704434e-10
4.190528372682045436e-10
4.190715778850665625e-10
4.190906986722769544e-10
4.191102160067710770e-10
4.191301045359181048e-10
4.191504592324600681e-10
4.191711279968661134e-10
4.191922127444051522e-10
4.192136138366642681e-10
4.192353798102857000e-10
4.192575674745863520e-10
4.192800440584338720e-10
4.193029004166170467e-10
4.193260326403616884e-10
4.193495245480447033e-10
4.193733665018125433e-10
4.193974772416338597e-10
4.194219559933238793e-10
4.194467300413374681e-10
4.194718706672194502e-10
4.194973182160688964e-10
4.195230626320992539e-10
4.195491766300284764e-10
4.195755715551200522e-10
4.196023449892918177e-10
4.196293934433569511e-10
4.196567456542730359e-10
4.196844138989720055e-10
4.197123586465751042e-10
4.197406737174790508e-10
4.197692188527471523e-10
4.197980771915583137e-10
4.198272205424805655e-10
4.198566213280981067e-10
4.198863717835987303e-10
4.199163386901385777e-10
4.199465630682246108e-10
4.199769111121696853e-10
4.200074040413071829e-10
4.200380982850299521e-10
4.200688434745171353e-10
4.200998037843580908e-10
4.201309040479888114e-10
4.201620455449600657e-10
4.201933569883801975e-10
4.202247835868394073e-10
4.202563520582301214e-10
4.202880168959554027e-10
4.203198186592035857e-10
4.203517459158422965e-10
4.203838104114226429e-10
4.204159802052338110e-10
4.204482588699929434e-10
4.204807115557272148e-10
4.205132100788893092e-10
4.205458437215908738e-10
4.205785624920548953e-10
4.206110922424431664e-10
4.206437002439105899e-10
4.206762632890629789e-10
4.207087210768886275e-10
4.207411746159837778e-10
4.207735122527235258e-10
4.208058143069657359e-10
4.208380748918314246e-10
4.208702188138318558e-10
4.209023568574319048e-10
4.209344335074387360e-10
4.209663997787541413e-10
4.209983791682855221e-10
4.210302989077963392e-10
4.210621460634078166e-10
4.210939636663375494e-10
4.211257751442016414e-10
4.211575171300020873e-10
4.211891837924464409e-10
4.212207538373828342e-10
4.212521122607326512e-10
4.212833853450580830e-10
4.213144634069130085e-10
4.213453465094940266e-10
4.213760628458047501e-10
4.214065373310479754e-10
4.214367915157602012e-10
4.214668877891292308e-10
4.214967470389395350e-10
4.215264442132553623e-10
4.215559502987167273e-10
4.215852148220034230e-10
4.216143810817340985e-10
4.216433478032912267e-10
4.216720967072240412e-10
4.217007233853779017e-10
4.217292019369493908e-10
4.217574820109996732e-10
4.217856095783808046e-10
4.218135352502890791e-10
4.218411187954156361e-10
4.218684501918205311e-10
4.218955719354941437e-10
4.219223544461119756e-10
4.219488820994465888e-10
4.219751138326393739e-10
4.220010154547587375e-10
4.220266911163224012e-10
4.220520885011758303e-10
4.220771476166388925e-10
4.221019907702573451e-10
4.221265665805080276e-10
4.221508780089456872e-10
4.221749411083335994e-10
4.221987151310516863e-10
4.222222969377990082e-10
4.222456357043239833e-10
4.222686737322146261e-10
4.222915398247833264e-10
4.223141588862313785e-10
4.223364132440782282e-10
4.223584432793937860e-10
4.223801689679958976e-10
4.224015928217839292e-10
4.224227208252441763e-10
4.224435772466150405e-10
4.224641458289850708e-10
4.224843787073826860e-10
4.225043720637638946e-10
4.225240674921877743e-10
4.225434935854343278e-10
4.225626584353978976e-10
4.225815033283436553e-10
4.226001526786050195e-10
4.226185242604586355e-10
4.226365665713648191e-10
4.226544334059129350e-10
4.226720350037568649e-10
4.226893611564125150e-10
4.227064770762351191e-10
4.227233446348306501e-10
4.227400119261342828e-10
4.227564743293910386e-10
4.227727191077152043e-10
4.227887807560272485e-10
4.228045830737873984e-10
4.228201999727680309e-10
4.228356496198406311e-10
4.228508502158175273e-10
4.228658473953432152e-10
4.228806688033314338e-10
4.228952816958376352e-10
4.229096982984671958e-10
4.229239181898543116e-10
4.229379700471100490e-10
4.229518178211242863e-10
4.229654478266073792e-10
4.229789452354518702e-10
4.229922231069635539e-10
4.230053437620878330e-10
4.230182939366113539e-10
4.230310374343099232e-10
4.230436879466506019e-10
4.230561903021340989e-10
4.230685063899853338e-10
4.230807194751973831e-10
4.230927985828341568e-10
4.231047668325110578e-10
4.231166605458115012e-10
4.231283971330113039e-10
4.231400346389043327e-10
4.231516002388138930e-10
4.231630179525611269e-10
4.231743568864953609e-10
4.231855900442124564e-10
4.231966913102969860e-10
4.232077158200177301e-10
4.232186176176600380e-10
4.232294258251513506e-10
4.232401558253627242e-10
4.232507270412658421e-10
4.232612282384807770e-10
4.232716446354554186e-10
4.232819756518812083e-10
4.232922817225663159e-10
4.233025045378950013e-10
4.233126554010421809e-10
4.233228109419784425e-10
4.233329028167254713e-10
4.233429657766297258e-10
4.233530586704219103e-10
4.233630926728422298e-10
4.233731099057059140e-10
4.233831266322937043e-10
4.233930879594112265e-10
4.234030344188257778e-10
4.234129817430576594e-10
4.234228756679419942e-10
4.234327474475469697e-10
4.234425987223371768e-10
4.234524209764882091e-10
4.234622011411254149e-10
4.234719751697781958e-10
4.234817064975066003e-10
4.234914075422768563e-10
4.235011646134789257e-10
4.235109272126049517e-10
4.235206863290524446e-10
4.235304789220369950e-10
4.235403168590361330e-10
4.235501908119754499e-10
4.235600982979896191e-10
4.235700842357983163e-10
4.235800905104627586e-10
4.235901445396701707e-10
4.236002719719338829e-10
4.236103953412105034e-10
4.236205695284521332e-10
4.236308254182253803e-10
4.236410766260322832e-10
4.236513662926091501e-10
4.236617215802925504e-10
4.236720880031918437e-10
4.236824837254074600e-10
4.236929388345174872e-10
4.237034033704259292e-10
4.237138952878738031e-10
4.237244570658115679e-10
4.237350381866234947e-10
4.237456648788419595e-10
4.237563344920562027e-10
4.237670501180605588e-10
4.237778404196972285e-10
4.237886974014384109e-10
4.237996238761531380e-10
4.238106235747982037e-10
4.238216852137201542e-10
4.238328177045493186e-10
4.238440069314899030e-10
4.238552653461330269e-10
4.238665971450140922e-10
4.238779678025242295e-10
4.238894128216275609e-10
4.239009201205654185e-10
4.239124724201138324e-10
4.239240954250344149e-10
4.239357696026564123e-10
4.239474901686085207e-10
4.239592681119024599e-10
4.239711010543526096e-10
4.239829544893338957e-10
4.239948487896017018e-10
4.240067841272923134e-10
4.240187533307084606e-10
4.240307803923065286e-10
4.240428544139405880e-10
4.240549786880789899e-10
4.240671688246538690e-10
4.240794021165647940e-10
4.240916865570234601e-10
4.241040307391129427e-10
4.241164200260790979e-10
4.241288586063923163e-10
4.241413549260216015e-10
4.241538895239714000e-10
4.241664728298725423e-10
4.241791201084333343e-10
4.241917958014753481e-10
4.242045227923298446e-10
4.242173073942460538e-10
4.242301232088300610e-10
4.242429736025828821e-10
4.242558652515138050e-10
4.242687060133274194e-10
4.242815804725353147e-10
4.242944730876131931e-10
4.243073384064753197e-10
4.243202243119603774e-10
4.243331096531428212e-10
4.243459772199923395e-10
4.243588616121504665e-10
4.243717441019172618e-10
4.243846225474326061e-10
4.243974957791871905e-10
4.244103834893735496e-10
4.244232734293906860e-10
4.244361457665080789e-10
4.244490350929226368e-10
4.244619262274712958e-10
4.244748143022788689e-10
4.244877066791287309e-10
4.245006014600549661e-10
4.245135070406512788e-10
4.245264118432428664e-10
4.245393001710436299e-10
4.245521944205063215e-10
4.245649941772812514e-10
4.245777756119642542e-10
4.245905364163491896e-10
4.246032336686544577e-10
4.246158914602672450e-10
4.246285157322882239e-10
4.246410869969211892e-10
4.246536022091075110e-10
4.246661017738076982e-10
4.246785525752181588e-10
4.246909350101923509e-10
4.247033120932252617e-10
4.247156380136483609e-10
4.247279144675954948e-10
4.247401760450715431e-10
4.247523872127962144e-10
4.247645688528613546e-10
4.247767112110291033e-10
4.247888220404219830e-10
4.248009169992381170e-10
4.248129477970455758e-10
4.248249662445501808e-10
4.248369544289489720e-10
4.248488332833972770e-10
4.248606663763115802e-10
4.248724395774617856e-10
4.248841554183514400e-10
4.248957783523412849e-10
4.249073385524571654e-10
4.249188384805953797e-10
4.249302541752360974e-10
4.249415904552026951e-10
4.249528769829437847e-10
4.249640929817089714e-10
4.249752103584594194e-10
4.249863035085372918e-10
4.249973269893694310e-10
4.250082445965011964e-10
4.250191433946625262e-10
4.250299697168715862e-10
4.250407193681232590e-10
4.250514314432066816e-10
4.250620724087574882e-10
4.250726650407388964e-10
4.250831939073521163e-10
4.250936709967189706e-10
4.251040924697288002e-10
4.251144016555760947e-10
4.251246554941895768e-10
4.251348296138919096e-10
4.251449254657646826e-10
4.251549368353240308e-10
4.251648557136831864e-10
4.251746998664069603e-10
4.251844557718220334e-10
4.251941073194279233e-10
4.252036941957374180e-10
4.252132025623911009e-10
4.252225952215317748e-10
4.252319430128657396e-10
4.252412072498588499e-10
4.252503579793085083e-10
4.252594655188459712e-10
4.252684881563585665e-10
4.252774230770333878e-10
4.252862965830632446e-10
4.252950924401187169e-10
4.253038190708009560e-10
4.253124634991690516e-10
4.253210489692463708e-10
4.253295600699549982e-10
4.253379808853059725e-10
4.253463357772158994e-10
4.253546005945751522e-10
4.253628001507755152e-10
4.253709255592088724e-10
4.253789524317783518e-10
4.253869177119003940e-10
4.253948044132556842e-10
4.254026000429767900e-10
4.254103362414252451e-10
4.254179922148520930e-10
4.254255623664292323e-10
4.254330673703780206e-10
4.254405017428218691e-10
4.254478609212806732e-10
4.254551383544839813e-10
4.254623606047729058e-10
4.254695107841385475e-10
4.254765718075789444e-10
4.254835904964946174e-10
4.254905321999588342e-10
4.254973910244751665e-10
4.255042062136011845e-10
4.255109554914870691e-10
4.255176325471996960e-10
4.255242890903634157e-10
4.255309003199527943e-10
4.255374557753590874e-10
4.255439593335364669e-10
4.255504527344322327e-10
4.255568756783581679e-10
4.255632594356779182e-10
4.255696295934866536e-10
4.255759309005448719e-10
4.255822057784380566e-10
4.255884404501835923e-10
4.255946381824004362e-10
4.256007938385451385e-10
4.256069082517126530e-10
4.256129941035330280e-10
4.256190299415733852e-10
4.256250388295317181e-10
4.256310030400589599e-10
4.256369322859512223e-10
4.256428305206355249e-10
4.256486815779834893e-10
4.256545009518324510e-10
4.256602891831998897e-10
4.256660422069066851e-10
4.256717464213325117e-10
4.256774441117434881e-10
4.256831064794743569e-10
4.256887165736504925e-10
4.256943189449789161e-10
4.256999001990066867e-10
4.257054407467734100e-10
4.257109703475078297e-10
4.257164937935635427e-10
4.257219806894031191e-10
4.257274455926195183e-10
4.257329104521607811e-10
4.257383448087138525e-10
4.257437508275894220e-10
4.257491535671074530e-10
4.257545294395923932e-10
4.257598789612463037e-10
4.257652173098821673e-10
4.257705386422961368e-10
4.257758268415357212e-10
4.257811013669834717e-10
4.257863676394848146e-10
4.257915917541472124e-10
4.257968110796820176e-10
4.258020079718718153e-10
4.258071689375396582e-10
4.258123211129659267e-10
4.258174295986974737e-10
4.258225186805916474e-10
4.258275829173716606e-10
4.258326093789637681e-10
4.258376312881673744e-10
4.258426341034781831e-10
4.258476224120262811e-10
4.258525926701699241e-10
4.258575532068320592e-10
4.258624948836521509e-10
4.258674196421471741e-10
4.258723370622680340e-10
4.258772284068435721e-10
4.258821122373104258e-10
4.258869786054982401e-10
4.258918241976801222e-10
4.258966585674612747e-10
4.259014773537387131e-10
4.259062750546033112e-10
4.259110595045721635e-10
4.259158292279550573e-10
4.259205782473380912e-10
4.259253124710242264e-10
4.259300283539655118e-10
4.259347358562023439e-10
4.259394329594140282e-10
4.259441160263633343e-10
4.259487942095555858e-10
4.259534517290730321e-10
4.259581112952421091e-10
4.259627661706353685e-10
4.259674263914351822e-10
4.259720772072327903e-10
4.259767334588064347e-10
4.259813967472055502e-10
4.259860493984342194e-10
4.259907040300987113e-10
4.259953678401179209e-10
4.260000263493569702e-10
4.260046758742151553e-10
4.260093421897230814e-10
4.260139999996636409e-10
4.260186566793032523e-10
4.260233154555148443e-10
4.260279749476512565e-10
4.260326358736225424e-10
4.260372880474852802e-10
4.260419502353619496e-10
4.260466104260937481e-10
4.260512580764779471e-10
4.260559034908688733e-10
4.260605222228947803e-10
4.260651089329393781e-10
4.260696807191154413e-10
4.260742414713638775e-10
4.260787634373615452e-10
4.260832785423096222e-10
4.260877762604588907e-10
4.260922793391934778e-10
4.260967395440815816e-10
4.261012057725816240e-10
4.261056566265651341e-10
4.261101006101519125e-10
4.261145214997245280e-10
4.261189333685616914e-10
4.261233447207004852e-10
4.261277352435215562e-10
4.261321145237586907e-10
4.261364787067502343e-10
4.261408568072623792e-10
4.261451919695320300e-10
4.261495274386856880e-10
4.261538603662441959e-10
4.261581823630658583e-10
4.261624814746123854e-10
4.261667805243271617e-10
4.261710623671135538e-10
4.261753207082511771e-10
4.261795121155466349e-10
4.261836910856025565e-10
4.261878439517822203e-10
4.261919541701011441e-10
4.261960181140340863e-10
4.262000710116730513e-10
4.262040957235048749e-10
4.262080813704501407e-10
4.262120366382775118e-10
4.262159740416506297e-10
4.262198847682008386e-10
4.262237579415370592e-10
4.262276035315431375e-10
4.262314359697083484e-10
4.262352376296410191e-10
4.262389955914830850e-10
4.262427484412248882e-10
4.262464651788254072e-10
4.262501661080531627e-10
4.262538259623454719e-10
4.262574788591802898e-10
4.262610934933283081e-10
4.262646971067422302e-10
4.262682633386235000e-10
4.262718143019087150e-10
4.262753518957632025e-10
4.262788550722867630e-10
4.262823597400928907e-10
4.262858358712432202e-10
4.262893182832172998e-10
4.262927517732070522e-10
4.262961956037402830e-10
4.262996040926923293e-10
4.263030025519967304e-10
4.263063727753668448e-10
4.263097272803614464e-10
4.263130693467930227e-10
4.263163825846567626e-10
4.263196849080377560e-10
4.263229606368175933e-10
4.263262371902965013e-10
4.263294735989218438e-10
4.263327036565785201e-10
4.263359184394766461e-10
4.263391211467372406e-10
4.263422947204898659e-10
4.263454613753316166e-10
4.263486177599402407e-10
4.263517521285991944e-10
4.263548706012455986e-10
4.263579800308640332e-10
4.263610832933546928e-10
4.263641499729555816e-10
4.263672015693315909e-10
4.263702148200132259e-10
4.263731987983032669e-10
4.263761441240149264e-10
4.263790777667930503e-10
4.263819664393595054e-10
4.263848245462788376e-10
4.263876450652012368e-10
4.263904532698858569e-10
4.263932144968741796e-10
4.263959438207884060e-10
4.263986430354524126e-10
4.264013343013656819e-10
4.264039675979653151e-10
4.264065796475210162e-10
4.264091620186221605e-10
4.264117401658495839e-10
4.264142490139532391e-10
4.264167501095961164e-10
4.264192250675310489e-10
4.264216797740993526e-10
4.264240854282783056e-10
4.264264736779154259e-10
4.264288542222824222e-10
4.264311863871714960e-10
4.264334943855240247e-10
4.264357828175395489e-10
4.264380452541635528e-10
4.264402672383468803e-10
4.264424338145193000e-10
4.264445819109391679e-10
4.264466840438895668e-10
4.264487525981461027e-10
4.264507702600327333e-10
4.264527628072477211e-10
4.264547200060159253e-10
4.264566394003967481e-10
4.264585165663180810e-10
4.264603610411930662e-10
4.264621786723200947e-10
4.264639600372641294e-10
4.264656929841009071e-10
4.264674019951018125e-10
4.264690793339360897e-10
4.264707233629722414e-10
4.264723207062241339e-10
4.264739002056599295e-10
4.264754396387829587e-10
4.264769499333728964e-10
4.264784153659463894e-10
4.264798684143646621e-10
4.264812717562177964e-10
4.264826531427949583e-10
4.264839938575631453e-10
4.264853139175900779e-10
4.264866021963039005e-10
4.264878677548478380e-10
4.264891338109202345e-10
4.264903903786726581e-10
4.264916252007980354e-10
4.264928470217741734e-10
4.264940636941920633e-10
4.264952656432913580e-10
4.264964597965028927e-10
4.264976221203628033e-10
4.264987974766187007e-10
4.264999387300584194e-10
4.265010831206219703e-10
4.265021937512150269e-10
4.265033098473833014e-10
4.265044085462268941e-10
4.265054982418505842e-10
4.265065619683043793e-10
4.265076269494050480e-10
4.265086743350505987e-10
4.265097203051833262e-10
4.265107342703539855e-10
4.265117503812104743e-10
4.265127566425999347e-10
4.265137518459701328e-10
4.265147223315706257e-10
4.265156930343887474e-10
4.265166598021019000e-10
4.265176076169151904e-10
4.265185228425287460e-10
4.265194451267226227e-10
4.265203206346386811e-10
4.265211805926965969e-10
4.265219990621874010e-10
4.265228273707434373e-10
4.265236062810245497e-10
4.265243760661386576e-10
4.265251172742719123e-10
4.265258647832880470e-10
4.265265768013134990e-10
4.265272759026448524e-10
4.265279460644627696e-10
4.265286302981118314e-10
4.265292763382057133e-10
4.265299061636157146e-10
4.265305112831260525e-10
4.265311296280756527e-10
4.265317105238499061e-10
4.265322713942225946e-10
4.265328150834542544e-10
4.265333723989355424e-10
4.265338798965545407e-10
4.265343822651781123e-10
4.265348647193870777e-10
4.265353539478330286e-10
4.265357996160587033e-10
4.265362360281746826e-10
4.265366667705672688e-10
4.265370726695827737e-10
4.265374536031913774e-10
4.265377867827533197e-10
4.265381113514064444e-10
4.265384036148516181e-10
4.265386702541025713e-10
4.265388961180022166e-10
4.265391150546364630e-10
4.265393085603058799e-10
4.265394854588976134e-10
4.265396301774545020e-10
4.265397619993143832e-10
4.265398760904337572e-10
4.265399710741566101e-10
4.265400374347212522e-10
4.265400868411852642e-10
4.265401236501228169e-10
4.265401371025404393e-10
4.265401258785267076e-10
4.265400937110650081e-10
4.265400526301325023e-10
4.265399816176902109e-10
4.265398966433490783e-10
4.265397844748662815e-10
4.265396682688528763e-10
4.265395135108255727e-10
4.265393549842461163e-10
4.265391648116389391e-10
4.265389682104115157e-10
4.265387392827175996e-10
4.265385105403948588e-10
4.265382569962401830e-10
4.265380029161138292e-10
4.265377213555172423e-10
4.265374460668108550e-10
4.265371375572075785e-10
4.265368368340001646e-10
4.265365048904942116e-10
4.265361806619984342e-10
4.265358183110436506e-10
4.265354631365217458e-10
4.265350863637557003e-10
4.265347068509125167e-10
4.265343009197817245e-10
4.265338899310618721e-10
4.265334705674691898e-10
4.265330410554870853e-10
4.265325889663959827e-10
4.265321335429605104e-10
4.265316647446349187e-10
4.265311937510340197e-10
4.265306957103228106e-10
4.265301965346991214e-10
4.265296854754678802e-10
4.265291721813393804e-10
4.265286342366289205e-10
4.265280912129261021e-10
4.265275426024040674e-10
4.265269881761612614e-10
4.265264066365716578e-10
4.265258163446046721e-10
4.265252059537618037e-10
4.265245652892458892e-10
4.265239037925584787e-10
4.265232209591193988e-10
4.265225297414396686e-10
4.265218004374900838e-10
4.265210650504749537e-10
4.265203066376053434e-10
4.265195488285569007e-10
4.265187575174528786e-10
4.265179575867960015e-10
4.265171383705058608e-10
4.265163163906880117e-10
4.265154743910313872e-10
4.265146114626299303e-10
4.265137349893734175e-10
4.265128505071060598e-10
