1.835607118743085695e-10
2.618227697312124323e-10
3.541029185482273813e-10
4.599883266918275069e-10
5.788502074633225694e-10
7.099035716331875518e-10
8.522618506207779380e-10
1.005002863090408254e-09
1.167178965181314616e-09
1.337888822561673651e-09
1.516263890371722201e-09
1.701507456480559190e-09
1.892890997489323593e-09
2.089756716897997323e-09
2.291507609995344196e-09
2.497607251774888031e-09
2.707596133134045029e-09
2.921010231984797151e-09
3.137460498068018137e-09
3.356545910692081478e-09
3.577907144370333267e-09
3.801177393806160803e-09
4.026001891651716622e-09
4.252020375017535485e-09
4.478888405902659041e-09
4.706256963837522413e-09
4.933786736498517723e-09
5.161165947764264627e-09
5.388051856134917352e-09
5.614177311729414584e-09
5.839281599364235408e-09
6.063082652297276739e-09
6.285428466277819060e-09
6.506054488727128508e-09
6.724902506302089924e-09
6.941726793284795574e-09
7.156560779589729280e-09
7.369182603911119197e-09
7.579650791881520308e-09
7.787906502842369564e-09
7.993811185938739909e-09
8.197474091784572321e-09
8.398876899826877817e-09
8.597927229067808571e-09
8.794615536025836761e-09
8.989003743034388819e-09
9.181047460117307972e-09
9.370712134084471013e-09
9.557952821788157496e-09
9.742710284783988072e-09
9.924960771992227218e-09
1.010466293917274452e-08
1.028177569688554455e-08
1.045621612517520276e-08
1.062793819930825972e-08
1.079689984243540948e-08
1.096300227783597776e-08
1.112622226505670584e-08
1.128652054103879735e-08
1.144382295616376156e-08
1.159812263681420759e-08
1.174936954888527258e-08
1.189754139005341068e-08
1.204262578671269230e-08
1.218458864481778955e-08
1.232342121866087615e-08
1.245914913074936275e-08
1.259176054668810461e-08
1.272123489922317880e-08
1.284762320490873556e-08
1.297089866630900639e-08
1.309103900699094383e-08
1.320816054152701257e-08
1.332217619403433209e-08
1.343320314332774246e-08
1.354116815521349949e-08
1.364609991138270732e-08
1.374808869392832745e-08
1.384712184808344715e-08
1.394320399858382215e-08
1.403636555017492618e-08
1.412666949333894968e-08
1.421415104058648786e-08
1.429876259457680864e-08
1.438068838704210962e-08
1.445981358431010953e-08
1.453626341012826893e-08
1.461014222304629292e-08
1.468132506921073152e-08
1.475002213332315642e-08
1.481627091209462839e-08
1.488000134395439449e-08
1.494139180204880767e-08
1.500051833240590571e-08
1.505730764179262800e-08
1.511193074100400074e-08
1.516442657054725126e-08
1.521482600536582307e-08
1.526324794385476725e-08
1.530965634030406175e-08
1.535418202689690075e-08
1.539688463551276466e-08
1.543780175545705724e-08
1.547698970623957084e-08
1.551450731535983117e-08
1.555038591318605558e-08
1.558472292452088875e-08
1.561752686368249726e-08
1.564886527589255404e-08
1.567881543514983082e-08
1.570734956546033425e-08
1.573457656949834917e-08
1.576047733888930932e-08
1.578517342757887437e-08
1.580859687718775005e-08
1.583089038060168430e-08
1.585199606247576779e-08
1.587201921523491089e-08
1.589092831187351773e-08
1.590881399286805933e-08
1.592562856317377738e-08
1.594147198921289829e-08
1.595629633046195927e-08
1.597017900421542247e-08
1.598310416269809015e-08
1.599510607569426487e-08
1.600619442290456527e-08
1.601637382320677972e-08
1.602570042835694369e-08
1.603410551163085960e-08
1.604169438380767565e-08
1.604837987468912642e-08
1.605427578405928455e-08
1.605926331172954148e-08
1.606349197621687753e-08
1.606683172648929295e-08
1.606940960683885273e-08
1.607115337412633113e-08
1.607210295966759613e-08
1.607227883601101295e-08
1.607160403266029285e-08
1.607021424907876625e-08
1.606792352642845278e-08
1.606495064803356693e-08
1.606115569070378596e-08
1.605663288960073486e-08
1.605136749516280886e-08
1.604528675809260274e-08
1.603852979012388491e-08
1.603093467622567159e-08
1.602269300359731785e-08
1.601370913946596021e-08
1.600401482689244275e-08
1.599366082937320528e-08
1.598250463013028128e-08
1.597075366620132451e-08
1.595830924452339913e-08
1.594520702975013106e-08
1.593148538087874215e-08
1.591706922301007195e-08
1.590208319851519668e-08
1.588649279262818858e-08
1.587026036043572246e-08
1.585349698047760053e-08
1.583613238821737748e-08
1.581823840056313760e-08
1.579982953237301305e-08
1.578085887877021818e-08
1.576141599092750777e-08
1.574147996019341462e-08
1.572103416636970489e-08
1.570016648364745003e-08
1.567883925683515902e-08
1.565709224280853441e-08
1.563493800139909739e-08
1.561236793215091652e-08
1.558942344043862425e-08
1.556612596486183975e-08
1.554243239493959687e-08
1.551843480657982144e-08
1.549410078753459200e-08
1.546944662047962332e-08
1.544450751544014389e-08
1.541926349608453420e-08
1.539373558122716296e-08
1.536796792081724128e-08
1.534194043647375175e-08
1.531563352540125442e-08
1.528913794983746456e-08
1.526241564662847363e-08
1.523545455318036279e-08
1.520831440023647826e-08
1.518098024301957161e-08
1.515341576231782057e-08
1.512570818523620800e-08
1.509784666541960170e-08
1.506974780044815748e-08
1.504153682999167100e-08
1.501319263144395612e-08
1.498464782468605237e-08
1.495598260863756832e-08
1.492719731268614508e-08
1.489823991658788048e-08
1.486915032155639850e-08
1.483996438229783141e-08
1.481065308714549881e-08
1.478115927564012616e-08
1.475160092899890468e-08
1.472195157481230621e-08
1.469210850641820520e-08
1.466219527557982035e-08
1.463220201676646774e-08
1.460204357444443662e-08
1.457178852904378548e-08
1.454145749164628106e-08
1.451103145853505070e-08
1.448042903403372499e-08
1.444978241400756795e-08
1.441905549497931587e-08
1.438817596310259239e-08
1.435721600475422237e-08
1.432618636066155512e-08
1.429505221926663960e-08
1.426377384072249884e-08
1.423244798294298340e-08
1.420104914105302510e-08
1.416951352296179026e-08
1.413790279833784448e-08
1.410622934719827826e-08
1.407446630760021711e-08
1.404258872056579617e-08
1.401064711101831429e-08
1.397865033467349057e-08
1.394654924112946913e-08
1.391435620653099206e-08
1.388212130620782220e-08
1.384982183783515954e-08
1.381742612446807109e-08
1.378496934190598478e-08
1.375247392665781117e-08
1.371990737900967822e-08
1.368727287002387429e-08
1.365458097787454084e-08
1.362186765962988894e-08
1.358908707077175480e-08
1.355623931740361467e-08
1.352336581646637562e-08
1.349047250920947534e-08
1.345753152340739652e-08
1.342453924639488118e-08
1.339152860739068211e-08
1.335851308154417217e-08
1.332545524745870155e-08
1.329236460106258754e-08
1.325926181094294162e-08
1.322617458033419107e-08
1.319305797545013774e-08
1.315990255557753453e-08
1.312676275716541930e-08
1.309364161467216365e-08
1.306051390825068574e-08
1.302736358081575250e-08
1.299422749152489950e-08
1.296112303741959178e-08
1.292802144730104143e-08
1.289491163660976878e-08
1.286181218224890852e-08
1.282876039856826615e-08
1.279573007518202652e-08
1.276269187163982907e-08
1.272966644998400486e-08
1.269669543878784060e-08
1.266376566104088820e-08
1.263084586893964552e-08
1.259793317399919038e-08
1.256506861567172158e-08
1.253225881443140235e-08
1.249947274454561664e-08
1.246669457745661382e-08
1.243395493630616763e-08
1.240128052689243225e-08
1.236864749102469157e-08
1.233602702384490135e-08
1.230343211627154410e-08
1.227090446565555079e-08
1.223843430105956007e-08
1.220599274727114481e-08
1.217357243909284166e-08
1.214119909454201906e-08
1.210889318065649070e-08
1.207662739730310489e-08
1.204438917261104424e-08
1.201218236985266030e-08
1.198003731945048776e-08
1.194795854580390768e-08
1.191591065198864586e-08
1.188388883331554954e-08
1.185191395421005224e-08
1.182000845670764680e-08
1.178815705895486442e-08
1.175633275573452940e-08
1.172455059949607639e-08
1.169281303462006214e-08
1.166115044924281390e-08
1.162952664439313595e-08
1.159793810434815511e-08
1.156638806529192710e-08
1.153489465207274494e-08
1.150347525121072172e-08
1.147209187528592905e-08
1.144074919489034237e-08
1.140944535623165313e-08
1.137820688490074186e-08
1.134703995240625612e-08
1.131590505695858466e-08
1.128482077578689542e-08
1.125377750591335829e-08
1.122279434499075015e-08
1.119189006307740529e-08
1.116101573187709718e-08
1.113019255318278130e-08
1.109940962878884384e-08
1.106869594846140394e-08
1.103805771620318723e-08
1.100746087880893658e-08
1.097691577099979310e-08
1.094641273411785688e-08
1.091597933967616472e-08
1.088562663947288422e-08
1.085531686293170115e-08
1.082506296365596149e-08
1.079485669217996918e-08
1.076470790740144037e-08
1.073465139394958697e-08
1.070464491709597521e-08
1.067468838171680664e-08
1.064478285831257765e-08
1.061493746058200760e-08
1.058517634584220407e-08
1.055548454674859355e-08
1.052584231016419894e-08
1.049625734780841670e-08
1.046672566227965311e-08
1.043727631679709495e-08
1.040790918032483627e-08
1.037858877177977828e-08
1.034933509375283738e-08
1.032013359081572300e-08
1.029099729151605689e-08
1.026195738417306943e-08
1.023297719711085902e-08
1.020404993962148906e-08
1.017518541892857711e-08
1.014637765182019516e-08
1.011765662836892315e-08
1.008901797075013021e-08
1.006043109098186242e-08
1.003191340372491734e-08
1.000345033309890090e-08
9.975056759486185725e-09
9.946754364873918351e-09
9.918520810367688689e-09
9.890337579712485217e-09
9.862230318803482779e-09
9.834172750681969278e-09
9.806194603439578540e-09
9.778310927966377418e-09
9.750481646887522974e-09
9.722711409779004737e-09
9.695008280796235573e-09
9.667362693872980180e-09
9.639803635776897447e-09
9.612328533913603549e-09
9.584906583079383117e-09
9.557553655262977459e-09
9.530264131735788184e-09
9.503034677857442334e-09
9.475891629377428780e-09
9.448828195100098631e-09
9.421813107470019867e-09
9.394873559944970137e-09
9.367994127076486486e-09
9.341173972915206595e-09
9.314443879800877216e-09
9.287790820011655979e-09
9.261186538883974783e-09
9.234655828554579915e-09
9.208182069414506114e-09
9.181772782395728263e-09
9.155450231591342314e-09
9.129204921616875744e-09
9.103010517321458711e-09
9.076889701948743617e-09
9.050831616084770569e-09
9.024829759823376171e-09
8.998911052757089578e-09
8.973075183693501880e-09
8.947290320257834062e-09
8.921571586790552133e-09
8.895924470187962198e-09
8.870323852739230951e-09
8.844806317470427019e-09
8.819377344264063055e-09
8.794004472192575688e-09
8.768687090953200239e-09
8.743444656476663294e-09
8.718251327159083846e-09
8.693132083210775898e-09
8.668102838687199141e-09
8.643140566913437429e-09
8.618225755068079174e-09
8.593390413795671893e-09
8.568612264006775188e-09
8.543892046734065726e-09
8.519254523243715770e-09
8.494696847456918684e-09
8.470191039441222714e-09
8.445747636537385509e-09
8.421380074688898769e-09
8.397056702102400850e-09
8.372806956727842513e-09
8.348649723186605473e-09
8.324554904896423334e-09
8.297127490449439543e-09
8.273181642331087641e-09
8.249290542396685600e-09
8.225458675341327227e-09
8.201707952981105956e-09
8.178037253854962719e-09
8.154423347815867524e-09
8.130861619233035202e-09
8.107381087610047191e-09
8.070141234605503742e-09
8.046864807744901116e-09
8.023673118050480162e-09
8.000552752096637010e-09
7.977481557863957816e-09
7.954473792271673154e-09
7.931541058001909930e-09
7.908649593953992000e-09
7.885824700236084603e-09
7.856042921575230930e-09
7.833415863612806232e-09
7.810836616253671009e-09
7.788327668157866180e-09
7.765884075274376351e-09
7.743485033922098891e-09
7.721154723744953820e-09
7.698909979628139047e-09
7.676725812116066941e-09
7.640217630148826645e-09
7.618242136069991672e-09
7.596335352739573404e-09
7.574469281584924275e-09
7.552666575190248936e-09
7.530951825969592676e-09
7.509296275339371694e-09
7.487683719067704960e-09
7.466135052063092363e-09
7.437333539859200264e-09
7.415940737090567891e-09
7.394612058116073451e-09
7.373364730610617326e-09
7.352177620574106654e-09
7.331041651393129788e-09
7.309959496512882092e-09
7.288951657703406745e-09
7.267982528126421706e-09
7.232151837675506279e-09
7.211409842806208707e-09
7.190735814245969860e-09
7.170114109125467923e-09
7.149536751408649605e-09
7.129036027231481000e-09
7.108584504326533515e-09
7.088175579063968600e-09
7.067831388444149547e-09
7.039968300383009765e-09
7.019802982881717481e-09
6.999676948011430745e-09
6.979618364850485441e-09
6.959623443025736542e-09
6.939664243548360260e-09
6.919764671128728496e-09
6.899938507207385145e-09
6.880168171445590505e-09
6.844985524525408615e-09
6.825406557739036096e-09
6.805901414933594391e-09
6.786440737958552550e-09
6.767024458328892173e-09
6.747670790713266809e-09
6.728390629001314944e-09
6.709163322342841355e-09
6.689971027089284648e-09
6.662971536389460885e-09
6.643956607425004820e-09
6.624974906259846487e-09
6.606044609795194765e-09
6.587179568370173305e-09
6.568381113848902202e-09
6.549630264850005785e-09
6.530914192074196738e-09
6.512264799826035530e-09
6.477673067115128880e-09
6.459208492721785450e-09
6.440800625178188892e-09
6.422459821178868230e-09
6.404175590248134027e-09
6.385940852509802708e-09
6.367742023489413932e-09
6.349611753618524023e-09
6.331529729727132337e-09
6.305349630669144606e-09
6.287403688832792031e-09
6.269526555718800532e-09
6.251702354615574921e-09
6.233925269243171534e-09
6.216183886360652728e-09
6.198510413113644205e-09
6.180886936010303345e-09
6.163292618777909932e-09
6.129223720316803229e-09
6.111841853751791437e-09
6.094514647516608703e-09
6.077233182657831203e-09
6.059985668327560146e-09
6.042802415126918833e-09
6.025673079662728692e-09
6.008571751212053900e-09
5.983078062729374686e-09
5.966129111909265946e-09
5.949238645517525638e-09
5.932396138739077800e-09
5.915585172042421875e-09
5.898832419767206161e-09
5.882143093028359125e-09
5.865480703879518546e-09
5.848858482934724995e-09
5.815146935040089535e-09
5.798732603509822769e-09
5.782364239963299385e-09
5.766033300537299312e-09
5.749744452857400105e-09
5.733524114579053262e-09
5.717340823143643629e-09
5.701186296094330972e-09
5.685079931895918928e-09
5.660335510678884472e-09
5.644381038664189321e-09
5.628470930326269719e-09
5.612591639756496451e-09
5.596772903249521954e-09
5.581010452652552002e-09
5.565273028810938011e-09
5.549576818696004854e-09
5.533927005292018676e-09
5.500684920866890317e-09
5.485228085182194946e-09
5.469809527835447349e-09
5.454428653069249254e-09
5.439112693988877124e-09
5.423837252910212174e-09
5.408590098496120986e-09
5.393386534774557814e-09
5.378232130090137172e-09
5.354172388610583925e-09
5.339152845509296624e-09
5.324163671155858304e-09
5.309220652674671755e-09
5.294343847178225259e-09
5.279498275114292461e-09
5.264679580253476524e-09
5.249906639899381795e-09
5.216943570154021402e-09
5.202353186416460309e-09
5.187804800585972775e-09
5.173285536609115782e-09
5.158815985242495833e-09
5.144408764435631833e-09
5.130029028857737955e-09
5.115678404670913728e-09
5.101372995731247862e-09
5.077873456277846961e-09
5.063696037908204923e-09
5.049560930253529917e-09
5.035453238768234572e-09
5.021394485452455583e-09
5.007398219028889783e-09
4.993430683521244094e-09
4.979489943179805812e-09
4.965591580710155670e-09
4.933006499575849729e-09
4.919279764825601047e-09
4.905593608421857230e-09
4.891936140276711492e-09
4.878321102824594837e-09
4.864768193888531336e-09
4.851248238683413625e-09
4.837752210474057508e-09
4.824297555983065636e-09
4.801394650284279162e-09
4.788061366244581624e-09
4.774764467668244461e-09
4.761501078116992819e-09
4.748271062518212357e-09
4.735096573079728808e-09
4.721968449134872376e-09
4.708861726924802491e-09
4.676478568105841602e-09
4.663536688115138431e-09
4.650639310606539704e-09
4.637766126013816761e-09
4.624932973790885893e-09
4.612123778375337328e-09
4.599363544414183763e-09
4.586662407574651584e-09
4.573986759784061898e-09
4.551560805909836341e-09
4.538991676560680926e-09
4.526459165941251304e-09
4.513956241107239352e-09
4.501490434558893848e-09
4.489054720577490621e-09
4.476650883477508691e-09
4.464299675402915830e-09
4.451997837668800953e-09
4.419928480096669195e-09
4.407764040051714394e-09
4.395634065169389903e-09
4.383546340069298769e-09
4.371480761947421347e-09
4.359452722775024272e-09
4.347451722747300623e-09
4.335488522652192001e-09
4.313524434593722608e-09
4.301697562963695936e-09
4.289887882138393432e-09
4.278107826522191365e-09
4.266358033711043508e-09
4.254651267231731778e-09
4.242965882700538453e-09
4.231317403740969218e-09
4.219692629264319486e-09
4.187764154005822399e-09
4.176327755549054179e-09
4.164920180268828841e-09
4.153529776251855716e-09
4.142167275902869228e-09
4.130833749196235060e-09
4.119543374217850546e-09
4.108274022961414581e-09
4.097039487332040347e-09
4.075541512064453050e-09
4.064413487715070376e-09
4.053336405061406990e-09
4.042289703457788270e-09
4.031258009050350356e-09
4.020253493697963542e-09
4.009277972295720974e-09
3.998344661232320592e-09
3.966536293683725247e-09
3.955749657292653829e-09
3.944986695928981630e-09
3.934255132211276741e-09
3.923569435066626496e-09
3.912923057972341420e-09
3.902290293042230524e-09
3.891680294099204570e-09
3.881102537850130199e-09
3.860000448439739304e-09
3.849525869635017773e-09
3.839080440481873071e-09
3.828662501182338738e-09
3.818266197211663819e-09
3.807911276541349668e-09
3.797606357049894671e-09
3.787317956432169549e-09
3.755611987629691201e-09
3.745462943064269357e-09
3.735339426686191414e-09
3.725252057473927110e-09
3.715183265347188747e-09
3.705144427826550653e-09
3.695124799886727371e-09
3.685138719159338866e-09
3.675198861275957708e-09
3.654464608682283783e-09
3.644617105416528040e-09
3.634788267538051553e-09
3.624988245458877048e-09
3.615219348690387442e-09
3.605471194464159025e-09
3.595749535393842416e-09
3.586056044447471043e-09
3.554415370619407802e-09
3.544871404097425943e-09
3.535375810405490962e-09
3.525897290308522361e-09
3.516434419002979218e-09
3.506992475106021463e-09
3.497575821890567844e-09
3.488194935225142318e-09
3.478829635849181754e-09
3.458401012411498377e-09
3.449134310440189983e-09
3.439887432607302373e-09
3.430674804833180733e-09
3.421509805140413460e-09
3.412358847542618492e-09
3.403222953781480024e-09
3.394107565902252823e-09
3.362527268989308962e-09
3.353565134394299034e-09
3.344617161952495461e-09
3.335694829463721744e-09
3.326794365953998311e-09
3.317914284396602486e-09
3.309067369348334394e-09
3.300266753232155321e-09
3.291479698244426815e-09
3.271357483008720281e-09
3.262651533329526963e-09
3.253969435614959723e-09
3.245316643586451279e-09
3.236677901695258055e-09
3.228064689304239489e-09
3.219474771380956732e-09
3.210902168771231984e-09
3.179359284047414763e-09
3.170955945075028185e-09
3.162570352320763442e-09
3.154197174422718565e-09
3.145839701287131779e-09
3.137507865160225046e-09
3.129200744773981809e-09
3.120912555156303260e-09
3.112645922298719642e-09
3.092799377108189027e-09
3.084618509520857930e-09
3.076465212506873613e-09
3.068346387559741821e-09
3.060259929387804700e-09
3.052182748156611201e-09
3.044117985903526538e-09
3.036076236302451299e-09
3.004547599033123875e-09
2.996648373038743896e-09
2.988762019772635997e-09
2.980898678920357482e-09
2.973052422440953958e-09
2.965225879801783905e-09
2.957428867133668965e-09
2.949671900444025999e-09
2.941928913449458440e-09
2.922343617981162791e-09
2.914673742527840315e-09
2.907028223325954247e-09
2.899402515826003816e-09
2.891794095807591881e-09
2.884205318815372050e-09
2.876638066757949124e-09
2.869085292405877945e-09
2.837554768875892917e-09
2.830148530460304152e-09
2.822778306711131710e-09
2.815417606911368893e-09
2.808067214817159485e-09
2.800733983140479758e-09
2.793421767422340894e-09
2.786132330036242104e-09
2.778855721595999515e-09
2.759500860405469811e-09
2.752312687339469689e-09
2.745137300180514241e-09
2.737984918727255745e-09
2.730860114749561984e-09
2.723769055940522578e-09
2.716686304815390280e-09
2.709612951483282307e-09
2.678070185939806975e-09
2.671126884957214639e-09
2.664206241536224992e-09
2.657297623070646699e-09
2.650407658058279197e-09
2.643537886321698280e-09
2.636680563305029555e-09
2.629845329217727077e-09
2.610649832482281899e-09
2.603920657695959834e-09
2.597200143793542405e-09
2.590489469175543843e-09
2.583792154245596405e-09
2.577112810862852686e-09
2.570453524981936688e-09
2.563808420683793044e-09
2.557180752118220419e-09
2.525607586428519229e-09
2.519104161537917397e-09
2.512620315278641798e-09
2.506158950847171535e-09
2.499732602791002525e-09
2.493316990512009353e-09
2.486910862789142341e-09
2.480515873381343571e-09
2.461515688108495219e-09
2.455199702944022104e-09
2.448906337050411874e-09
2.442623185637986633e-09
2.436356022707017318e-09
2.430102545944642926e-09
2.423863621630968081e-09
2.417646818220944317e-09
2.385935261977337320e-09
2.379863024040391310e-09
2.373797967114387119e-09
2.367741630508627110e-09
2.361699976308981695e-09
2.355671979379780105e-09
2.349664845256350618e-09
2.343669059086568008e-09
2.337690541633358226e-09
2.318871224256541495e-09
2.312963689215348404e-09
2.307075118590112868e-09
2.301207220603226611e-09
2.295370458580165248e-09
2.289542867005199727e-09
2.283724103523887961e-09
2.277915272375818798e-09
2.246139188763612901e-09
2.240449578684600684e-09
2.234783158261968241e-09
2.229124449777037212e-09
2.223482891836678149e-09
2.217853316450460511e-09
2.212234309908265969e-09
2.206634533749079055e-09
2.187929590318662176e-09
2.182426235839416433e-09
2.176930384817791351e-09
2.171443385266397428e-09
2.165966365754455675e-09
2.160500749401375973e-09
2.155045120861512427e-09
2.149612834228352052e-09
2.117663896328357751e-09
2.112347149908111785e-09
2.107041593936358194e-09
2.101746602694422411e-09
2.096470687468272569e-09
2.091214796033588870e-09
2.085985641172926978e-09
2.080763880411057143e-09
2.075550110213069532e-09
2.054171288453345454e-09
2.049027226801491686e-09
2.043892083785876853e-09
2.038779674395560272e-09
2.033674302143762422e-09
2.028581042378133631e-09
2.023497810738821859e-09
2.018424661769949192e-09
1.980702062629775157e-09
1.975762006419458007e-09
1.970848968621938849e-09
1.965945745520982532e-09
1.961050046671320971e-09
1.956161295236692846e-09
1.951283789743224977e-09
1.946414954454762607e-09
1.925073043522997124e-09
1.920282334800010962e-09
1.915502991160778557e-09
1.910732315873221642e-09
1.905972099847210262e-09
1.901224000827114241e-09
1.896491747318163483e-09
1.891781088714398737e-09
1.853795898006344885e-09
1.849207288538434921e-09
1.844627254529379873e-09
1.840054704570928223e-09
1.835492428816785659e-09
1.830939867354520195e-09
1.826406978541661030e-09
1.821879658118179466e-09
1.817363466156351189e-09
1.796103336704595180e-09
1.791654295650105558e-09
1.787219728531337921e-09
1.782800627626105793e-09
1.778407275425422115e-09
1.774022527427913051e-09
1.769641922131833422e-09
1.765267824006582115e-09
1.727088955614787180e-09
1.722830264139760263e-09
1.718584857660379414e-09
1.714354757091011844e-09
1.710130913508626039e-09
1.705916519383844376e-09
1.701710794414638438e-09
1.697514817442994299e-09
1.676273056905851330e-09
1.672155292524192564e-09
1.668062669920598551e-09
1.663975017169992015e-09
1.659892932470366800e-09
1.655817186931094239e-09
1.651747608319760959e-09
1.647685588216428949e-09
1.609215932311647436e-09
1.605278005851247399e-09
1.601346867780113766e-09
1.597424925272570249e-09
1.593511471744558803e-09
1.589606997655405077e-09
1.585714366873444770e-09
1.581836031792348895e-09
1.560622271629571153e-09
1.556823473636863507e-09
1.553029327619483877e-09
1.549241378532910463e-09
1.545459027109175376e-09
1.541684038031925979e-09
1.537918874077222592e-09
1.534167230412402840e-09
1.495403064527926919e-09
1.491763047793994057e-09
1.488130219009632428e-09
1.484505143912837408e-09
1.480892413133647631e-09
1.477292596811049140e-09
1.473714406151632022e-09
1.470146791281548964e-09
1.448924980002142245e-09
1.445414457970677690e-09
1.441909153143271620e-09
1.438411187331873023e-09
1.434920335809532908e-09
1.431443761636482720e-09
1.427971914461878823e-09
1.424507612583368783e-09
1.385444619467106498e-09
1.382090064583381087e-09
1.378745971274690140e-09
1.375413577382814535e-09
1.372096647045240143e-09
1.368799885286193401e-09
1.365504983645763131e-09
1.362214624171277543e-09
1.341041042952791010e-09
1.337809181732822845e-09
1.334584292151208128e-09
1.331369024982753723e-09
1.328165851765247574e-09
1.324966231445445578e-09
1.321773576743096590e-09
1.318585463909050572e-09
1.279634043204690075e-09
1.276557616253325049e-09
1.273492621810530031e-09
1.270445741276519740e-09
1.267413829072125421e-09
1.264382745002909874e-09
1.261356756625465733e-09
1.258334923391281417e-09
1.237440433456256184e-09
1.234476317202130448e-09
1.231523196584975835e-09
1.228580244344917691e-09
1.225641088391924922e-09
1.222707909094388402e-09
1.219779204654982734e-09
1.216855036899366522e-09
1.178207920526974690e-09
1.175396910452423315e-09
1.172603925177328575e-09
1.169824136539504833e-09
1.167044900127537442e-09
1.164270370330476798e-09
1.161500110724856970e-09
1.158733630706289436e-09
1.138121064476581288e-09
1.135415812830772676e-09
1.132720917139230962e-09
1.130029221575323409e-09
1.127343779109344279e-09
1.124662675472988850e-09
1.121986062185836965e-09
1.119316734346424592e-09
1.080989301533621591e-09
1.078434542409538585e-09
1.075895191328799122e-09
1.073356861007125664e-09
1.070823088960301946e-09
1.068293483454149520e-09
1.065766944293885614e-09
1.063245397515274557e-09
1.042918955005573906e-09
1.040460514447236826e-09
1.038004915643297337e-09
1.035556345586364392e-09
1.033111678225129934e-09
1.030670801170230368e-09
1.028236149469013089e-09
1.025808014826112930e-09
9.878159068519573693e-10
9.855044445150422142e-10
9.831971744725021727e-10
9.808918592001915430e-10
9.785912941179228306e-10
9.762939207473895660e-10
9.740011025380749654e-10
9.717120597967631946e-10
9.516745168178458575e-10
9.494451643521049261e-10
9.472199581513114982e-10
9.450000305616652242e-10
9.427842787799251037e-10
9.405724024837892146e-10
9.383676522116007635e-10
9.361689595555409715e-10
8.985284496826929176e-10
8.964405489719851332e-10
8.943537230071807320e-10
8.922706184361033125e-10
8.901914137514163605e-10
8.881146371129794346e-10
8.860434946364230295e-10
8.839763106091292726e-10
8.642275708914764863e-10
8.622152253833540366e-10
8.602088894298839483e-10
8.582066692020042118e-10
8.562083131652058927e-10
8.542146639921842227e-10
8.522273723411948599e-10
8.502461447558256168e-10
8.129697507198606063e-10
8.110930013931738420e-10
8.092168605921688763e-10
8.073448912768324710e-10
8.054766609774748881e-10
8.036107809585010558e-10
8.017500933673231664e-10
7.998934502191003738e-10
7.804344270601240523e-10
7.786294122741437595e-10
7.768302740911100516e-10
7.750351848580841369e-10
7.732438799269444689e-10
7.714567088109046745e-10
7.696758294902432348e-10
7.679005978529542757e-10
7.310014067961875572e-10
7.293250505525243655e-10
7.276498147331853121e-10
7.259778401695928121e-10
7.243096276449607131e-10
7.226437418694682112e-10
7.209829285171104718e-10
7.193252587069039262e-10
7.001575990657159897e-10
6.985502202668831863e-10
6.969463198868518281e-10
6.953476438340731447e-10
6.937523923909748714e-10
6.921607049455175977e-10
6.905746944087061230e-10
6.539802274679917085e-10
6.524879315589549057e-10
6.510002152174346108e-10
6.495160768974641650e-10
6.480328632256328881e-10
6.465543242155524055e-10
6.450790308287576640e-10
6.436066246030285515e-10
6.246856582195496103e-10
6.232629039788220543e-10
6.218434109882874646e-10
6.204244872486983913e-10
6.190118426095697953e-10
6.176023895348591922e-10
6.161962206339839123e-10
6.147945716733744809e-10
5.786102374601274169e-10
5.772999269952437399e-10
5.759902056169136547e-10
5.746869379950589769e-10
5.733847337006508787e-10
5.720853174961647903e-10
5.707895528244194843e-10
5.694964115400458790e-10
5.508743811055064693e-10
5.496278501884882302e-10
5.483852040913700633e-10
5.471445623509547108e-10
5.459057514272171389e-10
5.446726236205554064e-10
5.434425649882982769e-10
5.422152712036753186e-10
5.064554902081560680e-10
5.053166294208578170e-10
5.041793234667132033e-10
5.030430067575504539e-10
5.019131682246903221e-10
5.007838367437288092e-10
4.996576368554415116e-10
4.812932326833512790e-10
4.802124770746654485e-10
4.791345966029490295e-10
4.780579619246191353e-10
4.769851477373831217e-10
4.759142879460276619e-10
4.748450591861868186e-10
4.737812976516081770e-10
4.383783940633754050e-10
4.373991580864425987e-10
4.364216443999044183e-10
4.354467461061227247e-10
4.344735687455171466e-10
4.335008874148751801e-10
4.325342972552635397e-10
4.315687777974175691e-10
4.135079522535904236e-10
4.125870655500689285e-10
4.116674337487017451e-10
4.107498943918707215e-10
4.098337678001201015e-10
4.089208979088761905e-10
4.080108673731903250e-10
3.729814887946133425e-10
3.721547075377375651e-10
3.713301778298764370e-10
3.705059947399018357e-10
3.696831804162507360e-10
3.688634335613260215e-10
3.680450782335786931e-10
3.672273086281927567e-10
3.494335001989338158e-10
3.486614816553188830e-10
3.478894631117248881e-10
3.471202109488001420e-10
3.463529425902995598e-10
3.455863850975278702e-10
3.448227477123908660e-10
3.440603727012709347e-10
3.095066122035598769e-10
3.088245678210290054e-10
3.081432669056767892e-10
3.074651663466185460e-10
3.067878783403029417e-10
3.061115901005962166e-10
3.054369234068446435e-10
2.879150809739384567e-10
2.872817330222053025e-10
2.866486690075437459e-10
2.860202626641810741e-10
2.853926608791129697e-10
2.847654095298312273e-10
2.841412136881904975e-10
2.835184837599301602e-10
2.493748697342428643e-10
2.488293244748110865e-10
2.482856129699343084e-10
2.477427089276359092e-10
2.471998048853583964e-10
2.466579019461342523e-10
2.461193186758519579e-10
2.455810222356716425e-10
2.283742147006092076e-10
2.278754226211701690e-10
2.273785303402702435e-10
2.268816380593912043e-10
2.263852284879170769e-10
2.258932413062402392e-10
2.254018962712686611e-10
1.916870809680973249e-10
1.912713708181581189e-10
1.908571026812778123e-10
1.904428345444079231e-10
1.900285664075484770e-10
1.896159456684656350e-10
1.892042256095129516e-10
1.887925055505707113e-10
1.718668226091825752e-10
1.714947838210446859e-10
1.711233415518840826e-10
1.707518992827026189e-10
1.703812475380941069e-10
1.700129119695329641e-10
1.696445764010135940e-10
1.692762408324629202e-10
1.360817586773514790e-10
1.357895351597002972e-10
1.354973116420386464e-10
1.352050881243770214e-10
1.349141351531372312e-10
1.346234466529495519e-10
1.343327581527723158e-10
1.176952231020412135e-10
1.174419597031062708e-10
1.171886963041713280e-10
1.169354329052259421e-10
1.166833517025950180e-10
1.164329332587412285e-10
1.161825148148978692e-10
1.159320963710440797e-10
8.319937784061961234e-11
8.302102754390939959e-11
8.284267724720440841e-11
8.266436722461481687e-11
8.248826234485715105e-11
8.231215746511516288e-11
8.213605258535750998e-11
6.579181647504686722e-11
6.565132038977921461e-11
6.551082430451154909e-11
6.537032821923344040e-11
6.523042014033589616e-11
6.509085023712993846e-11
6.495128033392918941e-11
6.481171043072323171e-11
3.455402511554581911e-11
3.448045147860894681e-11
3.440687784167207451e-11
3.433330420472998063e-11
3.425973056779832991e-11
3.418615693085623603e-11
3.411258329392718964e-11
1.009643895677033310e-11
1.007495371146546052e-11
1.005346846615993685e-11
1.003198322085441157e-11
1.001049797554888629e-11
9.989012730245320711e-12
9.967527484939795429e-12
9.946042239634922844e-12
0.000000000000000000e+00
0.000000000000000000e+00
0.000000000000000000e+00
0.000000000000000000e+00
0.000000000000000000e+00
0.000000000000000000e+00
0.000000000000000000e+00
0.000000000000000000e+00
0.000000000000000000e+00
0.000000000000000000e+00
0.000000000000000000e+00
0.000000000000000000e+00
0.000000000000000000e+00
0.000000000000000000e+00
0.000000000000000000e+00
0.000000000000000000e+00
0.000000000000000000e+00
0.000000000000000000e+00
0.000000000000000000e+00
0.000000000000000000e+00
0.000000000000000000e+00
0.000000000000000000e+00
0.000000000000000000e+00
0.000000000000000000e+00
0.000000000000000000e+00
0.000000000000000000e+00
0.000000000000000000e+00
0.000000000000000000e+00
0.000000000000000000e+00
0.000000000000000000e+00
0.000000000000000000e+00
0.000000000000000000e+00
0.000000000000000000e+00
0.000000000000000000e+00
0.000000000000000000e+00
0.000000000000000000e+00
0.000000000000000000e+00
0.000000000000000000e+00
0.000000000000000000e+00
0.000000000000000000e+00
0.000000000000000000e+00
0.000000000000000000e+00
0.000000000000000000e+00
0.000000000000000000e+00
0.000000000000000000e+00
0.000000000000000000e+00
0.000000000000000000e+00
0.000000000000000000e+00
0.000000000000000000e+00
0.000000000000000000e+00
0.000000000000000000e+00
0.000000000000000000e+00
0.000000000000000000e+00
0.000000000000000000e+00
0.000000000000000000e+00
0.000000000000000000e+00
0.000000000000000000e+00
0.000000000000000000e+00
0.000000000000000000e+00
0.000000000000000000e+00
0.000000000000000000e+00
0.000000000000000000e+00
0.000000000000000000e+00
0.000000000000000000e+00
0.000000000000000000e+00
0.000000000000000000e+00
0.000000000000000000e+00
0.000000000000000000e+00
0.000000000000000000e+00
0.000000000000000000e+00
0.000000000000000000e+00
0.000000000000000000e+00
0.000000000000000000e+00
0.000000000000000000e+00
0.000000000000000000e+00
0.000000000000000000e+00
0.000000000000000000e+00
0.000000000000000000e+00
0.000000000000000000e+00
0.000000000000000000e+00
0.000000000000000000e+00
0.000000000000000000e+00
0.000000000000000000e+00
0.000000000000000000e+00
0.000000000000000000e+00
0.000000000000000000e+00
0.000000000000000000e+00
0.000000000000000000e+00
0.000000000000000000e+00
0.000000000000000000e+00
0.000000000000000000e+00
0.000000000000000000e+00
0.000000000000000000e+00
0.000000000000000000e+00
0.000000000000000000e+00
0.000000000000000000e+00
0.000000000000000000e+00
0.000000000000000000e+00
0.000000000000000000e+00
0.000000000000000000e+00
0.000000000000000000e+00
0.000000000000000000e+00
0.000000000000000000e+00
0.000000000000000000e+00
0.000000000000000000e+00
0.000000000000000000e+00
0.000000000000000000e+00
0.000000000000000000e+00
0.000000000000000000e+00
0.000000000000000000e+00
0.000000000000000000e+00
0.000000000000000000e+00
0.000000000000000000e+00
0.000000000000000000e+00
0.000000000000000000e+00
0.000000000000000000e+00
0.000000000000000000e+00
0.000000000000000000e+00
0.000000000000000000e+00
0.000000000000000000e+00
0.000000000000000000e+00
0.000000000000000000e+00
0.000000000000000000e+00
0.000000000000000000e+00
0.000000000000000000e+00
0.000000000000000000e+00
0.000000000000000000e+00
0.000000000000000000e+00
0.000000000000000000e+00
0.000000000000000000e+00
0.000000000000000000e+00
0.000000000000000000e+00
0.000000000000000000e+00
0.000000000000000000e+00
0.000000000000000000e+00
0.000000000000000000e+00
0.000000000000000000e+00
0.000000000000000000e+00
0.000000000000000000e+00
0.000000000000000000e+00
0.000000000000000000e+00
0.000000000000000000e+00
0.000000000000000000e+00
0.000000000000000000e+00
0.000000000000000000e+00
0.000000000000000000e+00
0.000000000000000000e+00
0.000000000000000000e+00
0.000000000000000000e+00
0.000000000000000000e+00
0.000000000000000000e+00
0.000000000000000000e+00
0.000000000000000000e+00
0.000000000000000000e+00
0.000000000000000000e+00
0.000000000000000000e+00
0.000000000000000000e+00
0.000000000000000000e+00
0.000000000000000000e+00
0.000000000000000000e+00
0.000000000000000000e+00
0.000000000000000000e+00
0.000000000000000000e+00
0.000000000000000000e+00
0.000000000000000000e+00
0.000000000000000000e+00
0.000000000000000000e+00
0.000000000000000000e+00
0.000000000000000000e+00
0.000000000000000000e+00
0.000000000000000000e+00
0.000000000000000000e+00
0.000000000000000000e+00
0.000000000000000000e+00
0.000000000000000000e+00
0.000000000000000000e+00
0.000000000000000000e+00
0.000000000000000000e+00
0.000000000000000000e+00
0.000000000000000000e+00
0.000000000000000000e+00
0.000000000000000000e+00
0.000000000000000000e+00
0.000000000000000000e+00
0.000000000000000000e+00
0.000000000000000000e+00
0.000000000000000000e+00
0.000000000000000000e+00
0.000000000000000000e+00
0.000000000000000000e+00
0.000000000000000000e+00
0.000000000000000000e+00
0.000000000000000000e+00
0.000000000000000000e+00
0.000000000000000000e+00
0.000000000000000000e+00
0.000000000000000000e+00
0.000000000000000000e+00
0.000000000000000000e+00
0.000000000000000000e+00
0.000000000000000000e+00
0.000000000000000000e+00
0.000000000000000000e+00
0.000000000000000000e+00
0.000000000000000000e+00
0.000000000000000000e+00
0.000000000000000000e+00
0.000000000000000000e+00
0.000000000000000000e+00
0.000000000000000000e+00
0.000000000000000000e+00
0.000000000000000000e+00
0.000000000000000000e+00
0.000000000000000000e+00
0.000000000000000000e+00
0.000000000000000000e+00
0.000000000000000000e+00
0.000000000000000000e+00
0.000000000000000000e+00
0.000000000000000000e+00
0.000000000000000000e+00
0.000000000000000000e+00
0.000000000000000000e+00
0.000000000000000000e+00
0.000000000000000000e+00
0.000000000000000000e+00
0.000000000000000000e+00
0.000000000000000000e+00
0.000000000000000000e+00
0.000000000000000000e+00
0.000000000000000000e+00
0.000000000000000000e+00
0.000000000000000000e+00
0.000000000000000000e+00
0.000000000000000000e+00
0.000000000000000000e+00
0.000000000000000000e+00
0.000000000000000000e+00
0.000000000000000000e+00
0.000000000000000000e+00
0.000000000000000000e+00
0.000000000000000000e+00
0.000000000000000000e+00
0.000000000000000000e+00
0.000000000000000000e+00
0.000000000000000000e+00
0.000000000000000000e+00
0.000000000000000000e+00
0.000000000000000000e+00
0.000000000000000000e+00
0.000000000000000000e+00
0.000000000000000000e+00
0.000000000000000000e+00
0.000000000000000000e+00
0.000000000000000000e+00
0.000000000000000000e+00
0.000000000000000000e+00
0.000000000000000000e+00
0.000000000000000000e+00
0.000000000000000000e+00
0.000000000000000000e+00
0.000000000000000000e+00
0.000000000000000000e+00
0.000000000000000000e+00
0.000000000000000000e+00
0.000000000000000000e+00
0.000000000000000000e+00
0.000000000000000000e+00
0.000000000000000000e+00
0.000000000000000000e+00
0.000000000000000000e+00
0.000000000000000000e+00
0.000000000000000000e+00
0.000000000000000000e+00
0.000000000000000000e+00
0.000000000000000000e+00
0.000000000000000000e+00
0.000000000000000000e+00
0.000000000000000000e+00
0.000000000000000000e+00
0.000000000000000000e+00
0.000000000000000000e+00
0.000000000000000000e+00
0.000000000000000000e+00
0.000000000000000000e+00
0.000000000000000000e+00
0.000000000000000000e+00
0.000000000000000000e+00
0.000000000000000000e+00
0.000000000000000000e+00
0.000000000000000000e+00
0.000000000000000000e+00
0.000000000000000000e+00
0.000000000000000000e+00
0.000000000000000000e+00
0.000000000000000000e+00
0.000000000000000000e+00
0.000000000000000000e+00
0.000000000000000000e+00
0.000000000000000000e+00
0.000000000000000000e+00
0.000000000000000000e+00
0.000000000000000000e+00
0.000000000000000000e+00
0.000000000000000000e+00
0.000000000000000000e+00
0.000000000000000000e+00
0.000000000000000000e+00
0.000000000000000000e+00
0.000000000000000000e+00
0.000000000000000000e+00
0.000000000000000000e+00
0.000000000000000000e+00
0.000000000000000000e+00
0.000000000000000000e+00
0.000000000000000000e+00
0.000000000000000000e+00
0.000000000000000000e+00
0.000000000000000000e+00
0.000000000000000000e+00
0.000000000000000000e+00
0.000000000000000000e+00
0.000000000000000000e+00
0.000000000000000000e+00
0.000000000000000000e+00
0.000000000000000000e+00
0.000000000000000000e+00
0.000000000000000000e+00
0.000000000000000000e+00
0.000000000000000000e+00
0.000000000000000000e+00
0.000000000000000000e+00
0.000000000000000000e+00
0.000000000000000000e+00
0.000000000000000000e+00
0.000000000000000000e+00
0.000000000000000000e+00
0.000000000000000000e+00
0.000000000000000000e+00
0.000000000000000000e+00
0.000000000000000000e+00
0.000000000000000000e+00
0.000000000000000000e+00
0.000000000000000000e+00
0.000000000000000000e+00
0.000000000000000000e+00
0.000000000000000000e+00
0.000000000000000000e+00
0.000000000000000000e+00
0.000000000000000000e+00
0.000000000000000000e+00
0.000000000000000000e+00
0.000000000000000000e+00
0.000000000000000000e+00
0.000000000000000000e+00
0.000000000000000000e+00
0.000000000000000000e+00
0.000000000000000000e+00
0.000000000000000000e+00
0.000000000000000000e+00
0.000000000000000000e+00
0.000000000000000000e+00
0.000000000000000000e+00
0.000000000000000000e+00
0.000000000000000000e+00
0.000000000000000000e+00
0.000000000000000000e+00
0.000000000000000000e+00
0.000000000000000000e+00
0.000000000000000000e+00
0.000000000000000000e+00
0.000000000000000000e+00
0.000000000000000000e+00
0.000000000000000000e+00
0.000000000000000000e+00
0.000000000000000000e+00
0.000000000000000000e+00
0.000000000000000000e+00
0.000000000000000000e+00
0.000000000000000000e+00
0.000000000000000000e+00
0.000000000000000000e+00
0.000000000000000000e+00
0.000000000000000000e+00
0.000000000000000000e+00
0.000000000000000000e+00
0.000000000000000000e+00
0.000000000000000000e+00
0.000000000000000000e+00
0.000000000000000000e+00
0.000000000000000000e+00
0.000000000000000000e+00
0.000000000000000000e+00
0.000000000000000000e+00
0.000000000000000000e+00
0.000000000000000000e+00
0.000000000000000000e+00
0.000000000000000000e+00
0.000000000000000000e+00
0.000000000000000000e+00
0.000000000000000000e+00
0.000000000000000000e+00
0.000000000000000000e+00
0.000000000000000000e+00
0.000000000000000000e+00
0.000000000000000000e+00
0.000000000000000000e+00
0.000000000000000000e+00
0.000000000000000000e+00
0.000000000000000000e+00
0.000000000000000000e+00
0.000000000000000000e+00
0.000000000000000000e+00
0.000000000000000000e+00
0.000000000000000000e+00
0.000000000000000000e+00
0.000000000000000000e+00
0.000000000000000000e+00
0.000000000000000000e+00
0.000000000000000000e+00
0.000000000000000000e+00
0.000000000000000000e+00
0.000000000000000000e+00
0.000000000000000000e+00
0.000000000000000000e+00
0.000000000000000000e+00
0.000000000000000000e+00
0.000000000000000000e+00
0.000000000000000000e+00
0.000000000000000000e+00
0.000000000000000000e+00
0.000000000000000000e+00
0.000000000000000000e+00
0.000000000000000000e+00
0.000000000000000000e+00
0.000000000000000000e+00
0.000000000000000000e+00
0.000000000000000000e+00
0.000000000000000000e+00
0.000000000000000000e+00
0.000000000000000000e+00
0.000000000000000000e+00
0.000000000000000000e+00
0.000000000000000000e+00
0.000000000000000000e+00
0.000000000000000000e+00
0.000000000000000000e+00
0.000000000000000000e+00
0.000000000000000000e+00
0.000000000000000000e+00
0.000000000000000000e+00
0.000000000000000000e+00
0.000000000000000000e+00
0.000000000000000000e+00
0.000000000000000000e+00
0.000000000000000000e+00
0.000000000000000000e+00
0.000000000000000000e+00
0.000000000000000000e+00
0.000000000000000000e+00
0.000000000000000000e+00
0.000000000000000000e+00
0.000000000000000000e+00
0.000000000000000000e+00
0.000000000000000000e+00
0.000000000000000000e+00
0.000000000000000000e+00
0.000000000000000000e+00
0.000000000000000000e+00
0.000000000000000000e+00
0.000000000000000000e+00
0.000000000000000000e+00
0.000000000000000000e+00
0.000000000000000000e+00
0.000000000000000000e+00
0.000000000000000000e+00
0.000000000000000000e+00
0.000000000000000000e+00
0.000000000000000000e+00
0.000000000000000000e+00
0.000000000000000000e+00
0.000000000000000000e+00
0.000000000000000000e+00
0.000000000000000000e+00
0.000000000000000000e+00
0.000000000000000000e+00
0.000000000000000000e+00
0.000000000000000000e+00
0.000000000000000000e+00
0.000000000000000000e+00
0.000000000000000000e+00
0.000000000000000000e+00
0.000000000000000000e+00
0.000000000000000000e+00
0.000000000000000000e+00
0.000000000000000000e+00
0.000000000000000000e+00
0.000000000000000000e+00
0.000000000000000000e+00
0.000000000000000000e+00
0.000000000000000000e+00
0.000000000000000000e+00
0.000000000000000000e+00
0.000000000000000000e+00
0.000000000000000000e+00
0.000000000000000000e+00
0.000000000000000000e+00
0.000000000000000000e+00
0.000000000000000000e+00
0.000000000000000000e+00
0.000000000000000000e+00
0.000000000000000000e+00
0.000000000000000000e+00
0.000000000000000000e+00
0.000000000000000000e+00
0.000000000000000000e+00
0.000000000000000000e+00
0.000000000000000000e+00
0.000000000000000000e+00
0.000000000000000000e+00
0.000000000000000000e+00
0.000000000000000000e+00
0.000000000000000000e+00
0.000000000000000000e+00
0.000000000000000000e+00
0.000000000000000000e+00
0.000000000000000000e+00
0.000000000000000000e+00
0.000000000000000000e+00
0.000000000000000000e+00
0.000000000000000000e+00
0.000000000000000000e+00
0.000000000000000000e+00
0.000000000000000000e+00
0.000000000000000000e+00
0.000000000000000000e+00
0.000000000000000000e+00
0.000000000000000000e+00
0.000000000000000000e+00
0.000000000000000000e+00
0.000000000000000000e+00
0.000000000000000000e+00
0.000000000000000000e+00
0.000000000000000000e+00
0.000000000000000000e+00
0.000000000000000000e+00
0.000000000000000000e+00
0.000000000000000000e+00
0.000000000000000000e+00
0.000000000000000000e+00
0.000000000000000000e+00
0.000000000000000000e+00
0.000000000000000000e+00
0.000000000000000000e+00
0.000000000000000000e+00
0.000000000000000000e+00
0.000000000000000000e+00
0.000000000000000000e+00
0.000000000000000000e+00
0.000000000000000000e+00
0.000000000000000000e+00
0.000000000000000000e+00
0.000000000000000000e+00
0.000000000000000000e+00
0.000000000000000000e+00
0.000000000000000000e+00
0.000000000000000000e+00
0.000000000000000000e+00
0.000000000000000000e+00
0.000000000000000000e+00
0.000000000000000000e+00
0.000000000000000000e+00
0.000000000000000000e+00
0.000000000000000000e+00
0.000000000000000000e+00
0.000000000000000000e+00
0.000000000000000000e+00
0.000000000000000000e+00
0.000000000000000000e+00
0.000000000000000000e+00
0.000000000000000000e+00
0.000000000000000000e+00
0.000000000000000000e+00
0.000000000000000000e+00
0.000000000000000000e+00
0.000000000000000000e+00
0.000000000000000000e+00
0.000000000000000000e+00
0.000000000000000000e+00
0.000000000000000000e+00
0.000000000000000000e+00
0.000000000000000000e+00
0.000000000000000000e+00
0.000000000000000000e+00
0.000000000000000000e+00
0.000000000000000000e+00
0.000000000000000000e+00
0.000000000000000000e+00
0.000000000000000000e+00
0.000000000000000000e+00
0.000000000000000000e+00
0.000000000000000000e+00
0.000000000000000000e+00
0.000000000000000000e+00
0.000000000000000000e+00
0.000000000000000000e+00
0.000000000000000000e+00
0.000000000000000000e+00
0.000000000000000000e+00
0.000000000000000000e+00
0.000000000000000000e+00
0.000000000000000000e+00
0.000000000000000000e+00
0.000000000000000000e+00
0.000000000000000000e+00
0.000000000000000000e+00
0.000000000000000000e+00
0.000000000000000000e+00
0.000000000000000000e+00
0.000000000000000000e+00
0.000000000000000000e+00
0.000000000000000000e+00
0.000000000000000000e+00
0.000000000000000000e+00
0.000000000000000000e+00
0.000000000000000000e+00
0.000000000000000000e+00
0.000000000000000000e+00
0.000000000000000000e+00
0.000000000000000000e+00
0.000000000000000000e+00
0.000000000000000000e+00
0.000000000000000000e+00
0.000000000000000000e+00
0.000000000000000000e+00
0.000000000000000000e+00
0.000000000000000000e+00
0.000000000000000000e+00
0.000000000000000000e+00
0.000000000000000000e+00
0.000000000000000000e+00
0.000000000000000000e+00
0.000000000000000000e+00
0.000000000000000000e+00
0.000000000000000000e+00
0.000000000000000000e+00
0.000000000000000000e+00
0.000000000000000000e+00
0.000000000000000000e+00
0.000000000000000000e+00
0.000000000000000000e+00
0.000000000000000000e+00
0.000000000000000000e+00
0.000000000000000000e+00
0.000000000000000000e+00
0.000000000000000000e+00
0.000000000000000000e+00
0.000000000000000000e+00
0.000000000000000000e+00
0.000000000000000000e+00
0.000000000000000000e+00
0.000000000000000000e+00
0.000000000000000000e+00
0.000000000000000000e+00
0.000000000000000000e+00
0.000000000000000000e+00
0.000000000000000000e+00
0.000000000000000000e+00
0.000000000000000000e+00
0.000000000000000000e+00
0.000000000000000000e+00
0.000000000000000000e+00
0.000000000000000000e+00
0.000000000000000000e+00
0.000000000000000000e+00
0.000000000000000000e+00
0.000000000000000000e+00
0.000000000000000000e+00
0.000000000000000000e+00
0.000000000000000000e+00
0.000000000000000000e+00
0.000000000000000000e+00
0.000000000000000000e+00
0.000000000000000000e+00
0.000000000000000000e+00
0.000000000000000000e+00
0.000000000000000000e+00
0.000000000000000000e+00
0.000000000000000000e+00
0.000000000000000000e+00
0.000000000000000000e+00
0.000000000000000000e+00
0.000000000000000000e+00
0.000000000000000000e+00
0.000000000000000000e+00
0.000000000000000000e+00
0.000000000000000000e+00
0.000000000000000000e+00
0.000000000000000000e+00
0.000000000000000000e+00
0.000000000000000000e+00
0.000000000000000000e+00
0.000000000000000000e+00
0.000000000000000000e+00
0.000000000000000000e+00
0.000000000000000000e+00
0.000000000000000000e+00
0.000000000000000000e+00
0.000000000000000000e+00
0.000000000000000000e+00
0.000000000000000000e+00
0.000000000000000000e+00
0.000000000000000000e+00
0.000000000000000000e+00
0.000000000000000000e+00
0.000000000000000000e+00
0.000000000000000000e+00
0.000000000000000000e+00
0.000000000000000000e+00
0.000000000000000000e+00
0.000000000000000000e+00
0.000000000000000000e+00
0.000000000000000000e+00
0.000000000000000000e+00
0.000000000000000000e+00
0.000000000000000000e+00
0.000000000000000000e+00
0.000000000000000000e+00
0.000000000000000000e+00
0.000000000000000000e+00
0.000000000000000000e+00
0.000000000000000000e+00
0.000000000000000000e+00
0.000000000000000000e+00
0.000000000000000000e+00
0.000000000000000000e+00
0.000000000000000000e+00
0.000000000000000000e+00
0.000000000000000000e+00
0.000000000000000000e+00
0.000000000000000000e+00
0.000000000000000000e+00
0.000000000000000000e+00
0.000000000000000000e+00
0.000000000000000000e+00
0.000000000000000000e+00
0.000000000000000000e+00
0.000000000000000000e+00
0.000000000000000000e+00
0.000000000000000000e+00
