-6.157660677751902290e-13
-7.404173198297098635e-13
-8.774225241265273179e-13
-1.027123004238441838e-12
-1.189893009867676035e-12
-1.366134666253109302e-12
-1.556273133694621614e-12
-1.760751868244934962e-12
-1.980022613909462623e-12
-2.214556865702002028e-12
-2.464817636130780455e-12
-2.731283898822305924e-12
-3.014422790805863252e-12
-3.314699550274626533e-12
-3.632574901794953395e-12
-3.968483538757847767e-12
-4.322864419153443153e-12
-4.696119901684076648e-12
-5.088648679675821553e-12
-5.500809835488370836e-12
-5.932956786101549755e-12
-6.385414131322584809e-12
-6.858466992288281423e-12
-7.352385050418879240e-12
-7.867399543485518813e-12
-8.403718549684492829e-12
-8.961520894241051932e-12
-9.540946203866163303e-12
-1.014208073552473910e-11
-1.076501611584117665e-11
-1.140983282745090271e-11
-1.207648574964997410e-11
-1.276500289805311803e-11
-1.347529776666774231e-11
-1.420731852660659240e-11
-1.496092071068304491e-11
-1.573599143153396498e-11
-1.653230987942258233e-11
-1.734974119029243717e-11
-1.818797509121038670e-11
-1.904680625884891441e-11
-1.992593562652077934e-11
-2.082504601077453853e-11
-2.174379451605012183e-11
-2.268183924289820186e-11
-2.363883233076921550e-11
-2.461429578658316706e-11
-2.560788009998206071e-11
-2.661911403276190659e-11
-2.764751808211235964e-11
-2.869269739907225194e-11
-2.975410178809674501e-11
-3.083126843123048881e-11
-3.192368092287284939e-11
-3.303077291180781410e-11
-3.415209135441674391e-11
-3.528704778271221956e-11
-3.643505930070131350e-11
-3.759568760409156807e-11
-3.876827958664668872e-11
-3.995226382321156992e-11
-4.114717169037291703e-11
-4.235239146718309099e-11
-4.356732761949407476e-11
-4.479145116580706002e-11
-4.602424994955632653e-11
-4.726507238980015950e-11
-4.851340326381943580e-11
-4.976876589371162581e-11
-5.103054168692137922e-11
-5.229820754522898112e-11
-5.357126363115706451e-11
-5.484922568702289861e-11
-5.613149002302172726e-11
-5.741761172006318327e-11
-5.870712459831814572e-11
-5.999955092929853904e-11
-6.129435557585243590e-11
-6.259114854505855822e-11
-6.388948000731183284e-11
-6.518892519920024221e-11
-6.648901567629917367e-11
-6.778940634070994175e-11
-6.908971435905725505e-11
-7.038954010416121430e-11
-7.168847843910435659e-11
-7.298624072523380638e-11
-7.428255602820877477e-11
-7.557699690756962733e-11
-7.686925260010995376e-11
-7.815909965795595909e-11
-7.944630709236417794e-11
-8.073053462256524836e-11
-8.201156649719728518e-11
-8.328912610097540136e-11
-8.456304070985266856e-11
-8.583320243258391378e-11
-8.709928603901057748e-11
-8.836117841608817260e-11
-8.961868676191257316e-11
-9.087167610347768717e-11
-9.212011549131135270e-11
-9.336376319735113729e-11
-9.460256751722363289e-11
-9.583639604602077739e-11
-9.706516862795598091e-11
-9.828892057826803421e-11
-9.950746027793428340e-11
-1.007208408476731293e-10
-1.019289192755534753e-10
-1.031317579041002119e-10
-1.043292877604262957e-10
-1.055215640897675522e-10
-1.067085305885204883e-10
-1.078902108364941688e-10
-1.090666296041612846e-10
-1.102377778953966612e-10
-1.114037668932801893e-10
-1.125645443798188834e-10
-1.137202418027206228e-10
-1.148708265237942465e-10
-1.160164640141553137e-10
-1.171571034254630887e-10
-1.182929087657954726e-10
-1.194238548989203600e-10
-1.205501168679550097e-10
-1.216716984316610647e-10
-1.227887853724747638e-10
-1.239013681962155596e-10
-1.250095637513432234e-10
-1.261134473920792651e-10
-1.272131322081218130e-10
-1.283087185031536916e-10
-1.294003263474304181e-10
-1.304880504492939858e-10
-1.315719201784471705e-10
-1.326520907024850029e-10
-1.337285960915078412e-10
-1.348016151473945872e-10
-1.358711794188402735e-10
-1.369374701123973995e-10
-1.380005206911613378e-10
-1.390604082369831730e-10
-1.401172294115158404e-10
-1.411710701526575256e-10
-1.422220458458303419e-10
-1.432702001876111537e-10
-1.443156930537746892e-10
-1.453585454326856507e-10
-1.463988068730715351e-10
-1.474365679509711889e-10
-1.484718720594589835e-10
-1.495048441559587318e-10
-1.505354894778339653e-10
-1.515639173326747982e-10
-1.525901913081446049e-10
-1.536142667815947864e-10
-1.546362285547347084e-10
-1.556560950322668260e-10
-1.566739452571352549e-10
-1.576898363578476996e-10
-1.587037077506373055e-10
-1.597156662294710021e-10
-1.607257030861618772e-10
-1.617337479236958056e-10
-1.627398636137815113e-10
-1.637440291797274649e-10
-1.647462874737510313e-10
-1.657466794297781777e-10
-1.667450650281011159e-10
-1.677415097435461055e-10
-1.687360043737619191e-10
-1.697283959223636677e-10
-1.707187409303093579e-10
-1.717069953274805957e-10
-1.726931011760296957e-10
-1.736771133671062413e-10
-1.746588738498414935e-10
-1.756383105774129555e-10
-1.766154944954738487e-10
-1.775901939693651589e-10
-1.785623678822812115e-10
-1.795320589969450464e-10
-1.804990499705522195e-10
-1.814633663673511723e-10
-1.824250465804072584e-10
-1.833837224300681132e-10
-1.843394107996326697e-10
-1.852921692222786227e-10
-1.862416276195174984e-10
-1.871877968318357745e-10
-1.881307246608760847e-10
-1.890700720282058660e-10
-1.900058727510067326e-10
-1.909381802457174371e-10
-1.918665784921324054e-10
-1.927909746029245756e-10
-1.937114946094496588e-10
-1.946277830169030713e-10
-1.955397225721550511e-10
-1.964473446488030385e-10
-1.973505042738229188e-10
-1.982489064233362668e-10
-1.991426820392135379e-10
-2.000317573820221014e-10
-2.009156044741560165e-10
-2.017943344092008623e-10
-2.026680000860847303e-10
-2.035360694532643714e-10
-2.043985904952621264e-10
-2.052557022745856136e-10
-2.061070007827240746e-10
-2.069522944551296748e-10
-2.077917670469976425e-10
-2.086253221145742683e-10
-2.094524425985612413e-10
-2.102731556351942738e-10
-2.110876935711959212e-10
-2.118954681409137661e-10
-2.126965103949874679e-10
-2.134908515007884143e-10
-2.142784324465370217e-10
-2.150588245699815688e-10
-2.158321181280941789e-10
-2.165985539189745176e-10
-2.173575440505116971e-10
-2.181090459039518089e-10
-2.188532112149770789e-10
-2.195900448279542210e-10
-2.203189482593135563e-10
-2.210401152603772913e-10
-2.217537780183345939e-10
-2.224594586685104241e-10
-2.231570923430834824e-10
-2.238468384003178362e-10
-2.245288363696480157e-10
-2.252025431528182411e-10
-2.258680206604460090e-10
-2.265254553014278322e-10
-2.271749158891173921e-10
-2.278157505196151996e-10
-2.284483150184657345e-10
-2.290726063467530099e-10
-2.296887105085231908e-10
-2.302961743512080123e-10
-2.308952956185351374e-10
-2.314861857931959051e-10
-2.320687271940442172e-10
-2.326426760151928822e-10
-2.332081971557719918e-10
-2.337655768030681326e-10
-2.343145478593233108e-10
-2.348549451024496536e-10
-2.353869281436299725e-10
-2.359108074386771142e-10
-2.364263333023158515e-10
-2.369334098666689998e-10
-2.374322313966783690e-10
-2.379230629939894035e-10
-2.384057086660307182e-10
-2.388800804126435990e-10
-2.393464772888421202e-10
-2.398049077576765651e-10
-2.402555137727103497e-10
-2.406979584539584558e-10
-2.411326170277785639e-10
-2.415595588328171319e-10
-2.419789833246868100e-10
-2.423904680279174633e-10
-2.427945191535388100e-10
-2.431911660751446833e-10
-2.435805063921329005e-10
-2.439624183610932274e-10
-2.443370783403203921e-10
-2.447047096142637961e-10
-2.450654756773817372e-10
-2.454191598250032179e-10
-2.457659327228056952e-10
-2.461060804452350855e-10
-2.464395261127752992e-10
-2.467665935742594474e-10
-2.470869629614063453e-10
-2.474011305435935394e-10
-2.477091114103424081e-10
-2.480110960405957152e-10
-2.483068928347861077e-10
-2.485968520464635800e-10
-2.488810852517048538e-10
-2.491596656568676426e-10
-2.494327759354331618e-10
-2.497002268146865041e-10
-2.499624466922874737e-10
-2.502194981364423021e-10
-2.504715144898039333e-10
-2.507183542151521146e-10
-2.509603669201212786e-10
-2.511977107489655210e-10
-2.514304648730338585e-10
-2.516586709966816634e-10
-2.518823453300549034e-10
-2.521018199340637574e-10
-2.523171164604982487e-10
-2.525284024544076380e-10
-2.527357111823888889e-10
-2.529390436736267371e-10
-2.531387142691550444e-10
-2.533347962531526765e-10
-2.535273515595834757e-10
-2.537164147624397597e-10
-2.539021020136819893e-10
-2.540847107185158161e-10
-2.542642234547308297e-10
-2.544407551058027128e-10
-2.546142383895089499e-10
-2.547849632480067131e-10
-2.549530558468932006e-10
-2.551185529858456781e-10
-2.552815535872215472e-10
-2.554419804991306864e-10
-2.556001226442731761e-10
-2.557560690228095342e-10
-2.559098477923780938e-10
-2.560615438792020639e-10
-2.562110998454346090e-10
-2.563587742265615746e-10
-2.565046700908621849e-10
-2.566488047846712271e-10
-2.567912214539809150e-10
-2.569319507486519751e-10
-2.570711081611106049e-10
-2.572088634017796203e-10
-2.573452223383738844e-10
-2.574802203289338216e-10
-2.576138747684324391e-10
-2.577462461161227482e-10
-2.578774835668263613e-10
-2.580075966380701716e-10
-2.581366075341743818e-10
-2.582645589030758324e-10
-2.583914382875536125e-10
-2.585174113668948631e-10
-2.586424944251756460e-10
-2.587667145188649932e-10
-2.588900804242433245e-10
-2.590125837658091529e-10
-2.591343495690797994e-10
-2.592554176687574588e-10
-2.593758004734248221e-10
-2.594955156873939760e-10
-2.596145632522990563e-10
-2.597329306544988168e-10
-2.598506859057890734e-10
-2.599678494381132911e-10
-2.600844308876756200e-10
-2.602004334976725708e-10
-2.603158221415816466e-10
-2.604306232922132387e-10
-2.605448654126537018e-10
-2.606585576429973416e-10
-2.607717100999939220e-10
-2.608843231377296846e-10
-2.609963278241736910e-10
-2.611077709240017243e-10
-2.612186602874224952e-10
-2.613290041965521086e-10
-2.614388135541339636e-10
-2.615480431324600299e-10
-2.616566008574342843e-10
-2.617645175209410559e-10
-2.618717942708423371e-10
-2.619784416577408143e-10
-2.620844705727067139e-10
-2.621897832373535691e-10
-2.622943092196477360e-10
-2.623980653289580530e-10
-2.625010566722976219e-10
-2.626032931290616928e-10
-2.627047745397169040e-10
-2.628053681005217893e-10
-2.629050056129097681e-10
-2.630037124057202970e-10
-2.631014949322724079e-10
-2.631983657781919129e-10
-2.632943278948460026e-10
-2.633891961243131832e-10
-2.634828981629611045e-10
-2.635754610847685576e-10
-2.636668990609673268e-10
-2.637572276110406555e-10
-2.638464475384919384e-10
-2.639343591834280012e-10
-2.640208714639725092e-10
-2.641060214891418073e-10
-2.641898135955195923e-10
-2.642722583804012419e-10
-2.643533419935672236e-10
-2.644329231215330969e-10
-2.645108789489022583e-10
-2.645872373045186734e-10
-2.646619658536936743e-10
-2.647350956587400932e-10
-2.648066631263383781e-10
-2.648765760500965475e-10
-2.649446227448079097e-10
-2.650107681442613604e-10
-2.650750983886900806e-10
-2.651376352368881776e-10
-2.651983621265689707e-10
-2.652572849254473230e-10
-2.653141061913525356e-10
-2.653688676675505570e-10
-2.654215322119510525e-10
-2.654721566709600504e-10
-2.655207860796782299e-10
-2.655673932435040146e-10
-2.656117886348582241e-10
-2.656538998061393772e-10
-2.656937573644065668e-10
-2.657312925682906769e-10
-2.657666246709250767e-10
-2.657997901821032406e-10
-2.658307073273586167e-10
-2.658591449875973227e-10
-2.658851971921718265e-10
-2.659088191258262034e-10
-2.659300941369598052e-10
-2.659490592898418147e-10
-2.659656669287442579e-10
-2.659798101488050639e-10
-2.659914101483256882e-10
-2.660004216431777650e-10
-2.660069757386561177e-10
-2.660110578705321439e-10
-2.660126864182164242e-10
-2.660119327942891178e-10
-2.660085228990340772e-10
-2.660025286956161123e-10
-2.659940034603959022e-10
-2.659828411231432314e-10
-2.659692110207393861e-10
-2.659531019411018878e-10
-2.659345158472692963e-10
-2.659132904607388146e-10
-2.658894739936596532e-10
-2.658632146194508042e-10
-2.658343962211713252e-10
-2.658030629020135997e-10
-2.657693370065562614e-10
-2.657331634510423754e-10
-2.656943755659106411e-10
-2.656530715731280919e-10
-2.656093810429673273e-10
-2.655632192826685942e-10
-2.655145975568436487e-10
-2.654636491186511101e-10
-2.654103299349376316e-10
-2.653545055074061614e-10
-2.652962953304356402e-10
-2.652358389276240118e-10
-2.651729625963233612e-10
-2.651078363640776989e-10
-2.650404500499348107e-10
-2.649708360508402863e-10
-2.648988998744058032e-10
-2.648248077757950275e-10
-2.647485683892647766e-10
-2.646701779755086957e-10
-2.645897071825141255e-10
-2.645071605355810564e-10
-2.644226168402990905e-10
-2.643359685886922288e-10
-2.642472906038526181e-10
-2.641566594306653942e-10
-2.640641558980701121e-10
-2.639697660060415217e-10
-2.638735611613231960e-10
-2.637754518637537153e-10
-2.636755288975435078e-10
-2.635737833171511478e-10
-2.634703677376378793e-10
-2.633653153808535034e-10
-2.632585935833149849e-10
-2.631502381408067283e-10
-2.630402867985329963e-10
-2.629287587218980051e-10
-2.628156559653801680e-10
-2.627011160136632460e-10
-2.625851696527949817e-10
-2.624678841085775553e-10
-2.623492333323258540e-10
-2.622292892424575253e-10
-2.621079789905921549e-10
-2.619853898512062145e-10
-2.618615529692975106e-10
-2.617365970318685669e-10
-2.616105832092631716e-10
-2.614834679352548900e-10
-2.613552934190638183e-10
-2.612260749360093352e-10
-2.610958635435765227e-10
-2.609646011434115691e-10
-2.608324081005175532e-10
-2.606994215630017533e-10
-2.605656224335534615e-10
-2.604310180322247906e-10
-2.602956110214719042e-10
-2.601594231931628995e-10
-2.600224739724300871e-10
-2.598848035568167832e-10
-2.597464885398463436e-10
-2.596076271736414981e-10
-2.594682381848897181e-10
-2.593283050054677366e-10
-2.591878376460939976e-10
-2.590468585445521601e-10
-2.589053628788490913e-10
-2.587634212901627812e-10
-2.586211005198587387e-10
-2.584784796653558860e-10
-2.583355713006068621e-10
-2.581923527329637356e-10
-2.580488510976894544e-10
-2.579050667984812446e-10
-2.577610019676386720e-10
-2.576167093465019954e-10
-2.574722428651295707e-10
-2.573276650411438806e-10
-2.571829834047141483e-10
-2.570381891960969484e-10
-2.568932914260089215e-10
-2.567482953580782380e-10
-2.566032053697446995e-10
-2.564580257110159712e-10
-2.563128524462676465e-10
-2.561677217020240260e-10
-2.560226274753560469e-10
-2.558776082322862891e-10
-2.557326329484397838e-10
-2.555877023952187003e-10
-2.554428336144825686e-10
-2.552980313941777673e-10
-2.551533362158948175e-10
-2.550087958073462585e-10
-2.548644330440597293e-10
-2.547202293277526594e-10
-2.545761836097850251e-10
-2.544323196207443733e-10
-2.542886148868547624e-10
-2.541450700647321627e-10
-2.540017102079237055e-10
-2.538585612182270793e-10
-2.537156220946677160e-10
-2.535728969316109768e-10
-2.534304090695658840e-10
-2.532881338489548885e-10
-2.531460677191879288e-10
-2.530042245635585270e-10
-2.528625964686282860e-10
-2.527211832894553104e-10
-2.525799900941421259e-10
-2.524390388934288195e-10
-2.522983125501249501e-10
-2.521578056235592265e-10
-2.520175418297277294e-10
-2.518775027211263703e-10
-2.517376689893545666e-10
-2.515980673017755898e-10
-2.514586526398257554e-10
-2.513194299227746361e-10
-2.511804019220280085e-10
-2.510415712076294185e-10
-2.509029251141863732e-10
-2.507644760804372601e-10
-2.506262111131679836e-10
-2.504881307405896130e-10
-2.503502069597333552e-10
-2.502124178843729663e-10
-2.500747443802326913e-10
-2.499371937177536585e-10
-2.497997643327307120e-10
-2.496624518593972231e-10
-2.495252604427023017e-10
-2.493881851157109195e-10
-2.492512261994353287e-10
-2.491143341860041372e-10
-2.489774747465616562e-10
-2.488406258888503224e-10
-2.487037963531582730e-10
-2.485669777503653192e-10
-2.484301738509062770e-10
-2.482933783892056434e-10
-2.481565969946510036e-10
-2.480198270242414815e-10
-2.478830323407523683e-10
-2.477461261979182615e-10
-2.476091177397245247e-10
-2.474719965235453198e-10
-2.473347660289589070e-10
-2.471974400001534990e-10
-2.470599849983528334e-10
-2.469224222366301889e-10
-2.467847474727600154e-10
-2.466469488146975186e-10
-2.465089437632666681e-10
-2.463707287659318738e-10
-2.462322684413063657e-10
-2.460935886085028582e-10
-2.459546893813347862e-10
-2.458155640409184364e-10
-2.456762315610234378e-10
-2.455366676274036034e-10
-2.453968688052278355e-10
-2.452567795992598579e-10
-2.451163479413123766e-10
-2.449755714627040770e-10
-2.448344743055018470e-10
-2.446929983090949536e-10
-2.445512016010201402e-10
-2.444090372804146080e-10
-2.442665452646655257e-10
-2.441237361043755796e-10
-2.439805409589536850e-10
-2.438369103059369837e-10
-2.436928569683058014e-10
-2.435483259897353395e-10
-2.434033664646721200e-10
-2.432579503638827108e-10
-2.431120940239724517e-10
-2.429658340228283250e-10
-2.428191001910630749e-10
-2.426719530219764669e-10
-2.425243408316231453e-10
-2.423762092950024074e-10
-2.422276013178336601e-10
-2.420784764944020054e-10
-2.419288679269072233e-10
-2.417787802077700479e-10
-2.416281806414062187e-10
-2.414771232035940185e-10
-2.413255553290635450e-10
-2.411735090071721040e-10
-2.410209543254143845e-10
-2.408678276445705503e-10
-2.407141884521019767e-10
-2.405600152713162327e-10
-2.404053033424771072e-10
-2.402500929720775292e-10
-2.400943173681682411e-10
-2.399380613305130800e-10
-2.397812550768850215e-10
-2.396239473058154766e-10
-2.394661116485798447e-10
-2.393077034329185679e-10
-2.391487858457160361e-10
-2.389893299822508571e-10
-2.388293493542205517e-10
-2.386688518380984699e-10
-2.385078143900687312e-10
-2.383462952466176924e-10
-2.381842181780358833e-10
-2.380216533965121934e-10
-2.378585891179786766e-10
-2.376949979513353475e-10
-2.375309459064288859e-10
-2.373664069443018230e-10
-2.372013975552562736e-10
-2.370359145602981774e-10
-2.368699505673908560e-10
-2.367035431894426138e-10
-2.365366523641243864e-10
-2.363693334631313711e-10
-2.362015192674707385e-10
-2.360332710000155543e-10
-2.358646272503295807e-10
-2.356955526759366238e-10
-2.355260923177739492e-10
-2.353562096174098624e-10
-2.351859462198611075e-10
-2.350152644110518823e-10
-2.348441967824806566e-10
-2.346727439615804686e-10
-2.345009096458288041e-10
-2.343287205142621074e-10
-2.341561693411864127e-10
-2.339833203173789710e-10
-2.338101511247061448e-10
-2.336366729577406536e-10
-2.334628744973959346e-10
-2.332887702534257837e-10
-2.331143647793403591e-10
-2.329396454292024559e-10
-2.327646504530810608e-10
-2.325893378090715546e-10
-2.324137961490847999e-10
-2.322380473282185796e-10
-2.320620954340289041e-10
-2.318859509305424280e-10
-2.317096034354447063e-10
-2.315330636695721954e-10
-2.313563251027574756e-10
-2.311794062992363635e-10
-2.310022854116931913e-10
-2.308249814907459757e-10
-2.306475136395420111e-10
-2.304699351937806049e-10
-2.302922654706172194e-10
-2.301145186004275345e-10
-2.299366806833810332e-10
-2.297587776047384092e-10
-2.295807851883860204e-10
-2.294027218390263215e-10
-2.292245847453701956e-10
-2.290463665124626710e-10
-2.288680790420761863e-10
-2.286897474480692655e-10
-2.285114219620500146e-10
-2.283330987921828009e-10
-2.281548154599360753e-10
-2.279765318465604380e-10
-2.277982935649786220e-10
-2.276200539516823419e-10
-2.274418514950678624e-10
-2.272636657233083779e-10
-2.270855040264950380e-10
-2.269073648851698494e-10
-2.267292696340016406e-10
-2.265512787594808263e-10
-2.263733907547953504e-10
-2.261956274896344617e-10
-2.260179711692189845e-10
-2.258404484229743786e-10
-2.256630265514253259e-10
-2.254857420731201804e-10
-2.253085543517988813e-10
-2.251315036540710172e-10
-2.249545560197586072e-10
-2.247777528886251066e-10
-2.246011032927879727e-10
-2.244246520183201984e-10
-2.242483849581924495e-10
-2.240723198361721006e-10
-2.238964412251885263e-10
-2.237207631933604848e-10
-2.235452759449504644e-10
-2.233699819741263875e-10
-2.231948796524806480e-10
-2.230199657543264944e-10
-2.228452457787010817e-10
-2.226707366166854580e-10
-2.224964670183314760e-10
-2.223224095983757365e-10
-2.221486126000959113e-10
-2.219750216654173081e-10
-2.218016938868553484e-10
-2.216285681368678781e-10
-2.214557013270361401e-10
-2.212830337870190520e-10
-2.211106217542721534e-10
-2.209384102890075888e-10
-2.207664535411284947e-10
-2.205947241681731057e-10
-2.204232648774168908e-10
-2.202520379051730638e-10
-2.200810807393497034e-10
-2.199103539815294485e-10
-2.197399085992166738e-10
-2.195696885178939026e-10
-2.193997467498162792e-10
-2.192300224529480009e-10
-2.190605720665931944e-10
-2.188913398698342426e-10
-2.187223772985615791e-10
-2.185536491367583818e-10
-2.183851816373902879e-10
-2.182169410786065943e-10
-2.180489547196977101e-10
-2.178811994151938755e-10
-2.177137039618396342e-10
-2.175464322593753245e-10
-2.173794218910399366e-10
-2.172126278538340164e-10
-2.170460912037654635e-10
-2.168797677350152500e-10
-2.167136972424022304e-10
-2.165478388085374321e-10
-2.163822104879281260e-10
-2.162167759181546442e-10
-2.160515624042273228e-10
-2.158865460030095934e-10
-2.157217575102768427e-10
-2.155571609444466657e-10
-2.153927897540229688e-10
-2.152286001597439138e-10
-2.150646370785193052e-10
-2.149008502724180684e-10
-2.147372841053334465e-10
-2.145738911715379164e-10
-2.144106876660995977e-10
-2.142476366925511669e-10
-2.140847572723277085e-10
-2.139220336884748060e-10
-2.137594807741904183e-10
-2.135970847074651806e-10
-2.134348571463940491e-10
-2.132727830880316769e-10
-2.131108747741316605e-10
-2.129491115533921623e-10
-2.127875117376166370e-10
-2.126260441249005608e-10
-2.124647124706009012e-10
-2.123034857552064595e-10
-2.121423717846651663e-10
-2.119813633945672132e-10
-2.118204644686744683e-10
-2.116596755707039019e-10
-2.114989896442225537e-10
-2.113384153677480214e-10
-2.111779363161534050e-10
-2.110175679525016126e-10
-2.108572924144063426e-10
-2.106971253988803414e-10
-2.105370442434313738e-10
-2.103770404227522351e-10
-2.102170957612264865e-10
-2.100572132895016176e-10
-2.098973919268363793e-10
-2.097376284125245019e-10
-2.095779303316963970e-10
-2.094182870398776137e-10
-2.092587094378660225e-10
-2.090991848607555128e-10
-2.089397242035073688e-10
-2.087803114777659060e-10
-2.086209555152591154e-10
-2.084616407167370726e-10
-2.083023525238077620e-10
-2.081430894826747872e-10
-2.079838414673471226e-10
-2.078246207652982913e-10
-2.076654083366106851e-10
-2.075062252844352055e-10
-2.073470502244920392e-10
-2.071879033708254259e-10
-2.070287685492816806e-10
-2.068696547263166638e-10
-2.067105549909256930e-10
-2.065514705386362163e-10
-2.063924011033971701e-10
-2.062333264020980427e-10
-2.060742548350458132e-10
-2.059151695296419573e-10
-2.057560856683068538e-10
-2.055969865029558217e-10
-2.054378889149422647e-10
-2.052787764626022879e-10
-2.051196651547196282e-10
-2.049605413322229578e-10
-2.048014153783994863e-10
-2.046422785028637096e-10
-2.044831413481445501e-10
-2.043240215363555024e-10
-2.041648897094669636e-10
-2.040057581165282632e-10
-2.038466183689055945e-10
-2.036874755546431536e-10
-2.035283230458106988e-10
-2.033691648190690986e-10
-2.032099939050478067e-10
-2.030508204214693512e-10
-2.028916353877727880e-10
-2.027324467859764043e-10
-2.025732499983675916e-10
-2.024140451120087636e-10
-2.022548580072967920e-10
-2.020956705577398406e-10
-2.019364935055751824e-10
-2.017773245555652148e-10
-2.016181554153798069e-10
-2.014589903603184984e-10
-2.012998228388130527e-10
-2.011406662939811008e-10
-2.009815101494416996e-10
-2.008223580224192718e-10
-2.006632037854708597e-10
-2.005040553573850644e-10
-2.003449124404959793e-10
-2.001857867434823094e-10
-2.000267050869177194e-10
-1.998676406779523299e-10
-1.997086045885905460e-10
-1.995496019744836896e-10
-1.993906259134402877e-10
-1.992316870324250320e-10
-1.990727645614588282e-10
-1.989138682656371094e-10
-1.987550028108243219e-10
-1.985961662918613875e-10
-1.984373575414310259e-10
-1.982785744213970851e-10
-1.981198190835144186e-10
-1.979611200424258942e-10
-1.978025050958470427e-10
-1.976439493113398487e-10
-1.974854592346359882e-10
-1.973270396361720805e-10
-1.971686820645710154e-10
-1.970104152348651271e-10
-1.968521980954239558e-10
-1.966940454570718794e-10
-1.965359594963692437e-10
-1.963779440007742413e-10
-1.962200030879985792e-10
-1.960621185221144259e-10
-1.959043027545061060e-10
-1.957465778212055809e-10
-1.955889724469728289e-10
-1.954314642548219664e-10
-1.952740544062336873e-10
-1.951167567100850369e-10
-1.949595611838677389e-10
-1.948024960742280686e-10
-1.946455154579314494e-10
-1.944886368865659570e-10
-1.943318713202680903e-10
-1.941752072220520609e-10
-1.940186611002161254e-10
-1.938622018399181736e-10
-1.937058522271915196e-10
-1.935496271069072952e-10
-1.933935547733772315e-10
-1.932376109162461991e-10
-1.930817899625469483e-10
-1.929261316681877574e-10
-1.927705983696765734e-10
-1.926152133151098003e-10
-1.924599523804166915e-10
-1.923048202387574262e-10
-1.921498584373859262e-10
-1.919950074397162139e-10
-1.918402980342279429e-10
-1.916857152228395885e-10
-1.915312705357275881e-10
-1.913769793445149964e-10
-1.912228441584475839e-10
-1.910688833447763762e-10
-1.909150848684602119e-10
-1.907614678540472023e-10
-1.906080054211386720e-10
-1.904546921081488953e-10
-1.903015914020600795e-10
-1.901486310143177229e-10
-1.899958393904984207e-10
-1.898432057693959939e-10
-1.896907369457697792e-10
-1.895384574211231106e-10
-1.893863133826157422e-10
-1.892343398735988150e-10
-1.890825434222942197e-10
-1.889309305471962032e-10
-1.887795058703948138e-10
-1.886282414482598867e-10
-1.884771905352649019e-10
-1.883263036152699700e-10
-1.881755905691294877e-10
-1.880250709732406301e-10
-1.878747266442048433e-10
-1.877245852912160718e-10
-1.875745961957976271e-10
-1.874247818759862312e-10
-1.872751697895162308e-10
-1.871257057033131591e-10
-1.869764467171881709e-10
-1.868273521652118911e-10
-1.866784635664280738e-10
-1.865297494752547129e-10
-1.863811993542214415e-10
-1.862328545662433274e-10
-1.860846764069704089e-10
-1.859366772840126128e-10
-1.857888601793792082e-10
-1.856412129320560441e-10
-1.854937708149666599e-10
-1.853464776981460079e-10
-1.851993552898044467e-10
-1.850524321143124882e-10
-1.849056578218711517e-10
-1.847590801134419556e-10
-1.846126673362440766e-10
-1.844664477588109891e-10
-1.843204079861769002e-10
-1.841745241520536292e-10
-1.840288448932020476e-10
-1.838833236117754671e-10
-1.837379610996041095e-10
-1.835928043076481405e-10
-1.834478040475892736e-10
-1.833029789167373150e-10
-1.831583184257737355e-10
-1.830138231427929450e-10
-1.828695276806978370e-10
-1.827253715505660862e-10
-1.825813881469131747e-10
-1.824375769361778290e-10
-1.822939303920818834e-10
-1.821504643818718545e-10
-1.820071476730011397e-10
-1.818639975364152854e-10
-1.817209951802516054e-10
-1.815781493258293311e-10
-1.814354775762930514e-10
-1.812929509077577350e-10
-1.811505710527167788e-10
-1.810083750258283812e-10
-1.808663154490888045e-10
-1.807244062101690107e-10
-1.805826562405053416e-10
-1.804410428036754675e-10
-1.802996093511196239e-10
-1.801583117373301757e-10
-1.800171842235556859e-10
-1.798761883515555861e-10
-1.797353189107173658e-10
-1.795946086442907411e-10
-1.794540225137883934e-10
-1.793135649700938363e-10
-1.791732631416606672e-10
-1.790330855420507752e-10
-1.788930376751651376e-10
-1.787531333114566058e-10
-1.786133504795820510e-10
-1.784737170161675541e-10
-1.783341972455651140e-10
-1.781948017913347469e-10
-1.780555591929248130e-10
-1.779164435524286814e-10
-1.777774826023866420e-10
-1.776386328276423913e-10
-1.774999002038876405e-10
-1.773612978537141507e-10
-1.772228181812911016e-10
-1.770844524429256806e-10
-1.769462158103378578e-10
-1.768080990213513953e-10
-1.766700942184618491e-10
-1.765322140189098741e-10
-1.763944450428075255e-10
-1.762568082162625840e-10
-1.761192723115922690e-10
-1.759818469971019559e-10
-1.758445595306229071e-10
-1.757073848299114415e-10
-1.755703518789692501e-10
-1.754334176548588159e-10
-1.752965875715004090e-10
-1.751598803147253962e-10
-1.750232760294396015e-10
-1.748867723892769614e-10
-1.747503938830948730e-10
-1.746141171110457114e-10
-1.744779368766219980e-10
-1.743418797893075485e-10
-1.742059193933153485e-10
-1.740700622898246187e-10
-1.739343140824446875e-10
-1.737986598348645695e-10
-1.736631295184418220e-10
-1.735277021487028005e-10
-1.733924107427303999e-10
-1.732572142294388723e-10
-1.731221085689376633e-10
-1.729871381470072146e-10
-1.728522451580957991e-10
-1.727174507150819624e-10
-1.725827768082777390e-10
-1.724481883179699826e-10
-1.723136936561388453e-10
-1.721793180587247836e-10
-1.720450260952164252e-10
-1.719108251712691502e-10
-1.717767434459804379e-10
-1.716427419465173524e-10
-1.715088385211611114e-10
-1.713750450960032633e-10
-1.712413671034466021e-10
-1.711078077852284918e-10
-1.709743512711841229e-10
-1.708409886011806035e-10
-1.707077408472403743e-10
-1.705745948566159780e-10
-1.704415362868690957e-10
-1.703086027008106651e-10
-1.701757610901126711e-10
-1.700430054304451820e-10
-1.699103769864740613e-10
-1.697778345071521472e-10
-1.696453786456907346e-10
-1.695130470519631751e-10
-1.693807954447611998e-10
-1.692486495702401931e-10
-1.691166189099347653e-10
-1.689847090494581033e-10
-1.688529132694401115e-10
-1.687212302264931532e-10
-1.685896522722571305e-10
-1.684581890215353764e-10
-1.683268371469872596e-10
-1.681955852278723377e-10
-1.680644537355310341e-10
-1.679334286018445906e-10
-1.678024986244581728e-10
-1.676716954926312691e-10
-1.675409887549470904e-10
-1.674103780261909344e-10
-1.672798955223742120e-10
-1.671495003013024588e-10
-1.670192185283925157e-10
-1.668890593145557564e-10
-1.667590237239964350e-10
-1.666291126054514907e-10
-1.664993224530780247e-10
-1.663696359341599513e-10
-1.662400794821107038e-10
-1.661106377598403637e-10
-1.659812922935802040e-10
-1.658520957614407973e-10
-1.657229953408560574e-10
-1.655939926971986378e-10
-1.654651448505130122e-10
-1.653363849791806088e-10
-1.652077273507368876e-10
-1.650792116743974360e-10
-1.649507863858669194e-10
-1.648224764579530240e-10
-1.646942933420382708e-10
-1.645662303279938262e-10
-1.644383197548857979e-10
-1.643105206172900354e-10
-1.641828302760967204e-10
-1.640553035592257505e-10
-1.639278735297859724e-10
-1.638005597330461005e-10
-1.636734051005037980e-10
-1.635463480381763807e-10
-1.634194129249988682e-10
-1.632926273077135500e-10
-1.631659342854395913e-10
-1.630393696748758313e-10
-1.629129470587315921e-10
-1.627866247691301665e-10
-1.626604157394606395e-10
-1.625343525745969913e-10
-1.624084083403953136e-10
-1.622826039953078033e-10
-1.621569398708039299e-10
-1.620314062715841060e-10
-1.619059899804552328e-10
-1.617807213712561382e-10
-1.616555797323735921e-10
-1.615305434061809848e-10
-1.614056849747644759e-10
-1.612809262008720642e-10
-1.611562827559814306e-10
-1.610318138537207719e-10
-1.609074377468609392e-10
-1.607831841241714315e-10
-1.606590934905891155e-10
-1.605350943506056666e-10
-1.604112235727214320e-10
-1.602875078887453247e-10
-1.601639074527883592e-10
-1.600404590331561493e-10
-1.599171471918344702e-10
-1.597939669147092203e-10
-1.596709121949602271e-10
-1.595480020618046908e-10
-1.594252211375397792e-10
-1.593025517049642774e-10
-1.591800553296075110e-10
-1.590576632635342044e-10
-1.589353894036565812e-10
-1.588132917413243689e-10
-1.586912876654936312e-10
-1.585694082321542317e-10
-1.584476944853977062e-10
-1.583260746033532738e-10
-1.582045808078689320e-10
-1.580832456644217030e-10
-1.579620265970593116e-10
-1.578409513748007127e-10
-1.577200193607284153e-10
-1.575992176710643188e-10
-1.574785327639552056e-10
-1.573579965205383422e-10
-1.572375855988455598e-10
-1.571172851921867291e-10
-1.569971558274219875e-10
-1.568771304227182859e-10
-1.567572280269913034e-10
-1.566374849841781840e-10
-1.565178413243264098e-10
-1.563983337437570290e-10
-1.562789653891196857e-10
-1.561597111112931462e-10
-1.560405774567386338e-10
-1.559215875320153325e-10
-1.558027201250227281e-10
-1.556839819884480967e-10
-1.555654046257529264e-10
-1.554469355117938461e-10
-1.553285745512399447e-10
-1.552103805883121379e-10
-1.550922838150051445e-10
-1.549743133609921246e-10
-1.548564800927810035e-10
-1.547387678568893399e-10
-1.546211815358648503e-10
-1.545037010326382143e-10
-1.543863801615088244e-10
-1.542691578564618745e-10
-1.541520429377953738e-10
-1.540350920345025072e-10
-1.539182273298086855e-10
-1.538014802333036320e-10
-1.536848865971920865e-10
-1.535684019063159417e-10
-1.534520543900549052e-10
-1.533358424766648970e-10
-1.532197500863503790e-10
-1.531037609493835643e-10
-1.529879201465850587e-10
-1.528721799713999486e-10
-1.527565543730265441e-10
-1.526410737335721705e-10
-1.525256936903595406e-10
-1.524104436644047521e-10
-1.522952978808558708e-10
-1.521802935119589278e-10
-1.520653921267107579e-10
-1.519505909337639144e-10
-1.518359439925544185e-10
-1.517213838292251680e-10
-1.516069337738279677e-10
-1.514926300659709800e-10
-1.513784323964861737e-10
-1.512643667637181298e-10
-1.511504247128850109e-10
-1.510365981411025790e-10
-1.509228676346685048e-10
-1.508092774171547665e-10
-1.506957793989804679e-10
-1.505823933676326590e-10
-1.504691399649287242e-10
-1.503559811163836513e-10
-1.502429482884938809e-10
-1.501300063685988086e-10
-1.500172058409820934e-10
-1.499044956284601744e-10
-1.497918822631460000e-10
-1.496794161478542105e-10
-1.495670272418456421e-10
-1.494547449345215498e-10
-1.493425966172251100e-10
-1.492305531931139612e-10
-1.491186263871606122e-10
-1.490068333440944283e-10
-1.488951369388484517e-10
-1.487835286028274619e-10
-1.486720714336647151e-10
-1.485606916294274936e-10
-1.484494244421249020e-10
-1.483382621073946878e-10
-1.482272226405903545e-10
-1.481162746360132365e-10
-1.480054215515975860e-10
-1.478947059810486283e-10
-1.477840664685162239e-10
-1.476735423795869356e-10
-1.475631185240582696e-10
-1.474528079211657691e-10
-1.473425884315212553e-10
-1.472324712173530312e-10
-1.471224733302482707e-10
-1.470125792176497409e-10
-1.469028196916266321e-10
-1.467931612394725875e-10
-1.466836138874702815e-10
-1.465741603269795475e-10
-1.464648328800431163e-10
-1.463555941017977336e-10
-1.462464539667263697e-10
-1.461374436991071295e-10
-1.460285190651540087e-10
-1.459197108633174961e-10
-1.458109790701791032e-10
-1.457023951328521255e-10
-1.455938819964796905e-10
-1.454854686312015965e-10
-1.453771802111877604e-10
-1.452689767200722357e-10
-1.451608707938213919e-10
-1.450528745482158355e-10
-1.449449851904489732e-10
-1.448372025823882600e-10
-1.447295530609002625e-10
-1.446219907885968623e-10
-1.445145400101715919e-10
-1.444071859974850475e-10
-1.442999478296086045e-10
-1.441928007312057502e-10
-1.440857477090912460e-10
-1.439788245461603682e-10
-1.438719802853659592e-10
-1.437652539999788797e-10
-1.436586016031005495e-10
-1.435520933847410102e-10
-1.434456520509865376e-10
-1.433393125539916102e-10
-1.432330929305105484e-10
-1.431269585204613850e-10
-1.430209197363142615e-10
-1.429149844990464990e-10
-1.428091584954387820e-10
-1.427034289910323453e-10
-1.425978303273288150e-10
-1.424923280886532795e-10
-1.423869330075153680e-10
-1.422816197061942127e-10
-1.421764398606098631e-10
-1.420713345513953536e-10
-1.419663325718905526e-10
-1.418614417280433909e-10
-1.417566538680881935e-10
-1.416519578434153589e-10
-1.415473475710859006e-10
-1.414428740504622274e-10
-1.413384686928992342e-10
-1.412341732333943719e-10
-1.411299609603235888e-10
-1.410258754306720577e-10
-1.409218624342252752e-10
-1.408179421524398735e-10
-1.407141487755526143e-10
-1.406104460430409007e-10
-1.405068549303803067e-10
-1.404033895538414281e-10
-1.403000145296055840e-10
-1.401967274537287499e-10
-1.400935705816373311e-10
-1.399905053215788452e-10
-1.398875481037872054e-10
-1.397846656431829245e-10
-1.396819294615389660e-10
-1.395792652311434536e-10
-1.394767178056765057e-10
-1.393742450345270815e-10
-1.392719182108685102e-10
-1.391696554184538283e-10
-1.390674919460139967e-10
-1.389654504402338291e-10
-1.388634987113665532e-10
-1.387616387044545874e-10
-1.386598739618194957e-10
-1.385582281121517540e-10
-1.384566755226230306e-10
-1.383552403669150566e-10
-1.382539167274587935e-10
-1.381526919293772958e-10
-1.380515442946159013e-10
-1.379505408977119260e-10
-1.378496123839682996e-10
-1.377487949847246867e-10
-1.376480550350371018e-10
-1.375474583849756721e-10
-1.374469294619332799e-10
-1.373465202922683497e-10
-1.372461903771237926e-10
-1.371459945745752023e-10
-1.370458677548844905e-10
-1.369458387264693738e-10
-1.368459326185094156e-10
-1.367461126629421934e-10
-1.366463844234936950e-10
-1.365467509607239149e-10
-1.364472367257956296e-10
-1.363478132512450448e-10
-1.362485018119159785e-10
-1.361493083679359118e-10
-1.360502039579199259e-10
-1.359511787464903599e-10
-1.358522865530536194e-10
-1.357534782459549441e-10
-1.356547734028074646e-10
-1.355561450644185894e-10
-1.354576522299219647e-10
-1.353592339096647900e-10
-1.352609229835701797e-10
-1.351626868535735044e-10
-1.350645924784531163e-10
-1.349665565637980880e-10
-1.348686329083435813e-10
-1.347707917284755683e-10
-1.346730734148310985e-10
-1.345754246562731657e-10
-1.344778653514271525e-10
-1.343804315701538332e-10
-1.342830844621885862e-10
-1.341858374667579847e-10
-1.340887203409682269e-10
-1.339916827894951387e-10
-1.338947539724107674e-10
-1.337979063862608395e-10
-1.337011859545231227e-10
-1.336045384360978441e-10
-1.335079934395014395e-10
-1.334115398613578521e-10
-1.333152162773689517e-10
-1.332189616203039767e-10
-1.331228072610852654e-10
-1.330267459557795195e-10
-1.329308053593490680e-10
-1.328349370570665137e-10
-1.327391556408842442e-10
-1.326434966857691453e-10
-1.325479205547333864e-10
-1.324524336955026043e-10
-1.323570312498481924e-10
-1.322617524989694018e-10
-1.321665600945498450e-10
-1.320714668853481041e-10
-1.319764977296288571e-10
-1.318816053439897045e-10
-1.317868071175670672e-10
-1.316921088638441928e-10
-1.315975179909083724e-10
-1.315030035896571665e-10
-1.314085874728731067e-10
-1.313142696184258030e-10
-1.312200616705483186e-10
-1.311259296119127642e-10
-1.310318893727521510e-10
-1.309379518288156663e-10
-1.308441174555419108e-10
-1.307503611636346613e-10
-1.306566875822365081e-10
-1.305631334451199289e-10
-1.304696585121831648e-10
-1.303762701941886090e-10
-1.302829642654477063e-10
-1.301897803378996038e-10
-1.300966783856939021e-10
-1.300036708514600461e-10
-1.299107906749461610e-10
-1.298179778694195429e-10
-1.297252631367838138e-10
-1.296326330942327357e-10
-1.295401158933248641e-10
-1.294476657786274813e-10
-1.293553112112814131e-10
-1.292630412824634827e-10
-1.291708926053233820e-10
-1.290788033767340807e-10
-1.289868174812591634e-10
-1.288949032160204401e-10
-1.288031137265417780e-10
-1.287113765015056274e-10
-1.286197455388206615e-10
-1.285281900964567265e-10
-1.284367487330923153e-10
-1.283453677718310068e-10
-1.282540714033779094e-10
-1.281628867403791987e-10
-1.280717804841366861e-10
-1.279807713975733426e-10
-1.278898719858186744e-10
-1.277990604521407882e-10
-1.277083407520429272e-10
-1.276176808757397329e-10
-1.275271550269156206e-10
-1.274366922076312565e-10
-1.273463271565193330e-10
-1.272560305077681319e-10
-1.271658502502774342e-10
-1.270757474126734504e-10
-1.269857295552811000e-10
-1.268957870161179765e-10
-1.268059532650888031e-10
-1.267162035081313522e-10
-1.266265316778708678e-10
-1.265369317687031331e-10
-1.264474463787108133e-10
-1.263580349859336646e-10
-1.262687028352741428e-10
-1.261794443068291157e-10
-1.260903019125915993e-10
-1.260012372361498942e-10
-1.259122576872936293e-10
-1.258233989263497663e-10
-1.257346072586689340e-10
-1.256459148248733025e-10
-1.255572822564580160e-10
-1.254687745518379688e-10
-1.253803260542799586e-10
-1.252919748360802779e-10
-1.252036880411485399e-10
-1.251155217838855618e-10
-1.250274204824790358e-10
-1.249394092074994701e-10
-1.248514676996690805e-10
-1.247636378063396064e-10
-1.246758816444174310e-10
-1.245882051076388650e-10
-1.245005985987103346e-10
-1.244131022684824646e-10
-1.243256794544377698e-10
-1.242383315537091201e-10
-1.241510571587064284e-10
-1.240638934295161706e-10
-1.239768064662717585e-10
-1.238898032599877464e-10
-1.238029118532730768e-10
-1.237160940901737189e-10
-1.236293660439190509e-10
-1.235426892569980777e-10
-1.234561419644740809e-10
-1.233696517900005711e-10
-1.232832502791110969e-10
-1.231969151255883844e-10
-1.231106843380126580e-10
-1.230245340425568129e-10
-1.229384530538893915e-10
-1.228524520994130100e-10
-1.227665334677991112e-10
-1.226807176977520533e-10
-1.225949508986104384e-10
-1.225092797968690469e-10
-1.224236774841622271e-10
-1.223381833795785836e-10
-1.222527388495006936e-10
-1.221673729579401200e-10
-1.220821048078009660e-10
-1.219969152258969005e-10
-1.219118034529853089e-10
-1.218267895579253442e-10
-1.217418721545277356e-10
-1.216570203400130126e-10
-1.215722507082826987e-10
-1.214875589132686442e-10
-1.214029701622147557e-10
-1.213184363217657388e-10
-1.212339974406319566e-10
-1.211496164907797001e-10
-1.210653548064635591e-10
-1.209811479036178155e-10
-1.208970305369257745e-10
-1.208129728464114025e-10
-1.207290265031309269e-10
-1.206451462035006940e-10
-1.205613399813386952e-10
-1.204775985080775223e-10
-1.203939603034850919e-10
-1.203103972048160580e-10
-1.202268982130233456e-10
-1.201434701848800218e-10
-1.200601461926733614e-10
-1.199768938623177379e-10
-1.198937213455788264e-10
-1.198106453124769649e-10
-1.197276577943693766e-10
-1.196447420152044041e-10
-1.195618953859695958e-10
-1.194791374149686186e-10
-1.193964735747307980e-10
-1.193138647037069042e-10
-1.192313477825083814e-10
-1.191488900732357175e-10
-1.190665500791559059e-10
-1.189842607609943400e-10
-1.189020623863333729e-10
-1.188199215234492841e-10
-1.187378898611512511e-10
-1.186559240603533268e-10
-1.185740292090997074e-10
-1.184922000388984005e-10
-1.184104676572957830e-10
-1.183288188298321880e-10
-1.182472246199281891e-10
-1.181657050295653864e-10
-1.180842840733785318e-10
-1.180029352805027626e-10
-1.179216616589687958e-10
-1.178404800064722969e-10
-1.177593934689333365e-10
-1.176783651372386541e-10
-1.175974216556483666e-10
-1.175165402772829270e-10
-1.174357671155523523e-10
-1.173550446445746805e-10
-1.172744105859646377e-10
-1.171938319868417795e-10
-1.171133610523099890e-10
-1.170329567864295684e-10
-1.169526209574430066e-10
-1.168723592925007105e-10
-1.167921703735553757e-10
-1.167120851512951194e-10
-1.166320399497782496e-10
-1.165520912221707857e-10
-1.164721935729628383e-10
-1.163924087962833670e-10
-1.163126651510010362e-10
-1.162330038011005939e-10
-1.161534051256808936e-10
-1.160739083183923904e-10
-1.159944749141851650e-10
-1.159151184588034927e-10
-1.158358596830727005e-10
-1.157566743573771043e-10
-1.156775643705819785e-10
-1.155985119493089640e-10
-1.155195527901204965e-10
-1.154406763949431674e-10
-1.153618546311873270e-10
-1.152831169585364582e-10
-1.152044366952790144e-10
-1.151258669526489178e-10
-1.150473484236325893e-10
-1.149689093366369718e-10
-1.148905307628827900e-10
-1.148122433998962258e-10
-1.147340367158003079e-10
-1.146558788642340970e-10
-1.145778062353410464e-10
-1.144997948803911924e-10
-1.144218881764082938e-10
-1.143440219754167331e-10
-1.142662326945541755e-10
-1.141885131144496238e-10
-1.141108861181696410e-10
-1.140333235799339283e-10
-1.139558343222292148e-10
-1.138784444270577941e-10
-1.138011228554531794e-10
-1.137238763078165605e-10
-1.136466844944712657e-10
-1.135695851720515395e-10
-1.134925667250208684e-10
-1.134155995183549864e-10
-1.133387171406358735e-10
-1.132618873991984643e-10
-1.131851678753722915e-10
-1.131084994834476772e-10
-1.130319058078543170e-10
-1.129553738140356282e-10
-1.128789216613142459e-10
-1.128025614292353024e-10
-1.127262401777714103e-10
-1.126500118214166952e-10
-1.125738295514777849e-10
-1.124977574400546738e-10
-1.124217252844429254e-10
-1.123457695881130454e-10
-1.122698702749101482e-10
-1.121940703560985779e-10
-1.121183309694973489e-10
-1.120426683274411488e-10
-1.119670909571827112e-10
-1.118915956216053027e-10
-1.118161568106920972e-10
-1.117407920363910211e-10
-1.116654862235289708e-10
-1.115902809923171981e-10
-1.115151206077330020e-10
-1.114400421834133585e-10
-1.113650185104084160e-10
-1.112900793810870823e-10
-1.112152225488499748e-10
-1.111404086539471171e-10
-1.110656855955407741e-10
-1.109910042179002667e-10
-1.109164320987252971e-10
-1.108419076647044243e-10
-1.107674496945680151e-10
-1.106930499811028238e-10
-1.106187309397189278e-10
-1.105444984580728733e-10
-1.104703062104487870e-10
-1.103961848170380944e-10
-1.103221342104768606e-10
-1.102481657657856013e-10
-1.101742592334141764e-10
-1.101004211882771679e-10
-1.100266761817320854e-10
-1.099529968056555666e-10
-1.098793856028537540e-10
-1.098058293398397450e-10
-1.097323504215664000e-10
-1.096589553589890416e-10
-1.095856045246042923e-10
-1.095123350622048244e-10
-1.094391131023229372e-10
-1.093659854213075865e-10
-1.092929242535444927e-10
-1.092199124401992069e-10
-1.091469820759307812e-10
-1.090740941421863527e-10
-1.090013157643301773e-10
-1.089285789094088136e-10
-1.088559086633138092e-10
-1.087832916748537692e-10
-1.087107562852763069e-10
-1.086383033296996601e-10
-1.085658886266239110e-10
-1.084935431778073080e-10
-1.084212631330483545e-10
-1.083490662744802890e-10
-1.082769268304126617e-10
-1.082048553682283449e-10
-1.081328710557634654e-10
-1.080609570804877007e-10
-1.079891020403863231e-10
-1.079173082047970830e-10
-1.078455759466535325e-10
-1.077739357612684540e-10
-1.077023368298488304e-10
-1.076308143892043228e-10
-1.075593451300759653e-10
-1.074879474706633186e-10
-1.074166374873572455e-10
-1.073453637628714314e-10
-1.072741737890230488e-10
-1.072030257940927905e-10
-1.071319682990825644e-10
-1.070609751655697417e-10
-1.069900235694616011e-10
-1.069191545705355042e-10
-1.068483284688171255e-10
-1.067776031031753730e-10
-1.067069126978350007e-10
-1.066362895161080886e-10
-1.065657165612470561e-10
-1.064952361531239497e-10
-1.064248122934977740e-10
-1.063544516371713876e-10
-1.062841643286183395e-10
-1.062139630652107521e-10
-1.061438064129001609e-10
-1.060737276673448660e-10
-1.060036856272302855e-10
-1.059337371669294242e-10
-1.058638561260108589e-10
-1.057940164574918144e-10
-1.057242556672765108e-10
-1.056545362850882242e-10
-1.055849116445591376e-10
-1.055153434297154761e-10
-1.054458237780673785e-10
-1.053763799472029160e-10
-1.053069749340154677e-10
-1.052376742797224637e-10
-1.051684140276180865e-10
-1.050992122275889761e-10
-1.050300702658244029e-10
-1.049609889025397458e-10
-1.048919987332425206e-10
-1.048230384870294194e-10
-1.047541480377564042e-10
-1.046853055579278818e-10
-1.046165521914653344e-10
-1.045478528485681212e-10
-1.044792161797868633e-10
-1.044106516811260416e-10
-1.043421677612827284e-10
-1.042737248733713958e-10
-1.042053602337772594e-10
-1.041370282483033011e-10
-1.040687890998158469e-10
-1.040006141128011162e-10
-1.039324785464557324e-10
-1.038644197154141157e-10
-1.037964008683940294e-10
-1.037284711377798068e-10
-1.036606002426316202e-10
-1.035927705187639146e-10
-1.035250208179004582e-10
-1.034573059474743345e-10
-1.033896870901104821e-10
-1.033221159340729347e-10
-1.032545907377486290e-10
-1.031871391083128428e-10
-1.031197299203446534e-10
-1.030524154589578158e-10
-1.029851332473859522e-10
-1.029179122603894920e-10
-1.028507407694696555e-10
-1.027836543292868714e-10
-1.027166211106251734e-10
-1.026496484317127407e-10
-1.025827342836694913e-10
-1.025159063945366795e-10
-1.024491300160755646e-10
-1.023824160958983038e-10
-1.023157500585895042e-10
-1.022491465309994763e-10
-1.021826242310608120e-10
-1.021161382650884567e-10
-1.020497215763568064e-10
-1.019833548237560754e-10
-1.019170448385242653e-10
-1.018508249147389340e-10
-1.017846408767187142e-10
-1.017185212192863991e-10
-1.016524520370180767e-10
-1.015864382612212790e-10
-1.015205154543385501e-10
-1.014546227506229547e-10
-1.013887953247488279e-10
-1.013230086226835579e-10
-1.012572969047029432e-10
-1.011916609784446272e-10
-1.011260539586100413e-10
-1.010605112293826531e-10
-1.009950136460294902e-10
-1.009296021192517697e-10
-1.008642391853389271e-10
-1.007989348607243975e-10
-1.007336992061023961e-10
-1.006685409806083702e-10
-1.006034238169588303e-10
-1.005383752055973261e-10
-1.004733669496101620e-10
-1.004084323541400909e-10
-1.003435682713215134e-10
-1.002787396150016550e-10
-1.002139806431459987e-10
-1.001492670739743693e-10
-1.000846139785256217e-10
-1.000200453432243401e-10
-9.995551008954941238e-11
-9.989104197838371312e-11
-9.982661997235953344e-11
-9.976225419321205465e-11
-9.969797652426726304e-11
-9.963372799289934213e-11
-9.956954308786212902e-11
-9.950539797168558838e-11
-9.944132359700336644e-11
-9.937732830721572511e-11
-9.931335801115020450e-11
-9.924945184603692437e-11
-9.918558795373821304e-11
-9.912180744753347407e-11
-9.905807686663765045e-11
-9.899440269087760409e-11
-9.893078572959332901e-11
-9.886724958095479222e-11
-9.880375846656576575e-11
-9.874032836140642346e-11
-9.867694401897553181e-11
-9.861361440426980455e-11
-9.855036491628933069e-11
-9.848714916633176795e-11
-9.842399599977988026e-11
-9.836089645650077591e-11
-9.829784263290529748e-11
-9.823487615820276739e-11
-9.817194788335026179e-11
-9.810906959740114420e-11
-9.804625447134220444e-11
-9.798347352737312456e-11
-9.792078449444043517e-11
-9.785813480630146949e-11
-9.779552559002538088e-11
-9.773298903779085275e-11
-9.767048339247004402e-11
-9.760806786039541836e-11
-9.754568667419985850e-11
-9.748335268568183536e-11
-9.742107306739805948e-11
-9.735885515070902974e-11
-9.729670085585167244e-11
-9.723459254052763153e-11
-9.717254219223420820e-11
-9.711055947356178682e-11
-9.704864476546922567e-11
-9.698676356911025700e-11
-9.692495263090329561e-11
-9.686317089629958860e-11
-9.680146674281829478e-11
-9.673982391763340846e-11
-9.667821298939321002e-11
-9.661666695159105766e-11
-9.655516337361743006e-11
-9.649371392134939857e-11
-9.643234634641775448e-11
-9.637101100050824545e-11
-9.630973148179086431e-11
-9.624850260616093044e-11
-9.618731178945177854e-11
-9.612621503820897284e-11
-9.606514658589852918e-11
-9.600412490604598374e-11
-9.594316329147686747e-11
-9.588223915618254612e-11
-9.582140069723438223e-11
-9.576059159412710137e-11
-9.569983088045534325e-11
-9.563912013756923618e-11
-9.557847097492551631e-11
-9.551788312306844472e-11
-9.545733865832756255e-11
-9.539685246801084848e-11
-9.533643072297087177e-11
-9.527607616676802809e-11
-9.521575539017377364e-11
-9.515550078186520068e-11
-9.509527985394324813e-11
-9.503512610111813145e-11
-9.497503790556105729e-11
-9.491498044182011047e-11
-9.485498557777864243e-11
-9.479503563307888992e-11
-9.473513235602167149e-11
-9.467531235866231913e-11
-9.461552742265024904e-11
-9.455578766424884277e-11
-9.449610910184788555e-11
-9.443645979971370903e-11
-9.437689508698306812e-11
-9.431737736558231551e-11
-9.425788862003635205e-11
-9.419847294928171710e-11
-9.413908196376129241e-11
-9.407976691636420870e-11
-9.402050806422898287e-11
-9.396127922211869933e-11
-9.390210662621880913e-11
-9.384297253756249393e-11
-9.378391545512483131e-11
-9.372490315450431713e-11
-9.366594195368413618e-11
-9.360702870285316009e-11
-9.354818979165042410e-11
-9.348940044948164182e-11
-9.343065421342173279e-11
-9.337196372113940433e-11
-9.331330071455839921e-11
-9.325472078740738924e-11
-9.319618998279147322e-11
-9.313769015379076238e-11
-9.307925501471703559e-11
-9.302085335442450723e-11
-9.296251014499129008e-11
-9.290423866550261796e-11
-9.284599577786998794e-11
-9.278781046147446011e-11
-9.272967037339494048e-11
-9.267156538143903042e-11
-9.261355027157616280e-11
-9.255556193048725544e-11
-9.249761310624977511e-11
-9.243972962636652917e-11
-9.238187226751774841e-11
-9.232409680764936295e-11
-9.226635813833857695e-11
-9.220865716389149610e-11
-9.215100886791977471e-11
-9.209340114218173039e-11
-9.203586643505787047e-11
-9.197837279950614045e-11
-9.192092859558539259e-11
-9.186353296385827917e-11
-9.180620873352453455e-11
-9.174892993627370441e-11
-9.169169444260292080e-11
-9.163451038068832204e-11
-9.157735155580853964e-11
-9.152027605342825692e-11
-9.146324780733456606e-11
-9.140624843848167326e-11
-9.134930901222229963e-11
-9.129240313283763245e-11
-9.123555084158463463e-11
-9.117877154961212876e-11
-9.112202087612509044e-11
-9.106531865870793628e-11
-9.100866572287285552e-11
-9.095204378210826796e-11
-9.089550244764178318e-11
-9.083899877581618277e-11
-9.078252357327831002e-11
